38731
38731
38731
38731
38731
38731
38731
38731
38731
38731
38731
38731
38731
38731
38731
38731
38731
38731
38731
38731
38731
38731
38731
38731
38731
38731
38731
38731
38731
38731
3242 3232 3252 3262 3272 3282
3242 3232 3252 3262 3272 3282
3242 3232 3252 3262 3272 3282
3242 3232 3252 3262 3272 3282
3242 3232 3252 3262 3272 3282
3242 3232 3252 3262 3272 3282
3242 3232 3252 3262 3272 3282
3242 3232 3252 3262 3272 3282
3242 3232 3252 3262 3272 3282
3242 3232 3252 3262 3272 3282
3242 3232 3252 3262 3272 3282
3242 3232 3252 3262 3272 3282
3242 3232 3252 3262 3272 3282
3242 3232 3252 3262 3272 3282
3242 3232 3252 3262 3272 3282
3242 3232 3252 3262 3272 3282
3242 3232 3252 3262 3272 3282
3242 3232 3252 3262 3272 3282
3242 3232 3252 3262 3272 3282
3242 3232 3252 3262 3272 3282
3242 3232 3252 3262 3272 3282
3242 3232 3252 3262 3272 3282
3242 3232 3252 3262 3272 3282
3242 3232 3252 3262 3272 3282
3242 3232 3252 3262 3272 3282
3242 3232 3252 3262 3272 3282
3242 3232 3252 3262 3272 3282
3242 3232 3252 3262 3272 3282
3242 3232 3252 3262 3272 3282
3242 3232 3252 3262 3272 3282
3242 3232 3252 3262 3272 3282
3242 3232 3252 3262 3272 3282
3242 3232 3252 3262 3272 3282
3242 3232 3252 3262 3272 3282
3242 3232 3252 3262 3272 3282
3242 3232 3252 3262 3272 3282
3242 3232 3252 3262 3272 3282
3242 3232 3252 3262 3272 3282
3242 3232 3252 3262 3272 3282
3242 3232 3252 3262 3272 3282
3242 3232 3252 3262 3272 3282
3242 3232 3252 3262 3272 3282
3242 3232 3252 3262 3272 3282
3242 3232 3252 3262 3272 3282
3242 3232 3252 3262 3272 3282
3242 3232 3252 3262 3272 3282
3242 3232 3252 3262 3272 3282
3242 3232 3252 3262 3272 3282
3242 3232 3252 3262 3272 3282
3242 3232 3252 3262 3272 3282
3242 3232 3252 3262 3272 3282
3242 3232 3252 3262 3272 3282
3242 3232 3252 3262 3272 3282
3242 3232 3252 3262 3272 3282
3242 3232 3252 3262 3272 3282
3242 3232 3252 3262 3272 3282
3242 3232 3252 3262 3272 3282
3242 3232 3252 3262 3272 3282
3242 3232 3252 3262 3272 3282
3242 3232 3252 3262 3272 3282
3242 3232 3252 3262 3272 3282
3242 3232 3252 3262 3272 3282
3242 3232 3252 3262 3272 3282
3242 3232 3252 3262 3272 3282
3242 3232 3252 3262 3272 3282
3242 3232 3252 3262 3272 3282
4373 4383 4393 4403 4423 4413
4373 4383 4393 4403 4423 4413
4373 4383 4393 4403 4423 4413
4373 4383 4393 4403 4423 4413
4373 4383 4393 4403 4423 4413
4373 4383 4393 4403 4423 4413
4373 4383 4393 4403 4423 4413
4373 4383 4393 4403 4423 4413
4373 4383 4393 4403 4423 4413
4373 4383 4393 4403 4423 4413
4373 4383 4393 4403 4423 4413
4373 4383 4393 4403 4423 4413
4373 4383 4393 4403 4423 4413
4373 4383 4393 4403 4423 4413
4373 4383 4393 4403 4423 4413
4373 4383 4393 4403 4423 4413
4373 4383 4393 4403 4423 4413
4373 4383 4393 4403 4423 4413
4373 4383 4393 4403 4423 4413
4373 4383 4393 4403 4423 4413
4373 4383 4393 4403 4423 4413
4373 4383 4393 4403 4423 4413
4373 4383 4393 4403 4423 4413
4373 4383 4393 4403 4423 4413
4373 4383 4393 4403 4423 4413
4373 4383 4393 4403 4423 4413
4373 4383 4393 4403 4423 4413
4373 4383 4393 4403 4423 4413
4373 4383 4393 4403 4423 4413
4373 4383 4393 4403 4423 4413
4373 4383 4393 4403 4423 4413
4373 4383 4393 4403 4423 4413
4373 4383 4393 4403 4423 4413
4373 4383 4393 4403 4423 4413
4373 4383 4393 4403 4423 4413
4373 4383 4393 4403 4423 4413
4373 4383 4393 4403 4423 4413
4373 4383 4393 4403 4423 4413
4373 4383 4393 4403 4423 4413
4373 4383 4393 4403 4423 4413
4373 4383 4393 4403 4423 4413
4373 4383 4393 4403 4423 4413
4373 4383 4393 4403 4423 4413
4373 4383 4393 4403 4423 4413
4373 4383 4393 4403 4423 4413
4373 4383 4393 4403 4423 4413
4373 4383 4393 4403 4423 4413
4373 4383 4393 4403 4423 4413
4373 4383 4393 4403 4423 4413
4373 4383 4393 4403 4423 4413
4373 4383 4393 4403 4423 4413
4373 4383 4393 4403 4423 4413
4373 4383 4393 4403 4423 4413
4373 4383 4393 4403 4423 4413
4373 4383 4393 4403 4423 4413
4373 4383 4393 4403 4423 4413
4373 4383 4393 4403 4423 4413
4373 4383 4393 4403 4423 4413
4373 4383 4393 4403 4423 4413
4373 4383 4393 4403 4423 4413
4373 4383 4393 4403 4423 4413
4373 4383 4393 4403 4423 4413
4373 4383 4393 4403 4423 4413
4373 4383 4393 4403 4423 4413
4373 4383 4393 4403 4423 4413
4373 4383 4393 4403 4423 4413
4373 4383 4393 4403 4423 4413
30764
30764
30764
30764
30764
30764
30764
30764
30764
30764
30764
30764
30764
30764
30764
30764
30764
30764
30764
30764
30764
30764
30764
30764
30764
30764
30764
30764
