84571
84571
84571
84571
84571
84571
84571
84571
84571
84571
84571
84571
84571
84571
84571
84571
84571
84571
84571
84571
84571
84571
84571
84571
84571
84571
84571
84571
84571
84571
11442 11452 11462 11472 11482
11442 11452 11462 11472 11482
11442 11452 11462 11472 11482
11442 11452 11462 11472 11482
11442 11452 11462 11472 11482
11442 11452 11462 11472 11482
11442 11452 11462 11472 11482
11442 11452 11462 11472 11482
11442 11452 11462 11472 11482
11442 11452 11462 11472 11482
11442 11452 11462 11472 11482
11442 11452 11462 11472 11482
11442 11452 11462 11472 11482
11442 11452 11462 11472 11482
11442 11452 11462 11472 11482
33642 33642 11462 33642 11482
33642 33642 11462 33642 11482
33642 33642 11462 33642 11482
11442 11452 11462 11472 11482
11442 11452 11462 11472 11482
11442 11452 11462 11472 11482
11442 11452 11462 11472 11482
11442 11452 11462 11472 11482
11442 11452 11462 11472 11482
11442 11452 11462 11472 11482
11442 11452 11462 11472 11482
11442 11452 11462 11472 11482
11442 11452 11462 11472 11482
11442 11452 11462 11472 11482
11442 11452 11462 11472 11482
11442 11452 11462 11472 11482
11442 11452 11462 11472 11482
11442 11452 11462 11472 11482
11442 11452 11462 11472 11482
11442 11452 11462 11472 11482
11442 11452 11462 11472 11482
11442 11452 11462 11472 11482
11442 11452 11462 11472 11482
11442 11452 11462 11472 11482
11442 11452 11462 11472 11482
11442 11452 11462 11472 11482
11442 11452 11462 11472 11482
11442 11452 11462 11472 11482
11442 11452 11462 11472 11482
11442 11452 11462 11472 11482
11442 11452 11462 11472 11482
11442 11452 11462 11472 11482
11492 11492 11492 11492 11492
11442 11452 11462 11472 11482
11502 11502 11502 11502 11502
11512 11512 11512 11512 11512
11522 11522 11522 11522 11522
11522 11522 11522 11522 11522
11522 11522 11522 11522 11522
11442 11452 11462 11472 11482
11442 11452 11462 11472 11482
11442 11452 11462 11472 11482
11532 11532 11532 11532 11532
11442 11452 11462 11472 11482
11442 11452 11462 11472 11482
11442 11452 33652 11472 11482
11442 11452 33652 11472 11482
11442 11452 33652 11472 11482
11442 11452 11462 11472 11482
11442 11452 11462 11472 11482
11442 11452 11462 11472 11482
13343 13363 13373 13383 13393
13343 13363 13373 13383 13393
13343 13363 13373 13383 13393
13343 13363 13373 13383 13393
13343 13363 13373 13383 13393
13343 13363 13373 13383 13393
13343 13363 13373 13383 13393
13343 13363 13373 13383 13393
13343 13363 13373 13383 13393
13343 13363 13373 13383 13393
13343 13363 13373 13383 13393
13343 13363 13373 13383 13393
13343 13363 13373 13383 13393
13343 13363 13373 13383 13393
13343 13363 13373 13383 13393
13343 13363 13373 13383 34023
13343 13363 13373 13383 34023
13343 13363 13373 13383 34023
13343 13363 13373 13383 13393
13343 13363 13373 13383 13393
13343 13363 13373 13383 13393
13343 13363 13373 13383 13393
13343 13363 13373 13383 13393
13343 13363 13373 13383 13393
13343 13363 13373 13383 13393
13343 13363 13373 13383 13393
13343 13363 13373 13383 13393
13343 13363 13373 13383 13393
13343 13363 13373 13383 13393
13343 13363 13373 13383 13393
13343 13363 13373 13383 13393
13343 13363 13373 13383 13393
13343 13363 13373 13383 13393
13343 13363 13373 13383 13393
13343 13363 13373 13383 13393
13343 13363 13373 13383 13393
13343 13363 13373 13383 13393
13343 13363 13373 13383 13393
13343 13363 13373 13383 13393
13343 13363 13373 13383 13393
13343 13363 13373 13383 13393
13343 13363 13373 13383 13393
13343 13363 13373 13383 13393
13343 13363 13373 13383 13393
13343 13363 13373 13383 13393
13343 13363 13373 13383 13393
13343 13363 13373 13383 13393
13353 13353 13353 13383 13393
13343 13363 13373 13383 13393
13343 13363 13373 13383 13393
13343 13363 13373 13383 13393
13343 13363 13373 13383 13393
13343 13363 13373 13383 13393
13343 13363 13373 13383 13393
13343 13363 13373 13383 13393
13343 13363 13373 13383 13393
13343 13423 13373 13383 13393
13343 13363 13373 13383 13393
13343 13363 13373 13383 13393
13433 13433 13433 13383 13393
13343 13363 13373 13383 13393
13343 13363 13373 13383 13393
28303 28303 28303 13383 13393
28293 28293 28293 28293 28293
28293 28293 28293 28293 28293
28293 28293 28293 28293 28293
13343 13363 13373 13383 13393
64474
64474
64474
64474
64474
64474
64474
64474
64474
64474
64474
64474
64474
64474
64474
64474
64474
64474
64474
64474
64474
64474
64474
64474
64474
64474
64474
64474
