84571
84571
84571
84571
84571
84571
84571
84571
84571
84571
84571
84571
84571
84571
84571
84571
84571
84571
84571
84571
84571
84571
84571
84571
84571
84571
84571
84571
84571
84571
5792 5842 5852 5862
5792 5842 5852 5862
5792 5842 5852 5862
5792 5842 5852 5862
5792 5842 5852 5862
5792 5842 5852 5862
5792 5842 5852 5862
5792 5842 5852 5862
5792 5842 5852 5862
5792 5842 5852 5862
5792 5842 5852 5862
5792 5842 5852 5862
5792 5842 5852 5862
5792 5842 5852 5862
5792 5842 5852 5862
5792 5842 5852 5862
5792 5842 5852 5862
5792 5842 5852 5862
5792 5842 5852 5862
5792 5842 5852 5862
5792 5842 5852 5862
5792 5842 5852 5862
5792 5842 5852 5862
5792 5842 5852 5862
5792 5842 5852 5862
5792 5842 5852 5862
5792 5842 5852 5862
5792 5842 5852 5862
5792 5842 5852 5862
5792 5842 5852 5862
5792 5842 5852 5862
5792 5842 5852 5862
5792 5842 5852 5862
5792 5842 5852 5862
5792 5842 5852 5862
5792 5842 5852 5862
5792 5842 5852 5862
5792 5842 5852 5862
5802 5802 5802 5802
5812 5812 5812 5812
5792 5842 5852 5862
5822 5822 5822 5822
5822 5822 5822 5822
5792 5842 5852 5862
5792 5842 5852 5862
5832 5832 5832 5832
5792 5842 5852 5862
5792 5842 5852 5862
5792 5842 5852 5862
5792 5842 5852 5862
11443 11453 11463 11473 11483
11443 11453 11463 11473 11483
11443 11453 11463 11473 11483
11443 11453 11463 11473 11483
11443 11453 11463 11473 11483
11443 11453 11463 11473 11483
11443 11453 11463 11473 11483
11443 11453 11463 11473 11483
11443 11453 11463 11473 11483
11443 11453 11463 11473 11483
11443 11453 11463 11473 11483
11443 11453 11463 11473 11483
11443 11453 11463 11473 11483
11443 11453 11463 11473 11483
11443 11453 11463 11473 11483
33643 33643 11463 33643 11483
33643 33643 11463 33643 11483
33643 33643 11463 33643 11483
11443 11453 11463 11473 11483
11443 11453 11463 11473 11483
11443 11453 11463 11473 11483
11443 11453 11463 11473 11483
11443 11453 11463 11473 11483
11443 11453 11463 11473 11483
11443 11453 11463 11473 11483
11443 11453 11463 11473 11483
11443 11453 11463 11473 11483
11443 11453 11463 11473 11483
11443 11453 11463 11473 11483
11443 11453 11463 11473 11483
11443 11453 11463 11473 11483
11443 11453 11463 11473 11483
11443 11453 11463 11473 11483
11443 11453 11463 11473 11483
11443 11453 11463 11473 11483
11443 11453 11463 11473 11483
11443 11453 11463 11473 11483
11443 11453 11463 11473 11483
11443 11453 11463 11473 11483
11443 11453 11463 11473 11483
11443 11453 11463 11473 11483
11443 11453 11463 11473 11483
11443 11453 11463 11473 11483
11443 11453 11463 11473 11483
11443 11453 11463 11473 11483
11443 11453 11463 11473 11483
11443 11453 11463 11473 11483
11493 11493 11493 11493 11493
11443 11453 11463 11473 11483
11503 11503 11503 11503 11503
11513 11513 11513 11513 11513
11523 11523 11523 11523 11523
11523 11523 11523 11523 11523
11523 11523 11523 11523 11523
11443 11453 11463 11473 11483
11443 11453 11463 11473 11483
11443 11453 11463 11473 11483
11533 11533 11533 11533 11533
11443 11453 11463 11473 11483
11443 11453 11463 11473 11483
11443 11453 33653 11473 11483
11443 11453 33653 11473 11483
11443 11453 33653 11473 11483
11443 11453 11463 11473 11483
11443 11453 11463 11473 11483
11443 11453 11463 11473 11483
64284
64284
64284
64284
64284
64284
64284
64284
64284
64284
64284
64284
64284
64284
64284
64284
64284
64284
64284
64284
64284
64284
64284
64284
64284
64284
64284
64284
64284
64284
64284
64284
64284
64284
64284
64284
64284
64284
64284
64294
64294
64284
64284
64284
64475
64475
64475
64475
64475
64475
64475
64475
64475
64475
64475
64475
64475
64475
64475
64475
64475
64475
64475
64475
64475
64475
64475
64475
64475
64475
64475
64475
