38731
38731
38731
38731
38731
38731
38731
38731
38731
38731
38731
38731
38731
38731
38731
38731
38731
38731
38731
38731
38731
38731
38731
38731
38731
38731
38731
38731
38731
38731
2272
2272
2272
2272
2272
2272
2272
2272
2272
2272
2272
2272
2272
2272
2272
2272
2272
2272
2272
2272
2272
2272
2272
2272
2272
2272
2272
2272
2272
2272
2272
2272
2272
2272
2272
2272
2272
2272
2272
2272
2272
2272
2272
2272
2272
2272
2272
2272
2272
2272
3243 3233 3253 3263 3273 3283
3243 3233 3253 3263 3273 3283
3243 3233 3253 3263 3273 3283
3243 3233 3253 3263 3273 3283
3243 3233 3253 3263 3273 3283
3243 3233 3253 3263 3273 3283
3243 3233 3253 3263 3273 3283
3243 3233 3253 3263 3273 3283
3243 3233 3253 3263 3273 3283
3243 3233 3253 3263 3273 3283
3243 3233 3253 3263 3273 3283
3243 3233 3253 3263 3273 3283
3243 3233 3253 3263 3273 3283
3243 3233 3253 3263 3273 3283
3243 3233 3253 3263 3273 3283
3243 3233 3253 3263 3273 3283
3243 3233 3253 3263 3273 3283
3243 3233 3253 3263 3273 3283
3243 3233 3253 3263 3273 3283
3243 3233 3253 3263 3273 3283
3243 3233 3253 3263 3273 3283
3243 3233 3253 3263 3273 3283
3243 3233 3253 3263 3273 3283
3243 3233 3253 3263 3273 3283
3243 3233 3253 3263 3273 3283
3243 3233 3253 3263 3273 3283
3243 3233 3253 3263 3273 3283
3243 3233 3253 3263 3273 3283
3243 3233 3253 3263 3273 3283
3243 3233 3253 3263 3273 3283
3243 3233 3253 3263 3273 3283
3243 3233 3253 3263 3273 3283
3243 3233 3253 3263 3273 3283
3243 3233 3253 3263 3273 3283
3243 3233 3253 3263 3273 3283
3243 3233 3253 3263 3273 3283
3243 3233 3253 3263 3273 3283
3243 3233 3253 3263 3273 3283
3243 3233 3253 3263 3273 3283
3243 3233 3253 3263 3273 3283
3243 3233 3253 3263 3273 3283
3243 3233 3253 3263 3273 3283
3243 3233 3253 3263 3273 3283
3243 3233 3253 3263 3273 3283
3243 3233 3253 3263 3273 3283
3243 3233 3253 3263 3273 3283
3243 3233 3253 3263 3273 3283
3243 3233 3253 3263 3273 3283
3243 3233 3253 3263 3273 3283
3243 3233 3253 3263 3273 3283
3243 3233 3253 3263 3273 3283
3243 3233 3253 3263 3273 3283
3243 3233 3253 3263 3273 3283
3243 3233 3253 3263 3273 3283
3243 3233 3253 3263 3273 3283
3243 3233 3253 3263 3273 3283
3243 3233 3253 3263 3273 3283
3243 3233 3253 3263 3273 3283
3243 3233 3253 3263 3273 3283
3243 3233 3253 3263 3273 3283
3243 3233 3253 3263 3273 3283
3243 3233 3253 3263 3273 3283
3243 3233 3253 3263 3273 3283
3243 3233 3253 3263 3273 3283
3243 3233 3253 3263 3273 3283
3243 3233 3253 3263 3273 3283
30664
30664
30664
30664
30664
30664
30664
30664
30664
30664
30664
30664
30664
30664
30664
30664
30664
30664
30664
30664
30664
30664
30664
30664
30664
30664
30664
30664
30664
30664
30664
30664
30664
30664
30664
30664
30664
30664
30664
30664
30664
30664
30664
30664
30765
30765
30765
30765
30765
30765
30765
30765
30765
30765
30765
30765
30765
30765
30765
30765
30765
30765
30765
30765
30765
30765
30765
30765
30765
30765
30765
30765
