60 60 60 90 50 70 90 60 60
90 90 40 90 40 70 90 80 10
90 90 80 90 40 70 80 80 5
90 90 90 90 80 90 90 15 90
90 90 90 90 80 90 90 90 90
90 90 90 90 80 90 90 60 90
70 80 90 90 70 80 90 90 90
90 10 90 90 40 70 80 90 90
90 90 90 90 80 90 90 30 90
90 90 90 40 80 60 60 90 90
35 40 35 30 80 60 30 55 70
85 85 85 60 95 80 60 95 95
35 20 40 30 80 60 30 65 50
35 20 40 30 80 60 30 65 50
90 90 95 80 95 90 80 95 95
95 95 95 95 95 95 95 95 95
40 40 40 40 80 60 40 65 50
85 85 85 60 95 80 60 95 95
35 35 35 35 35 35 35 35 35
