60 60 60 90 50 70 90 60 60
90 90 40 90 40 70 90 80 10
90 90 80 90 40 70 80 80 5
40 20 40 90 60 80 90 10 90
90 90 90 90 80 90 90 90 90
90 90 90 90 80 90 90 60 90
45 80 80 90 70 80 90 90 90
90 10 90 90 50 70 90 90 10
40 40 70 90 80 90 90 15 90
90 90 90 40 80 60 60 90 90
20 30 20 30 80 60 30 40 40
85 85 85 60 95 80 60 95 95
20 10 25 30 80 60 30 60 60
20 10 25 30 80 60 30 60 60
90 90 95 80 95 90 80 95 95
95 95 95 95 95 95 95 95 95
40 40 40 40 80 60 40 65 50
85 85 85 60 95 80 60 95 95
35 35 35 35 35 35 35 35 35
