84571
84571
84571
84571
84571
84571
84571
84571
84571
84571
84571
84571
84571
84571
84571
84571
84571
84571
84571
84571
84571
84571
84571
84571
84571
84571
84571
84571
84571
84571
8102 8112 8122
8102 8112 8122
8102 8112 8122
8102 8112 8122
8102 8112 8122
8102 8112 8122
8102 8112 8122
8102 8112 8122
8102 8112 8122
8102 8112 8122
8102 8112 8122
8102 8112 8122
8102 8112 8122
8102 8112 8122
8102 8112 8122
8102 8112 8122
8102 8112 8122
8102 8112 8122
8102 8112 8122
8102 8112 8122
8102 8112 8122
8102 8112 8122
8102 8112 8122
8102 8112 8122
8102 8112 8122
8102 8112 8122
8102 8112 8122
8102 8112 8122
8102 8112 8122
8102 8112 8122
8102 8112 8122
8102 8112 8122
8102 8112 8122
8102 8112 8122
8102 8112 8122
8102 8112 8122
8102 8112 8122
8132 8132 8132
8142 8142 8142
8102 8112 8122
8102 8112 8122
8102 8112 8122
8102 8112 8122
8102 8112 8122
8102 8112 8122
8102 8112 8122
8102 8112 8122
8102 8112 8122
8102 8112 8122
64283
64283
64283
64283
64283
64283
64283
64283
64283
64283
64283
64283
64283
64283
64283
64283
64283
64283
64283
64283
64283
64283
64283
64283
64283
64283
64283
64283
64283
64283
64283
64283
64283
64283
64283
64283
64283
64283
64283
64293
64293
64283
64283
64283
66664 66674 66684 66694 66704 66714 66724 66734
66664 66674 66684 66694 66704 66714 66724 66734
66664 66674 66684 66694 66704 66714 66724 66734
66664 66674 66684 66694 66704 66714 66724 66734
66664 66674 66684 66694 66704 66714 66724 66734
66664 66674 66684 66694 66704 66714 66724 66734
66664 66674 66684 66694 66704 66714 66724 66734
66664 66674 66684 66694 66704 66714 66724 66734
66664 66674 66684 66694 66704 66714 66724 66734
66664 66674 66684 66694 66704 66714 66724 66734
66664 66674 66684 66694 66704 66714 66724 66734
66664 66674 66684 66694 66704 66714 66724 66734
66664 66674 66684 66694 66704 66714 66724 66734
66664 66674 66684 66694 66704 66714 66724 66734
66664 66674 66684 66694 66704 66714 66724 66734
66664 66674 66684 66694 66704 66714 66724 66734
66664 66674 66684 66694 66704 66714 66724 66734
66664 66674 66684 66694 66704 66714 66724 66734
66664 66674 66684 66694 66704 66714 66724 66734
66664 66674 66684 66694 66704 66714 66724 66734
66664 66674 66684 66694 66704 66714 66724 66734
66664 66674 66684 66694 66704 66714 66724 66734
66664 66674 66684 66694 66704 66714 66724 66734
66664 66674 66684 66694 66704 66714 66724 66734
66664 66674 66684 66694 66704 66714 66724 66734
66664 66674 66684 66694 66704 66714 66724 66734
66664 66674 66684 66694 66704 66714 66724 66734
66664 66674 66684 66694 66704 66714 66724 66734
66664 66674 66684 66694 66704 66714 66724 66734
66664 66674 66684 66694 66704 66714 66724 66734
66664 66674 66684 66694 66704 66714 66724 66734
66664 66674 66684 66694 66704 66714 66724 66734
66664 66674 66684 66694 66704 66714 66724 66734
66664 66674 66684 66694 66704 66714 66724 66734
66664 66674 66684 66694 66704 66714 66724 66734
66664 66674 66684 66694 66704 66714 66724 66734
66664 66674 66684 66694 66704 66714 66724 66734
66664 66674 66684 66694 66704 66714 66724 66734
66664 66674 66684 66694 66704 66714 66724 66734
66664 66674 66684 66694 66704 66714 66724 66734
66664 66674 66684 66694 66704 66714 66724 66734
66664 66674 66684 66694 66704 66714 66724 66734
66664 66674 66684 66694 66704 66714 66724 66734
66664 66674 66684 66694 66704 66714 66724 66734
66664 66674 66684 66694 66704 66714 66724 66734
66664 66674 66684 66694 66704 66714 66724 66734
66664 66674 66684 66694 66704 66714 66724 66734
66664 66674 66684 66694 66704 66714 66724 66734
66664 66674 66684 66694 66704 66714 66724 66734
66664 66674 66684 66694 66704 66714 66724 66734
66664 66674 66684 66694 66704 66714 66724 66734
66664 66674 66684 66694 66704 66714 66724 66734
66664 66674 66684 66694 66704 66714 66724 66734
66664 66674 66684 66694 66704 66714 66724 66734
66664 66674 66684 66694 66704 66714 66724 66734
66664 66674 66684 66694 66704 66714 66724 66734
66664 66674 66684 66694 66704 66714 66724 66734
66664 66674 66684 66694 66704 66714 66724 66734
66664 66674 66684 66694 66704 66714 66724 66734
66664 66674 66684 66694 66704 66714 66724 66734
66664 66674 66684 66694 66704 66714 66724 66734
66664 66674 66684 66694 66704 66714 66724 66734
66664 66674 66684 66694 66704 66714 66724 66734
66664 66674 66684 66694 66704 66714 66724 66734
66664 66674 66684 66694 66704 66714 66724 66734
66664 66674 66684 66694 66704 66714 66724 66734
66664 66674 66684 66694 66704 66714 66724 66734
66664 66674 66684 66694 66704 66714 66724 66734
66664 66674 66684 66694 66704 66714 66724 66734
66664 66674 66684 66694 66704 66714 66724 66734
66664 66674 66684 66694 66704 66714 66724 66734
66664 66674 66684 66694 66704 66714 66724 66734
66664 66674 66684 66694 66704 66714 66724 66734
66664 66674 66684 66694 66704 66714 66724 66734
66664 66674 66684 66694 66704 66714 66724 66734
66664 66674 66684 66694 66704 66714 66724 66734
66664 66674 66684 66694 66704 66714 66724 66734
66664 66674 66684 66694 66704 66714 66724 66734
66664 66674 66684 66694 66704 66714 66724 66734
66664 66674 66684 66694 66704 66714 66724 66734
66664 66674 66684 66694 66704 66714 66724 66734
66664 66674 66684 66694 66704 66714 66724 66734
66664 66674 66684 66694 66704 66714 66724 66734
66664 66674 66684 66694 66704 66714 66724 66734
66664 66674 66684 66694 66704 66714 66724 66734
