38731
38731
38731
38731
38731
38731
38731
38731
38731
38731
38731
38731
38731
38731
38731
38731
38731
38731
38731
38731
38731
38731
38731
38731
38731
38731
38731
38731
38731
38731
2792
2792
2792
2792
2792
2792
2792
2792
2792
2792
2792
2792
2792
2792
2792
2792
2792
2792
2792
2792
2792
2792
2792
2792
2792
2792
2792
2792
2792
2792
2792
2792
2792
2792
2792
2792
2792
2792
2792
2792
2792
2792
2792
2792
2792
2792
2792
2792
2792
30663
30663
30663
30663
30663
30663
30663
30663
30663
30663
30663
30663
30663
30663
30663
30663
30663
30663
30663
30663
30663
30663
30663
30663
30663
30663
30663
30663
30663
30663
30663
30663
30663
30663
30663
30663
30663
30663
30663
30663
30663
30663
30663
30663
31454 31464 31474 31484 31494 31504 31514
31454 31464 31474 31484 31494 31504 31514
31454 31464 31474 31484 31494 31504 31514
31454 31464 31474 31484 31494 31504 31514
31454 31464 31474 31484 31494 31504 31514
31454 31464 31474 31484 31494 31504 31514
31454 31464 31474 31484 31494 31504 31514
31454 31464 31474 31484 31494 31504 31514
31454 31464 31474 31484 31494 31504 31514
31454 31464 31474 31484 31494 31504 31514
31454 31464 31474 31484 31494 31504 31514
31454 31464 31474 31484 31494 31504 31514
31454 31464 31474 31484 31494 31504 31514
31454 31464 31474 31484 31494 31504 31514
31454 31464 31474 31484 31494 31504 31514
31454 31464 31474 31484 31494 31504 31514
31454 31464 31474 31484 31494 31504 31514
31454 31464 31474 31484 31494 31504 31514
31454 31464 31474 31484 31494 31504 31514
31454 31464 31474 31484 31494 31504 31514
31454 31464 31474 31484 31494 31504 31514
31454 31464 31474 31484 31494 31504 31514
31454 31464 31474 31484 31494 31504 31514
31454 31464 31474 31484 31494 31504 31514
31454 31464 31474 31484 31494 31504 31514
31454 31464 31474 31484 31494 31504 31514
31454 31464 31474 31484 31494 31504 31514
31454 31464 31474 31484 31494 31504 31514
31454 31464 31474 31484 31494 31504 31514
31454 31464 31474 31484 31494 31504 31514
31454 31464 31474 31484 31494 31504 31514
31454 31464 31474 31484 31494 31504 31514
31454 31464 31474 31484 31494 31504 31514
31454 31464 31474 31484 31494 31504 31514
31454 31464 31474 31484 31494 31504 31514
31454 31464 31474 31484 31494 31504 31514
31454 31464 31474 31484 31494 31504 31514
31454 31464 31474 31484 31494 31504 31514
31454 31464 31474 31484 31494 31504 31514
31454 31464 31474 31484 31494 31504 31514
31454 31464 31474 31484 31494 31504 31514
31454 31464 31474 31484 31494 31504 31514
31454 31464 31474 31484 31494 31504 31514
31454 31464 31474 31484 31494 31504 31514
31454 31464 31474 31484 31494 31504 31514
31454 31464 31474 31484 31494 31504 31514
31454 31464 31474 31484 31494 31504 31514
31454 31464 31474 31484 31494 31504 31514
31454 31464 31474 31484 31494 31504 31514
31454 31464 31474 31484 31494 31504 31514
31454 31464 31474 31484 31494 31504 31514
31454 31464 31474 31484 31494 31504 31514
31454 31464 31474 31484 31494 31504 31514
31454 31464 31474 31484 31494 31504 31514
31454 31464 31474 31484 31494 31504 31514
31454 31464 31474 31484 31494 31504 31514
31454 31464 31474 31484 31494 31504 31514
31454 31464 31474 31484 31494 31504 31514
31454 31464 31474 31484 31494 31504 31514
31454 31464 31474 31484 31494 31504 31514
31454 31464 31474 31484 31494 31504 31514
31454 31464 31474 31484 31494 31504 31514
31454 31464 31474 31484 31494 31504 31514
31454 31464 31474 31484 31494 31504 31514
31454 31464 31474 31484 31494 31504 31514
31454 31464 31474 31484 31494 31504 31514
31454 31464 31474 31484 31494 31504 31514
31454 31464 31474 31484 31494 31504 31514
31454 31464 31474 31484 31494 31504 31514
31454 31464 31474 31484 31494 31504 31514
31454 31464 31474 31484 31494 31504 31514
31454 31464 31474 31484 31494 31504 31514
31454 31464 31474 31484 31494 31504 31514
31454 31464 31474 31484 31494 31504 31514
31454 31464 31474 31484 31494 31504 31514
31454 31464 31474 31484 31494 31504 31514
31454 31464 31474 31484 31494 31504 31514
31454 31464 31474 31484 31494 31504 31514
31454 31464 31474 31484 31494 31504 31514
31454 31464 31474 31484 31494 31504 31514
31454 31464 31474 31484 31494 31504 31514
31454 31464 31474 31484 31494 31504 31514
31454 31464 31474 31484 31494 31504 31514
31454 31464 31474 31484 31494 31504 31514
31454 31464 31474 31484 31494 31504 31514
