38741
38741
38741
38741
38741
38741
38741
38741
38741
38741
38741
38741
38741
38741
38741
38741
38741
38741
38741
38741
38741
38741
38741
38741
38741
38741
38741
38741
38741
38741
2802
2802
2802
2802
2802
2802
2802
2802
2802
2802
2802
2802
2802
2802
2802
2802
2802
2802
2802
2802
2802
2802
2802
2802
2802
2802
2802
2802
2802
2802
2802
2802
2802
2802
2802
2802
2802
2802
2802
2802
2802
2802
2802
2802
2802
2802
2802
2802
2802
28843 28853 28863 28873 28883 28893 28903
28843 28853 28863 28873 28883 28893 28903
28843 28853 28863 28873 28883 28893 28903
28843 28853 28863 28873 28883 28893 28903
28843 28853 28863 28873 28883 28893 28903
28843 28853 28863 28873 28883 28893 28903
28843 28853 28863 28873 28883 28893 28903
28843 28853 28863 28873 28883 28893 28903
28843 28853 28863 28873 28883 28893 28903
28843 28853 28863 28873 28883 28893 28903
28843 28853 28863 28873 28883 28893 28903
28843 28853 28863 28873 28883 28893 28903
28843 28853 28863 28873 28883 28893 28903
28843 28853 28863 28873 28883 28893 28903
28843 28853 28863 28873 28883 28893 28903
28843 28853 28863 28873 28883 28893 28903
28843 28853 28863 28873 28883 28893 28903
28843 28853 28863 28873 28883 28893 28903
28843 28853 28863 28873 28883 28893 28903
28843 28853 28863 28873 28883 28893 28903
28843 28853 28863 28873 28883 28893 28903
28843 28853 28863 28873 28883 28893 28903
28843 28853 28863 28873 28883 28893 28903
28843 28853 28863 28873 28883 28893 28903
28843 28853 28863 28873 28883 28893 28903
28843 28853 28863 28873 28883 28893 28903
28843 28853 28863 28873 28883 28893 28903
28843 28853 28863 28873 28883 28893 28903
28843 28853 28863 28873 28883 28893 28903
28843 28853 28863 28873 28883 28893 28903
28843 28853 28863 28873 28883 28893 28903
28843 28853 28863 28873 28883 28893 28903
28843 28853 28863 28873 28883 28893 28903
28843 28853 28863 28873 28883 28893 28903
28843 28853 28863 28873 28883 28893 28903
28843 28853 28863 28873 28883 28893 28903
28843 28853 28863 28873 28883 28893 28903
28843 28853 28863 28873 28883 28893 28903
28843 28853 28863 28873 28883 28893 28903
28843 28853 28863 28873 28883 28893 28903
28843 28853 28863 28873 28883 28893 28903
28843 28853 28863 28873 28883 28893 28903
28843 28853 28863 28873 28883 28893 28903
28843 28853 28863 28873 28883 28893 28903
28843 28853 28863 28873 28883 28893 28903
28843 28853 28863 28873 28883 28893 28903
28843 28853 28863 28873 28883 28893 28903
28843 28853 28863 28873 28883 28893 28903
28843 28853 28863 28873 28883 28893 28903
28843 28853 28863 28873 28883 28893 28903
28843 28853 28863 28873 28883 28893 28903
28843 28853 28863 28873 28883 28893 28903
28843 28853 28863 28873 28883 28893 28903
28843 28853 28863 28873 28883 28893 28903
28843 28853 28863 28873 28883 28893 28903
28843 28853 28863 28873 28883 28893 28903
28843 28853 28863 28873 28883 28893 28903
28843 28853 28863 28873 28883 28893 28903
28843 28853 28863 28873 28883 28893 28903
28843 28853 28863 28873 28883 28893 28903
28843 28853 28863 28873 28883 28893 28903
28843 28853 28863 28873 28883 28893 28903
28843 28853 28863 28873 28883 28893 28903
28843 28853 28863 28873 28883 28893 28903
28843 28853 28863 28873 28883 28893 28903
28843 28853 28863 28873 28883 28893 28903
28843 28853 28863 28873 28883 28893 28903
28843 28853 28863 28873 28883 28893 28903
28843 28853 28863 28873 28883 28893 28903
28843 28853 28863 28873 28883 28893 28903
28843 28853 28863 28873 28883 28893 28903
28843 28853 28863 28873 28883 28893 28903
28843 28853 28863 28873 28883 28893 28903
28843 28853 28863 28873 28883 28893 28903
28843 28853 28863 28873 28883 28893 28903
28843 28853 28863 28873 28883 28893 28903
28843 28853 28863 28873 28883 28893 28903
28843 28853 28863 28873 28883 28893 28903
28843 28853 28863 28873 28883 28893 28903
28843 28853 28863 28873 28883 28893 28903
28843 28853 28863 28873 28883 28893 28903
28843 28853 28863 28873 28883 28893 28903
28843 28853 28863 28873 28883 28893 28903
28843 28853 28863 28873 28883 28893 28903
28843 28853 28863 28873 28883 28893 28903
35654 35664 35674 35684 35704 35694
35654 35664 35674 35684 35704 35694
35654 35664 35674 35684 35704 35694
35654 35664 35674 35684 35704 35694
35654 35664 35674 35684 35704 35694
35654 35664 35674 35684 35704 35694
35654 35664 35674 35684 35704 35694
35654 35664 35674 35684 35704 35694
35654 35664 35674 35684 35704 35694
35654 35664 35674 35684 35704 35694
35654 35664 35674 35684 35704 35694
35654 35664 35674 35684 35704 35694
35654 35664 35674 35684 35704 35694
35654 35664 35674 35684 35704 35694
35654 35664 35674 35684 35704 35694
35654 35664 35674 35684 35704 35694
35654 35664 35674 35684 35704 35694
35654 35664 35674 35684 35704 35694
35654 35664 35674 35684 35704 35694
35654 35664 35674 35684 35704 35694
35654 35664 35674 35684 35704 35694
35654 35664 35674 35684 35704 35694
35654 35664 35674 35684 35704 35694
35654 35664 35674 35684 35704 35694
35654 35664 35674 35684 35704 35694
35654 35664 35674 35684 35704 35694
35654 35664 35674 35684 35704 35694
35654 35664 35674 35684 35704 35694
35654 35664 35674 35684 35704 35694
35654 35664 35674 35684 35704 35694
35654 35664 35674 35684 35704 35694
35654 35664 35674 35684 35704 35694
35654 35664 35674 35684 35704 35694
35654 35664 35674 35684 35704 35694
35654 35664 35674 35684 35704 35694
35654 35664 35674 35684 35704 35694
35654 35664 35674 35684 35704 35694
35654 35664 35674 35684 35704 35694
35654 35664 35674 35684 35704 35694
35654 35664 35674 35684 35704 35694
35654 35664 35674 35684 35704 35694
35654 35664 35674 35684 35704 35694
35654 35664 35674 35684 35704 35694
35654 35664 35674 35684 35704 35694
35654 35664 35674 35684 35704 35694
35654 35664 35674 35684 35704 35694
35654 35664 35674 35684 35704 35694
35654 35664 35674 35684 35704 35694
35654 35664 35674 35684 35704 35694
35654 35664 35674 35684 35704 35694
35654 35664 35674 35684 35704 35694
35654 35664 35674 35684 35704 35694
35654 35664 35674 35684 35704 35694
35654 35664 35674 35684 35704 35694
35654 35664 35674 35684 35704 35694
35654 35664 35674 35684 35704 35694
35654 35664 35674 35684 35704 35694
35654 35664 35674 35684 35704 35694
35654 35664 35674 35684 35704 35694
35654 35664 35674 35684 35704 35694
35654 35664 35674 35684 35704 35694
35654 35664 35674 35684 35704 35694
35654 35664 35674 35684 35704 35694
35654 35664 35674 35684 35704 35694
35654 35664 35674 35684 35704 35694
35654 35664 35674 35684 35704 35694
35654 35664 35674 35684 35704 35694
35654 35664 35674 35684 35704 35694
35654 35664 35674 35684 35704 35694
35654 35664 35674 35684 35704 35694
35654 35664 35674 35684 35704 35694
35654 35664 35674 35684 35704 35694
35654 35664 35674 35684 35704 35694
35654 35664 35674 35684 35704 35694
35654 35664 35674 35684 35704 35694
35654 35664 35674 35684 35704 35694
35654 35664 35674 35684 35704 35694
37095
37095
37095
37095
37095
37095
37095
37095
37095
37095
37095
37095
37095
37095
37095
37095
37095
37095
37095
37095
37095
37095
37095
37095
37095
37095
37095
37095
37095
37095
37095
37095
37095
37095
37095
37095
37095
37095
37095
37095
37095
37095
37095
37095
37095
37095
37095
37095
37095
37095
