84581
84581
84581
84581
84581
84581
84581
84581
84581
84581
84581
84581
84581
84581
84581
84581
84581
84581
84581
84581
84581
84581
84581
84581
84581
84581
84581
84581
84581
84581
8152 8162 8172
8152 8162 8172
8152 8162 8172
8152 8162 8172
8152 8162 8172
8152 8162 8172
8152 8162 8172
8152 8162 8172
8152 8162 8172
8152 8162 8172
8152 8162 8172
8152 8162 8172
8152 8162 8172
8152 8162 8172
8152 8162 8172
8152 8162 8172
8152 8162 8172
8152 8162 8172
8152 8162 8172
8152 8162 8172
8152 8162 8172
8152 8162 8172
8152 8162 8172
8152 8162 8172
8152 8162 8172
8152 8162 8172
8152 8162 8172
8152 8162 8172
8152 8162 8172
8152 8162 8172
8152 8162 8172
8152 8162 8172
8152 8162 8172
8152 8162 8172
8152 8162 8172
8152 8162 8172
8152 8162 8172
8182 8182 8182
8192 8192 8192
8152 8162 8172
8152 8162 8172
8152 8162 8172
8152 8162 8172
8152 8162 8172
8152 8162 8172
8152 8162 8172
8152 8162 8172
8152 8162 8172
8152 8162 8172
60473 60483 60493 60503 60513 60523 60533 60543
60473 60483 60493 60503 60513 60523 60533 60543
60473 60483 60493 60503 60513 60523 60533 60543
60473 60483 60493 60503 60513 60523 60533 60543
60473 60483 60493 60503 60513 60523 60533 60543
60473 60483 60493 60503 60513 60523 60533 60543
60473 60483 60493 60503 60513 60523 60533 60543
60473 60483 60493 60503 60513 60523 60533 60543
60473 60483 60493 60503 60513 60523 60533 60543
60473 60483 60493 60503 60513 60523 60533 60543
60473 60483 60493 60503 60513 60523 60533 60543
60473 60483 60493 60503 60513 60523 60533 60543
60473 60483 60493 60503 60513 60523 60533 60543
60473 60483 60493 60503 60513 60523 60533 60543
60473 60483 60493 60503 60513 60523 60533 60543
60473 60483 60493 60503 60513 60523 60533 60543
60473 60483 60493 60503 60513 60523 60533 60543
60473 60483 60493 60503 60513 60523 60533 60543
60473 60483 60493 60503 60513 60523 60533 60543
60473 60483 60493 60503 60513 60523 60533 60543
60473 60483 60493 60503 60513 60523 60533 60543
60473 60483 60493 60503 60513 60523 60533 60543
60473 60483 60493 60503 60513 60523 60533 60543
60473 60483 60493 60503 60513 60523 60533 60543
60473 60483 60493 60503 60513 60523 60533 60543
60473 60483 60493 60503 60513 60523 60533 60543
60473 60483 60493 60503 60513 60523 60533 60543
60473 60483 60493 60503 60513 60523 60533 60543
60473 60483 60493 60503 60513 60523 60533 60543
60473 60483 60493 60503 60513 60523 60533 60543
60473 60483 60493 60503 60513 60523 60533 60543
60473 60483 60493 60503 60513 60523 60533 60543
60473 60483 60493 60503 60513 60523 60533 60543
60473 60483 60493 60503 60513 60523 60533 60543
60473 60483 60493 60503 60513 60523 60533 60543
60473 60483 60493 60503 60513 60523 60533 60543
60473 60483 60493 60503 60513 60523 60533 60543
60473 60483 60493 60503 60513 60523 60533 60543
60473 60483 60493 60503 60513 60523 60533 60543
60473 60483 60493 60503 60513 60523 60533 60543
60473 60483 60493 60503 60513 60523 60533 60543
60473 60483 60493 60503 60513 60523 60533 60543
60473 60483 60493 60503 60513 60523 60533 60543
60473 60483 60493 60503 60513 60523 60533 60543
60473 60483 60493 60503 60513 60523 60533 60543
60473 60483 60493 60503 60513 60523 60533 60543
60473 60483 60493 60503 60513 60523 60533 60543
60473 60483 60493 60503 60513 60523 60533 60543
60473 60483 60493 60503 60513 60523 60533 60543
60473 60483 60493 60503 60513 60523 60533 60543
60473 60483 60493 60503 60513 60523 60533 60543
60473 60483 60493 60503 60513 60523 60533 60543
60473 60483 60493 60503 60513 60523 60533 60543
60473 60483 60493 60503 60513 60523 60533 60543
60473 60483 60493 60503 60513 60523 60533 60543
60473 60483 60493 60503 60513 60523 60533 60543
60473 60483 60493 60503 60513 60523 60533 60543
60473 60483 60493 60503 60513 60523 60533 60543
60473 60483 60493 60503 60513 60523 60533 60543
60473 60483 60493 60503 60513 60523 60533 60543
60473 60483 60493 60503 60513 60523 60533 60543
60473 60483 60493 60503 60513 60523 60533 60543
60473 60483 60493 60503 60513 60523 60533 60543
60473 60483 60493 60503 60513 60523 60533 60543
60473 60483 60493 60503 60513 60523 60533 60543
60473 60483 60493 60503 60513 60523 60533 60543
60473 60483 60493 60503 60513 60523 60533 60543
60473 60483 60493 60503 60513 60523 60533 60543
60473 60483 60493 60503 60513 60523 60533 60543
60473 60483 60493 60503 60513 60523 60533 60543
60473 60483 60493 60503 60513 60523 60533 60543
60473 60483 60493 60503 60513 60523 60533 60543
60473 60483 60493 60503 60513 60523 60533 60543
60473 60483 60493 60503 60513 60523 60533 60543
60473 60483 60493 60503 60513 60523 60533 60543
60473 60483 60493 60503 60513 60523 60533 60543
60473 60483 60493 60503 60513 60523 60533 60543
60473 60483 60493 60503 60513 60523 60533 60543
60473 60483 60493 60503 60513 60523 60533 60543
60473 60483 60493 60503 60513 60523 60533 60543
60473 60483 60493 60503 60513 60523 60533 60543
60473 60483 60493 60503 60513 60523 60533 60543
60473 60483 60493 60503 60513 60523 60533 60543
60473 60483 60493 60503 60513 60523 60533 60543
60473 60483 60493 60503 60513 60523 60533 60543
76714 76724 76734 76744 76754
76714 76724 76734 76744 76754
76714 76724 76734 76744 76754
76714 76724 76734 76744 76754
76714 76724 76734 76744 76754
76714 76724 76734 76744 76754
76714 76724 76734 76744 76754
76714 76724 76734 76744 76754
76714 76724 76734 76744 76754
76714 76724 76734 76744 76754
76714 76724 76734 76744 76754
76714 76724 76734 76744 76754
76714 76724 76734 76744 76754
76714 76724 76734 76744 76754
76714 76724 76734 76744 76754
76714 76724 76734 76744 76834
76714 76724 76734 76744 76834
76714 76724 76734 76744 76834
76714 76724 76734 76744 76754
76714 76724 76734 76744 76754
76714 76724 76734 76744 76754
76714 76724 76734 76744 76754
76714 76724 76734 76744 76754
76714 76724 76734 76744 76754
76714 76724 76734 76744 76754
76714 76724 76734 76744 76754
76714 76724 76734 76744 76754
76714 76724 76734 76744 76754
76714 76724 76734 76744 76754
76714 76724 76734 76744 76754
76714 76724 76734 76744 76754
76714 76724 76734 76744 76754
76714 76724 76734 76744 76754
76714 76724 76734 76744 76754
76714 76724 76734 76744 76754
76714 76724 76734 76744 76754
76714 76724 76734 76744 76754
76714 76724 76734 76744 76754
76714 76724 76734 76744 76754
76714 76724 76734 76744 76754
76714 76724 76734 76744 76754
76714 76724 76734 76744 76754
76714 76724 76734 76744 76754
76714 76724 76734 76744 76754
76714 76724 76734 76744 76754
76714 76724 76734 76744 76754
76714 76724 76734 76744 76754
76714 76764 76764 76744 76764
76714 76724 76734 76744 76754
76714 76724 76734 76744 76754
76714 76724 76734 76744 76754
76714 76724 76734 76744 76754
76714 76724 76734 76744 76754
76714 76724 76734 76744 76754
76714 76724 76734 76744 76754
76714 76724 76734 76744 76754
76714 76724 76734 76744 76754
76714 76724 76734 76744 76754
76714 76724 76734 76744 76754
76804 76804 76804 76744 76754
76714 76724 76734 76744 76754
76714 76724 76734 76744 76754
76814 76814 76814 76744 76754
76824 76824 76824 76824 76824
76824 76824 76824 76824 76824
76824 76824 76824 76824 76824
76714 76764 76764 76744 76764
76714 76724 76734 76744 76754
76714 76724 76734 76744 76774
76714 76724 76734 76744 76774
76714 76824 76824 76824 76824
76714 76824 76824 76824 76824
76714 76824 76824 76824 76824
76714 76724 76734 76744 76754
76714 76724 76734 76744 76774
76714 76724 76734 76744 76774
76714 76724 76734 76744 76754
79415 79465 79475 79485
79415 79465 79475 79485
79415 79465 79475 79485
79415 79465 79475 79485
79415 79465 79475 79485
79415 79465 79475 79485
79415 79465 79475 79485
79415 79465 79475 79485
79415 79465 79475 79485
79415 79465 79475 79485
79415 79465 79475 79485
79415 79465 79475 79485
79415 79465 79475 79485
79415 79465 79475 79485
79415 79465 79475 79485
79415 79465 79475 79485
79415 79465 79475 79485
79415 79465 79475 79485
79415 79465 79475 79485
79415 79465 79475 79485
79415 79465 79475 79485
79415 79465 79475 79485
79415 79465 79475 79485
79415 79465 79475 79485
79415 79465 79475 79485
79415 79465 79475 79485
79415 79465 79475 79485
79415 79465 79475 79485
79415 79465 79475 79485
79415 79465 79475 79485
79415 79465 79475 79485
79415 79465 79475 79485
79415 79465 79475 79485
79415 79465 79475 79485
79415 79465 79475 79485
79415 79465 79475 79485
79415 79465 79475 79485
79415 79465 79475 79485
79425 79425 79425 79425
79435 79435 79435 79435
79415 79465 79475 79485
79445 79445 79445 79445
79445 79445 79445 79445
79415 79465 79475 79485
79415 79465 79475 79485
79455 79455 79455 79455
79415 79465 79475 79485
79415 79465 79475 79485
79415 79465 79475 79485
79415 79465 79475 79485
