38761
38761
38761
38761
38761
38761
38761
38761
38761
38761
38761
38761
38761
38761
38761
38761
38761
38761
38761
38761
38761
38761
38761
38761
38761
38761
38761
38761
38761
38761
2302
2302
2302
2302
2302
2302
2302
2302
2302
2302
2302
2302
2302
2302
2302
2302
2302
2302
2302
2302
2302
2302
2302
2302
2302
2302
2302
2302
2302
2302
2302
2302
2302
2302
2302
2302
2302
2302
2302
2302
2302
2302
2302
2302
2302
2302
2302
2302
2302
2302
2303
2303
2303
2303
2303
2303
2303
2303
2303
2303
2303
2303
2303
2303
2303
2303
2303
2303
2303
2303
2303
2303
2303
2303
2303
2303
2303
2303
2303
2303
2303
2303
2303
2303
2303
2303
2303
2303
2303
2303
2303
2303
2303
2303
2303
2303
2303
2303
2303
2303
6984 6994 7004 7014 7024 7034 7044 7054
6984 6994 7004 7014 7024 7034 7044 7054
6984 6994 7004 7014 7024 7034 7044 7054
6984 6994 7004 7014 7024 7034 7044 7054
6984 6994 7004 7014 7024 7034 7044 7054
6984 6994 7004 7014 7024 7034 7044 7054
6984 6994 7004 7014 7024 7034 7044 7054
6984 6994 7004 7014 7024 7034 7044 7054
6984 6994 7004 7014 7024 7034 7044 7054
6984 6994 7004 7014 7024 7034 7044 7054
6984 6994 7004 7014 7024 7034 7044 7054
6984 6994 7004 7014 7024 7034 7044 7054
6984 6994 7004 7014 7024 7034 7044 7054
6984 6994 7004 7014 7024 7034 7044 7054
6984 6994 7004 7014 7024 7034 7044 7054
6984 6994 7004 7014 7024 7034 7044 7054
6984 6994 7004 7014 7024 7034 7044 7054
6984 6994 7004 7014 7024 7034 7044 7054
6984 6994 7004 7014 7024 7034 7044 7054
6984 6994 7004 7014 7024 7034 7044 7054
6984 6994 7004 7014 7024 7034 7044 7054
6984 6994 7004 7014 7024 7034 7044 7054
6984 6994 7004 7014 7024 7034 7044 7054
6984 6994 7004 7014 7024 7034 7044 7054
6984 6994 7004 7014 7024 7034 7044 7054
6984 6994 7004 7014 7024 7034 7044 7054
6984 6994 7004 7014 7024 7034 7044 7054
6984 6994 7004 7014 7024 7034 7044 7054
6984 6994 7004 7014 7024 7034 7044 7054
6984 6994 7004 7014 7024 7034 7044 7054
6984 6994 7004 7014 7024 7034 7044 7054
6984 6994 7004 7014 7024 7034 7044 7054
6984 6994 7004 7014 7024 7034 7044 7054
6984 6994 7004 7014 7024 7034 7044 7054
6984 6994 7004 7014 7024 7034 7044 7054
6984 6994 7004 7014 7024 7034 7044 7054
6984 6994 7004 7014 7024 7034 7044 7054
6984 6994 7004 7014 7024 7034 7044 7054
6984 6994 7004 7014 7024 7034 7044 7054
6984 6994 7004 7014 7024 7034 7044 7054
6984 6994 7004 7014 7024 7034 7044 7054
6984 6994 7004 7014 7024 7034 7044 7054
6984 6994 7004 7014 7024 7034 7044 7054
6984 6994 7004 7014 7024 7034 7044 7054
6984 6994 7004 7014 7024 7034 7044 7054
6984 6994 7004 7014 7024 7034 7044 7054
6984 6994 7004 7014 7024 7034 7044 7054
6984 6994 7004 7014 7024 7034 7044 7054
6984 6994 7004 7014 7024 7034 7044 7054
6984 6994 7004 7014 7024 7034 7044 7054
6984 6994 7004 7014 7024 7034 7044 7054
6984 6994 7004 7014 7024 7034 7044 7054
6984 6994 7004 7014 7024 7034 7044 7054
6984 6994 7004 7014 7024 7034 7044 7054
6984 6994 7004 7014 7024 7034 7044 7054
6984 6994 7004 7014 7024 7034 7044 7054
6984 6994 7004 7014 7024 7034 7044 7054
6984 6994 7004 7014 7024 7034 7044 7054
6984 6994 7004 7014 7024 7034 7044 7054
6984 6994 7004 7014 7024 7034 7044 7054
7064 6994 7004 7064 7024 7034 7044 7054
6984 6994 7004 7014 7024 7034 7044 7054
6984 6994 7004 7014 7024 7034 7044 7054
7064 6994 7004 7064 7024 7034 7044 7054
7064 6994 7004 7064 7024 7034 7044 7054
7064 6994 7004 7064 7024 7034 7044 7054
7064 6994 7004 7064 7024 7034 7044 7054
6984 6994 7004 7014 7024 7034 7044 7054
6984 6994 7004 7014 7024 7034 7044 7054
7064 6994 7004 7064 7024 7034 7044 7054
7064 6994 7004 7064 7024 7034 7044 7054
6984 6994 7004 7014 7024 7034 7044 7054
6984 6994 7004 7014 7024 7034 7044 7054
7064 6994 7004 7064 7024 7034 7044 7054
7064 6994 7004 7064 7024 7034 7044 7054
7064 6994 7004 7064 7024 7034 7044 7054
6984 6994 7004 7014 7024 7034 7044 7054
6984 6994 7004 7014 7024 7034 7044 7054
7064 6994 7004 7064 7024 7034 7044 7054
7064 6994 7004 7064 7024 7034 7044 7054
6984 6994 7004 7014 7024 7034 7044 7054
6984 6994 7004 7014 7024 7034 7044 7054
6984 6994 7004 7014 7024 7034 7044 7054
6984 6994 7004 7014 7024 7034 7044 7054
30695
30695
30695
30695
30695
30695
30695
30695
30695
30695
30695
30695
30695
30695
30695
30695
30695
30695
30695
30695
30695
30695
30695
30695
30695
30695
30695
30695
30695
30695
30695
30695
30695
30695
30695
30695
30695
30695
30695
30695
30695
30695
30695
30695
30696
30696
30696
30696
30696
30696
30696
30696
30696
30696
30696
30696
30696
30696
30696
30696
30696
30696
30696
30696
30696
30696
30696
30696
30696
30696
30696
30696
30696
30696
30696
30696
30696
30696
30696
30696
30696
30696
30696
30696
30696
30696
30696
30696
