84601
84601
84601
84601
84601
84601
84601
84601
84601
84601
84601
84601
84601
84601
84601
84601
84601
84601
84601
84601
84601
84601
84601
84601
84601
84601
84601
84601
84601
84601
6032 6082 6092 6102
6032 6082 6092 6102
6032 6082 6092 6102
6032 6082 6092 6102
6032 6082 6092 6102
6032 6082 6092 6102
6032 6082 6092 6102
6032 6082 6092 6102
6032 6082 6092 6102
6032 6082 6092 6102
6032 6082 6092 6102
6032 6082 6092 6102
6032 6082 6092 6102
6032 6082 6092 6102
6032 6082 6092 6102
6032 6082 6092 6102
6032 6082 6092 6102
6032 6082 6092 6102
6032 6082 6092 6102
6032 6082 6092 6102
6032 6082 6092 6102
6032 6082 6092 6102
6032 6082 6092 6102
6032 6082 6092 6102
6032 6082 6092 6102
6032 6082 6092 6102
6032 6082 6092 6102
6032 6082 6092 6102
6032 6082 6092 6102
6032 6082 6092 6102
6032 6082 6092 6102
6032 6082 6092 6102
6032 6082 6092 6102
6032 6082 6092 6102
6032 6082 6092 6102
6032 6082 6092 6102
6032 6082 6092 6102
6032 6082 6092 6102
6042 6042 6042 6042
6052 6052 6052 6052
6032 6082 6092 6102
6062 6062 6062 6062
6062 6062 6062 6062
6032 6082 6092 6102
6032 6082 6092 6102
6072 6072 6072 6072
6032 6082 6092 6102
6032 6082 6092 6102
6032 6082 6092 6102
6032 6082 6092 6102
6033 6083 6093 6103
6033 6083 6093 6103
6033 6083 6093 6103
6033 6083 6093 6103
6033 6083 6093 6103
6033 6083 6093 6103
6033 6083 6093 6103
6033 6083 6093 6103
6033 6083 6093 6103
6033 6083 6093 6103
6033 6083 6093 6103
6033 6083 6093 6103
6033 6083 6093 6103
6033 6083 6093 6103
6033 6083 6093 6103
6033 6083 6093 6103
6033 6083 6093 6103
6033 6083 6093 6103
6033 6083 6093 6103
6033 6083 6093 6103
6033 6083 6093 6103
6033 6083 6093 6103
6033 6083 6093 6103
6033 6083 6093 6103
6033 6083 6093 6103
6033 6083 6093 6103
6033 6083 6093 6103
6033 6083 6093 6103
6033 6083 6093 6103
6033 6083 6093 6103
6033 6083 6093 6103
6033 6083 6093 6103
6033 6083 6093 6103
6033 6083 6093 6103
6033 6083 6093 6103
6033 6083 6093 6103
6033 6083 6093 6103
6033 6083 6093 6103
6043 6043 6043 6043
6053 6053 6053 6053
6033 6083 6093 6103
6063 6063 6063 6063
6063 6063 6063 6063
6033 6083 6093 6103
6033 6083 6093 6103
6073 6073 6073 6073
6033 6083 6093 6103
6033 6083 6093 6103
6033 6083 6093 6103
6033 6083 6093 6103
18544 18554 18564 18574 18584 18594 18604 18614
18544 18554 18564 18574 18584 18594 18604 18614
18544 18554 18564 18574 18584 18594 18604 18614
18544 18554 18564 18574 18584 18594 18604 18614
18544 18554 18564 18574 18584 18594 18604 18614
18544 18554 18564 18574 18584 18594 18604 18614
18544 18554 18564 18574 18584 18594 18604 18614
18544 18554 18564 18574 18584 18594 18604 18614
18544 18554 18564 18574 18584 18594 18604 18614
18544 18554 18564 18574 18584 18594 18604 18614
18544 18554 18564 18574 18584 18594 18604 18614
18544 18554 18564 18574 18584 18594 18604 18614
18544 18554 18564 18574 18584 18594 18604 18614
18544 18554 18564 18574 18584 18594 18604 18614
18544 18554 18564 18574 18584 18594 18604 18614
18544 18554 18564 33444 33444 33444 18604 18614
18544 18554 18564 33444 33444 33444 18604 18614
18544 18554 18564 33444 33444 33444 18604 18614
18544 18554 18564 18574 18584 18594 18604 18614
18544 18554 18564 18574 18584 18594 18604 18614
18544 18554 18564 18574 18584 18594 18604 18614
18544 18554 18564 18574 18584 18594 18604 18614
18544 18554 18564 18574 18584 18594 18604 18614
18544 18554 18564 18574 18584 18594 18604 18614
18544 18554 18564 18574 18584 18594 18604 18614
18544 18554 18564 18574 18584 18594 18604 18614
18544 18554 18564 18574 18584 18594 18604 18614
18544 18554 18564 18574 18584 18594 18604 18614
18544 18554 18564 18574 18584 18594 18604 18614
18544 18554 18564 18574 18584 18594 18604 18614
18544 18554 18564 18574 18584 18594 18604 18614
18544 18554 18564 18574 18584 18594 18604 18614
18544 18554 18564 18574 18584 18594 18604 18614
18544 18554 18564 18574 18584 18594 18604 18614
18544 18554 18564 18574 18584 18594 18604 18614
18544 18554 18564 18574 18584 18594 18604 18614
18544 18554 18564 18574 18584 18594 18604 18614
18544 18554 18564 18574 18584 18594 18604 18614
18544 18554 18564 18574 18584 18594 18604 18614
18544 18554 18564 18574 18584 18594 18604 18614
18544 18554 18564 18574 18584 18594 18604 18614
18544 18554 18564 18574 18584 18594 18604 18614
18544 18554 18564 18574 18584 18594 18604 18614
18544 18554 18564 18574 18584 18594 18604 18614
18544 18554 18564 18574 18584 18594 18604 18614
18544 18554 18564 18574 18584 18594 18604 18614
18544 18554 18564 18574 18584 18594 18604 18614
18624 18554 18564 18624 18584 18594 18604 18624
18644 18554 18564 18644 18584 18594 18604 18644
18544 18554 18564 18574 18584 18594 18604 18614
18634 18634 18634 18634 18634 18634 18634 18634
18634 18634 18634 18634 18634 18634 18634 18634
18654 18654 18654 18654 18654 18594 18604 18614
18544 18554 18564 18574 18584 18594 18604 18614
18664 18664 18564 18664 18664 18594 18604 18614
18544 18554 18564 18574 18584 18594 18604 18614
18674 18554 18564 18674 18674 18674 18674 18674
18684 18554 18564 18684 18584 18594 18604 18684
18694 18554 18564 18574 18584 18594 18604 18694
18704 18554 18564 18704 18584 18594 18604 18614
18544 18554 18564 18574 18584 18594 18604 18614
18544 18554 18564 18574 18584 18594 18604 18614
18714 18554 18564 18714 18584 18594 18604 18614
18544 18554 18564 18574 18584 18594 18604 18614
18714 18714 18714 18714 18714 18714 18714 18714
18714 18714 18714 18714 18714 18714 18714 18714
18714 18714 18714 18714 18714 18714 18714 18714
18544 18554 18564 18574 18584 18594 18604 18614
18724 18554 18564 18724 18584 18594 18604 18614
18544 18554 18564 18574 18584 18594 18604 18614
18724 18554 18564 18574 18584 18594 18604 18724
18544 18554 18564 18574 18584 18594 18604 18614
18734 18554 18564 18734 18584 18594 18604 18614
18544 18554 18564 18574 18584 18594 18604 18614
18544 18554 18564 18574 18584 18594 18604 18614
18544 18554 18564 18574 18584 18594 18604 18614
18544 18554 18564 18574 18584 18594 18604 18614
18744 18554 18564 18744 18584 18594 18604 18614
18544 18554 18564 18574 18584 18594 18604 18614
18744 18554 18564 18744 18744 18744 18744 18744
18544 18554 18564 18574 18584 18594 18604 18614
18754 18754 18564 18754 18754 18594 18604 18614
18544 18554 18564 18574 18584 18594 18604 18614
18544 18554 18564 18574 18584 18594 18604 18614
64345
64345
64345
64345
64345
64345
64345
64345
64345
64345
64345
64345
64345
64345
64345
64345
64345
64345
64345
64345
64345
64345
64345
64345
64345
64345
64345
64345
64345
64345
64345
64345
64345
64345
64345
64345
64345
64345
64345
64355
64355
64345
64345
64345
64346
64346
64346
64346
64346
64346
64346
64346
64346
64346
64346
64346
64346
64346
64346
64346
64346
64346
64346
64346
64346
64346
64346
64346
64346
64346
64346
64346
64346
64346
64346
64346
64346
64346
64346
64346
64346
64346
64346
64356
64356
64346
64346
64346
