40 40 40 30 90 90 90 30 30
80 60 80 90 90 90 35 40 90
80 80 80 90 90 90 40 80 80
65 90 90 90 90 90 30 90 90
90 80 90 90 90 90 40 90 90
20 20 20 90 90 90 30 90 10
120 45 37 75 135 60 135 45 37
40 10 90 40 90 90 90 90 90
90 90 90 40 90 90 90 90 20
70 90 10 40 90 90 90 80 80
90 90 90 40 90 90 90 90 80
80 90 80 40 90 90 90 90 80
20 90 90 40 90 90 90 20 90
70 70 60 90 90 90 25 10 90
55 55 40 90 90 90 30 90 25
75 75 75 90 75 75 75 75 75
10 10 10 90 45 45 45 20 20
75 75 75 90 75 75 75 75 75
50 50 50 90 75 75 75 70 70
35 20 40 90 55 55 55 10 65
75 75 75 90 75 75 75 75 75
90 90 90 90 35 35 35 90 20
50 75 75 90 75 75 75 70 70
75 75 75 90 75 75 75 75 75
35 35 35 35 35 35 35 35 35
