40 40 40 30 90 90 90 30 30
96 84 108 108 108 108 42 48 108
80 80 80 90 90 90 40 80 80
65 90 90 90 90 90 30 90 90
90 80 90 90 90 90 40 90 90
20 20 20 90 90 90 30 90 10
120 45 37 75 135 60 135 45 37
50 40 90 40 90 90 90 90 90
90 90 90 40 90 90 90 90 20
70 90 10 40 90 90 90 80 80
90 90 90 40 90 90 90 90 80
80 90 80 40 90 90 90 90 80
90 90 90 40 90 90 90 20 90
96 96 84 108 108 108 36 48 108
96 108 66 108 108 108 42 48 36
75 75 75 90 75 75 75 75 75
40 40 40 90 65 65 65 45 45
75 75 75 90 75 75 75 75 75
50 50 50 90 75 75 75 70 70
75 45 75 90 65 65 65 45 90
75 75 75 90 75 75 75 75 75
40 45 20 90 25 25 25 25 25
50 75 75 90 75 75 75 70 70
75 75 75 90 75 75 75 75 75
35 35 35 35 35 35 35 35 35
