108 109 110 111 112 113 114 115
108 109 110 111 112 113 114 115
108 109 110 111 112 113 114 115
108 109 110 111 112 113 114 115
108 109 110 111 112 113 114 115
108 109 110 111 112 113 114 115
108 109 110 111 112 113 114 115
108 109 110 111 112 113 114 115
108 109 110 111 112 113 114 115
108 109 110 111 112 113 114 115
108 109 110 111 112 113 114 115
108 109 110 111 112 113 114 115
108 109 110 111 112 113 114 115
108 109 110 111 112 113 114 115
108 109 110 111 112 113 114 115
108 109 110 111 112 113 114 115
108 109 110 111 112 113 114 115
108 109 110 111 112 113 114 115
108 109 110 111 112 113 114 115
108 109 110 111 112 113 114 115
108 109 110 111 112 113 114 115
108 109 110 111 112 113 114 115
108 109 110 111 112 113 114 115
108 109 110 111 112 113 114 115
108 109 110 111 112 113 114 115
108 109 110 111 112 113 114 115
108 109 110 111 112 113 114 115
108 109 110 111 112 113 114 115
108 109 110 111 112 113 114 115
108 109 110 111 112 113 114 115
108 109 110 111 112 113 114 115
108 109 110 111 112 113 114 115
108 109 110 111 112 113 114 115
108 109 110 111 112 113 114 115
108 109 110 111 112 113 114 115
108 109 110 111 112 113 114 115
108 109 110 111 112 113 114 115
108 109 110 111 112 113 114 115
108 109 110 111 112 113 114 115
108 109 110 111 112 113 114 115
108 109 110 111 112 113 114 115
108 109 110 111 112 113 114 115
108 109 110 111 112 113 114 115
108 109 110 111 112 113 114 115
108 109 110 111 112 113 114 115
108 109 110 111 112 113 114 115
108 109 110 111 112 113 114 115
116 109 110 116 112 113 114 116
118 109 110 118 112 113 114 118
108 109 110 111 112 113 114 115
117 117 117 117 117 117 117 117
117 117 117 117 117 117 117 117
119 119 119 119 119 113 114 115
108 109 110 111 112 113 114 115
120 120 110 120 120 113 114 115
108 109 110 111 112 113 114 115
121 109 110 121 121 121 121 121
122 109 110 122 112 113 114 122
123 109 110 111 112 113 114 123
124 109 110 124 112 113 114 115
108 109 110 111 112 113 114 115
108 109 110 111 112 113 114 115
125 109 110 125 112 113 114 115
108 109 110 111 112 113 114 115
125 125 125 125 125 125 125 125
125 125 125 125 125 125 125 125
125 125 125 125 125 125 125 125
108 109 110 111 112 113 114 115
126 109 110 126 112 113 114 115
108 109 110 111 112 113 114 115
126 109 110 111 112 113 114 126
108 109 110 111 112 113 114 115
127 109 110 127 112 113 114 115
108 109 110 111 112 113 114 115
108 109 110 111 112 113 114 115
108 109 110 111 112 113 114 115
108 109 110 111 112 113 114 115
128 109 110 128 112 113 114 115
108 109 110 111 112 113 114 115
128 109 110 128 128 128 128 128
108 109 110 111 112 113 114 115
129 129 110 129 129 113 114 115
108 109 110 111 112 113 114 115
108 109 110 111 112 113 114 115
2 3 4 5 6 7 8 9
2 3 4 5 6 7 8 9
2 3 4 5 6 7 8 9
2 3 4 5 6 7 8 9
2 3 4 5 6 7 8 9
2 3 4 5 6 7 8 9
2 3 4 5 6 7 8 9
2 3 4 5 6 7 8 9
2 3 4 5 6 7 8 9
2 3 4 5 6 7 8 9
2 3 4 5 6 7 8 9
2 3 4 5 6 7 8 9
2 3 4 5 6 7 8 9
2 3 4 5 6 7 8 9
2 3 4 5 6 7 8 9
2 3 4 5 6 7 8 9
2 3 4 5 6 7 8 9
2 3 4 5 6 7 8 9
2 3 4 5 6 7 8 9
2 3 4 5 6 7 8 9
2 3 4 5 6 7 8 9
2 3 4 5 6 7 8 9
2 3 4 5 6 7 8 9
2 3 4 5 6 7 8 9
2 3 4 5 6 7 8 9
2 3 4 5 6 7 8 9
2 3 4 5 6 7 8 9
2 3 4 5 6 7 8 9
2 3 4 5 6 7 8 9
2 3 4 5 6 7 8 9
2 3 4 5 6 7 8 9
2 3 4 5 6 7 8 9
2 3 4 5 6 7 8 9
2 3 4 5 6 7 8 9
2 3 4 5 6 7 8 9
2 3 4 5 6 7 8 9
2 3 4 5 6 7 8 9
2 3 4 5 6 7 8 9
2 3 4 5 6 7 8 9
2 3 4 5 6 7 8 9
2 3 4 5 6 7 8 9
2 3 4 5 6 7 8 9
2 3 4 5 6 7 8 9
2 3 4 5 6 7 8 9
2 3 4 5 6 7 8 9
2 3 4 5 6 7 8 9
2 3 4 5 6 7 8 9
2 61 4 5 6 7 8 9
2 59 4 5 6 7 8 9
2 3 4 62 6 7 8 9
2 3 4 5 6 7 8 9
2 63 63 63 63 7 63 9
2 63 63 63 63 7 63 9
2 63 63 63 63 7 63 9
2 63 63 63 63 7 63 9
2 64 64 64 64 7 64 9
2 64 64 64 64 7 64 9
2 63 63 63 63 7 63 9
2 63 63 63 63 7 63 9
2 65 65 65 65 7 65 9
2 65 65 65 65 7 65 9
2 63 63 63 63 7 63 9
2 63 63 63 63 7 63 9
2 66 66 66 66 7 66 9
2 66 66 66 66 7 66 9
2 3 4 5 6 7 8 9
2 3 4 5 6 7 8 9
2 67 67 67 67 67 67 67
2 68 68 68 68 68 68 68
2 3 4 5 6 7 8 9
2 3 4 5 6 7 8 9
2 3 4 5 6 7 8 9
2 3 4 5 6 7 8 9
2 3 4 5 6 7 8 9
2 3 4 5 6 7 8 9
2 3 4 5 6 7 8 9
2 3 4 5 6 7 8 9
2 3 4 5 6 7 8 9
2 3 4 5 6 7 8 9
2 3 4 5 6 7 8 9
2 3 4 5 6 7 8 9
2 3 4 5 6 7 8 9
2 3 4 5 6 7 8 9
2 3 4 5 6 7 8 9
2 3 4 5 6 7 8 9
2 3 4 5 6 7 8 9
135 136 137 138 139 140 141
135 136 137 138 139 140 141
135 136 137 138 139 140 141
135 136 137 138 139 140 141
135 136 137 138 139 140 141
135 136 137 138 139 140 141
135 136 137 138 139 140 141
135 136 137 138 139 140 141
135 136 137 138 139 140 141
135 136 137 138 139 140 141
135 136 137 138 139 140 141
135 136 137 138 139 140 141
135 136 137 138 139 140 141
135 136 137 138 139 140 141
135 136 137 138 139 140 141
135 136 137 138 139 140 141
135 136 137 138 139 140 141
135 136 137 138 139 140 141
135 136 137 138 139 140 141
135 136 137 138 139 140 141
135 136 137 138 139 140 141
135 136 137 138 139 140 141
135 136 137 138 139 140 141
135 136 137 138 139 140 141
135 136 137 138 139 140 141
135 136 137 138 139 140 141
135 136 137 138 139 140 141
135 136 137 138 139 140 141
135 136 137 138 139 140 141
135 136 137 138 139 140 141
135 136 137 138 139 140 141
135 136 137 138 139 140 141
135 136 137 138 139 140 141
135 136 137 138 139 140 141
135 136 137 138 139 140 141
135 136 137 138 139 140 141
135 136 137 138 139 140 141
135 136 137 138 139 140 141
135 136 137 138 139 140 141
135 136 137 138 139 140 141
135 136 137 138 139 140 141
135 136 137 138 139 140 141
135 136 137 138 139 140 141
135 136 137 138 139 140 141
135 136 137 138 139 140 141
135 136 137 138 139 140 141
135 136 137 138 139 140 141
142 142 142 142 142 142 142 142
144 144 144 144 144 144 144 144
135 136 137 138 139 140 141
135 136 137 138 139 140 141
135 136 137 138 139 140 141
135 136 137 138 139 140 141
145 145 145 145 145 145 145 145
146 146 146 146 146 146 146 146
146 146 146 146 146 146 146 146
146 146 146 146 146 146 146 146
147 147 147 147 147 147 147 147
147 147 147 147 147 147 147 147
147 147 147 147 147 147 147 147
148 136 148 138 148 140 141
149 149 149 149 149 149 149 149
149 149 149 149 149 149 149 149
149 149 149 149 149 149 149 149
150 150 150 150 150 150 150 150
150 150 150 150 150 150 150 150
150 150 150 150 150 150 150 150
151 136 137 151 139 140 141
135 136 137 138 139 140 141
152 152 137 138 152 140 141
135 136 137 138 139 140 141
153 153 137 138 153 140 141
135 136 137 138 139 140 141
135 136 137 138 139 140 141
135 136 137 138 139 140 141
154 136 137 154 139 140 141
135 136 137 138 139 140 141
135 136 137 138 139 140 141
155 155 137 138 155 140 141
135 136 137 138 139 140 141
135 136 137 138 139 140 141
36 36 36
36 36 36
36 36 36
36 36 36
36 36 36
36 36 36
36 36 36
36 36 36
36 36 36
36 36 36
36 36 36
36 36 36
36 36 36
36 36 36
36 36 36
36 36 36
36 36 36
36 36 36
36 36 36
36 36 36
36 36 36
36 36 36
36 36 36
36 36 36
36 36 36
36 36 36
36 36 36
36 36 36
36 36 36
57 80 81 82 83 84 85
57 80 81 82 83 84 85
57 80 81 82 83 84 85
57 80 81 82 83 84 85
57 80 81 82 83 84 85
57 80 81 82 83 84 85
57 80 81 82 83 84 85
57 80 81 82 83 84 85
57 80 81 82 83 84 85
57 80 81 82 83 84 85
57 80 81 82 83 84 85
57 80 81 82 83 84 85
57 80 81 82 83 84 85
57 80 81 82 83 84 85
57 80 81 82 83 84 85
57 80 81 82 83 84 85
57 80 81 82 83 84 85
57 80 81 82 83 84 85
57 80 81 82 83 84 85
57 80 81 82 83 84 85
57 80 81 82 83 84 85
57 80 81 82 83 84 85
57 80 81 82 83 84 85
57 80 81 82 83 84 85
57 80 81 82 83 84 85
57 80 81 82 83 84 85
57 80 81 82 83 84 85
57 80 81 82 83 84 85
57 80 81 82 83 84 85
57 80 81 82 83 84 85
57 80 81 82 83 84 85
57 80 81 82 83 84 85
57 80 81 82 83 84 85
57 80 81 82 83 84 85
57 80 81 82 83 84 85
57 80 81 82 83 84 85
57 80 81 82 83 84 85
57 80 81 82 83 84 85
57 80 81 82 83 84 85
57 80 81 82 83 84 85
57 80 81 82 83 84 85
57 80 81 82 83 84 85
57 80 81 82 83 84 85
57 80 81 82 83 84 85
57 80 81 82 83 84 85
76 76 76 76 76 76 76
77 77 77 77 77 77 77
57 80 81 82 83 84 85
78 78 78 78 78 78 78
78 78 78 78 78 78 78
57 80 81 82 83 84 85
57 80 81 82 83 84 85
57 80 81 82 83 84 85
57 80 81 82 83 84 85
57 80 81 82 83 84 85
79 79 79 79 79 79 79
79 79 79 79 79 79 79
79 79 79 79 79 79 79
57 80 81 82 83 84 85
57 80 81 82 83 84 85
57 80 81 82 83 84 85
57 80 81 82 83 84 85
57 80 81 82 83 84 85
57 80 81 82 83 84 85
57 80 81 82 83 84 85
57 80 81 82 83 84 85
37 38 39 40 41
37 38 39 40 41
37 38 39 40 41
37 38 39 40 41
37 38 39 40 41
37 38 39 40 41
37 38 39 40 41
37 38 39 40 41
37 38 39 40 41
37 38 39 40 41
37 38 39 40 41
37 38 39 40 41
37 38 39 40 41
37 38 39 40 41
37 38 39 40 41
37 38 39 40 41
37 38 39 40 41
37 38 39 40 41
37 38 39 40 41
37 38 39 40 41
37 38 39 40 41
37 38 39 40 41
37 38 39 40 41
37 38 39 40 41
37 38 39 40 41
37 38 39 40 41
37 38 39 40 41
37 38 39 40 41
37 38 39 40 41
37 38 39 40 41
37 38 39 40 41
37 38 39 40 41
37 38 39 40 41
37 38 39 40 41
37 38 39 40 41
37 38 39 40 41
37 38 39 40 41
37 38 39 40 41
37 38 39 40 41
37 38 39 40 41
37 38 39 40 41
37 38 39 40 41
37 38 39 40 41
37 38 39 40 41
37 38 39 40 41
37 38 39 40 41
37 38 39 40 41
90 90 90 90 90
37 38 39 40 41
91 91 91 91 91
92 92 92 92 92
93 93 93 93 93
93 93 93 93 93
93 93 93 93 93
37 38 39 40 41
37 38 39 40 41
37 38 39 40 41
94 94 94 94 94
37 38 39 40 41
37 38 39 40 41
37 38 39 40 41
37 38 39 40 41
37 38 39 40 41
37 38 39 40 41
37 38 39 40 41
37 38 39 40 41
95 97 98 99 100
95 97 98 99 100
95 97 98 99 100
95 97 98 99 100
95 97 98 99 100
95 97 98 99 100
95 97 98 99 100
95 97 98 99 100
95 97 98 99 100
95 97 98 99 100
95 97 98 99 100
95 97 98 99 100
95 97 98 99 100
95 97 98 99 100
95 97 98 99 100
95 97 98 99 100
95 97 98 99 100
95 97 98 99 100
95 97 98 99 100
95 97 98 99 100
95 97 98 99 100
95 97 98 99 100
95 97 98 99 100
95 97 98 99 100
95 97 98 99 100
95 97 98 99 100
95 97 98 99 100
95 97 98 99 100
95 97 98 99 100
95 97 98 99 100
95 97 98 99 100
95 97 98 99 100
95 97 98 99 100
95 97 98 99 100
95 97 98 99 100
95 97 98 99 100
95 97 98 99 100
95 97 98 99 100
95 97 98 99 100
95 97 98 99 100
95 97 98 99 100
95 97 98 99 100
95 97 98 99 100
95 97 98 99 100
95 97 98 99 100
95 97 98 99 100
95 97 98 99 100
96 96 96 99 100
131 131 98 99 131
131 97 98 99 131
131 97 98 99 131
95 97 98 99 100
95 97 98 99 100
95 97 98 99 100
95 97 98 99 100
95 97 98 99 100
95 97 98 99 100
132 132 132 99 100
132 132 132 99 100
95 97 98 99 100
95 97 98 99 100
95 97 98 99 100
133 133 98 99 100
133 97 133 99 100
133 97 133 99 100
134 134 98 99 100
95 97 98 99 100
95 97 98 99 100
95 97 98 99 100
35 86 87
35 86 87
35 86 87
35 86 87
35 86 87
35 86 87
35 86 87
35 86 87
35 86 87
35 86 87
35 86 87
35 86 87
35 86 87
35 86 87
35 86 87
35 86 87
35 86 87
35 86 87
35 86 87
35 86 87
35 86 87
35 86 87
35 86 87
35 86 87
35 86 87
35 86 87
35 86 87
35 86 87
35 86 87
35 86 87
35 86 87
35 86 87
35 86 87
35 86 87
35 86 87
35 86 87
88 88 88
89 89 89
89 89 89
89 89 89
35 86 87
35 86 87
35 86 87
35 86 87
35 86 87
35 86 87
35 86 87
35 86 87
35 86 87
35 86 87
101 102 103 104 105
101 102 103 104 105
101 102 103 104 105
101 102 103 104 105
101 102 103 104 105
101 102 103 104 105
101 102 103 104 105
101 102 103 104 105
101 102 103 104 105
101 102 103 104 105
101 102 103 104 105
101 102 103 104 105
101 102 103 104 105
101 102 103 104 105
101 102 103 104 105
101 102 103 104 105
101 102 103 104 105
101 102 103 104 105
101 102 103 104 105
101 102 103 104 105
101 102 103 104 105
101 102 103 104 105
101 102 103 104 105
101 102 103 104 105
101 102 103 104 105
101 102 103 104 105
101 102 103 104 105
101 102 103 104 105
101 102 103 104 105
101 102 103 104 105
101 102 103 104 105
101 102 103 104 105
101 102 103 104 105
101 102 103 104 105
101 102 103 104 105
101 102 103 104 105
101 102 103 104 105
101 102 103 104 105
101 102 103 104 105
101 102 103 104 105
101 102 103 104 105
101 102 103 104 105
101 102 103 104 105
101 102 103 104 105
101 102 103 104 105
101 102 103 104 105
101 102 103 104 105
101 102 103 104 105
101 102 103 104 105
101 102 103 104 105
101 102 103 104 105
101 102 103 104 105
101 102 103 104 105
101 102 103 104 105
101 102 103 104 105
101 102 103 104 105
101 102 103 104 105
101 102 103 104 105
101 102 103 104 105
101 102 103 104 105
101 102 103 104 105
101 102 103 104 105
101 102 103 104 105
101 102 103 104 105
101 102 103 104 105
34 73 74 75
34 73 74 75
34 73 74 75
34 73 74 75
34 73 74 75
34 73 74 75
34 73 74 75
34 73 74 75
34 73 74 75
34 73 74 75
34 73 74 75
34 73 74 75
34 73 74 75
34 73 74 75
34 73 74 75
34 73 74 75
34 73 74 75
34 73 74 75
34 73 74 75
34 73 74 75
34 73 74 75
34 73 74 75
34 73 74 75
34 73 74 75
34 73 74 75
34 73 74 75
34 73 74 75
34 73 74 75
34 73 74 75
34 73 74 75
34 73 74 75
34 73 74 75
34 73 74 75
34 73 74 75
34 73 74 75
34 73 74 75
34 73 74 75
69 69 69 69
70 70 70 70
34 73 74 75
71 71 71 71
71 71 71 71
34 73 74 75
34 73 74 75
72 72 72 72
34 73 74 75
34 73 74 75
34 73 74 75
34 73 74 75
