0 0 0
1 0 0
2 0 0
3 1 0
4 2 0
5 0 0
6 3 0
7 4 0
8 0 0
9 0 0
10 0 0
11 0 0
12 0 0
13 0 0
14 5 0
15 6 0
16 7 0
17 8 0
18 9 0
19 10 0
20 11 0
21 12 0
22 13 0
23 5 0
24 5 0
25 5 0
26 5 0
27 14 0
28 15 0
29 5 0
30 5 0
31 5 0
32 5 0
33 5 0
34 5 0
35 5 0
36 5 0
37 5 0
38 5 0
39 5 0
40 5 0
41 5 0
42 5 0
43 5 0
44 5 0
45 5 0
46 16 0
47 17 0
48 18 0
49 19 0
50 20 0
51 21 0
52 22 0
53 23 0
54 22 0
55 24 0
56 25 0
57 26 0
58 27 0
59 28 0
60 29 0
61 30 0
62 28 0
63 29 0
64 31 0
65 32 0
66 33 0
67 30 0
68 28 0
69 29 0
70 34 0
71 30 0
72 28 0
73 29 0
74 35 0
75 36 0
76 30 0
77 28 0
78 29 0
79 37 0
80 30 0
81 22 0
82 38 0
83 5 0
0 0 0
1 0 0
2 0 0
3 1 0
4 0 0
5 0 0
6 2 0
7 0 0
8 0 0
9 0 0
10 0 0
11 0 0
23 0 0
24 0 0
25 3 0
26 3 0
27 4 0
28 5 0
29 6 0
30 7 0
31 3 0
32 8 0
33 9 0
34 3 0
35 3 0
36 3 0
37 3 0
38 10 0
39 11 0
54 12 0
55 13 0
56 14 0
57 3 0
58 3 0
59 3 0
60 3 0
61 3 0
62 3 0
63 3 0
64 3 0
65 3 0
66 3 0
67 3 0
69 3 0
70 3 0
71 3 0
72 15 0
73 16 0
74 16 0
75 17 0
76 3 0
77 18 0
78 19 0
79 3 0
80 4 0
81 20 0
82 19 0
83 3 0
84 4 0
85 20 0
86 19 0
87 3 0
88 4 0
89 20 0
90 21 0
91 22 0
92 23 0
93 24 0
94 25 0
95 3 0
96 12 0
97 26 0
98 27 0
99 26 0
100 28 0
101 26 0
102 29 0
103 3 0
104 12 0
105 3 0
106 30 0
107 3 0
108 26 0
109 23 0
114 3 0
115 3 0
0 0 0
1 0 0
2 0 0
3 1 0
4 2 0
5 0 0
6 3 0
7 4 0
8 0 0
9 0 0
10 0 0
11 0 0
12 0 0
13 0 0
14 5 0
15 6 0
16 7 0
17 8 0
18 9 0
19 10 0
20 11 0
21 12 0
22 13 0
23 5 0
24 5 0
25 5 0
26 5 0
27 14 0
28 15 0
29 5 0
30 5 0
31 5 0
32 5 0
33 5 0
34 5 0
35 5 0
36 5 0
37 5 0
38 5 0
39 5 0
40 5 0
41 5 0
42 5 0
43 5 0
44 5 0
45 5 0
46 16 0
47 17 0
48 17 0
23 5 0
24 5 0
25 5 0
26 5 0
49 17 0
50 18 0
51 19 0
52 20 0
53 21 0
54 22 0
55 23 0
56 24 0
57 25 0
58 26 0
59 27 0
60 28 0
61 29 0
62 30 0
63 31 0
64 32 0
65 33 0
66 34 0
67 33 0
68 34 0
69 35 0
70 36 0
71 37 0
72 38 0
73 39 0
74 33 0
75 40 0
76 5 0
0 0 0
1 0 0
2 0 0
3 0 0
4 0 0
5 0 0
6 1 0
7 1 0
8 1 0
9 1 0
10 1 0
11 1 0
12 1 0
13 1 0
14 1 0
15 1 0
16 1 0
17 1 0
18 1 0
19 1 0
20 1 0
21 1 0
22 1 0
23 1 0
24 2 0
25 3 0
26 4 0
27 5 0
29 1 0
0 0 0
1 0 0
2 0 0
3 1 0
4 2 0
5 0 0
6 3 0
7 4 0
8 0 0
9 0 0
10 0 0
11 0 0
12 0 0
13 0 0
14 5 0
15 6 0
16 7 0
17 8 0
18 9 0
19 5 0
20 10 0
21 5 0
22 5 0
23 5 0
24 5 0
25 11 0
26 12 0
27 5 0
28 5 0
29 5 0
30 5 0
31 5 0
32 5 0
33 5 0
34 5 0
35 5 0
36 5 0
37 5 0
38 5 0
39 5 0
40 5 0
41 5 0
42 5 0
43 5 0
44 13 0
45 14 0
46 15 0
47 6 0
48 7 0
49 14 0
50 5 0
51 5 0
52 5 0
53 5 0
54 5 0
49 14 0
56 16 0
57 17 0
58 5 0
59 5 0
60 5 0
61 18 0
62 19 0
63 5 0
64 5 0
65 5 0
0 0 0
1 0 0
2 0 0
3 1 0
4 0 0
5 0 0
6 2 0
7 0 0
8 0 0
9 0 0
10 0 0
11 0 0
12 0 0
13 0 0
14 3 0
15 3 0
16 4 0
17 5 0
18 6 0
19 7 0
20 3 0
21 8 0
22 3 0
23 3 0
24 3 0
25 3 0
26 3 0
27 9 0
28 10 0
29 3 0
30 3 0
31 3 0
32 3 0
33 3 0
34 3 0
35 3 0
36 3 0
37 3 0
38 3 0
39 3 0
40 3 0
41 3 0
42 3 0
43 3 0
44 3 0
45 3 0
46 11 0
47 12 0
48 3 0
49 13 0
50 14 0
51 15 0
52 16 0
53 17 0
54 18 0
55 3 0
48 3 0
57 19 0
58 18 0
59 3 0
60 3 0
61 20 0
62 21 0
63 18 0
64 3 0
67 3 0
0 0 0
1 0 0
2 0 0
3 1 0
4 2 0
5 0 0
6 3 0
7 4 0
8 0 0
9 0 0
10 0 0
11 0 0
12 0 0
13 0 0
14 5 0
15 6 0
16 7 0
17 8 0
18 9 0
19 10 0
20 11 0
21 12 0
22 13 0
23 5 0
24 5 0
25 5 0
26 5 0
27 14 0
28 15 0
29 5 0
30 5 0
31 5 0
32 5 0
33 5 0
34 5 0
35 5 0
36 5 0
37 5 0
38 5 0
39 5 0
40 5 0
41 5 0
42 5 0
43 5 0
44 5 0
45 5 0
46 16 0
47 17 0
48 18 0
49 19 0
50 20 0
51 21 0
52 22 0
53 23 0
54 21 0
55 24 0
56 23 0
57 25 0
58 26 0
59 27 0
60 21 0
61 28 0
62 29 0
63 30 0
64 31 0
65 32 0
66 21 0
67 33 0
68 5 0
0 0 0
1 0 0
2 0 0
3 1 0
4 2 0
5 0 0
6 3 0
7 4 0
8 0 0
9 0 0
10 0 0
11 0 0
12 0 0
13 5 0
14 5 0
15 6 0
16 7 0
17 5 0
18 5 0
19 5 0
20 5 0
21 8 0
22 9 0
23 5 0
24 5 0
25 5 0
26 5 0
27 5 0
28 5 0
29 5 0
30 5 0
31 5 0
32 5 0
33 5 0
34 5 0
35 5 0
36 10 0
37 11 0
38 12 0
39 13 0
40 14 0
41 15 0
42 16 0
43 14 0
44 17 0
45 16 0
46 14 0
47 18 0
48 16 0
52 5 0
0 0 0
1 0 0
2 0 0
3 0 0
4 0 0
5 0 0
6 0 0
7 0 0
8 0 0
9 0 0
10 0 0
11 0 0
12 0 0
13 0 0
14 1 0
15 2 0
16 3 0
17 4 0
18 5 0
19 6 0
20 7 0
21 8 0
22 9 0
23 1 0
24 1 0
25 1 0
26 1 0
27 10 0
28 11 0
29 1 0
30 1 0
31 1 0
32 1 0
33 1 0
34 1 0
35 1 0
36 1 0
37 1 0
38 1 0
39 1 0
40 1 0
41 1 0
42 1 0
43 1 0
44 1 0
45 1 0
46 12 0
47 13 0
48 14 0
49 15 0
50 13 0
51 16 0
52 17 0
53 17 0
54 18 0
55 19 0
56 20 0
57 21 0
58 22 0
59 1 0
60 1 0
61 1 0
62 1 0
63 19 0
64 1 0
0 0 0
1 0 0
2 0 0
3 1 0
4 2 0
5 0 0
6 3 0
7 4 0
8 0 0
9 0 0
10 0 0
11 0 0
12 0 0
13 0 0
14 5 0
15 5 0
16 6 0
17 7 0
18 5 0
19 5 0
20 5 0
21 5 0
22 8 0
23 9 0
24 5 0
25 5 0
26 5 0
27 5 0
28 5 0
29 5 0
30 5 0
31 5 0
32 5 0
33 5 0
34 5 0
35 5 0
36 5 0
37 10 0
38 11 0
39 5 0
40 12 0
41 13 0
42 5 0
43 14 0
44 15 0
45 5 0
46 16 0
47 17 0
52 5 0
