84601
84601
84601
84601
84601
84601
84601
84601
84601
84601
84601
84601
84601
84601
84601
84601
84601
84601
84601
84601
84601
84601
84601
84601
84601
84601
84601
84601
84601
84601
26272 26282 26292 26302 26312
26272 26282 26292 26302 26312
26272 26282 34562 26302 34562
26272 26282 34562 26302 34562
26272 26282 34562 26302 34562
26272 26282 34562 26302 34562
26272 26282 26292 26302 26312
26272 26282 26292 26302 26312
26272 26282 26292 26302 26312
26272 26282 26292 26302 26312
26272 26282 26292 26302 26312
26272 26282 26292 26302 26312
26272 26282 26292 26302 26312
26272 26282 34562 26302 34562
26272 26282 34562 26302 34562
26272 26282 34562 26302 34562
26272 26282 34562 26302 34562
26272 26282 26292 26302 26312
26272 26282 26292 26302 26312
26272 26282 26292 26302 26312
26272 26282 26292 26302 26312
26272 26282 26292 26302 26312
26272 26282 26292 26302 26312
26272 26282 26292 26302 26312
26272 26282 26292 26302 26312
26272 26282 26292 26302 26312
26272 26282 26292 26302 26312
26272 26282 26292 26302 26312
26272 26282 26292 26302 26312
26272 26282 26292 26302 26312
26272 26282 26292 26302 26312
26272 26282 26292 26302 26312
26272 26282 26292 26302 26312
26272 26282 26292 26302 26312
26272 26282 26292 26302 26312
26272 26282 26292 26302 26312
26272 26282 26292 26302 26312
26322 26322 26322 26302 26322
26332 26282 26332 26332 26312
26272 26282 26292 26302 26312
26342 26282 26342 26342 26312
26342 26282 26342 26342 26312
26352 26282 26352 26352 26312
26352 26282 26352 26352 26312
26362 26282 26362 26362 26312
26372 26282 26372 26372 26312
26382 26282 26382 26302 26312
26392 26282 26392 26302 26312
26402 26282 26402 26302 26312
26412 26412 26412 26412 26412
26412 26412 26412 26412 26412
26412 26412 26412 26412 26412
26422 26422 26422 26422 26422
26422 26422 26422 26422 26422
26422 26422 26422 26422 26422
26272 26282 26292 26302 26312
26432 26432 26432 26432 26432
26432 26432 26432 26432 26432
26272 26282 26292 26302 26312
26442 26282 26442 26302 26312
26272 26282 26292 26302 26312
