38761
38761
38761
38761
38761
38761
38761
38761
38761
38761
38761
38761
38761
38761
38761
38761
38761
38761
38761
38761
38761
38761
38761
38761
38761
38761
38761
38761
38761
38761
10912 10922 10932 10942 10952 10962 10972
10912 10922 10932 10942 10952 10962 10972
10912 10922 10932 10942 10952 10962 10972
10912 10922 10932 10942 10952 10962 10972
10912 10922 10932 10942 10952 10962 10972
10912 10922 10932 10942 10952 10962 10972
10912 10922 10932 10942 10952 10962 10972
10912 10922 10932 10942 10952 10962 10972
10912 10922 10932 10942 10952 10962 10972
10912 10922 10932 10942 10952 10962 10972
10912 10922 10932 10942 10952 10962 10972
10912 10922 10932 10942 10952 10962 10972
10912 10922 10932 10942 10952 10962 10972
10912 10922 10932 10942 10952 10962 10972
10912 10922 10932 10942 10952 10962 10972
10912 10922 10932 10942 10952 10962 10972
10912 10922 10932 10942 10952 10962 10972
10912 10922 10932 10942 10952 10962 10972
10912 10922 10932 10942 10952 10962 10972
10912 10922 10932 10942 10952 10962 10972
10912 10922 10932 10942 10952 10962 10972
10912 10922 10932 10942 10952 10962 10972
10912 10922 10932 10942 10952 10962 10972
10912 10922 10932 10942 10952 10962 10972
10912 10922 10932 10942 10952 10962 10972
10912 10922 10932 10942 10952 10962 10972
10912 10922 10932 10942 10952 10962 10972
10912 10922 10932 10942 10952 10962 10972
10912 10922 10932 10942 10952 10962 10972
10912 10922 10932 10942 10952 10962 10972
10912 10922 10932 10942 10952 10962 10972
10912 10922 10932 10942 10952 10962 10972
10912 10922 10932 10942 10952 10962 10972
10912 10922 10932 10942 10952 10962 10972
10912 10922 10932 10942 10952 10962 10972
10912 10922 10932 10942 10952 10962 10972
10912 10922 10932 10942 10952 10962 10972
10912 10922 10932 10942 10952 10962 10972
10912 10922 10932 10942 10952 10962 10972
10912 10922 10932 10942 10952 10962 10972
10912 10922 10932 10942 10952 10962 10972
10912 10922 10932 10942 10952 10962 10972
10912 10922 10932 10942 10952 10962 10972
10912 10922 10932 10942 10952 10962 10972
10912 10922 10932 10942 10952 10962 10972
10912 10922 10932 10942 10952 10962 10972
10912 10922 10932 10942 10952 10962 10972
10912 10922 10932 10942 10952 10962 10972
10912 10922 10932 10942 10952 10962 10972
10912 10922 10932 10942 10952 10962 10972
10912 10922 10932 10942 10952 10962 10972
10912 10922 10932 10942 10952 10962 10972
10912 10922 10932 10942 10952 10962 10972
10912 10922 10932 10942 10952 10962 10972
10912 10922 10932 10942 10952 10962 10972
10912 10922 10932 10942 10952 10962 10972
10912 10922 10932 10942 10952 10962 10972
10912 10922 10932 10942 10952 10962 10972
10912 10922 10932 10942 10952 10962 10972
10912 10922 10932 10942 10952 10962 10972
10912 10922 10932 10942 10952 10962 10972
