38791
38791
38791
38791
38791
38791
38791
38791
38791
38791
38791
38791
38791
38791
38791
38791
38791
38791
38791
38791
38791
38791
38791
38791
38791
38791
38791
38791
38791
38791
3162 12972 12982 12992 13002 13012 13022
3162 12972 12982 12992 13002 13012 13022
3162 12972 12982 12992 13002 13012 13022
3162 12972 12982 12992 13002 13012 13022
3162 12972 12982 12992 13002 13012 13022
3162 12972 12982 12992 13002 13012 13022
3162 12972 12982 12992 13002 13012 13022
3162 12972 12982 12992 13002 13012 13022
3162 12972 12982 12992 13002 13012 13022
3162 12972 12982 12992 13002 13012 13022
3162 12972 12982 12992 13002 13012 13022
3162 12972 12982 12992 13002 13012 13022
3162 12972 12982 12992 13002 13012 13022
3162 12972 12982 12992 13002 13012 13022
3162 12972 12982 12992 13002 13012 13022
3162 12972 12982 12992 13002 13012 13022
3162 12972 12982 12992 13002 13012 13022
3162 12972 12982 12992 13002 13012 13022
3162 12972 12982 12992 13002 13012 13022
3162 12972 12982 12992 13002 13012 13022
3162 12972 12982 12992 13002 13012 13022
3162 12972 12982 12992 13002 13012 13022
3162 12972 12982 12992 13002 13012 13022
3162 12972 12982 12992 13002 13012 13022
3162 12972 12982 12992 13002 13012 13022
3162 12972 12982 12992 13002 13012 13022
3162 12972 12982 12992 13002 13012 13022
3162 12972 12982 12992 13002 13012 13022
3162 12972 12982 12992 13002 13012 13022
3162 12972 12982 12992 13002 13012 13022
3162 12972 12982 12992 13002 13012 13022
3162 12972 12982 12992 13002 13012 13022
3162 12972 12982 12992 13002 13012 13022
3162 12972 12982 12992 13002 13012 13022
3162 12972 12982 12992 13002 13012 13022
3162 12972 12982 12992 13002 13012 13022
3162 12972 12982 12992 13002 13012 13022
3162 12972 12982 12992 13002 13012 13022
3162 12972 12982 12992 13002 13012 13022
3162 12972 12982 12992 13002 13012 13022
3162 12972 12982 12992 13002 13012 13022
3162 12972 12982 12992 13002 13012 13022
3162 12972 12982 12992 13002 13012 13022
3162 12972 12982 12992 13002 13012 13022
3162 12972 12982 12992 13002 13012 13022
3162 12972 12982 12992 13002 13012 13022
3162 12972 12982 12992 13002 13012 13022
3162 12972 12982 12992 13002 13012 13022
3162 12972 12982 12992 13002 13012 13022
3162 12972 12982 12992 13002 13012 13022
3162 12972 12982 12992 13002 13012 13022
3162 12972 12982 12992 13002 13012 13022
3162 12972 12982 12992 13002 13012 13022
3162 12972 12982 12992 13002 13012 13022
3162 12972 12982 12992 13002 13012 13022
3162 12972 12982 12992 13002 13012 13022
3162 12972 12982 12992 13002 13012 13022
3162 12972 12982 12992 13002 13012 13022
3162 12972 12982 12992 13002 13012 13022
3162 12972 12982 12992 13002 13012 13022
3162 12972 12982 12992 13002 13012 13022
3162 12972 12982 12992 13002 13012 13022
3162 12972 12982 12992 13002 13012 13022
3162 12972 12982 12992 13002 13012 13022
3162 12972 12982 12992 13002 13012 13022
3162 12972 12982 12992 13002 13012 13022
3162 12972 12982 12992 13002 13012 13022
3213 13273 13283 13293 13303 13313 13323
3213 13273 13283 13293 13303 13313 13323
3213 13273 13283 13293 13303 13313 13323
3213 13273 13283 13293 13303 13313 13323
3213 13273 13283 13293 13303 13313 13323
3213 13273 13283 13293 13303 13313 13323
3213 13273 13283 13293 13303 13313 13323
3213 13273 13283 13293 13303 13313 13323
3213 13273 13283 13293 13303 13313 13323
3213 13273 13283 13293 13303 13313 13323
3213 13273 13283 13293 13303 13313 13323
3213 13273 13283 13293 13303 13313 13323
3213 13273 13283 13293 13303 13313 13323
3213 13273 13283 13293 13303 13313 13323
3213 13273 13283 13293 13303 13313 13323
3213 13273 13283 13293 13303 13313 13323
3213 13273 13283 13293 13303 13313 13323
3213 13273 13283 13293 13303 13313 13323
3213 13273 13283 13293 13303 13313 13323
3213 13273 13283 13293 13303 13313 13323
3213 13273 13283 13293 13303 13313 13323
3213 13273 13283 13293 13303 13313 13323
3213 13273 13283 13293 13303 13313 13323
3213 13273 13283 13293 13303 13313 13323
3213 13273 13283 13293 13303 13313 13323
3213 13273 13283 13293 13303 13313 13323
3213 13273 13283 13293 13303 13313 13323
3213 13273 13283 13293 13303 13313 13323
3213 13273 13283 13293 13303 13313 13323
3213 13273 13283 13293 13303 13313 13323
3213 13273 13283 13293 13303 13313 13323
3213 13273 13283 13293 13303 13313 13323
3213 13273 13283 13293 13303 13313 13323
3213 13273 13283 13293 13303 13313 13323
3213 13273 13283 13293 13303 13313 13323
3213 13273 13283 13293 13303 13313 13323
3213 13273 13283 13293 13303 13313 13323
3213 13273 13283 13293 13303 13313 13323
3213 13273 13283 13293 13303 13313 13323
3213 13273 13283 13293 13303 13313 13323
3213 13273 13283 13293 13303 13313 13323
3213 13273 13283 13293 13303 13313 13323
3213 13273 13283 13293 13303 13313 13323
3213 13273 13283 13293 13303 13313 13323
3213 13273 13283 13293 13303 13313 13323
3213 13273 13283 13293 13303 13313 13323
3213 13273 13283 13293 13303 13313 13323
3213 13273 13283 13293 13303 13313 13323
3213 13273 13283 13293 13303 13313 13323
3213 13273 13283 13293 13303 13313 13323
3213 13273 13283 13293 13303 13313 13323
3213 13273 13283 13293 13303 13313 13323
3213 13273 13283 13293 13303 13313 13323
3213 13273 13283 13293 13303 13313 13323
3213 13273 13283 13293 13303 13313 13323
3213 13273 13283 13293 13303 13313 13323
3213 13273 13283 13293 13303 13313 13323
3213 13273 13283 13293 13303 13313 13323
3213 13273 13283 13293 13303 13313 13323
3213 13273 13283 13293 13303 13313 13323
3213 13273 13283 13293 13303 13313 13323
3213 13273 13283 13293 13303 13313 13323
3213 13273 13283 13293 13303 13313 13323
3213 13273 13283 13293 13303 13313 13323
3213 13273 13283 13293 13303 13313 13323
3213 13273 13283 13293 13303 13313 13323
3213 13273 13283 13293 13303 13313 13323
