84631
84631
84631
84631
84631
84631
84631
84631
84631
84631
84631
84631
84631
84631
84631
84631
84631
84631
84631
84631
84631
84631
84631
84631
84631
84631
84631
84631
84631
84631
10672 10722 10732 10742 10752 10762 10772
10672 10722 10732 10742 10752 10762 10772
10672 10722 10732 10742 10752 10762 10772
10672 10722 10732 10742 10752 10762 10772
10672 10722 10732 10742 10752 10762 10772
10672 10722 10732 10742 10752 10762 10772
10672 10722 10732 10742 10752 10762 10772
10672 10722 10732 10742 10752 10762 10772
10672 10722 10732 10742 10752 10762 10772
10672 10722 10732 10742 10752 10762 10772
10672 10722 10732 10742 10752 10762 10772
10672 10722 10732 10742 10752 10762 10772
10672 10722 10732 10742 10752 10762 10772
10672 10722 10732 10742 10752 10762 10772
10672 10722 10732 10742 10752 10762 10772
10672 10722 10732 10742 10752 10762 10772
10672 10722 10732 10742 33332 10762 10772
10672 10722 10732 10742 33332 10762 10772
10672 10722 10732 10742 10752 10762 10772
10672 10722 10732 10742 10752 10762 10772
10672 10722 10732 10742 10752 10762 10772
10672 10722 10732 10742 10752 10762 10772
10672 10722 10732 10742 10752 10762 10772
10672 10722 10732 10742 10752 10762 10772
10672 10722 10732 10742 10752 10762 10772
10672 10722 10732 10742 10752 10762 10772
10672 10722 10732 10742 10752 10762 10772
10672 10722 10732 10742 10752 10762 10772
10672 10722 10732 10742 10752 10762 10772
10672 10722 10732 10742 10752 10762 10772
10672 10722 10732 10742 10752 10762 10772
10672 10722 10732 10742 10752 10762 10772
10672 10722 10732 10742 10752 10762 10772
10672 10722 10732 10742 10752 10762 10772
10672 10722 10732 10742 10752 10762 10772
10672 10722 10732 10742 10752 10762 10772
10672 10722 10732 10742 10752 10762 10772
10672 10722 10732 10742 10752 10762 10772
10672 10722 10732 10742 10752 10762 10772
10672 10722 10732 10742 10752 10762 10772
10672 10722 10732 10742 10752 10762 10772
10672 10722 10732 10742 10752 10762 10772
10672 10722 10732 10742 10752 10762 10772
10672 10722 10732 10742 10752 10762 10772
10672 10722 10732 10742 10752 10762 10772
10682 10682 10682 10682 10682 10682 10682
10692 10692 10692 10692 10692 10692 10692
10672 10722 10732 10742 10752 10762 10772
10702 10702 10702 10702 33332 10702 10702
10702 10702 10702 10702 10702 10702 10702
10672 10722 10732 10742 10752 10762 10772
10672 10722 10732 10742 10752 10762 10772
10672 10722 10732 10742 10752 10762 10772
10672 10722 10732 10742 10752 10762 10772
10672 10722 10732 10742 10752 10762 10772
10712 10712 10712 10712 10712 10712 10712
10712 10712 10712 10712 10712 10712 10712
10712 10712 10712 10712 10712 10712 10712
10672 10722 10732 10742 10752 10762 10772
10672 10722 10732 10742 10752 10762 10772
10672 10722 10732 10742 10752 10762 10772
10672 10722 10732 10742 10752 10762 10772
10672 10722 10732 10742 10752 10762 10772
10672 10722 10732 10742 10752 10762 10772
10672 10722 10732 10742 10752 10762 10772
10672 10722 10732 10742 10752 10762 10772
10672 10722 10732 10742 10752 10762 10772
11223 11273 11283 11293 11303 11313 11323
11223 11273 11283 11293 11303 11313 11323
11223 11273 11283 11293 11303 11313 11323
11223 11273 11283 11293 11303 11313 11323
11223 11273 11283 11293 11303 11313 11323
11223 11273 11283 11293 11303 11313 11323
11223 11273 11283 11293 11303 11313 11323
11223 11273 11283 11293 11303 11313 11323
11223 11273 11283 11293 11303 11313 11323
11223 11273 11283 11293 11303 11313 11323
11223 11273 11283 11293 11303 11313 11323
11223 11273 11283 11293 11303 11313 11323
11223 11273 11283 11293 11303 11313 11323
11223 11273 11283 11293 11303 11313 11323
11223 11273 11283 11293 11303 11313 11323
11223 11273 11283 11293 11303 11313 11323
11223 11273 11283 11293 33383 11313 11323
11223 11273 11283 11293 33383 11313 11323
11223 11273 11283 11293 11303 11313 11323
11223 11273 11283 11293 11303 11313 11323
11223 11273 11283 11293 11303 11313 11323
11223 11273 11283 11293 11303 11313 11323
11223 11273 11283 11293 11303 11313 11323
11223 11273 11283 11293 11303 11313 11323
11223 11273 11283 11293 11303 11313 11323
11223 11273 11283 11293 11303 11313 11323
11223 11273 11283 11293 11303 11313 11323
11223 11273 11283 11293 11303 11313 11323
11223 11273 11283 11293 11303 11313 11323
11223 11273 11283 11293 11303 11313 11323
11223 11273 11283 11293 11303 11313 11323
11223 11273 11283 11293 11303 11313 11323
11223 11273 11283 11293 11303 11313 11323
11223 11273 11283 11293 11303 11313 11323
11223 11273 11283 11293 11303 11313 11323
11223 11273 11283 11293 11303 11313 11323
11223 11273 11283 11293 11303 11313 11323
11223 11273 11283 11293 11303 11313 11323
11223 11273 11283 11293 11303 11313 11323
11223 11273 11283 11293 11303 11313 11323
11223 11273 11283 11293 11303 11313 11323
11223 11273 11283 11293 11303 11313 11323
11223 11273 11283 11293 11303 11313 11323
11223 11273 11283 11293 11303 11313 11323
11223 11273 11283 11293 11303 11313 11323
11233 11233 11233 11233 11233 11233 11233
11243 11243 11243 11243 11243 11243 11243
11223 11273 11283 11293 11303 11313 11323
11253 11253 11253 11253 33383 11253 11253
11253 11253 11253 11253 11253 11253 11253
11223 11273 11283 11293 11303 11313 11323
11223 11273 11283 11293 11303 11313 11323
11223 11273 11283 11293 11303 11313 11323
11223 11273 11283 11293 11303 11313 11323
11223 11273 11283 11293 11303 11313 11323
11263 11263 11263 11263 11263 11263 11263
11263 11263 11263 11263 11263 11263 11263
11263 11263 11263 11263 11263 11263 11263
11223 11273 11283 11293 11303 11313 11323
11223 11273 11283 11293 11303 11313 11323
11223 11273 11283 11293 11303 11313 11323
11223 11273 11283 11293 11303 11313 11323
11223 11273 11283 11293 11303 11313 11323
11223 11273 11283 11293 11303 11313 11323
11223 11273 11283 11293 11303 11313 11323
11223 11273 11283 11293 11303 11313 11323
11223 11273 11283 11293 11303 11313 11323
