38791
38791
38791
38791
38791
38791
38791
38791
38791
38791
38791
38791
38791
38791
38791
38791
38791
38791
38791
38791
38791
38791
38791
38791
38791
38791
38791
38791
38791
38791
2502
2502
2502
2502
2502
2502
2502
2502
2502
2502
2502
2502
2502
2502
2502
2502
2502
2502
2502
2502
2502
2502
2502
2502
2502
2502
2502
2502
2502
2502
2502
2502
2502
2502
2502
2502
2502
2502
2502
2502
2502
2502
2502
2502
2502
2502
2502
2502
2502
2502
5803 5813 5823 5833 5843 5853 5863
5803 5813 5823 5833 5843 5853 5863
5803 5813 5823 5833 5843 5853 5863
5803 5813 5823 5833 5843 5853 5863
5803 5813 5823 5833 5843 5853 5863
5803 5813 5823 5833 5843 5853 5863
5803 5813 5823 5833 5843 5853 5863
5803 5813 5823 5833 5843 5853 5863
5803 5813 5823 5833 5843 5853 5863
5803 5813 5823 5833 5843 5853 5863
5803 5813 5823 5833 5843 5853 5863
5803 5813 5823 5833 5843 5853 5863
5803 5813 5823 5833 5843 5853 5863
5803 5813 5823 5833 5843 5853 5863
5803 5813 5823 5833 5843 5853 5863
5803 5813 5823 5833 5843 5853 5863
5803 5813 5823 5833 5843 5853 5863
5803 5813 5823 5833 5843 5853 5863
5803 5813 5823 5833 5843 5853 5863
5803 5813 5823 5833 5843 5853 5863
5803 5813 5823 5833 5843 5853 5863
5803 5813 5823 5833 5843 5853 5863
5803 5813 5823 5833 5843 5853 5863
5803 5813 5823 5833 5843 5853 5863
5803 5813 5823 5833 5843 5853 5863
5803 5813 5823 5833 5843 5853 5863
5803 5813 5823 5833 5843 5853 5863
5803 5813 5823 5833 5843 5853 5863
5803 5813 5823 5833 5843 5853 5863
5803 5813 5823 5833 5843 5853 5863
5803 5813 5823 5833 5843 5853 5863
5803 5813 5823 5833 5843 5853 5863
5803 5813 5823 5833 5843 5853 5863
5803 5813 5823 5833 5843 5853 5863
5803 5813 5823 5833 5843 5853 5863
5803 5813 5823 5833 5843 5853 5863
5803 5813 5823 5833 5843 5853 5863
5803 5813 5823 5833 5843 5853 5863
5803 5813 5823 5833 5843 5853 5863
5803 5813 5823 5833 5843 5853 5863
5803 5813 5823 5833 5843 5853 5863
5803 5813 5823 5833 5843 5853 5863
5803 5813 5823 5833 5843 5853 5863
5803 5813 5823 5833 5843 5853 5863
5803 5813 5823 5833 5843 5853 5863
5803 5813 5823 5833 5843 5853 5863
5803 5813 5823 5833 5843 5853 5863
5803 5813 5823 5833 5843 5853 5863
5803 5813 5823 5833 5843 5853 5863
5803 5813 5823 5833 5843 5853 5863
5803 5813 5823 5833 5843 5853 5863
5803 5813 5823 5833 5843 5853 5863
5803 5813 5823 5833 5843 5853 5863
5803 5813 5823 5833 5843 5853 5863
5803 5813 5823 5833 5843 5853 5863
5803 5813 5823 5833 5843 5853 5863
5803 5813 5823 5833 5843 5853 5863
5803 5813 5823 5833 5843 5853 5863
5803 5813 5823 5833 5843 5853 5863
5803 5813 5823 5833 5843 5853 5863
5803 5813 5823 5833 5843 5853 5863
5803 5813 5823 5833 5843 5853 5863
5803 5813 5823 5833 5843 5853 5863
5803 5813 5823 5833 5843 5853 5863
5803 5813 5823 5833 5843 5853 5863
5803 5813 5823 5833 5843 5853 5863
5803 5813 5823 5833 5843 5853 5863
5803 5813 5823 5833 5843 5853 5863
5803 5813 5823 5833 5843 5853 5863
5803 5813 5823 5833 5843 5853 5863
5803 5813 5823 5833 5843 5853 5863
5803 5813 5823 5833 5843 5853 5863
5803 5813 5823 5833 5843 5853 5863
5803 5813 5823 5833 5843 5853 5863
5803 5813 5823 5833 5843 5853 5863
5803 5813 5823 5833 5843 5853 5863
5803 5813 5823 5833 5843 5853 5863
5803 5813 5823 5833 5843 5853 5863
5803 5813 5823 5833 5843 5853 5863
5803 5813 5823 5833 5843 5853 5863
5803 5813 5823 5833 5843 5853 5863
5803 5813 5823 5833 5843 5853 5863
5803 5813 5823 5833 5843 5853 5863
5803 5813 5823 5833 5843 5853 5863
5803 5813 5823 5833 5843 5853 5863
5803 5813 5823 5833 5843 5853 5863
5803 5813 5823 5833 5843 5853 5863
5803 5813 5823 5833 5843 5853 5863
5803 5813 5823 5833 5843 5853 5863
5803 5813 5823 5833 5843 5853 5863
5803 5813 5823 5833 5843 5853 5863
8064 8074 8084 8094 8104 8114 8124 8134
8064 8074 8084 8094 8104 8114 8124 8134
8064 8074 8084 8094 8104 8114 8124 8134
8064 8074 8084 8094 8104 8114 8124 8134
8064 8074 8084 8094 8104 8114 8124 8134
8064 8074 8084 8094 8104 8114 8124 8134
8064 8074 8084 8094 8104 8114 8124 8134
8064 8074 8084 8094 8104 8114 8124 8134
8064 8074 8084 8094 8104 8114 8124 8134
8064 8074 8084 8094 8104 8114 8124 8134
8064 8074 8084 8094 8104 8114 8124 8134
8064 8074 8084 8094 8104 8114 8124 8134
8064 8074 8084 8094 8104 8114 8124 8134
8064 8074 8084 8094 8104 8114 8124 8134
8064 8074 8084 8094 8104 8114 8124 8134
8064 8074 8084 8094 8104 8114 8124 8134
8064 8074 8084 8094 8104 8114 8124 8134
8064 8074 8084 8094 8104 8114 8124 8134
8064 8074 8084 8094 8104 8114 8124 8134
8064 8074 8084 8094 8104 8114 8124 8134
8064 8074 8084 8094 8104 8114 8124 8134
8064 8074 8084 8094 8104 8114 8124 8134
8064 8074 8084 8094 8104 8114 8124 8134
8064 8074 8084 8094 8104 8114 8124 8134
8064 8074 8084 8094 8104 8114 8124 8134
8064 8074 8084 8094 8104 8114 8124 8134
8064 8074 8084 8094 8104 8114 8124 8134
8064 8074 8084 8094 8104 8114 8124 8134
8064 8074 8084 8094 8104 8114 8124 8134
8064 8074 8084 8094 8104 8114 8124 8134
8064 8074 8084 8094 8104 8114 8124 8134
8064 8074 8084 8094 8104 8114 8124 8134
8064 8074 8084 8094 8104 8114 8124 8134
8064 8074 8084 8094 8104 8114 8124 8134
8064 8074 8084 8094 8104 8114 8124 8134
8064 8074 8084 8094 8104 8114 8124 8134
8064 8074 8084 8094 8104 8114 8124 8134
8064 8074 8084 8094 8104 8114 8124 8134
8064 8074 8084 8094 8104 8114 8124 8134
8064 8074 8084 8094 8104 8114 8124 8134
8064 8074 8084 8094 8104 8114 8124 8134
8064 8074 8084 8094 8104 8114 8124 8134
8064 8074 8084 8094 8104 8114 8124 8134
8064 8074 8084 8094 8104 8114 8124 8134
8064 8074 8084 8094 8104 8114 8124 8134
8064 8074 8084 8094 8104 8114 8124 8134
8064 8074 8084 8094 8104 8114 8124 8134
8064 8074 8084 8094 8104 8114 8124 8134
8064 8074 8084 8094 8104 8114 8124 8134
8064 8074 8084 8094 8104 8114 8124 8134
8064 8074 8084 8094 8104 8114 8124 8134
8064 8074 8084 8094 8104 8114 8124 8134
8064 8074 8084 8094 8104 8114 8124 8134
8064 8074 8084 8094 8104 8114 8124 8134
8064 8074 8084 8094 8104 8114 8124 8134
8064 8074 8084 8094 8104 8114 8124 8134
8064 8074 8084 8094 8104 8114 8124 8134
8064 8074 8084 8094 8104 8114 8124 8134
8064 8074 8084 8094 8104 8114 8124 8134
8064 8074 8084 8094 8104 8114 8124 8134
8144 8074 8084 8144 8104 8114 8124 8134
8064 8074 8084 8094 8104 8114 8124 8134
8064 8074 8084 8094 8104 8114 8124 8134
8144 8074 8084 8144 8104 8114 8124 8134
8144 8074 8084 8144 8104 8114 8124 8134
8144 8074 8084 8144 8104 8114 8124 8134
8144 8074 8084 8144 8104 8114 8124 8134
8064 8074 8084 8094 8104 8114 8124 8134
8064 8074 8084 8094 8104 8114 8124 8134
8144 8074 8084 8144 8104 8114 8124 8134
8144 8074 8084 8144 8104 8114 8124 8134
8064 8074 8084 8094 8104 8114 8124 8134
8064 8074 8084 8094 8104 8114 8124 8134
8144 8074 8084 8144 8104 8114 8124 8134
8144 8074 8084 8144 8104 8114 8124 8134
8144 8074 8084 8144 8104 8114 8124 8134
8064 8074 8084 8094 8104 8114 8124 8134
8064 8074 8084 8094 8104 8114 8124 8134
8144 8074 8084 8144 8104 8114 8124 8134
8144 8074 8084 8144 8104 8114 8124 8134
8064 8074 8084 8094 8104 8114 8124 8134
8064 8074 8084 8094 8104 8114 8124 8134
8064 8074 8084 8094 8104 8114 8124 8134
8064 8074 8084 8094 8104 8114 8124 8134
31275 31285 31295 31305 31315 31325
31275 31285 31295 31305 31315 31325
31275 31285 31295 31305 31315 31325
31275 31285 31295 31305 31315 31325
31275 31285 31295 31305 31315 31325
31275 31285 31295 31305 31315 31325
31275 31285 31295 31305 31315 31325
31275 31285 31295 31305 31315 31325
31275 31285 31295 31305 31315 31325
31275 31285 31295 31305 31315 31325
31275 31285 31295 31305 31315 31325
31275 31285 31295 31305 31315 31325
31275 31285 31295 31305 31315 31325
31275 31285 31295 31305 31315 31325
31275 31285 31295 31305 31315 31325
31275 31285 31295 31305 31315 31325
31275 31285 31295 31305 31315 31325
31275 31285 31295 31305 31315 31325
31275 31285 31295 31305 31315 31325
31275 31285 31295 31305 31315 31325
31275 31285 31295 31305 31315 31325
31275 31285 31295 31305 31315 31325
31275 31285 31295 31305 31315 31325
31275 31285 31295 31305 31315 31325
31275 31285 31295 31305 31315 31325
31275 31285 31295 31305 31315 31325
31275 31285 31295 31305 31315 31325
31275 31285 31295 31305 31315 31325
31275 31285 31295 31305 31315 31325
31275 31285 31295 31305 31315 31325
31275 31285 31295 31305 31315 31325
31275 31285 31295 31305 31315 31325
31275 31285 31295 31305 31315 31325
31275 31285 31295 31305 31315 31325
31275 31285 31295 31305 31315 31325
31275 31285 31295 31305 31315 31325
31275 31285 31295 31305 31315 31325
31275 31285 31295 31305 31315 31325
31275 31285 31295 31305 31315 31325
31275 31285 31295 31305 31315 31325
31275 31285 31295 31305 31315 31325
31275 31285 31295 31305 31315 31325
31275 31285 31295 31305 31315 31325
31275 31285 31295 31305 31315 31325
31275 31285 31295 31305 31315 31325
31275 31285 31295 31305 31315 31325
31275 31285 31295 31305 31315 31325
31275 31285 31295 31305 31315 31325
31275 31285 31295 31305 31315 31325
31275 31285 31295 31305 31315 31325
31275 31285 31295 31305 31315 31325
31275 31285 31295 31305 31315 31325
31275 31285 31295 31305 31315 31325
31275 31285 31295 31305 31315 31325
31275 31285 31295 31305 31315 31325
31275 31285 31295 31305 31315 31325
31275 31285 31295 31305 31315 31325
31275 31285 31295 31305 31315 31325
31275 31285 31295 31305 31315 31325
