84631
84631
84631
84631
84631
84631
84631
84631
84631
84631
84631
84631
84631
84631
84631
84631
84631
84631
84631
84631
84631
84631
84631
84631
84631
84631
84631
84631
84631
84631
7632 7682 7692 7702
7632 7682 7692 7702
7632 7682 7692 7702
7632 7682 7692 7702
7632 7682 7692 7702
7632 7682 7692 7702
7632 7682 7692 7702
7632 7682 7692 7702
7632 7682 7692 7702
7632 7682 7692 7702
7632 7682 7692 7702
7632 7682 7692 7702
7632 7682 7692 7702
7632 7682 7692 7702
7632 7682 7692 7702
7632 7682 7692 7702
7632 7682 7692 7702
7632 7682 7692 7702
7632 7682 7692 7702
7632 7682 7692 7702
7632 7682 7692 7702
7632 7682 7692 7702
7632 7682 7692 7702
7632 7682 7692 7702
7632 7682 7692 7702
7632 7682 7692 7702
7632 7682 7692 7702
7632 7682 7692 7702
7632 7682 7692 7702
7632 7682 7692 7702
7632 7682 7692 7702
7632 7682 7692 7702
7632 7682 7692 7702
7632 7682 7692 7702
7632 7682 7692 7702
7632 7682 7692 7702
7632 7682 7692 7702
7632 7682 7692 7702
7642 7642 7642 7642
7652 7652 7652 7652
7632 7682 7692 7702
7662 7662 7662 7662
7662 7662 7662 7662
7632 7682 7692 7702
7632 7682 7692 7702
7672 7672 7672 7672
7632 7682 7692 7702
7632 7682 7692 7702
7632 7682 7692 7702
7632 7682 7692 7702
15953 15963 15973 15983 15993 16003 16013 16023
15953 15963 15973 15983 15993 16003 16013 16023
15953 15963 15973 15983 15993 16003 16013 16023
15953 15963 15973 15983 15993 16003 16013 16023
15953 15963 15973 15983 15993 16003 16013 16023
15953 15963 15973 15983 15993 16003 16013 16023
15953 15963 15973 15983 15993 16003 16013 16023
15953 15963 15973 15983 15993 16003 16013 16023
15953 15963 15973 15983 15993 16003 16013 16023
15953 15963 15973 15983 15993 16003 16013 16023
15953 15963 15973 15983 15993 16003 16013 16023
15953 15963 15973 15983 15993 16003 16013 16023
15953 15963 15973 15983 15993 16003 16013 16023
15953 15963 15973 15983 15993 16003 16013 16023
15953 15963 15973 15983 15993 16003 16013 16023
15953 15963 15973 15983 15993 16003 16013 16023
15953 15963 15973 15983 15993 16003 16013 16023
15953 15963 15973 15983 15993 16003 16013 16023
15953 15963 15973 15983 15993 16003 16013 16023
15953 15963 15973 15983 15993 16003 16013 16023
15953 15963 15973 15983 15993 16003 16013 16023
15953 15963 15973 15983 15993 16003 16013 16023
15953 15963 15973 15983 15993 16003 16013 16023
15953 15963 15973 15983 15993 16003 16013 16023
15953 15963 15973 15983 15993 16003 16013 16023
15953 15963 15973 15983 15993 16003 16013 16023
15953 15963 15973 15983 15993 16003 16013 16023
15953 15963 15973 15983 15993 16003 16013 16023
15953 15963 15973 15983 15993 16003 16013 16023
15953 15963 15973 15983 15993 16003 16013 16023
15953 15963 15973 15983 15993 16003 16013 16023
15953 15963 15973 15983 15993 16003 16013 16023
15953 15963 15973 15983 15993 16003 16013 16023
15953 15963 15973 15983 15993 16003 16013 16023
15953 15963 15973 15983 15993 16003 16013 16023
15953 15963 15973 15983 15993 16003 16013 16023
15953 15963 15973 15983 15993 16003 16013 16023
15953 15963 15973 15983 15993 16003 16013 16023
15953 15963 15973 15983 15993 16003 16013 16023
15953 15963 15973 15983 15993 16003 16013 16023
15953 15963 15973 15983 15993 16003 16013 16023
15953 15963 15973 15983 15993 16003 16013 16023
15953 15963 15973 15983 15993 16003 16013 16023
15953 15963 15973 15983 15993 16003 16013 16023
15953 15963 15973 15983 15993 16003 16013 16023
15953 15963 15973 15983 15993 16003 16013 16023
15953 15963 15973 15983 15993 16003 16013 16023
15953 15963 15973 15983 15993 16003 16013 16023
15953 15963 15973 15983 15993 16003 16013 16023
15953 15963 15973 15983 15993 16003 16013 16023
15953 15963 15973 15983 15993 16003 16013 16023
15953 16043 15973 15983 15993 16003 16013 16023
15953 16033 15973 15983 15993 16003 16013 16023
15953 15963 15973 16053 15993 16003 16013 16023
15953 15963 15973 15983 15993 16003 16013 16023
15953 16063 16063 16063 16063 16003 16063 16023
15953 16063 16063 16063 16063 16003 16063 16023
15953 16063 16063 16063 16063 16003 16063 16023
15953 16063 16063 16063 16063 16003 16063 16023
15953 16073 16073 16073 16073 16003 16073 16023
15953 16073 16073 16073 16073 16003 16073 16023
15953 16063 16063 16063 16063 16003 16063 16023
15953 16063 16063 16063 16063 16003 16063 16023
15953 16083 16083 16083 16083 16003 16083 16023
15953 16083 16083 16083 16083 16003 16083 16023
15953 16063 16063 16063 16063 16003 16063 16023
15953 16063 16063 16063 16063 16003 16063 16023
15953 16093 16093 16093 16093 16003 16093 16023
15953 16093 16093 16093 16093 16003 16093 16023
15953 15963 15973 15983 15993 16003 16013 16023
15953 15963 15973 15983 15993 16003 16013 16023
15953 16103 16103 16103 16103 16103 16103 16103
15953 16113 16113 16113 16113 16113 16113 16113
15953 15963 15973 15983 15993 16003 16013 16023
15953 15963 15973 15983 15993 16003 16013 16023
15953 15963 15973 15983 15993 16003 16013 16023
15953 15963 15973 15983 15993 16003 16013 16023
15953 15963 15973 15983 15993 16003 16013 16023
15953 15963 15973 15983 15993 16003 16013 16023
15953 15963 15973 15983 15993 16003 16013 16023
15953 15963 15973 15983 15993 16003 16013 16023
15953 15963 15973 15983 15993 16003 16013 16023
15953 15963 15973 15983 15993 16003 16013 16023
15953 15963 15973 15983 15993 16003 16013 16023
15953 15963 15973 15983 15993 16003 16013 16023
15953 15963 15973 15983 15993 16003 16013 16023
15953 15963 15973 15983 15993 16003 16013 16023
15953 15963 15973 15983 15993 16003 16013 16023
15953 15963 15973 15983 15993 16003 16013 16023
15953 15963 15973 15983 15993 16003 16013 16023
15953 15963 15973 15983 15993 16003 16013 16023
21184 21194 21204 21214 21224 21234 21244 21254
21184 21194 21204 21214 21224 21234 21244 21254
21184 21194 21204 21214 21224 21234 21244 21254
21184 21194 21204 21214 21224 21234 21244 21254
21184 21194 21204 21214 21224 21234 21244 21254
21184 21194 21204 21214 21224 21234 21244 21254
21184 21194 21204 21214 21224 21234 21244 21254
21184 21194 21204 21214 21224 21234 21244 21254
21184 21194 21204 21214 21224 21234 21244 21254
21184 21194 21204 21214 21224 21234 21244 21254
21184 21194 21204 21214 21224 21234 21244 21254
21184 21194 21204 21214 21224 21234 21244 21254
21184 21194 21204 21214 21224 21234 21244 21254
21184 21194 21204 21214 21224 21234 21244 21254
21184 21194 21204 21214 21224 21234 21244 21254
21184 21194 21204 34274 34274 34274 21244 21254
21184 21194 21204 34274 34274 34274 21244 21254
21184 21194 21204 34274 34274 34274 21244 21254
21184 21194 21204 21214 21224 21234 21244 21254
21184 21194 21204 21214 21224 21234 21244 21254
21184 21194 21204 21214 21224 21234 21244 21254
21184 21194 21204 21214 21224 21234 21244 21254
21184 21194 21204 21214 21224 21234 21244 21254
21184 21194 21204 21214 21224 21234 21244 21254
21184 21194 21204 21214 21224 21234 21244 21254
21184 21194 21204 21214 21224 21234 21244 21254
21184 21194 21204 21214 21224 21234 21244 21254
21184 21194 21204 21214 21224 21234 21244 21254
21184 21194 21204 21214 21224 21234 21244 21254
21184 21194 21204 21214 21224 21234 21244 21254
21184 21194 21204 21214 21224 21234 21244 21254
21184 21194 21204 21214 21224 21234 21244 21254
21184 21194 21204 21214 21224 21234 21244 21254
21184 21194 21204 21214 21224 21234 21244 21254
21184 21194 21204 21214 21224 21234 21244 21254
21184 21194 21204 21214 21224 21234 21244 21254
21184 21194 21204 21214 21224 21234 21244 21254
21184 21194 21204 21214 21224 21234 21244 21254
21184 21194 21204 21214 21224 21234 21244 21254
21184 21194 21204 21214 21224 21234 21244 21254
21184 21194 21204 21214 21224 21234 21244 21254
21184 21194 21204 21214 21224 21234 21244 21254
21184 21194 21204 21214 21224 21234 21244 21254
21184 21194 21204 21214 21224 21234 21244 21254
21184 21194 21204 21214 21224 21234 21244 21254
21184 21194 21204 21214 21224 21234 21244 21254
21184 21194 21204 21214 21224 21234 21244 21254
21264 21194 21204 21264 21224 21234 21244 21264
21284 21194 21204 21284 21224 21234 21244 21284
21184 21194 21204 21214 21224 21234 21244 21254
21274 21274 21274 21274 21274 21274 21274 21274
21274 21274 21274 21274 21274 21274 21274 21274
21294 21294 21294 21294 21294 21234 21244 21254
21184 21194 21204 21214 21224 21234 21244 21254
21304 21304 21204 21304 21304 21234 21244 21254
21184 21194 21204 21214 21224 21234 21244 21254
21314 21194 21204 21314 21314 21314 21314 21314
21324 21194 21204 21324 21224 21234 21244 21324
21334 21194 21204 21214 21224 21234 21244 21334
21344 21194 21204 21344 21224 21234 21244 21254
21184 21194 21204 21214 21224 21234 21244 21254
21184 21194 21204 21214 21224 21234 21244 21254
21354 21194 21204 21354 21224 21234 21244 21254
21184 21194 21204 21214 21224 21234 21244 21254
21354 21354 21354 21354 21354 21354 21354 21354
21354 21354 21354 21354 21354 21354 21354 21354
21354 21354 21354 21354 21354 21354 21354 21354
21184 21194 21204 21214 21224 21234 21244 21254
21364 21194 21204 21364 21224 21234 21244 21254
21184 21194 21204 21214 21224 21234 21244 21254
21364 21194 21204 21214 21224 21234 21244 21364
21184 21194 21204 21214 21224 21234 21244 21254
21374 21194 21204 21374 21224 21234 21244 21254
21184 21194 21204 21214 21224 21234 21244 21254
21184 21194 21204 21214 21224 21234 21244 21254
21184 21194 21204 21214 21224 21234 21244 21254
21184 21194 21204 21214 21224 21234 21244 21254
21384 21194 21204 21384 21224 21234 21244 21254
21184 21194 21204 21214 21224 21234 21244 21254
21384 21194 21204 21384 21384 21384 21384 21384
21184 21194 21204 21214 21224 21234 21244 21254
21394 21394 21204 21394 21394 21234 21244 21254
21184 21194 21204 21214 21224 21234 21244 21254
21184 21194 21204 21214 21224 21234 21244 21254
66035 66045 66055 66065 66075 66085 66095
66035 66045 66055 66065 66075 66085 66095
66035 66045 66055 66065 66075 66085 66095
66035 66045 66055 66065 66075 66085 66095
66035 66045 66055 66065 66075 66085 66095
66035 66045 66055 66065 66075 66085 66095
66035 66045 66055 66065 66075 66085 66095
66035 66045 66055 66065 66075 66085 66095
66035 66045 66055 66065 66075 66085 66095
66035 66045 66055 66065 66075 66085 66095
66035 66045 66055 66065 66075 66085 66095
66035 66045 66055 66065 66075 66085 66095
66035 66045 66055 66065 66075 66085 66095
66035 66045 66055 66065 66075 66085 66095
66035 66045 66055 66065 66075 66085 66095
66035 66045 66055 66065 66075 66085 66095
66035 66045 66055 66065 66075 66085 66095
66035 66045 66055 66065 66075 66085 66095
66035 66045 66055 66065 66075 66085 66095
66035 66045 66055 66065 66075 66085 66095
66035 66045 66055 66065 66075 66085 66095
66035 66045 66055 66065 66075 66085 66095
66035 66045 66055 66065 66075 66085 66095
66035 66045 66055 66065 66075 66085 66095
66035 66045 66055 66065 66075 66085 66095
66035 66045 66055 66065 66075 66085 66095
66035 66045 66055 66065 66075 66085 66095
66035 66045 66055 66065 66075 66085 66095
66035 66045 66055 66065 66075 66085 66095
66035 66045 66055 66065 66075 66085 66095
66035 66045 66055 66065 66075 66085 66095
66035 66045 66055 66065 66075 66085 66095
66035 66045 66055 66065 66075 66085 66095
66035 66045 66055 66065 66075 66085 66095
66035 66045 66055 66065 66075 66085 66095
66035 66045 66055 66065 66075 66085 66095
66035 66045 66055 66065 66075 66085 66095
66035 66045 66055 66065 66075 66085 66095
66035 66045 66055 66065 66075 66085 66095
66035 66045 66055 66065 66075 66085 66095
66035 66105 66055 66065 66075 66085 66095
66035 66045 66055 66115 66115 66125 66095
66035 66135 66055 66065 66075 66085 66095
66035 66145 66055 66065 66075 66085 66095
66035 66155 66055 66065 66075 66085 66095
66035 66135 66055 66065 66075 66085 66095
66035 66145 66055 66065 66075 66085 66095
66035 66155 66055 66065 66075 66085 66095
66035 66045 66055 66065 66075 66085 66095
66035 66045 66055 66065 66075 66085 66095
66035 66175 66055 66065 66075 66085 66095
66035 66185 66055 66065 66075 66085 66095
66035 66045 66055 66065 66075 66085 66095
66035 66045 66055 66065 66075 66085 66095
66035 66045 66055 66065 66075 66085 66095
66035 66195 66055 66195 66195 66085 66095
66035 66225 66055 66205 66205 66085 66095
66035 66215 66055 66215 66215 66085 66095
66035 66045 66055 66065 66075 66235 66095
