38781
38781
38781
38781
38781
38781
38781
38781
38781
38781
38781
38781
38781
38781
38781
38781
38781
38781
38781
38781
38781
38781
38781
38781
38781
38781
38781
38781
38781
38781
2322
2322
2322
2322
2322
2322
2322
2322
2322
2322
2322
2322
2322
2322
2322
2322
2322
2322
2322
2322
2322
2322
2322
2322
2322
2322
2322
2322
2322
2322
2322
2322
2322
2322
2322
2322
2322
2322
2322
2322
2322
2322
2322
2322
2322
2322
2322
2322
2322
2322
17333 17343 17353 17363 17373 17383 17393 17403 17413
17333 17343 17353 17363 17373 17383 17393 17403 17413
17333 17343 17353 17363 17373 17383 17393 17403 17413
17333 17343 17353 17363 17373 17383 17393 17403 17413
17333 17343 17353 17363 17373 17383 17393 17403 17413
17333 17343 17353 17363 17373 17383 17393 17403 17413
17333 17343 17353 17363 17373 17383 17393 17403 17413
17333 17343 17353 17363 17373 17383 17393 17403 17413
17333 17343 17353 17363 17373 17383 17393 17403 17413
17333 17343 17353 17363 17373 17383 17393 17403 17413
17333 17343 17353 17363 17373 17383 17393 17403 17413
17333 17343 17353 17363 17373 17383 17393 17403 17413
17333 17343 17353 17363 17373 17383 17393 17403 17413
17333 17343 17353 17363 17373 17383 17393 17403 17413
17333 17343 17353 17363 17373 17383 17393 17403 17413
17333 17343 17353 17363 17373 17383 17393 17403 17413
17333 17343 17353 17363 17373 17383 17393 17403 17413
17333 17343 17353 17363 17373 17383 17393 17403 17413
17333 17343 17353 17363 17373 17383 17393 17403 17413
17333 17343 17353 17363 17373 17383 17393 17403 17413
17333 17343 17353 17363 17373 17383 17393 17403 17413
17333 17343 17353 17363 17373 17383 17393 17403 17413
17333 17343 17353 17363 17373 17383 17393 17403 17413
17333 17343 17353 17363 17373 17383 17393 17403 17413
17333 17343 17353 17363 17373 17383 17393 17403 17413
17333 17343 17353 17363 17373 17383 17393 17403 17413
17333 17343 17353 17363 17373 17383 17393 17403 17413
17333 17343 17353 17363 17373 17383 17393 17403 17413
17333 17343 17353 17363 17373 17383 17393 17403 17413
17333 17343 17353 17363 17373 17383 17393 17403 17413
17333 17343 17353 17363 17373 17383 17393 17403 17413
17333 17343 17353 17363 17373 17383 17393 17403 17413
17333 17343 17353 17363 17373 17383 17393 17403 17413
17333 17343 17353 17363 17373 17383 17393 17403 17413
17333 17343 17353 17363 17373 17383 17393 17403 17413
17333 17343 17353 17363 17373 17383 17393 17403 17413
17333 17343 17353 17363 17373 17383 17393 17403 17413
17333 17343 17353 17363 17373 17383 17393 17403 17413
17333 17343 17353 17363 17373 17383 17393 17403 17413
17333 17343 17353 17363 17373 17383 17393 17403 17413
17333 17343 17353 17363 17373 17383 17393 17403 17413
17333 17343 17353 17363 17373 17383 17393 17403 17413
17333 17343 17353 17363 17373 17383 17393 17403 17413
17333 17343 17353 17363 17373 17383 17393 17403 17413
17333 17343 17353 17363 17373 17383 17393 17403 17413
17333 17343 17353 17363 17373 17383 17393 17403 17413
17333 17343 17353 17363 17373 17383 17393 17403 17413
17333 17343 17353 17363 17373 17383 17393 17403 17413
17333 17343 17353 17363 17373 17383 17393 17403 17413
17333 17343 17353 17363 17373 17383 17393 17403 17413
17333 17343 17353 17363 17373 17383 17393 17403 17413
17333 17343 17353 17363 17373 17383 17393 17403 17413
17333 17343 17353 17363 17373 17383 17393 17403 17413
17333 17343 17353 17363 17373 17383 17393 17403 17413
17333 17343 17353 17363 17373 17383 17393 17403 17413
17333 17343 17353 17363 17373 17383 17393 17403 17413
17333 17343 17353 17363 17373 17383 17393 17403 17413
17333 17343 17353 17363 17373 17383 17393 17403 17413
17333 17343 17353 17363 17373 17383 17393 17403 17413
17333 17343 17353 17363 17373 17383 17393 17403 17413
17333 17343 17353 17363 17373 17383 17393 17403 17413
17333 17343 17353 17363 17373 17383 17393 17403 17413
17333 17343 17353 17363 17373 17383 17393 17403 17413
17333 17343 17353 17363 17373 17383 17393 17403 17413
17333 17343 17353 17363 17373 17383 17393 17403 17413
17333 17343 17353 17363 17373 17383 17393 17403 17413
17333 17343 17353 17363 17373 17383 17393 17403 17413
17333 17343 17353 17363 17373 17383 17393 17403 17413
17333 17343 17353 17363 17373 17383 17393 17403 17413
17333 17343 17353 17363 17373 17383 17393 17403 17413
17333 17343 17353 17363 17373 17383 17393 17403 17413
17333 17343 17353 17363 17373 17383 17393 17403 17413
17333 17343 17353 17363 17373 17383 17393 17403 17413
17333 17343 17353 17363 17373 17383 17393 17403 17413
17333 17343 17353 17363 17373 17383 17393 17403 17413
17333 17343 17353 17363 17373 17383 17393 17403 17413
17333 17343 17353 17363 17373 17383 17393 17403 17413
17333 17343 17353 17363 17373 17383 17393 17403 17413
17333 17343 17353 17363 17373 17383 17393 17403 17413
17333 17343 17353 17363 17373 17383 17393 17403 17413
17333 17343 17353 17363 17373 17383 17393 17403 17413
17333 17343 17353 17363 17373 17383 17393 17403 17413
17333 17343 17353 17363 17373 17383 17393 17403 17413
17333 17343 17353 17363 17373 17383 17393 17403 17413
17333 17343 17353 17363 17373 17383 17393 17403 17413
17333 17343 17353 17363 17373 17383 17393 17403 17413
17333 17343 17353 17363 17373 17383 17393 17403 17413
17333 17343 17353 17363 17373 17383 17393 17403 17413
36804 36814 36824 36834 36844 36854 36864
36804 36814 36824 36834 36844 36854 36864
36804 36814 36824 36834 36844 36854 36864
36804 36814 36824 36834 36844 36854 36864
36804 36814 36824 36834 36844 36854 36864
36804 36814 36824 36834 36844 36854 36864
36804 36814 36824 36834 36844 36854 36864
36804 36814 36824 36834 36844 36854 36864
36804 36814 36824 36834 36844 36854 36864
36804 36814 36824 36834 36844 36854 36864
36804 36814 36824 36834 36844 36854 36864
36804 36814 36824 36834 36844 36854 36864
36804 36814 36824 36834 36844 36854 36864
36804 36814 36824 36834 36844 36854 36864
36804 36814 36824 36834 36844 36854 36864
36804 36814 36824 36834 36844 36854 36864
36804 36814 36824 36834 36844 36854 36864
36804 36814 36824 36834 36844 36854 36864
36804 36814 36824 36834 36844 36854 36864
36804 36814 36824 36834 36844 36854 36864
36804 36814 36824 36834 36844 36854 36864
36804 36814 36824 36834 36844 36854 36864
36804 36814 36824 36834 36844 36854 36864
36804 36814 36824 36834 36844 36854 36864
36804 36814 36824 36834 36844 36854 36864
36804 36814 36824 36834 36844 36854 36864
36804 36814 36824 36834 36844 36854 36864
36804 36814 36824 36834 36844 36854 36864
36804 36814 36824 36834 36844 36854 36864
36804 36814 36824 36834 36844 36854 36864
36804 36814 36824 36834 36844 36854 36864
36804 36814 36824 36834 36844 36854 36864
36804 36814 36824 36834 36844 36854 36864
36804 36814 36824 36834 36844 36854 36864
36804 36814 36824 36834 36844 36854 36864
36804 36814 36824 36834 36844 36854 36864
36804 36814 36824 36834 36844 36854 36864
36804 36814 36824 36834 36844 36854 36864
36804 36814 36824 36834 36844 36854 36864
36804 36814 36824 36834 36844 36854 36864
36804 36814 36824 36834 36844 36854 36864
36804 36814 36824 36834 36844 36854 36864
36804 36814 36824 36834 36844 36854 36864
36804 36814 36824 36834 36844 36854 36864
36804 36814 36824 36834 36844 36854 36864
36804 36814 36824 36834 36844 36854 36864
36804 36814 36824 36834 36844 36854 36864
36804 36814 36824 36834 36844 36854 36864
36804 36814 36824 36834 36844 36854 36864
36804 36814 36824 36834 36844 36854 36864
36804 36814 36824 36834 36844 36854 36864
36804 36814 36824 36834 36844 36854 36864
36804 36814 36824 36834 36844 36854 36864
36804 36814 36824 36834 36844 36854 36864
36804 36814 36824 36834 36844 36854 36864
36804 36814 36824 36834 36844 36854 36864
36804 36814 36824 36834 36844 36854 36864
36804 36814 36824 36834 36844 36854 36864
36804 36814 36824 36834 36844 36854 36864
36804 36814 36824 36834 36844 36854 36864
36804 36814 36824 36834 36844 36854 36864
36804 36814 36824 36834 36844 36854 36864
36804 36814 36824 36834 36844 36854 36864
