84621
84621
84621
84621
84621
84621
84621
84621
84621
84621
84621
84621
84621
84621
84621
84621
84621
84621
84621
84621
84621
84621
84621
84621
84621
84621
84621
84621
84621
84621
6192 6242 6252 6262
6192 6242 6252 6262
6192 6242 6252 6262
6192 6242 6252 6262
6192 6242 6252 6262
6192 6242 6252 6262
6192 6242 6252 6262
6192 6242 6252 6262
6192 6242 6252 6262
6192 6242 6252 6262
6192 6242 6252 6262
6192 6242 6252 6262
6192 6242 6252 6262
6192 6242 6252 6262
6192 6242 6252 6262
6192 6242 6252 6262
6192 6242 6252 6262
6192 6242 6252 6262
6192 6242 6252 6262
6192 6242 6252 6262
6192 6242 6252 6262
6192 6242 6252 6262
6192 6242 6252 6262
6192 6242 6252 6262
6192 6242 6252 6262
6192 6242 6252 6262
6192 6242 6252 6262
6192 6242 6252 6262
6192 6242 6252 6262
6192 6242 6252 6262
6192 6242 6252 6262
6192 6242 6252 6262
6192 6242 6252 6262
6192 6242 6252 6262
6192 6242 6252 6262
6192 6242 6252 6262
6192 6242 6252 6262
6192 6242 6252 6262
6202 6202 6202 6202
6212 6212 6212 6212
6192 6242 6252 6262
6222 6222 6222 6222
6222 6222 6222 6222
6192 6242 6252 6262
6192 6242 6252 6262
6232 6232 6232 6232
6192 6242 6252 6262
6192 6242 6252 6262
6192 6242 6252 6262
6192 6242 6252 6262
36463 36473 36483 36493 36503 36513 36523 36533 36543 43173
36463 36473 36483 36493 36503 36513 36523 36533 36543 43173
36463 36473 36483 36493 36503 36513 36523 36533 36543 43173
36463 36473 36483 36493 36503 36513 36523 36533 36543 43173
36463 36473 36483 42713 36503 36513 36523 42713 36543 43173
36463 36473 36483 36493 36503 36513 36523 36533 36543 43173
36463 36473 36483 36493 36503 36513 36523 36533 36543 43173
36463 36473 36483 42713 36503 36513 36523 42713 36543 43173
36463 36473 36483 36493 36503 36513 36523 36533 36543 43173
36463 36473 36483 36493 36503 36513 36523 36533 36543 43173
36463 36473 36483 36493 36503 36513 36523 36533 36543 43173
36463 36473 36483 36493 36503 36513 36523 36533 36543 43173
36463 36473 36483 36493 36503 36513 36523 36533 36543 43173
36463 36473 36483 36493 36503 36513 36523 36533 36543 43173
36463 36473 36483 36493 36503 36513 36523 36533 36543 43173
36463 36473 36483 36493 36503 36513 36523 36533 36543 43173
36463 42713 42713 42713 42713 42713 36523 42713 36543 43173
36463 36473 36483 36493 36503 36513 36523 36533 36543 43173
36463 36473 36483 36493 36503 36513 36523 36533 36543 43173
36463 36473 36483 42713 42713 36513 36523 42713 36543 43173
36463 36473 36483 36493 36503 36513 36523 36533 36543 43173
36463 36473 36483 36493 36503 36513 36523 36533 36543 43173
36463 36473 36483 42713 36503 36513 36523 42713 36543 43173
36463 36473 36483 36493 36503 36513 36523 36533 36543 43173
36463 36473 36483 36493 36503 36513 36523 36533 36543 43173
36463 36473 36483 36493 36503 36513 36523 36533 36543 43173
36463 36473 36483 36493 36503 36513 36523 36533 36543 43173
36463 36473 36483 36493 36503 36513 36523 36533 36543 43173
36463 36473 36483 36493 36503 36513 36523 36533 36543 43173
36463 36473 36483 36493 36503 36513 36523 36533 36543 43173
36463 36473 36483 36493 36503 36513 36523 36533 36543 43173
36463 36473 36483 36493 36503 36513 36523 36533 36543 43173
36463 36473 36483 36493 36503 36513 36523 36533 36543 43173
36463 36473 36483 36493 36503 36513 36523 36533 36543 43173
36463 36473 36483 36493 36503 36513 36523 36533 36543 43173
36463 36473 36483 36493 36503 36513 36523 36533 36543 43173
36463 36473 36483 36493 36503 36513 36523 36533 36543 43173
36463 36473 36483 36493 36503 36513 36523 36533 36543 43173
36463 36473 36483 36493 36503 36513 36523 36533 36543 43173
36463 36473 36483 36493 36503 36513 36523 36533 36543 43173
36463 36473 36483 36493 36503 36513 36523 36533 36543 43173
36463 36473 36483 36493 36503 36513 36523 36533 36543 43173
36463 36473 36483 36493 36503 36513 36523 36533 36543 43173
36463 36473 36483 36493 36503 36513 36523 36533 36543 43173
36463 36473 36483 36493 36503 36513 36523 36533 36543 43173
36463 36473 36483 36493 36503 36513 36523 36533 36543 43173
36463 36473 36483 36493 36503 36513 36523 36533 36543 43173
36463 36473 36483 36493 42593 36513 36523 36533 36543 42593
36463 36473 36483 36493 42593 36513 36523 36533 36543 42593
36463 36473 36483 42603 42603 42613 36523 42613 36543 42603
36463 36473 36483 42603 42603 42613 36523 42613 36543 42603
36463 36473 36483 42603 42603 42613 36523 42613 36543 42603
36463 36473 36483 42603 42603 42613 36523 42613 36543 42603
36463 36473 36483 36493 36503 36513 36523 36533 36543 43173
36463 36473 36483 42623 36503 36513 36523 36533 36543 43173
36463 36473 36483 42623 36503 42653 36523 42653 36543 43173
36463 36473 36483 36493 36503 36513 36523 36533 36543 43173
36463 36473 36483 36493 36503 36513 36523 36533 36543 43173
36463 36473 36483 36493 36503 42653 36523 42653 36543 43173
36463 42633 42633 42633 42633 42633 36523 42633 36543 43173
36463 42633 42633 42633 42633 42633 36523 42633 36543 43173
36463 43163 43163 43163 43163 43163 36523 43163 36543 43173
36463 43163 43163 43163 43163 43163 36523 43163 36543 43173
36463 36473 36483 36493 36503 36513 36523 36533 36543 43173
36463 42643 42643 42643 42643 42643 36523 42643 42643 42643
36463 36473 36483 36493 36503 36513 36523 36533 36543 43173
36463 36473 36483 36493 36503 36513 36523 36533 36543 43173
36463 36473 36483 36493 36503 36513 36523 36533 36543 43173
36463 36473 36483 42653 42653 36513 36523 42653 36543 43173
36463 36473 36483 42653 42653 36513 36523 42653 36543 43173
36463 36473 36483 36493 36503 36513 36523 36533 36543 43173
36463 36473 36483 42653 42653 36513 36523 42653 36543 43173
36463 36473 36483 42653 42653 36513 36523 42653 36543 43173
36463 36473 36483 36493 36503 36513 36523 42663 36543 43173
36463 36473 36483 36493 36503 36513 36523 42663 36543 43173
36463 36473 36483 42673 42673 42683 36523 42683 36543 42673
36463 36473 36483 42673 42673 42683 36523 42683 36543 42673
36463 36473 36483 42673 42673 42683 36523 42683 36543 42673
36463 36473 36483 42673 42673 42683 36523 42683 36543 42673
36463 36473 36483 42673 42673 42683 36523 42683 36543 42673
36463 36473 36483 36493 36503 36513 36523 36533 36543 43173
36463 36473 36483 36493 36503 36513 36523 36533 36543 43173
36463 36473 36483 36493 36503 36513 36523 36533 36543 43173
36463 36473 36483 36493 36503 36513 36523 36533 36543 43173
36463 36473 36483 36493 36503 36513 36523 36533 36543 43173
36463 36473 36483 42693 36503 42693 36523 42693 36543 43173
36463 36473 36483 42693 36503 42693 36523 42693 36543 43173
36463 36473 36483 36493 42703 36513 36523 36533 36543 43173
78924 78964 78974 78984 78994 79004 79014
78924 78964 78974 78984 78994 79004 79014
78924 78964 78974 78984 78994 79004 79014
78924 78964 78974 78984 78994 79004 79014
78924 78964 78974 78984 78994 79004 79014
78924 78964 78974 78984 78994 79004 79014
78924 78964 78974 78984 78994 79004 79014
78924 78964 78974 78984 78994 79004 79014
78924 78964 78974 78984 78994 79004 79014
78924 78964 78974 78984 78994 79004 79014
78924 78964 78974 78984 78994 79004 79014
78924 78964 78974 78984 78994 79004 79014
78924 78964 78974 78984 78994 79004 79014
78924 78964 78974 78984 78994 79004 79014
78924 78964 78974 78984 78994 79004 79014
78924 78964 78974 78984 78994 79004 79014
78924 78964 78974 78984 79024 79004 79014
78924 78964 78974 78984 79024 79004 79014
78924 78964 78974 78984 78994 79004 79014
78924 78964 78974 78984 78994 79004 79014
78924 78964 78974 78984 78994 79004 79014
78924 78964 78974 78984 78994 79004 79014
78924 78964 78974 78984 78994 79004 79014
78924 78964 78974 78984 78994 79004 79014
78924 78964 78974 78984 78994 79004 79014
78924 78964 78974 78984 78994 79004 79014
78924 78964 78974 78984 78994 79004 79014
78924 78964 78974 78984 78994 79004 79014
78924 78964 78974 78984 78994 79004 79014
78924 78964 78974 78984 78994 79004 79014
78924 78964 78974 78984 78994 79004 79014
78924 78964 78974 78984 78994 79004 79014
78924 78964 78974 78984 78994 79004 79014
78924 78964 78974 78984 78994 79004 79014
78924 78964 78974 78984 78994 79004 79014
78924 78964 78974 78984 78994 79004 79014
78924 78964 78974 78984 78994 79004 79014
78924 78964 78974 78984 78994 79004 79014
78924 78964 78974 78984 78994 79004 79014
78924 78964 78974 78984 78994 79004 79014
78924 78964 78974 78984 78994 79004 79014
78924 78964 78974 78984 78994 79004 79014
78924 78964 78974 78984 78994 79004 79014
78924 78964 78974 78984 78994 79004 79014
78924 78964 78974 78984 78994 79004 79014
78934 78934 78934 78934 78934 78934 78934
78944 78944 78944 78944 78944 78944 78944
78924 78964 78974 78984 78994 79004 79014
78954 78954 78954 78954 79024 78954 78954
78954 78954 78954 78954 78954 78954 78954
78924 78964 78974 78984 78994 79004 79014
78924 78964 78974 78984 78994 79004 79014
78924 78964 78974 78984 78994 79004 79014
78924 78964 78974 78984 78994 79004 79014
78924 78964 78974 78984 78994 79004 79014
78924 78964 78974 78984 78994 79004 79014
78924 78964 78974 78984 78994 79004 79014
78924 78964 78974 78984 78994 79004 79014
78924 78964 78974 78984 78994 79004 79014
78924 78964 78974 78984 78994 79004 79014
78924 78964 78974 78984 78994 79004 79014
78924 78964 78974 78984 78994 79004 79014
79034 79034 79034 79034 79034 79034 79034
