40 40 20 20 90 40 90 40 20
60 60 60 30 30 90 90 60 60
60 60 60 30 90 100 90 60 60
90 90 10 20 20 90 90 10 5
20 25 30 50 50 90 90 90 90
80 80 80 90 90 90 90 80 80
90 90 90 70 70 90 90 30 90
15 20 40 40 40 90 90 90 20
90 90 10 20 90 90 90 10 5
20 25 30 50 90 100 90 90 90
80 80 80 90 90 100 90 80 80
90 90 90 80 90 90 90 40 90
15 20 40 40 90 100 90 90 20
40 40 40 60 15 60 60 40 40
50 50 40 80 20 80 80 45 45
75 55 75 80 35 80 80 45 70
70 70 65 80 50 80 80 70 65
50 65 25 80 25 80 80 45 20
50 75 75 80 35 80 80 65 70
45 75 70 80 65 80 80 75 75
35 35 35 35 35 35 35 35 35
