38741
38741
38741
38741
38741
38741
38741
38741
38741
38741
38741
38741
38741
38741
38741
38741
38741
38741
38741
38741
38741
38741
38741
38741
38741
38741
38741
38741
38741
38741
30402 30412 30422 30432 30442 30452 30462
30402 30412 30422 30432 30442 30452 30462
30402 30412 30422 30432 30442 30452 30462
30402 30412 30422 30432 30442 30452 30462
30402 30412 30422 30432 30442 30452 30462
30402 30412 30422 30432 30442 30452 30462
30402 30412 30422 30432 30442 30452 30462
30402 30412 30422 30432 30442 30452 30462
30402 30412 30422 30432 30442 30452 30462
30402 30412 30422 30432 30442 30452 30462
30402 30412 30422 30432 30442 30452 30462
30402 30412 30422 30432 30442 30452 30462
30402 30412 30422 30432 30442 30452 30462
30402 30412 30422 30432 30442 30452 30462
30402 30412 30422 30432 30442 30452 30462
30402 30412 30422 30432 30442 30452 30462
30402 30412 30422 30432 30442 30452 30462
30402 30412 30422 30432 30442 30452 30462
30402 30412 30422 30432 30442 30452 30462
30402 30412 30422 30432 30442 30452 30462
30402 30412 30422 30432 30442 30452 30462
30402 30412 30422 30432 30442 30452 30462
30402 30412 30422 30432 30442 30452 30462
30402 30412 30422 30432 30442 30452 30462
30402 30412 30422 30432 30442 30452 30462
30402 30412 30422 30432 30442 30452 30462
30402 30412 30422 30432 30442 30452 30462
30402 30412 30422 30432 30442 30452 30462
30402 30412 30422 30432 30442 30452 30462
30402 30412 30422 30432 30442 30452 30462
30402 30412 30422 30432 30442 30452 30462
30402 30412 30422 30432 30442 30452 30462
30402 30412 30422 30432 30442 30452 30462
30402 30472 30422 30472 30472 30452 30462 30472
30402 30472 30422 30472 30472 30452 30462 30472
30402 30472 30422 30472 30472 30452 30462 30472
30402 30472 30422 30472 30472 30452 30462 30472
30402 30472 30422 30472 30472 30452 30462 30472
30402 30472 30422 30472 30472 30452 30462 30472
30402 30412 30422 30432 30442 30452 30462
30402 30412 30422 30432 30442 30452 30462
30402 30412 30422 30432 30442 30452 30462
30402 30412 30422 30432 30442 30452 30462
30402 30412 30422 30432 30442 30452 30462
30402 30412 30422 30432 30442 30452 30462
30402 30412 30422 30432 30442 30452 30462
30402 30412 30422 30432 30442 30452 30462
30402 30412 30422 30432 30442 30452 30462
30402 30412 30422 30432 30442 30452 30462
30402 30412 30422 30432 30442 30452 30462
30402 30412 30422 30432 30442 30452 30462
30402 30412 30422 30432 30442 30452 30462
30402 30412 30422 30432 30442 30452 30462
30402 30412 30422 30432 30442 30452 30462
30402 30412 30422 30432 30442 30452 30462
30402 30412 30422 30432 30442 30452 30462
30402 30412 30422 30432 30442 30452 30462
30402 30412 30422 30432 30442 30452 30462
30402 30412 30422 30432 30442 30452 30462
30402 30412 30422 30432 30442 30452 30462
30402 30412 30422 30432 30442 30452 30462
30402 30412 30422 30432 30442 30452 30462
30402 30412 30422 30432 30442 30452 30462
30402 30412 30422 30432 30442 30452 30462
30402 30412 30422 30432 30442 30452 30462
30402 30412 30422 30432 30442 30452 30462
30402 30412 30422 30432 30442 30452 30462
30402 30412 30422 30432 30442 30452 30462
30402 30412 30422 30432 30442 30452 30462
30402 30412 30422 30432 30442 30452 30462
30402 30412 30422 30432 30442 30452 30462
30402 30412 30422 30432 30442 30452 30462
30773
30773
30773
30773
30773
30773
30773
30773
30773
30773
30773
30773
30773
30773
30773
30773
30773
30773
30773
30773
30773
30773
30773
30773
30773
30773
30773
30773
