84581
84581
84581
84581
84581
84581
84581
84581
84581
84581
84581
84581
84581
84581
84581
84581
84581
84581
84581
84581
84581
84581
84581
84581
84581
84581
84581
84581
84581
84581
63722 63732 63742 63752 63762
63722 63732 63742 63752 63762
63722 63732 63742 63752 63762
63722 63732 63742 63752 63762
63722 63732 63742 63752 63762
63722 63732 63742 63752 63762
63722 63732 63742 63752 63762
63722 63732 63742 63752 63762
63722 63732 63742 63752 63762
63722 63732 63742 63752 63762
63722 63732 63742 63752 63762
63722 63732 63742 63752 63762
63722 63732 63742 63752 63762
63722 63732 63742 63752 63762
63722 63732 63742 63752 63762
63722 63732 63742 63752 63762
63722 63732 63742 63752 63762
63722 63732 63742 63752 63762
63722 63732 63742 63752 63762
63722 63732 63742 63752 63762
63722 63732 63742 63752 63762
63722 63732 63742 63752 63762
63722 63732 63742 63752 63762
63722 63732 63742 63752 63762
63722 63732 63742 63752 63762
63722 63732 63742 63752 63762
63722 63732 63742 63752 63762
63722 63732 63742 63752 63762
63722 63732 63742 63752 63762
63722 63732 63742 63752 63762
63722 63732 63742 63752 63762
63722 63732 63742 63752 63762
63722 63732 63742 63752 63762
63722 63732 63742 63752 63762
63722 63732 63742 63752 63762
63722 63732 63742 63752 63762
63722 63732 63742 63752 63762
63722 63732 63742 63752 63762
63722 63732 63742 63752 63762
63722 63732 63742 63752 63762
63722 63732 63742 63752 63762
63722 63732 63742 63752 63762
63722 63732 63742 63752 63762
63722 63732 63742 63752 63762
63722 63732 63742 63752 63762
63722 63732 63742 63752 63762
63722 63732 63742 63752 63762
63722 63732 63742 63752 63762
63722 63732 63742 63752 63762
63722 63732 63772 63772 63772 63772
63722 63732 63772 63772 63772 63772
63722 63732 63772 63772 63772 63772
63722 63732 63792 63792 63792 63792
63722 63732 63792 63792 63792 63792
63722 63732 63792 63792 63792 63792
63722 63732 63782 63782 63782 63782
63722 63732 63782 63782 63782 63782
63722 63732 63802 63802 63802 63802
63722 63732 63802 63802 63802 63802
63722 63732 63742 63752 63762
63722 63732 63742 63752 63762
63722 63732 63742 63752 63762
63722 63732 63742 63752 63762
63722 63732 63742 63752 63762
63722 63732 63742 63752 63762
63722 63732 63742 63752 63762
63722 63732 63742 63752 63762
63722 63732 63742 63752 63762
63722 63732 63742 63752 63762
63722 63732 63742 63752 63762
63722 63732 63742 63752 63762
63722 63732 63742 63752 63762
64483
64483
64483
64483
64483
64483
64483
64483
64483
64483
64483
64483
64483
64483
64483
64483
64483
64483
64483
64483
64483
64483
64483
64483
64483
64483
64483
64483
