84591
84591
84591
84591
84591
84591
84591
84591
84591
84591
84591
84591
84591
84591
84591
84591
84591
84591
84591
84591
84591
84591
84591
84591
84591
84591
84591
84591
84591
84591
8202 8212 8222
8202 8212 8222
8202 8212 8222
8202 8212 8222
8202 8212 8222
8202 8212 8222
8202 8212 8222
8202 8212 8222
8202 8212 8222
8202 8212 8222
8202 8212 8222
8202 8212 8222
8202 8212 8222
8202 8212 8222
8202 8212 8222
8202 8212 8222
8202 8212 8222
8202 8212 8222
8202 8212 8222
8202 8212 8222
8202 8212 8222
8202 8212 8222
8202 8212 8222
8202 8212 8222
8202 8212 8222
8202 8212 8222
8202 8212 8222
8202 8212 8222
8202 8212 8222
8202 8212 8222
8202 8212 8222
8202 8212 8222
8202 8212 8222
8202 8212 8222
8202 8212 8222
8202 8212 8222
8202 8212 8222
8232 8232 8232
8242 8242 8242
8202 8212 8222
8202 8212 8222
8202 8212 8222
8202 8212 8222
8202 8212 8222
8202 8212 8222
8202 8212 8222
8202 8212 8222
8202 8212 8222
8202 8212 8222
9573 9623 9633 9643 9653 9663 9673
9573 9623 9633 9643 9653 9663 9673
9573 9623 9633 9643 9653 9663 9673
9573 9623 9633 9643 9653 9663 9673
9573 9623 9633 9643 9653 9663 9673
9573 9623 9633 9643 9653 9663 9673
9573 9623 9633 9643 9653 9663 9673
9573 9623 9633 9643 9653 9663 9673
9573 9623 9633 9643 9653 9663 9673
9573 9623 9633 9643 9653 9663 9673
9573 9623 9633 9643 9653 9663 9673
9573 9623 9633 9643 9653 9663 9673
9573 9623 9633 9643 9653 9663 9673
9573 9623 9633 9643 9653 9663 9673
9573 9623 9633 9643 9653 9663 9673
9573 9623 9633 9643 9653 9663 9673
9573 9623 9633 9643 33233 9663 9673
9573 9623 9633 9643 33233 9663 9673
9573 9623 9633 9643 9653 9663 9673
9573 9623 9633 9643 9653 9663 9673
9573 9623 9633 9643 9653 9663 9673
9573 9623 9633 9643 9653 9663 9673
9573 9623 9633 9643 9653 9663 9673
9573 9623 9633 9643 9653 9663 9673
9573 9623 9633 9643 9653 9663 9673
9573 9623 9633 9643 9653 9663 9673
9573 9623 9633 9643 9653 9663 9673
9573 9623 9633 9643 9653 9663 9673
9573 9623 9633 9643 9653 9663 9673
9573 9623 9633 9643 9653 9663 9673
9573 9623 9633 9643 9653 9663 9673
9573 9623 9633 9643 9653 9663 9673
9573 9623 9633 9643 9653 9663 9673
9573 9623 9633 9643 9653 9663 9673
9573 9623 9633 9643 9653 9663 9673
9573 9623 9633 9643 9653 9663 9673
9573 9623 9633 9643 9653 9663 9673
9573 9623 9633 9643 9653 9663 9673
9573 9623 9633 9643 9653 9663 9673
9573 9623 9633 9643 9653 9663 9673
9573 9623 9633 9643 9653 9663 9673
9573 9623 9633 9643 9653 9663 9673
9573 9623 9633 9643 9653 9663 9673
9573 9623 9633 9643 9653 9663 9673
9573 9623 9633 9643 9653 9663 9673
9583 9583 9583 9583 9583 9583 9583
9593 9593 9593 9593 9593 9593 9593
9573 9623 9633 9643 9653 9663 9673
9603 9603 9603 9603 33233 9603 9603
9603 9603 9603 9603 9603 9603 9603
9573 9623 9633 9643 9653 9663 9673
9573 9623 9633 9643 9653 9663 9673
9573 9623 9633 9643 9653 9663 9673
9573 9623 9633 9643 9653 9663 9673
9573 9623 9633 9643 9653 9663 9673
9613 9613 9613 9613 9613 9613 9613
9613 9613 9613 9613 9613 9613 9613
9613 9613 9613 9613 9613 9613 9613
9573 9623 9633 9643 9653 9663 9673
9573 9623 9633 9643 9653 9663 9673
9573 9623 9633 9643 9653 9663 9673
9573 9623 9633 9643 9653 9663 9673
9573 9623 9633 9643 9653 9663 9673
9573 9623 9633 9643 9653 9663 9673
9573 9623 9633 9643 9653 9663 9673
9573 9623 9633 9643 9653 9663 9673
9573 9623 9633 9643 9653 9663 9673
11644 11654 11664 11674 11684
11644 11654 11664 11674 11684
11644 11654 11664 11674 11684
11644 11654 11664 11674 11684
11644 11654 11664 11674 11684
11644 11654 11664 11674 11684
11644 11654 11664 11674 11684
11644 11654 11664 11674 11684
11644 11654 11664 11674 11684
11644 11654 11664 11674 11684
11644 11654 11664 11674 11684
11644 11654 11664 11674 11684
11644 11654 11664 11674 11684
11644 11654 11664 11674 11684
11644 11654 11664 11674 11684
33684 33684 11664 33684 11684
33684 33684 11664 33684 11684
33684 33684 11664 33684 11684
11644 11654 11664 11674 11684
11644 11654 11664 11674 11684
11644 11654 11664 11674 11684
11644 11654 11664 11674 11684
11644 11654 11664 11674 11684
11644 11654 11664 11674 11684
11644 11654 11664 11674 11684
11644 11654 11664 11674 11684
11644 11654 11664 11674 11684
11644 11654 11664 11674 11684
11644 11654 11664 11674 11684
11644 11654 11664 11674 11684
11644 11654 11664 11674 11684
11644 11654 11664 11674 11684
11644 11654 11664 11674 11684
11644 11654 11664 11674 11684
11644 11654 11664 11674 11684
11644 11654 11664 11674 11684
11644 11654 11664 11674 11684
11644 11654 11664 11674 11684
11644 11654 11664 11674 11684
11644 11654 11664 11674 11684
11644 11654 11664 11674 11684
11644 11654 11664 11674 11684
11644 11654 11664 11674 11684
11644 11654 11664 11674 11684
11644 11654 11664 11674 11684
11644 11654 11664 11674 11684
11644 11654 11664 11674 11684
11694 11694 11694 11694 11694
11644 11654 11664 11674 11684
11704 11704 11704 11704 11704
11714 11714 11714 11714 11714
11724 11724 11724 11724 11724
11724 11724 11724 11724 11724
11724 11724 11724 11724 11724
11644 11654 11664 11674 11684
11644 11654 11664 11674 11684
11644 11654 11664 11674 11684
11734 11734 11734 11734 11734
11644 11654 11664 11674 11684
11644 11654 11664 11674 11684
11644 11654 33694 11674 11684
11644 11654 33694 11674 11684
11644 11654 33694 11674 11684
11644 11654 11664 11674 11684
11644 11654 11664 11674 11684
11644 11654 11664 11674 11684
12245 12255 12265 12275 12285 29655
12245 12255 12265 12275 12285 29655
12245 12255 12265 12275 12285 29655
12245 12255 12265 12275 12285 29655
12245 12255 12265 12275 12285 29655
12245 12255 12265 12275 12285 29655
12245 12255 12265 12275 12285 29655
12245 12255 12265 12275 12285 29655
12245 12255 12265 12275 12285 29655
12245 12255 12265 12275 12285 29655
12245 12255 12265 12275 12285 29655
12245 12255 12265 12275 12285 29655
12245 12255 12265 12275 12285 29655
12245 12255 12265 12275 12285 29655
12245 12255 12265 12275 12285 29655
12245 33805 12265 33805 12285 29655
12245 33805 12265 33805 12285 29655
12245 33805 12265 33805 12285 29655
12245 12255 12265 12275 12285 29655
12245 12255 12265 12275 12285 29655
12245 12255 12265 12275 12285 29655
12245 12255 12265 12275 12285 29655
12245 12255 12265 12275 12285 29655
12245 12255 12265 12275 12285 29655
12245 12255 12265 12275 12285 29655
12245 12255 12265 12275 12285 29655
12245 12255 12265 12275 12285 29655
12245 12255 12265 12275 12285 29655
12245 12255 12265 12275 12285 29655
12245 12255 12265 12275 12285 29655
12245 12255 12265 12275 12285 29655
12245 12255 12265 12275 12285 29655
12245 12255 12265 12275 12285 29655
12245 12255 12265 12275 12285 29655
12245 12255 12265 12275 12285 29655
12245 12255 12265 12275 12285 29655
12245 12255 12265 12275 12285 29655
12245 12255 12265 12275 12285 29655
12245 12255 12265 12275 12285 29655
12245 12255 12265 12275 12285 29655
12245 12255 12265 12275 12285 29655
12245 12255 12265 12275 12285 29655
12245 12255 12265 12275 12285 29655
12245 12255 12265 12275 12285 29655
12245 12255 12265 12275 12285 29655
12245 12255 12265 12275 12285 29655
12245 12255 12265 12275 12285 29655
12295 12295 12295 12295 12295 29655
12245 12255 12265 12275 12285 29655
12305 12305 12305 12305 12305 29655
12315 12315 12315 12315 12315 29655
12325 12325 12325 12325 12325 29655
12325 12325 12325 12325 12325 29655
12325 12325 12325 12325 12325 29655
12245 12255 12265 12275 12285 29655
12245 12255 12265 12275 12285 29655
12245 12255 12265 12275 12285 29655
12335 12335 12335 12335 12335 29655
12245 12255 12265 12275 12285 29655
12245 12255 12265 12275 12285 29655
12245 12255 33815 12275 12285 29655
12245 12255 33815 12275 12285 29655
12245 12255 33815 12275 12285 29655
12245 12255 12265 12275 12285 29655
12245 12255 12265 12275 12285 29655
12245 12255 12265 12275 12285 29655
