38751
38751
38751
38751
38751
38751
38751
38751
38751
38751
38751
38751
38751
38751
38751
38751
38751
38751
38751
38751
38751
38751
38751
38751
38751
38751
38751
38751
38751
38751
2812
2812
2812
2812
2812
2812
2812
2812
2812
2812
2812
2812
2812
2812
2812
2812
2812
2812
2812
2812
2812
2812
2812
2812
2812
2812
2812
2812
2812
2812
2812
2812
2812
2812
2812
2812
2812
2812
2812
2812
2812
2812
2812
2812
2812
2812
2812
2812
2812
3063 12373 12383 12393 12403 12413 12423
3063 12373 12383 12393 12403 12413 12423
3063 12373 12383 12393 12403 12413 12423
3063 12373 12383 12393 12403 12413 12423
3063 12373 12383 12393 12403 12413 12423
3063 12373 12383 12393 12403 12413 12423
3063 12373 12383 12393 12403 12413 12423
3063 12373 12383 12393 12403 12413 12423
3063 12373 12383 12393 12403 12413 12423
3063 12373 12383 12393 12403 12413 12423
3063 12373 12383 12393 12403 12413 12423
3063 12373 12383 12393 12403 12413 12423
3063 12373 12383 12393 12403 12413 12423
3063 12373 12383 12393 12403 12413 12423
3063 12373 12383 12393 12403 12413 12423
3063 12373 12383 12393 12403 12413 12423
3063 12373 12383 12393 12403 12413 12423
3063 12373 12383 12393 12403 12413 12423
3063 12373 12383 12393 12403 12413 12423
3063 12373 12383 12393 12403 12413 12423
3063 12373 12383 12393 12403 12413 12423
3063 12373 12383 12393 12403 12413 12423
3063 12373 12383 12393 12403 12413 12423
3063 12373 12383 12393 12403 12413 12423
3063 12373 12383 12393 12403 12413 12423
3063 12373 12383 12393 12403 12413 12423
3063 12373 12383 12393 12403 12413 12423
3063 12373 12383 12393 12403 12413 12423
3063 12373 12383 12393 12403 12413 12423
3063 12373 12383 12393 12403 12413 12423
3063 12373 12383 12393 12403 12413 12423
3063 12373 12383 12393 12403 12413 12423
3063 12373 12383 12393 12403 12413 12423
3063 12373 12383 12393 12403 12413 12423
3063 12373 12383 12393 12403 12413 12423
3063 12373 12383 12393 12403 12413 12423
3063 12373 12383 12393 12403 12413 12423
3063 12373 12383 12393 12403 12413 12423
3063 12373 12383 12393 12403 12413 12423
3063 12373 12383 12393 12403 12413 12423
3063 12373 12383 12393 12403 12413 12423
3063 12373 12383 12393 12403 12413 12423
3063 12373 12383 12393 12403 12413 12423
3063 12373 12383 12393 12403 12413 12423
3063 12373 12383 12393 12403 12413 12423
3063 12373 12383 12393 12403 12413 12423
3063 12373 12383 12393 12403 12413 12423
3063 12373 12383 12393 12403 12413 12423
3063 12373 12383 12393 12403 12413 12423
3063 12373 12383 12393 12403 12413 12423
3063 12373 12383 12393 12403 12413 12423
3063 12373 12383 12393 12403 12413 12423
3063 12373 12383 12393 12403 12413 12423
3063 12373 12383 12393 12403 12413 12423
3063 12373 12383 12393 12403 12413 12423
3063 12373 12383 12393 12403 12413 12423
3063 12373 12383 12393 12403 12413 12423
3063 12373 12383 12393 12403 12413 12423
3063 12373 12383 12393 12403 12413 12423
3063 12373 12383 12393 12403 12413 12423
3063 12373 12383 12393 12403 12413 12423
3063 12373 12383 12393 12403 12413 12423
3063 12373 12383 12393 12403 12413 12423
3063 12373 12383 12393 12403 12413 12423
3063 12373 12383 12393 12403 12413 12423
3063 12373 12383 12393 12403 12413 12423
3063 12373 12383 12393 12403 12413 12423
3364 3354 3374 3384 3394 3404
3364 3354 3374 3384 3394 3404
3364 3354 3374 3384 3394 3404
3364 3354 3374 3384 3394 3404
3364 3354 3374 3384 3394 3404
3364 3354 3374 3384 3394 3404
3364 3354 3374 3384 3394 3404
3364 3354 3374 3384 3394 3404
3364 3354 3374 3384 3394 3404
3364 3354 3374 3384 3394 3404
3364 3354 3374 3384 3394 3404
3364 3354 3374 3384 3394 3404
3364 3354 3374 3384 3394 3404
3364 3354 3374 3384 3394 3404
3364 3354 3374 3384 3394 3404
3364 3354 3374 3384 3394 3404
3364 3354 3374 3384 3394 3404
3364 3354 3374 3384 3394 3404
3364 3354 3374 3384 3394 3404
3364 3354 3374 3384 3394 3404
3364 3354 3374 3384 3394 3404
3364 3354 3374 3384 3394 3404
3364 3354 3374 3384 3394 3404
3364 3354 3374 3384 3394 3404
3364 3354 3374 3384 3394 3404
3364 3354 3374 3384 3394 3404
3364 3354 3374 3384 3394 3404
3364 3354 3374 3384 3394 3404
3364 3354 3374 3384 3394 3404
3364 3354 3374 3384 3394 3404
3364 3354 3374 3384 3394 3404
3364 3354 3374 3384 3394 3404
3364 3354 3374 3384 3394 3404
3364 3354 3374 3384 3394 3404
3364 3354 3374 3384 3394 3404
3364 3354 3374 3384 3394 3404
3364 3354 3374 3384 3394 3404
3364 3354 3374 3384 3394 3404
3364 3354 3374 3384 3394 3404
3364 3354 3374 3384 3394 3404
3364 3354 3374 3384 3394 3404
3364 3354 3374 3384 3394 3404
3364 3354 3374 3384 3394 3404
3364 3354 3374 3384 3394 3404
3364 3354 3374 3384 3394 3404
3364 3354 3374 3384 3394 3404
3364 3354 3374 3384 3394 3404
3364 3354 3374 3384 3394 3404
3364 3354 3374 3384 3394 3404
3364 3354 3374 3384 3394 3404
3364 3354 3374 3384 3394 3404
3364 3354 3374 3384 3394 3404
3364 3354 3374 3384 3394 3404
3364 3354 3374 3384 3394 3404
3364 3354 3374 3384 3394 3404
3364 3354 3374 3384 3394 3404
3364 3354 3374 3384 3394 3404
3364 3354 3374 3384 3394 3404
3364 3354 3374 3384 3394 3404
3364 3354 3374 3384 3394 3404
3364 3354 3374 3384 3394 3404
3364 3354 3374 3384 3394 3404
3364 3354 3374 3384 3394 3404
3364 3354 3374 3384 3394 3404
3364 3354 3374 3384 3394 3404
3364 3354 3374 3384 3394 3404
3725 3715 3735 3745 3755 3765 13945
3725 3715 3735 3745 3755 3765 13945
3725 3715 3735 3745 3755 3765 13945
3725 3715 3735 3745 3755 3765 13945
3725 3715 3735 3745 3755 3765 13945
3725 3715 3735 3745 3755 3765 13945
3725 3715 3735 3745 3755 3765 13945
3725 3715 3735 3745 3755 3765 13945
3725 3715 3735 3745 3755 3765 13945
3725 3715 3735 3745 3755 3765 13945
3725 3715 3735 3745 3755 3765 13945
3725 3715 3735 3745 3755 3765 13945
3725 3715 3735 3745 3755 3765 13945
3725 3715 3735 3745 3755 3765 13945
3725 3715 3735 3745 3755 3765 13945
3725 3715 3735 3745 3755 3765 13945
3725 3715 3735 3745 3755 3765 13945
3725 3715 3735 3745 3755 3765 13945
3725 3715 3735 3745 3755 3765 13945
3725 3715 3735 3745 3755 3765 13945
3725 3715 3735 3745 3755 3765 13945
3725 3715 3735 3745 3755 3765 13945
3725 3715 3735 3745 3755 3765 13945
3725 3715 3735 3745 3755 3765 13945
3725 3715 3735 3745 3755 3765 13945
3725 3715 3735 3745 3755 3765 13945
3725 3715 3735 3745 3755 3765 13945
3725 3715 3735 3745 3755 3765 13945
3725 3715 3735 3745 3755 3765 13945
3725 3715 3735 3745 3755 3765 13945
3725 3715 3735 3745 3755 3765 13945
3725 3715 3735 3745 3755 3765 13945
3725 3715 3735 3745 3755 3765 13945
3725 3715 3735 3745 3755 3765 13945
3725 3715 3735 3745 3755 3765 13945
3725 3715 3735 3745 3755 3765 13945
3725 3715 3735 3745 3755 3765 13945
3725 3715 3735 3745 3755 3765 13945
3725 3715 3735 3745 3755 3765 13945
3725 3715 3735 3745 3755 3765 13945
3725 3715 3735 3745 3755 3765 13945
3725 3715 3735 3745 3755 3765 13945
3725 3715 3735 3745 3755 3765 13945
3725 3715 3735 3745 3755 3765 13945
3725 3715 3735 3745 3755 3765 13945
3725 3715 3735 3745 3755 3765 13945
3725 3715 3735 3745 3755 3765 13945
3725 3715 3735 3745 3755 3765 13945
3725 3715 3735 3745 3755 3765 13945
3725 3715 3735 3745 3755 3765 13945
3725 3715 3735 3745 3755 3765 13945
3725 3715 3735 3745 3755 3765 13945
3725 3715 3735 3745 3755 3765 13945
3725 3715 3735 3745 3755 3765 13945
3725 3715 3735 3745 3755 3765 13945
3725 3715 3735 3745 3755 3765 13945
3725 3715 3735 3745 3755 3765 13945
3725 3715 3735 3745 3755 3765 13945
3725 3715 3735 3745 3755 3765 13945
3725 3715 3735 3745 3755 3765 13945
3725 3715 3735 3745 3755 3765 13945
3725 3715 3735 3745 3755 3765 13945
3725 3715 3735 3745 3755 3765 13945
3725 3715 3735 3745 3755 3765 13945
3725 3715 3735 3745 3755 3765 13945
3725 3715 3735 3745 3755 3765 13945
