84631
84631
84631
84631
84631
84631
84631
84631
84631
84631
84631
84631
84631
84631
84631
84631
84631
84631
84631
84631
84631
84631
84631
84631
84631
84631
84631
84631
84631
84631
9002 9012 9022
9002 9012 9022
9002 9012 9022
9002 9012 9022
9002 9012 9022
9002 9012 9022
9002 9012 9022
9002 9012 9022
9002 9012 9022
9002 9012 9022
9002 9012 9022
9002 9012 9022
9002 9012 9022
9002 9012 9022
9002 9012 9022
9002 9012 9022
9002 9012 9022
9002 9012 9022
9002 9012 9022
9002 9012 9022
9002 9012 9022
9002 9012 9022
9002 9012 9022
9002 9012 9022
9002 9012 9022
9002 9012 9022
9002 9012 9022
9002 9012 9022
9002 9012 9022
9002 9012 9022
9002 9012 9022
9002 9012 9022
9002 9012 9022
9002 9012 9022
9002 9012 9022
9002 9012 9022
9002 9012 9022
9032 9032 9032
9042 9042 9042
9002 9012 9022
9002 9012 9022
9002 9012 9022
9002 9012 9022
9002 9012 9022
9002 9012 9022
9002 9012 9022
9002 9012 9022
9002 9012 9022
9002 9012 9022
9253 9263 9273
9253 9263 9273
9253 9263 9273
9253 9263 9273
9253 9263 9273
9253 9263 9273
9253 9263 9273
9253 9263 9273
9253 9263 9273
9253 9263 9273
9253 9263 9273
9253 9263 9273
9253 9263 9273
9253 9263 9273
9253 9263 9273
9253 9263 9273
9253 9263 9273
9253 9263 9273
9253 9263 9273
9253 9263 9273
9253 9263 9273
9253 9263 9273
9253 9263 9273
9253 9263 9273
9253 9263 9273
9253 9263 9273
9253 9263 9273
9253 9263 9273
9253 9263 9273
9253 9263 9273
9253 9263 9273
9253 9263 9273
9253 9263 9273
9253 9263 9273
9253 9263 9273
9253 9263 9273
9253 9263 9273
9283 9283 9283
9293 9293 9293
9253 9263 9273
9253 9263 9273
9253 9263 9273
9253 9263 9273
9253 9263 9273
9253 9263 9273
9253 9263 9273
9253 9263 9273
9253 9263 9273
9253 9263 9273
51464 51474 51484 51494 51504 51514 51524 51534 51544 51664
51464 51474 51484 51494 51504 51514 51524 51534 51544 51664
51464 51474 51484 51494 51504 51514 51524 51534 51544 51664
51464 51474 51484 51494 51504 51514 51524 51534 51544 51664
51464 51474 51484 51654 51504 51514 51524 51654 51544 51664
51464 51474 51484 51494 51504 51514 51524 51534 51544 51664
51464 51474 51484 51494 51504 51514 51524 51534 51544 51664
51464 51474 51484 51654 51504 51514 51524 51654 51544 51664
51464 51474 51484 51494 51504 51514 51524 51534 51544 51664
51464 51474 51484 51494 51504 51514 51524 51534 51544 51664
51464 51474 51484 51494 51504 51514 51524 51534 51544 51664
51464 51474 51484 51494 51504 51514 51524 51534 51544 51664
51464 51474 51484 51494 51504 51514 51524 51534 51544 51664
51464 51474 51484 51494 51504 51514 51524 51534 51544 51664
51464 51474 51484 51494 51504 51514 51524 51534 51544 51664
51464 51474 51484 51494 51504 51514 51524 51534 51544 51664
51464 51654 51654 51654 51654 51654 51524 51654 51544 51664
51464 51474 51484 51494 51504 51514 51524 51534 51544 51664
51464 51474 51484 51494 51504 51514 51524 51534 51544 51664
51464 51474 51484 51654 51654 51514 51524 51654 51544 51664
51464 51474 51484 51494 51504 51514 51524 51534 51544 51664
51464 51474 51484 51494 51504 51514 51524 51534 51544 51664
51464 51474 51484 51654 51504 51514 51524 51654 51544 51664
51464 51474 51484 51494 51504 51514 51524 51534 51544 51664
51464 51474 51484 51494 51504 51514 51524 51534 51544 51664
51464 51474 51484 51494 51504 51514 51524 51534 51544 51664
51464 51474 51484 51494 51504 51514 51524 51534 51544 51664
51464 51474 51484 51494 51504 51514 51524 51534 51544 51664
51464 51474 51484 51494 51504 51514 51524 51534 51544 51664
51464 51474 51484 51494 51504 51514 51524 51534 51544 51664
51464 51474 51484 51494 51504 51514 51524 51534 51544 51664
51464 51474 51484 51494 51504 51514 51524 51534 51544 51664
51464 51474 51484 51494 51504 51514 51524 51534 51544 51664
51464 51474 51484 51494 51504 51514 51524 51534 51544 51664
51464 51474 51484 51494 51504 51514 51524 51534 51544 51664
51464 51474 51484 51494 51504 51514 51524 51534 51544 51664
51464 51474 51484 51494 51504 51514 51524 51534 51544 51664
51464 51474 51484 51494 51504 51514 51524 51534 51544 51664
51464 51474 51484 51494 51504 51514 51524 51534 51544 51664
51464 51474 51484 51494 51504 51514 51524 51534 51544 51664
51464 51474 51484 51494 51504 51514 51524 51534 51544 51664
51464 51474 51484 51494 51504 51514 51524 51534 51544 51664
51464 51474 51484 51494 51504 51514 51524 51534 51544 51664
51464 51474 51484 51494 51504 51514 51524 51534 51544 51664
51464 51474 51484 51494 51504 51514 51524 51534 51544 51664
51464 51474 51484 51494 51504 51514 51524 51534 51544 51664
51464 51474 51484 51494 51504 51514 51524 51534 51544 51664
51464 51474 51484 51494 51554 51514 51524 51534 51544 51554
51464 51474 51484 51494 51554 51514 51524 51534 51544 51554
51464 51474 51484 51564 51564 51574 51524 51574 51544 51564
51464 51474 51484 51564 51564 51574 51524 51574 51544 51564
51464 51474 51484 51564 51564 51574 51524 51574 51544 51564
51464 51474 51484 51564 51564 51574 51524 51574 51544 51564
51464 51474 51484 51564 51564 51574 51524 51574 51544 51564
51464 51474 51484 51564 51564 51574 51524 51574 51544 51564
51464 51474 51484 51564 51564 51574 51524 51574 51544 51564
51464 51474 51484 51564 51564 51574 51524 51574 51544 51564
51464 51474 51484 51564 51564 51574 51524 51574 51544 51564
51464 51474 51484 51564 51564 51574 51524 51574 51544 51564
51464 51474 51484 51564 51564 51574 51524 51574 51544 51564
51464 51474 51484 51564 51564 51574 51524 51574 51544 51564
51464 51474 51484 51564 51564 51574 51524 51574 51544 51564
51464 51474 51484 51564 51564 51574 51524 51574 51544 51564
51464 51474 51484 51564 51564 51574 51524 51574 51544 51564
51464 51474 51484 51564 51564 51574 51524 51574 51544 51564
51464 51474 51484 51494 51504 51514 51524 51534 51544 51664
51464 51474 51484 51584 51504 51514 51524 51534 51544 51664
51464 51474 51484 51584 51504 51614 51524 51614 51544 51664
51464 51594 51594 51594 51594 51594 51524 51594 51544 51594
51464 51594 51594 51594 51594 51594 51524 51594 51544 51594
51464 51674 51674 51674 51674 51674 51524 51674 51544 51674
51464 51674 51674 51674 51674 51674 51524 51674 51544 51674
51464 51594 51594 51594 51594 51594 51524 51594 51544 51594
51464 51594 51594 51594 51594 51594 51524 51594 51544 51594
51464 51674 51674 51674 51674 51674 51524 51674 51544 51674
51464 51674 51674 51674 51674 51674 51524 51674 51544 51674
51464 51594 51594 51594 51594 51594 51524 51594 51544 51594
51464 51594 51594 51594 51594 51594 51524 51594 51544 51594
51464 51674 51674 51674 51674 51674 51524 51674 51544 51674
51464 51674 51674 51674 51674 51674 51524 51674 51544 51674
51464 51594 51594 51594 51594 51594 51524 51594 51544 51594
51464 51594 51594 51594 51594 51594 51524 51594 51544 51594
51464 51674 51674 51674 51674 51674 51524 51674 51544 51674
51464 51674 51674 51674 51674 51674 51524 51674 51544 51674
51464 51474 51484 51494 51504 51514 51524 51534 51544 51664
51464 51604 51604 51604 51604 51604 51524 51604 51604 51604
51464 51474 51484 51494 51504 51514 51524 51534 51544 51664
51464 51474 51484 51494 51504 51514 51524 51534 51544 51664
51464 51474 51484 51494 51504 51514 51524 51534 51544 51664
51464 51474 51484 51614 51614 51514 51524 51614 51544 51664
51464 51474 51484 51614 51614 51514 51524 51614 51544 51664
51464 51474 51484 51494 51504 51514 51524 51534 51544 51664
51464 51474 51484 51614 51614 51514 51524 51614 51544 51664
51464 51474 51484 51614 51614 51514 51524 51614 51544 51664
51464 51474 51484 51494 51504 51514 51524 51624 51544 51664
51464 51474 51484 51494 51504 51514 51524 51624 51544 51664
51464 51474 51484 51494 51504 51514 51524 51534 51544 51664
51464 51684 51684 51684 51684 51684 51524 51684 51544 51684
51464 51684 51684 51684 51694 51684 51524 51684 51544 51694
51464 51474 51484 51494 51504 51514 51524 51534 51544 51664
51464 51684 51684 51684 51684 51684 51524 51684 51544 51684
51464 51684 51684 51684 51694 51684 51524 51684 51544 51694
51464 51474 51484 51494 51504 51514 51524 51534 51544 51664
51464 51704 51704 51704 51704 51704 51524 51704 51544 51704
51464 51704 51704 51704 51704 51704 51524 51704 51544 51704
51464 51574 51574 51574 51714 51574 51524 51574 51544 51714
51464 51474 51484 51494 51504 51514 51524 51534 51544 51664
51464 51704 51704 51704 51704 51704 51524 51704 51544 51704
51464 51704 51704 51704 51704 51704 51524 51704 51544 51704
51464 51574 51574 51574 51714 51574 51524 51574 51544 51714
51464 51474 51484 51494 51504 51514 51524 51534 51544 51664
51464 51474 51484 51494 51504 51514 51524 51534 51544 51664
51464 51474 51484 51634 51504 51634 51524 51634 51544 51664
51464 51474 51484 51634 51504 51634 51524 51634 51544 51664
51464 51474 51484 51494 51644 51514 51524 51534 51544 51664
51464 51474 51484 51494 51504 51514 51524 51534 51544 51664
51464 51474 51484 51494 51504 51514 51524 51534 51544 51664
66035 66045 66055 66065 66075 66085 66095
66035 66045 66055 66065 66075 66085 66095
66035 66045 66055 66065 66075 66085 66095
66035 66045 66055 66065 66075 66085 66095
66035 66045 66055 66065 66075 66085 66095
66035 66045 66055 66065 66075 66085 66095
66035 66045 66055 66065 66075 66085 66095
66035 66045 66055 66065 66075 66085 66095
66035 66045 66055 66065 66075 66085 66095
66035 66045 66055 66065 66075 66085 66095
66035 66045 66055 66065 66075 66085 66095
66035 66045 66055 66065 66075 66085 66095
66035 66045 66055 66065 66075 66085 66095
66035 66045 66055 66065 66075 66085 66095
66035 66045 66055 66065 66075 66085 66095
66035 66045 66055 66065 66075 66085 66095
66035 66045 66055 66065 66075 66085 66095
66035 66045 66055 66065 66075 66085 66095
66035 66045 66055 66065 66075 66085 66095
66035 66045 66055 66065 66075 66085 66095
66035 66045 66055 66065 66075 66085 66095
66035 66045 66055 66065 66075 66085 66095
66035 66045 66055 66065 66075 66085 66095
66035 66045 66055 66065 66075 66085 66095
66035 66045 66055 66065 66075 66085 66095
66035 66045 66055 66065 66075 66085 66095
66035 66045 66055 66065 66075 66085 66095
66035 66045 66055 66065 66075 66085 66095
66035 66045 66055 66065 66075 66085 66095
66035 66045 66055 66065 66075 66085 66095
66035 66045 66055 66065 66075 66085 66095
66035 66045 66055 66065 66075 66085 66095
66035 66045 66055 66065 66075 66085 66095
66035 66045 66055 66065 66075 66085 66095
66035 66045 66055 66065 66075 66085 66095
66035 66045 66055 66065 66075 66085 66095
66035 66045 66055 66065 66075 66085 66095
66035 66045 66055 66065 66075 66085 66095
66035 66045 66055 66065 66075 66085 66095
66035 66045 66055 66065 66075 66085 66095
66035 66105 66055 66065 66075 66085 66095
66035 66045 66055 66115 66115 66125 66095
66035 66135 66055 66065 66075 66085 66095
66035 66145 66055 66065 66075 66085 66095
66035 66155 66055 66065 66075 66085 66095
66035 66135 66055 66065 66075 66085 66095
66035 66145 66055 66065 66075 66085 66095
66035 66155 66055 66065 66075 66085 66095
66035 66045 66055 66065 66075 66085 66095
66035 66045 66055 66065 66075 66085 66095
66035 66175 66055 66065 66075 66085 66095
66035 66185 66055 66065 66075 66085 66095
66035 66045 66055 66065 66075 66085 66095
66035 66045 66055 66065 66075 66085 66095
66035 66045 66055 66065 66075 66085 66095
66035 66195 66055 66195 66195 66085 66095
66035 66225 66055 66205 66205 66085 66095
66035 66215 66055 66215 66215 66085 66095
66035 66045 66055 66065 66075 66235 66095
