38791
38791
38791
38791
38791
38791
38791
38791
38791
38791
38791
38791
38791
38791
38791
38791
38791
38791
38791
38791
38791
38791
38791
38791
38791
38791
38791
38791
38791
38791
8522 8532 8542 8552 8562 8572 8582
8522 8532 8542 8552 8562 8572 8582
8522 8532 8542 8552 8562 8572 8582
8522 8532 8542 8552 8562 8572 8582
8522 8532 8542 8552 8562 8572 8582
8522 8532 8542 8552 8562 8572 8582
8522 8532 8542 8552 8562 8572 8582
8522 8532 8542 8552 8562 8572 8582
8522 8532 8542 8552 8562 8572 8582
8522 8532 8542 8552 8562 8572 8582
8522 8532 8542 8552 8562 8572 8582
8522 8532 8542 8552 8562 8572 8582
8522 8532 8542 8552 8562 8572 8582
8522 8532 8542 8552 8562 8572 8582
8522 8532 8542 8552 8562 8572 8582
8522 8532 8542 8552 8562 8572 8582
8522 8532 8542 8552 8562 8572 8582
8522 8532 8542 8552 8562 8572 8582
8522 8532 8542 8552 8562 8572 8582
8522 8532 8542 8552 8562 8572 8582
8522 8532 8542 8552 8562 8572 8582
8522 8532 8542 8552 8562 8572 8582
8522 8532 8542 8552 8562 8572 8582
8522 8532 8542 8552 8562 8572 8582
8522 8532 8542 8552 8562 8572 8582
8522 8532 8542 8552 8562 8572 8582
8522 8532 8542 8552 8562 8572 8582
8522 8532 8542 8552 8562 8572 8582
8522 8532 8542 8552 8562 8572 8582
8522 8532 8542 8552 8562 8572 8582
8522 8532 8542 8552 8562 8572 8582
8522 8532 8542 8552 8562 8572 8582
8522 8532 8542 8552 8562 8572 8582
8522 15592 8542 15592 15592 8572 8582 15592
8522 15592 8542 15592 15592 8572 8582 15592
8522 15592 8542 15592 15592 8572 8582 15592
8522 15592 8542 15592 15592 8572 8582 15592
8522 15592 8542 15592 15592 8572 8582 15592
8522 15592 8542 15592 15592 8572 8582 15592
8522 8532 8542 8552 8562 8572 8582
8522 8532 8542 8552 8562 8572 8582
8522 8532 8542 8552 8562 8572 8582
8522 8532 8542 8552 8562 8572 8582
8522 8532 8542 8552 8562 8572 8582
8522 8532 8542 8552 8562 8572 8582
8522 8532 8542 8552 8562 8572 8582
8522 8532 8542 8552 8562 8572 8582
8522 8532 8542 8552 8562 8572 8582
8522 8532 8542 8552 8562 8572 8582
8522 8532 8542 8552 8562 8572 8582
8522 8532 8542 8552 8562 8572 8582
8522 8532 8542 8552 8562 8572 8582
8522 8532 8542 8552 8562 8572 8582
8522 8532 8542 8552 8562 8572 8582
8522 8532 8542 8552 8562 8572 8582
8522 8532 8542 8552 8562 8572 8582
8522 8532 8542 8552 8562 8572 8582
8522 8532 8542 8552 8562 8572 8582
8522 8532 8542 8552 8562 8572 8582
8522 8532 8542 8552 8562 8572 8582
8522 8532 8542 8552 8562 8572 8582
8522 8532 8542 8552 8562 8572 8582
8522 8532 8542 8552 8562 8572 8582
8522 8532 8542 8552 8562 8572 8582
8522 8532 8542 8552 8562 8572 8582
8522 8532 8542 8552 8562 8572 8582
8522 8532 8542 8552 8562 8572 8582
8522 8532 8542 8552 8562 8572 8582
8522 8532 8542 8552 8562 8572 8582
8522 8532 8542 8552 8562 8572 8582
8522 8532 8542 8552 8562 8572 8582
8522 8532 8542 8552 8562 8572 8582
9153 9163 9173 9183 9193 9203 9213
9153 9163 9173 9183 9193 9203 9213
9153 9163 9173 9183 9193 9203 9213
9153 9163 9173 9183 9193 9203 9213
9153 9163 9173 9183 9193 9203 9213
9153 9163 9173 9183 9193 9203 9213
9153 9163 9173 9183 9193 9203 9213
9153 9163 9173 9183 9193 9203 9213
9153 9163 9173 9183 9193 9203 9213
9153 9163 9173 9183 9193 9203 9213
9153 9163 9173 9183 9193 9203 9213
9153 9163 9173 9183 9193 9203 9213
9153 9163 9173 9183 9193 9203 9213
9153 9163 9173 9183 9193 9203 9213
9153 9163 9173 9183 9193 9203 9213
9153 9163 9173 9183 9193 9203 9213
9153 9163 9173 9183 9193 9203 9213
9153 9163 9173 9183 9193 9203 9213
9153 9163 9173 9183 9193 9203 9213
9153 9163 9173 9183 9193 9203 9213
9153 9163 9173 9183 9193 9203 9213
9153 9163 9173 9183 9193 9203 9213
9153 9163 9173 9183 9193 9203 9213
9153 9163 9173 9183 9193 9203 9213
9153 9163 9173 9183 9193 9203 9213
9153 9163 9173 9183 9193 9203 9213
9153 9163 9173 9183 9193 9203 9213
9153 9163 9173 9183 9193 9203 9213
9153 9163 9173 9183 9193 9203 9213
9153 9163 9173 9183 9193 9203 9213
9153 9163 9173 9183 9193 9203 9213
9153 9163 9173 9183 9193 9203 9213
9153 9163 9173 9183 9193 9203 9213
9153 15683 9173 15683 15683 15683 9213
9153 15683 9173 15683 15683 15683 9213
9153 15683 9173 15683 15683 15683 9213
9153 15683 9173 15683 15683 15683 9213
9153 15683 9173 15683 15683 15683 9213
9153 15683 9173 15683 15683 15683 9213
9153 9163 9173 9183 9193 9203 9213
9153 9163 9173 9183 9193 9203 9213
9153 9163 9173 9183 9193 9203 9213
9153 9163 9173 9183 9193 9203 9213
9153 9163 9173 9183 9193 9203 9213
9153 9163 9173 9183 9193 9203 9213
9153 9163 9173 9183 9193 9203 9213
9153 9163 9173 9183 9193 9203 9213
9153 9163 9173 9183 9193 9203 9213
9153 9163 9173 9183 9193 9203 9213
9153 9163 9173 9183 9193 9203 9213
9153 9163 9173 9183 9193 9203 9213
9153 9163 9173 9183 9193 9203 9213
9153 9163 9173 9183 9193 9203 9213
9153 9163 9173 9183 9193 9203 9213
9153 9163 9173 9183 9193 9203 9213
9153 9163 9173 9183 9193 9203 9213
9153 9163 9173 9183 9193 9203 9213
9153 9163 9173 9183 9193 9203 9213
9153 9163 9173 9183 9193 9203 9213
9153 9163 9173 9183 9193 9203 9213
9153 9163 9173 9183 9193 9203 9213
9153 9163 9173 9183 9193 9203 9213
9153 9163 9173 9183 9193 9203 9213
9153 9163 9173 9183 9193 9203 9213
9153 9163 9173 9183 9193 9203 9213
9153 9163 9173 9183 9193 9203 9213
9153 9163 9173 9183 9193 9203 9213
9153 9163 9173 9183 9193 9203 9213
9153 9163 9173 9183 9193 9203 9213
9153 9163 9173 9183 9193 9203 9213
9153 9163 9173 9183 9193 9203 9213
9153 9163 9173 9183 9193 9203 9213
