84631
84631
84631
84631
84631
84631
84631
84631
84631
84631
84631
84631
84631
84631
84631
84631
84631
84631
84631
84631
84631
84631
84631
84631
84631
84631
84631
84631
84631
84631
21902 21912 21922 21932 21942
21902 21912 21922 21932 21942
21902 21912 21922 21932 21942
21902 21912 21922 21932 21942
21902 21912 21922 21932 21942
21902 21912 21922 21932 21942
21902 21912 21922 21932 21942
21902 21912 21922 21932 21942
21902 21912 21922 21932 21942
21902 21912 21922 21932 21942
21902 21912 21922 21932 21942
21902 21912 21922 21932 21942
21902 21912 21922 21932 21942
21902 21912 21922 21932 21942
21902 21912 21922 21932 21942
21902 21912 21922 21932 21942
21902 21912 21922 21932 21942
21902 21912 21922 21932 21942
21902 21912 21922 21932 21942
21902 21912 21922 21932 21942
21902 21912 21922 21932 21942
21902 21912 21922 21932 21942
21902 21912 21922 21932 21942
21902 21912 21922 21932 21942
21902 21912 21922 21932 21942
21902 21912 21922 21932 21942
21902 21912 21922 21932 21942
21902 21912 21922 21932 21942
21902 21912 21922 21932 21942
21902 21912 21922 21932 21942
21902 21912 21922 21932 21942
21902 21912 21922 21932 21942
21902 21912 21922 21932 21942
21902 21912 21922 21932 21942
21902 21912 21922 21932 21942
21902 21912 21922 21932 21942
21902 21912 21922 21932 21942
21902 21912 21922 21932 21942
21902 21912 21922 21932 21942
21902 21912 21922 21932 21942
21902 21912 21922 21932 21942
21902 21912 21922 21932 21942
21902 21912 21922 21932 21942
21902 21912 21922 21932 21942
21902 21912 21922 21932 21942
21902 21912 21922 21932 21942
21902 21912 21922 21932 21942
21902 21912 21922 21932 21942
21902 21912 21922 21932 21942
21902 21912 21952 21952 21952 21952
21902 21912 21952 21952 21952 21952
21902 21912 21952 21952 21952 21952
21902 21912 34892 34892 34892 34892
21902 21912 34892 34892 34892 34892
21902 21912 34892 34892 34892 34892
21902 21912 21962 21962 21962 21962
21902 21912 21962 21962 21962 21962
21902 21912 34902 34902 34902 34902
21902 21912 34902 34902 34902 34902
21902 21912 21922 21932 21942
21902 21912 21922 21932 21942
21902 21912 21922 21932 21942
21902 21912 21922 21932 21942
21902 21912 21922 21932 21942
21902 21912 21922 21932 21942
21902 21912 21922 21932 21942
21902 21912 21922 21932 21942
21902 21912 21922 21932 21942
21902 21912 21922 21932 21942
21902 21912 21922 21932 21942
21902 21912 21922 21932 21942
21902 21912 21922 21932 21942
22533 22543 22553 22563 22573
22533 22543 22553 22563 22573
22533 22543 22553 22563 22573
22533 22543 22553 22563 22573
22533 22543 22553 22563 22573
22533 22543 22553 22563 22573
22533 22543 22553 22563 22573
22533 22543 22553 22563 22573
22533 22543 22553 22563 22573
22533 22543 22553 22563 22573
22533 22543 22553 22563 22573
22533 22543 22553 22563 22573
22533 22543 22553 22563 22573
22533 22543 22553 22563 22573
22533 22543 22553 22563 22573
22533 22543 22553 22563 22573
22533 22543 22553 22563 22573
22533 22543 22553 22563 22573
22533 22543 22553 22563 22573
22533 22543 22553 22563 22573
22533 22543 22553 22563 22573
22533 22543 22553 22563 22573
22533 22543 22553 22563 22573
22533 22543 22553 22563 22573
22533 22543 22553 22563 22573
22533 22543 22553 22563 22573
22533 22543 22553 22563 22573
22533 22543 22553 22563 22573
22533 22543 22553 22563 22573
22533 22543 22553 22563 22573
22533 22543 22553 22563 22573
22533 22543 22553 22563 22573
22533 22543 22553 22563 22573
22533 22543 22553 22563 22573
22533 22543 22553 22563 22573
22533 22543 22553 22563 22573
22533 22543 22553 22563 22573
22533 22543 22553 22563 22573
22533 22543 22553 22563 22573
22533 22543 22553 22563 22573
22533 22543 22553 22563 22573
22533 22543 22553 22563 22573
22533 22543 22553 22563 22573
22533 22543 22553 22563 22573
22533 22543 22553 22563 22573
22533 22543 22553 22563 22573
22533 22543 22553 22563 22573
22533 22543 22553 22563 22573
22533 22543 22553 22563 22573
22533 22543 22583 22583 22583 22583
22533 22543 22583 22583 22583 22583
22533 22543 22583 22583 22583 22583
22533 22543 35073 35073 35073 35073
22533 22543 35073 35073 35073 35073
22533 22543 35073 35073 35073 35073
22533 22543 22593 22593 22593 22593
22533 22543 22593 22593 22593 22593
22533 22543 35083 35083 35083 35083
22533 22543 35083 35083 35083 35083
22533 22543 22553 22563 22573
22533 22543 22553 22563 22573
22533 22543 22553 22563 22573
22533 22543 22553 22563 22573
22533 22543 22553 22563 22573
22533 22543 22553 22563 22573
22533 22543 22553 22563 22573
22533 22543 22553 22563 22573
22533 22543 22553 22563 22573
22533 22543 22553 22563 22573
22533 22543 22553 22563 22573
22533 22543 22553 22563 22573
22533 22543 22553 22563 22573
