0 0 0
1 0 1
2 0 2
3 0 3
4 0 4
5 0 5
6 0 6
7 0 7
8 0 8
9 0 9
10 0 10
11 0 11
0 0 0
12 0 12
13 1 13
14 1 14
15 1 15
16 1 16
17 1 17
18 1 18
19 1 19
20 1 20
21 1 21
13 1 13
22 1 22
23 1 23
24 1 24
25 1 25
26 1 26
27 1 27
0 0 0
1 0 1
1 0 1
2 0 2
3 0 3
4 0 4
5 0 5
6 0 6
7 0 7
8 0 8
9 0 9
10 0 10
11 0 11
12 0 12
13 0 13
14 1 14
23 1 23
15 2 15
16 3 16
17 4 17
18 5 18
19 6 19
20 7 20
21 8 21
22 9 22
24 1 24
25 1 25
26 1 26
27 1 27
28 1 28
29 1 29
30 1 30
31 1 31
32 1 32
33 1 33
34 1 34
35 1 35
36 1 36
37 1 37
38 1 38
39 1 39
40 1 40
38 1 38
39 1 39
40 1 40
41 1 41
42 1 42
43 1 43
44 1 44
45 10 45
46 11 46
47 12 47
45 10 45
46 11 46
47 12 47
48 10 45
49 13 48
48 10 45
49 13 48
50 14 49
51 14 49
52 15 50
53 16 51
54 17 52
55 18 53
56 19 54
57 1 55
58 1 56
59 1 57
60 1 58
61 16 51
62 1 59
0 0 0
1 0 1
1 0 1
2 0 2
3 0 3
4 0 4
5 0 5
6 0 6
7 0 7
8 0 8
9 0 9
10 0 10
11 0 11
12 0 12
13 0 13
14 1 14
23 1 23
15 2 15
16 3 16
17 4 17
18 5 18
19 6 19
20 7 20
21 8 21
22 9 22
24 1 24
25 1 25
26 1 26
27 1 27
28 1 28
29 1 29
30 1 30
31 1 31
32 1 32
33 1 33
34 1 34
35 1 35
36 1 36
37 1 37
38 1 38
39 1 39
40 1 40
38 1 38
39 1 39
40 1 40
41 1 41
42 1 42
43 1 43
44 1 44
45 10 45
46 11 46
47 12 47
45 10 45
46 11 46
47 12 47
48 10 45
49 13 48
48 10 45
49 13 48
50 14 49
51 14 49
52 15 50
53 16 51
54 17 52
55 18 53
56 19 54
57 1 55
58 1 56
59 1 57
60 1 58
61 16 51
62 1 59
