84571
84571
84571
84571
84571
84571
84571
84571
84571
84571
84571
84571
84571
84571
84571
84571
84571
84571
84571
84571
84571
84571
84571
84571
84571
84571
84571
84571
84571
84571
5792 5842 5852 5862
5792 5842 5852 5862
5792 5842 5852 5862
5792 5842 5852 5862
5792 5842 5852 5862
5792 5842 5852 5862
5792 5842 5852 5862
5792 5842 5852 5862
5792 5842 5852 5862
5792 5842 5852 5862
5792 5842 5852 5862
5792 5842 5852 5862
5792 5842 5852 5862
5792 5842 5852 5862
5792 5842 5852 5862
5792 5842 5852 5862
5792 5842 5852 5862
5792 5842 5852 5862
5792 5842 5852 5862
5792 5842 5852 5862
5792 5842 5852 5862
5792 5842 5852 5862
5792 5842 5852 5862
5792 5842 5852 5862
5792 5842 5852 5862
5792 5842 5852 5862
5792 5842 5852 5862
5792 5842 5852 5862
5792 5842 5852 5862
5792 5842 5852 5862
5792 5842 5852 5862
5792 5842 5852 5862
5792 5842 5852 5862
5792 5842 5852 5862
5792 5842 5852 5862
5792 5842 5852 5862
5792 5842 5852 5862
5792 5842 5852 5862
5802 5802 5802 5802
5812 5812 5812 5812
5792 5842 5852 5862
5822 5822 5822 5822
5822 5822 5822 5822
5792 5842 5852 5862
5792 5842 5852 5862
5832 5832 5832 5832
5792 5842 5852 5862
5792 5842 5852 5862
5792 5842 5852 5862
5792 5842 5852 5862
9353 9403 9413 9423 9433 9443 9453
9353 9403 9413 9423 9433 9443 9453
9353 9403 9413 9423 9433 9443 9453
9353 9403 9413 9423 9433 9443 9453
9353 9403 9413 9423 9433 9443 9453
9353 9403 9413 9423 9433 9443 9453
9353 9403 9413 9423 9433 9443 9453
9353 9403 9413 9423 9433 9443 9453
9353 9403 9413 9423 9433 9443 9453
9353 9403 9413 9423 9433 9443 9453
9353 9403 9413 9423 9433 9443 9453
9353 9403 9413 9423 9433 9443 9453
9353 9403 9413 9423 9433 9443 9453
9353 9403 9413 9423 9433 9443 9453
9353 9403 9413 9423 9433 9443 9453
9353 9403 9413 9423 9433 9443 9453
9353 9403 9413 9423 33213 9443 9453
9353 9403 9413 9423 33213 9443 9453
9353 9403 9413 9423 9433 9443 9453
9353 9403 9413 9423 9433 9443 9453
9353 9403 9413 9423 9433 9443 9453
9353 9403 9413 9423 9433 9443 9453
9353 9403 9413 9423 9433 9443 9453
9353 9403 9413 9423 9433 9443 9453
9353 9403 9413 9423 9433 9443 9453
9353 9403 9413 9423 9433 9443 9453
9353 9403 9413 9423 9433 9443 9453
9353 9403 9413 9423 9433 9443 9453
9353 9403 9413 9423 9433 9443 9453
9353 9403 9413 9423 9433 9443 9453
9353 9403 9413 9423 9433 9443 9453
9353 9403 9413 9423 9433 9443 9453
9353 9403 9413 9423 9433 9443 9453
9353 9403 9413 9423 9433 9443 9453
9353 9403 9413 9423 9433 9443 9453
9353 9403 9413 9423 9433 9443 9453
9353 9403 9413 9423 9433 9443 9453
9353 9403 9413 9423 9433 9443 9453
9353 9403 9413 9423 9433 9443 9453
9353 9403 9413 9423 9433 9443 9453
9353 9403 9413 9423 9433 9443 9453
9353 9403 9413 9423 9433 9443 9453
9353 9403 9413 9423 9433 9443 9453
9353 9403 9413 9423 9433 9443 9453
9353 9403 9413 9423 9433 9443 9453
9363 9363 9363 9363 9363 9363 9363
9373 9373 9373 9373 9373 9373 9373
9353 9403 9413 9423 9433 9443 9453
9383 9383 9383 9383 33213 9383 9383
9383 9383 9383 9383 9383 9383 9383
9353 9403 9413 9423 9433 9443 9453
9353 9403 9413 9423 9433 9443 9453
9353 9403 9413 9423 9433 9443 9453
9353 9403 9413 9423 9433 9443 9453
9353 9403 9413 9423 9433 9443 9453
9393 9393 9393 9393 9393 9393 9393
9393 9393 9393 9393 9393 9393 9393
9393 9393 9393 9393 9393 9393 9393
9353 9403 9413 9423 9433 9443 9453
9353 9403 9413 9423 9433 9443 9453
9353 9403 9413 9423 9433 9443 9453
9353 9403 9413 9423 9433 9443 9453
9353 9403 9413 9423 9433 9443 9453
9353 9403 9413 9423 9433 9443 9453
9353 9403 9413 9423 9433 9443 9453
9353 9403 9413 9423 9433 9443 9453
9353 9403 9413 9423 9433 9443 9453
64284
64284
64284
64284
64284
64284
64284
64284
64284
64284
64284
64284
64284
64284
64284
64284
64284
64284
64284
64284
64284
64284
64284
64284
64284
64284
64284
64284
64284
64284
64284
64284
64284
64284
64284
64284
64284
64284
64284
64294
64294
64284
64284
64284
