84581
84581
84581
84581
84581
84581
84581
84581
84581
84581
84581
84581
84581
84581
84581
84581
84581
84581
84581
84581
84581
84581
84581
84581
84581
84581
84581
84581
84581
84581
13442 13462 13472 13482 13492
13442 13462 13472 13482 13492
13442 13462 13472 13482 13492
13442 13462 13472 13482 13492
13442 13462 13472 13482 13492
13442 13462 13472 13482 13492
13442 13462 13472 13482 13492
13442 13462 13472 13482 13492
13442 13462 13472 13482 13492
13442 13462 13472 13482 13492
13442 13462 13472 13482 13492
13442 13462 13472 13482 13492
13442 13462 13472 13482 13492
13442 13462 13472 13482 13492
13442 13462 13472 13482 13492
13442 13462 13472 13482 34032
13442 13462 13472 13482 34032
13442 13462 13472 13482 34032
13442 13462 13472 13482 13492
13442 13462 13472 13482 13492
13442 13462 13472 13482 13492
13442 13462 13472 13482 13492
13442 13462 13472 13482 13492
13442 13462 13472 13482 13492
13442 13462 13472 13482 13492
13442 13462 13472 13482 13492
13442 13462 13472 13482 13492
13442 13462 13472 13482 13492
13442 13462 13472 13482 13492
13442 13462 13472 13482 13492
13442 13462 13472 13482 13492
13442 13462 13472 13482 13492
13442 13462 13472 13482 13492
13442 13462 13472 13482 13492
13442 13462 13472 13482 13492
13442 13462 13472 13482 13492
13442 13462 13472 13482 13492
13442 13462 13472 13482 13492
13442 13462 13472 13482 13492
13442 13462 13472 13482 13492
13442 13462 13472 13482 13492
13442 13462 13472 13482 13492
13442 13462 13472 13482 13492
13442 13462 13472 13482 13492
13442 13462 13472 13482 13492
13442 13462 13472 13482 13492
13442 13462 13472 13482 13492
13452 13452 13452 13482 13492
13442 13462 13472 13482 13492
13442 13462 13472 13482 13492
13442 13462 13472 13482 13492
13442 13462 13472 13482 13492
13442 13462 13472 13482 13492
13442 13462 13472 13482 13492
13442 13462 13472 13482 13492
13442 13462 13472 13482 13492
13442 13522 13472 13482 13492
13442 13462 13472 13482 13492
13442 13462 13472 13482 13492
13532 13532 13532 13482 13492
13442 13462 13472 13482 13492
13442 13462 13472 13482 13492
28582 28582 28582 13482 13492
28592 28592 28592 28592 28592
28592 28592 28592 28592 28592
28592 28592 28592 28592 28592
13442 13462 13472 13482 13492
64303
64303
64303
64303
64303
64303
64303
64303
64303
64303
64303
64303
64303
64303
64303
64303
64303
64303
64303
64303
64303
64303
64303
64303
64303
64303
64303
64303
64303
64303
64303
64303
64303
64303
64303
64303
64303
64303
64303
64313
64313
64303
64303
64303
64984 64994 65004 65014 65024 65034 65044
64984 64994 65004 65014 65024 65034 65044
64984 64994 65004 65014 65024 65034 65044
64984 64994 65004 65014 65024 65034 65044
64984 64994 65004 65014 65024 65034 65044
64984 64994 65004 65014 65024 65034 65044
64984 64994 65004 65014 65024 65034 65044
64984 64994 65004 65014 65024 65034 65044
64984 64994 65004 65014 65024 65034 65044
64984 64994 65004 65014 65024 65034 65044
64984 64994 65004 65014 65024 65034 65044
64984 64994 65004 65014 65024 65034 65044
64984 64994 65004 65014 65024 65034 65044
64984 64994 65004 65014 65024 65034 65044
64984 64994 65004 65014 65024 65034 65044
64984 64994 65004 65014 65024 65034 65044
64984 64994 65004 65014 65024 65034 65044
64984 64994 65004 65014 65024 65034 65044
64984 64994 65004 65014 65024 65034 65044
64984 64994 65004 65014 65024 65034 65044
64984 64994 65004 65014 65024 65034 65044
64984 64994 65004 65014 65024 65034 65044
64984 64994 65004 65014 65024 65034 65044
64984 64994 65004 65014 65024 65034 65044
64984 64994 65004 65014 65024 65034 65044
64984 64994 65004 65014 65024 65034 65044
64984 64994 65004 65014 65024 65034 65044
64984 64994 65004 65014 65024 65034 65044
64984 64994 65004 65014 65024 65034 65044
64984 64994 65004 65014 65024 65034 65044
64984 64994 65004 65014 65024 65034 65044
64984 64994 65004 65014 65024 65034 65044
64984 64994 65004 65014 65024 65034 65044
64984 64994 65004 65014 65024 65034 65044
64984 64994 65004 65014 65024 65034 65044
64984 64994 65004 65014 65024 65034 65044
64984 64994 65004 65014 65024 65034 65044
64984 64994 65004 65014 65024 65034 65044
64984 64994 65004 65014 65024 65034 65044
64984 64994 65004 65014 65024 65034 65044
64984 65054 65004 65014 65024 65034 65044
64984 64994 65004 65064 65064 65074 65044
64984 65084 65004 65014 65024 65034 65044
64984 65094 65004 65014 65024 65034 65044
64984 65104 65004 65014 65024 65034 65044
64984 65084 65004 65014 65024 65034 65044
64984 65094 65004 65014 65024 65034 65044
64984 65104 65004 65014 65024 65034 65044
64984 64994 65004 65014 65024 65034 65044
64984 64994 65004 65014 65024 65034 65044
64984 65124 65004 65014 65024 65034 65044
64984 65134 65004 65014 65024 65034 65044
64984 64994 65004 65014 65024 65034 65044
64984 64994 65004 65014 65024 65034 65044
64984 64994 65004 65014 65024 65034 65044
64984 65144 65004 65144 65144 65034 65044
64984 65174 65004 65154 65154 65034 65044
64984 65164 65004 65164 65164 65034 65044
64984 64994 65004 65014 65024 65184 65044
