38741
38741
38741
38741
38741
38741
38741
38741
38741
38741
38741
38741
38741
38741
38741
38741
38741
38741
38741
38741
38741
38741
38741
38741
38741
38741
38741
38741
38741
38741
4432 4442 4452 4462 4482 4472
4432 4442 4452 4462 4482 4472
4432 4442 4452 4462 4482 4472
4432 4442 4452 4462 4482 4472
4432 4442 4452 4462 4482 4472
4432 4442 4452 4462 4482 4472
4432 4442 4452 4462 4482 4472
4432 4442 4452 4462 4482 4472
4432 4442 4452 4462 4482 4472
4432 4442 4452 4462 4482 4472
4432 4442 4452 4462 4482 4472
4432 4442 4452 4462 4482 4472
4432 4442 4452 4462 4482 4472
4432 4442 4452 4462 4482 4472
4432 4442 4452 4462 4482 4472
4432 4442 4452 4462 4482 4472
4432 4442 4452 4462 4482 4472
4432 4442 4452 4462 4482 4472
4432 4442 4452 4462 4482 4472
4432 4442 4452 4462 4482 4472
4432 4442 4452 4462 4482 4472
4432 4442 4452 4462 4482 4472
4432 4442 4452 4462 4482 4472
4432 4442 4452 4462 4482 4472
4432 4442 4452 4462 4482 4472
4432 4442 4452 4462 4482 4472
4432 4442 4452 4462 4482 4472
4432 4442 4452 4462 4482 4472
4432 4442 4452 4462 4482 4472
4432 4442 4452 4462 4482 4472
4432 4442 4452 4462 4482 4472
4432 4442 4452 4462 4482 4472
4432 4442 4452 4462 4482 4472
4432 4442 4452 4462 4482 4472
4432 4442 4452 4462 4482 4472
4432 4442 4452 4462 4482 4472
4432 4442 4452 4462 4482 4472
4432 4442 4452 4462 4482 4472
4432 4442 4452 4462 4482 4472
4432 4442 4452 4462 4482 4472
4432 4442 4452 4462 4482 4472
4432 4442 4452 4462 4482 4472
4432 4442 4452 4462 4482 4472
4432 4442 4452 4462 4482 4472
4432 4442 4452 4462 4482 4472
4432 4442 4452 4462 4482 4472
4432 4442 4452 4462 4482 4472
4432 4442 4452 4462 4482 4472
4432 4442 4452 4462 4482 4472
4432 4442 4452 4462 4482 4472
4432 4442 4452 4462 4482 4472
4432 4442 4452 4462 4482 4472
4432 4442 4452 4462 4482 4472
4432 4442 4452 4462 4482 4472
4432 4442 4452 4462 4482 4472
4432 4442 4452 4462 4482 4472
4432 4442 4452 4462 4482 4472
4432 4442 4452 4462 4482 4472
4432 4442 4452 4462 4482 4472
4432 4442 4452 4462 4482 4472
4432 4442 4452 4462 4482 4472
4432 4442 4452 4462 4482 4472
4432 4442 4452 4462 4482 4472
4432 4442 4452 4462 4482 4472
4432 4442 4452 4462 4482 4472
4432 4442 4452 4462 4482 4472
4432 4442 4452 4462 4482 4472
30673
30673
30673
30673
30673
30673
30673
30673
30673
30673
30673
30673
30673
30673
30673
30673
30673
30673
30673
30673
30673
30673
30673
30673
30673
30673
30673
30673
30673
30673
30673
30673
30673
30673
30673
30673
30673
30673
30673
30673
30673
30673
30673
30673
30974 30984 30994 31004 31014 31024
30974 30984 30994 31004 31014 31024
30974 30984 30994 31004 31014 31024
30974 30984 30994 31004 31014 31024
30974 30984 30994 31004 31014 31024
30974 30984 30994 31004 31014 31024
30974 30984 30994 31004 31014 31024
30974 30984 30994 31004 31014 31024
30974 30984 30994 31004 31014 31024
30974 30984 30994 31004 31014 31024
30974 30984 30994 31004 31014 31024
30974 30984 30994 31004 31014 31024
30974 30984 30994 31004 31014 31024
30974 30984 30994 31004 31014 31024
30974 30984 30994 31004 31014 31024
30974 30984 30994 31004 31014 31024
30974 30984 30994 31004 31014 31024
30974 30984 30994 31004 31014 31024
30974 30984 30994 31004 31014 31024
30974 30984 30994 31004 31014 31024
30974 30984 30994 31004 31014 31024
30974 30984 30994 31004 31014 31024
30974 30984 30994 31004 31014 31024
30974 30984 30994 31004 31014 31024
30974 30984 30994 31004 31014 31024
30974 30984 30994 31004 31014 31024
30974 30984 30994 31004 31014 31024
30974 30984 30994 31004 31014 31024
30974 30984 30994 31004 31014 31024
30974 30984 30994 31004 31014 31024
30974 30984 30994 31004 31014 31024
30974 30984 30994 31004 31014 31024
30974 30984 30994 31004 31014 31024
30974 30984 30994 31004 31014 31024
30974 30984 30994 31004 31014 31024
30974 30984 30994 31004 31014 31024
30974 30984 30994 31004 31014 31024
30974 30984 30994 31004 31014 31024
30974 30984 30994 31004 31014 31024
30974 30984 30994 31004 31014 31024
30974 30984 30994 31004 31014 31024
30974 30984 30994 31004 31014 31024
30974 30984 30994 31004 31014 31024
30974 30984 30994 31004 31014 31024
30974 30984 30994 31004 31014 31024
30974 30984 30994 31004 31014 31024
30974 30984 30994 31004 31014 31024
30974 30984 30994 31004 31014 31024
30974 30984 30994 31004 31014 31024
30974 30984 30994 31004 31014 31024
30974 30984 30994 31004 31014 31024
30974 30984 30994 31004 31014 31024
30974 30984 30994 31004 31014 31024
30974 30984 30994 31004 31014 31024
30974 30984 30994 31004 31014 31024
30974 30984 30994 31004 31014 31024
30974 30984 30994 31004 31014 31024
30974 30984 30994 31004 31014 31024
30974 30984 30994 31004 31014 31024
