0 0 0
1 0 1
2 0 2
3 0 3
4 0 4
5 0 5
6 0 6
7 0 7
8 0 8
9 0 9
10 0 10
11 0 11
0 0 0
12 0 12
13 1 13
14 1 14
15 1 15
16 1 16
17 1 17
18 1 18
19 1 19
20 1 20
21 1 21
13 1 13
22 1 22
23 1 23
24 1 24
25 1 25
26 1 26
27 1 27
0 0 0
1 0 1
2 0 2
3 0 3
4 0 4
5 0 5
6 1 6
7 1 7
8 1 8
9 1 9
10 1 10
11 1 11
12 1 12
13 1 13
14 1 14
15 1 15
16 1 16
17 1 17
18 1 18
19 1 19
17 1 17
18 1 18
19 1 19
20 1 20
21 1 21
22 1 22
23 1 23
24 2 24
25 3 25
26 4 26
27 5 27
29 1 28
0 0 0
1 0 1
2 0 2
3 0 3
4 0 4
5 0 5
6 1 6
7 1 7
8 1 8
9 1 9
10 1 10
11 1 11
12 1 12
13 1 13
14 1 14
15 1 15
16 1 16
17 1 17
18 1 18
19 1 19
17 1 17
18 1 18
19 1 19
20 1 20
21 1 21
22 1 22
23 1 23
24 2 24
25 3 25
26 4 26
27 5 27
29 1 28
0 0 0
1 0 1
2 0 2
3 1 3
4 2 4
5 0 5
6 3 6
7 4 7
8 0 8
9 0 9
10 0 10
11 0 11
12 0 12
13 5 13
14 5 14
15 6 15
16 7 16
17 5 17
18 5 18
19 5 19
20 5 20
21 5 21
22 5 22
23 5 23
24 5 24
25 5 25
26 5 26
27 5 27
28 5 28
29 5 29
27 5 27
28 5 28
29 5 29
30 5 30
31 5 31
32 5 32
33 5 33
34 8 34
35 9 35
36 10 36
37 11 37
38 12 38
39 10 39
40 13 40
41 12 38
42 10 36
43 14 41
44 12 38
48 5 42
0 0 0
1 0 1
2 0 2
3 1 3
4 2 4
5 0 5
6 3 6
7 4 7
8 0 8
9 0 9
10 0 10
11 0 11
12 0 12
13 5 13
14 5 14
15 6 15
16 7 16
17 5 17
18 5 18
19 5 19
20 5 20
21 5 21
22 5 22
23 5 23
24 5 24
25 5 25
26 5 26
27 5 27
28 5 28
29 5 29
27 5 27
28 5 28
29 5 29
30 5 30
31 5 31
32 5 32
33 5 33
34 8 34
35 9 35
36 10 36
37 11 37
38 12 38
39 10 39
40 13 40
41 12 38
42 10 36
43 14 41
44 12 38
48 5 42
0 0 0
1 0 1
2 0 2
3 1 3
4 2 4
5 0 5
6 3 6
7 4 7
8 0 8
9 0 9
10 0 10
11 0 11
12 0 12
13 0 13
14 5 14
15 6 15
16 7 16
17 8 17
18 9 18
19 5 19
20 10 20
21 5 21
22 5 22
23 5 23
24 5 24
25 5 25
26 5 26
27 5 27
28 5 28
29 5 29
30 5 30
31 5 31
32 5 32
33 5 33
34 5 34
35 5 35
36 5 36
37 5 37
35 5 35
36 5 36
37 5 37
38 5 38
39 5 39
40 5 40
41 5 41
42 11 42
43 12 43
44 6 15
45 7 16
46 11 42
47 5 44
48 5 45
49 5 46
50 5 44
51 5 47
46 11 42
53 13 48
53 13 48
54 5 49
55 5 50
56 5 51
57 14 52
58 15 53
59 5 54
60 5 55
61 5 56
62 5 57
15 0 15
20 0 20
4 0 4
5 0 5
6 0 6
7 0 7
8 0 8
9 0 9
16 0 16
17 0 17
18 0 18
19 0 19
39 0 39
40 0 40
0 0 0
1 1 1
2 2 2
3 3 3
10 0 10
11 4 11
12 5 12
13 6 13
14 7 14
21 0 21
22 0 22
23 0 23
24 0 24
42 0 42
43 0 43
44 0 44
25 0 25
26 0 26
27 0 27
28 0 28
29 8 29
30 9 30
31 10 31
36 0 36
37 0 37
38 0 38
35 0 35
32 0 32
33 0 33
34 0 34
45 11 45
46 12 46
47 13 47
48 14 48
49 15 49
50 16 50
51 17 51
52 18 52
53 19 53
54 20 54
55 21 55
56 21 55
57 21 55
58 21 55
59 22 56
60 22 56
61 22 56
62 22 56
63 23 57
64 24 58
65 25 59
66 26 60
67 27 61
41 0 41
