38761
38761
38761
38761
38761
38761
38761
38761
38761
38761
38761
38761
38761
38761
38761
38761
38761
38761
38761
38761
38761
38761
38761
38761
38761
38761
38761
38761
38761
38761
2632
2632
2632
2632
2632
2632
2632
2632
2632
2632
2632
2632
2632
2632
2632
2632
2632
2632
2632
2632
2632
2632
2632
2632
2632
2632
2632
2632
2632
2632
2632
2632
2683
2683
2683
2683
2683
2683
2683
2683
2683
2683
2683
2683
2683
2683
2683
2683
2683
2683
2683
2683
2683
2683
2683
2683
2683
2683
2683
2683
2683
2683
2683
2683
2894
2894
2894
2894
2894
2894
2894
2894
2894
2894
2894
2894
2894
2894
2894
2894
2894
2894
2894
2894
2894
2894
2894
2894
2894
2894
2894
2894
2894
2894
2894
2894
2894
2894
2894
2894
2894
2894
2894
2894
2894
2894
2894
2894
2894
2894
2894
2894
2894
2945
2945
2945
2945
2945
2945
2945
2945
2945
2945
2945
2945
2945
2945
2945
2945
2945
2945
2945
2945
2945
2945
2945
2945
2945
2945
2945
2945
2945
2945
2945
2945
2945
2945
2945
2945
2945
2945
2945
2945
2945
2945
2945
2945
2945
2945
2945
2945
2945
3136 12796 12806 12816 12826 12836 12846
3136 12796 12806 12816 12826 12836 12846
3136 12796 12806 12816 12826 12836 12846
3136 12796 12806 12816 12826 12836 12846
3136 12796 12806 12816 12826 12836 12846
3136 12796 12806 12816 12826 12836 12846
3136 12796 12806 12816 12826 12836 12846
3136 12796 12806 12816 12826 12836 12846
3136 12796 12806 12816 12826 12836 12846
3136 12796 12806 12816 12826 12836 12846
3136 12796 12806 12816 12826 12836 12846
3136 12796 12806 12816 12826 12836 12846
3136 12796 12806 12816 12826 12836 12846
3136 12796 12806 12816 12826 12836 12846
3136 12796 12806 12816 12826 12836 12846
3136 12796 12806 12816 12826 12836 12846
3136 12796 12806 12816 12826 12836 12846
3136 12796 12806 12816 12826 12836 12846
3136 12796 12806 12816 12826 12836 12846
3136 12796 12806 12816 12826 12836 12846
3136 12796 12806 12816 12826 12836 12846
3136 12796 12806 12816 12826 12836 12846
3136 12796 12806 12816 12826 12836 12846
3136 12796 12806 12816 12826 12836 12846
3136 12796 12806 12816 12826 12836 12846
3136 12796 12806 12816 12826 12836 12846
3136 12796 12806 12816 12826 12836 12846
3136 12796 12806 12816 12826 12836 12846
3136 12796 12806 12816 12826 12836 12846
3136 12796 12806 12816 12826 12836 12846
3136 12796 12806 12816 12826 12836 12846
3136 12796 12806 12816 12826 12836 12846
3136 12796 12806 12816 12826 12836 12846
3136 12796 12806 12816 12826 12836 12846
3136 12796 12806 12816 12826 12836 12846
3136 12796 12806 12816 12826 12836 12846
3136 12796 12806 12816 12826 12836 12846
3136 12796 12806 12816 12826 12836 12846
3136 12796 12806 12816 12826 12836 12846
3136 12796 12806 12816 12826 12836 12846
3136 12796 12806 12816 12826 12836 12846
3136 12796 12806 12816 12826 12836 12846
3136 12796 12806 12816 12826 12836 12846
3136 12796 12806 12816 12826 12836 12846
3136 12796 12806 12816 12826 12836 12846
3136 12796 12806 12816 12826 12836 12846
3136 12796 12806 12816 12826 12836 12846
3136 12796 12806 12816 12826 12836 12846
3136 12796 12806 12816 12826 12836 12846
3136 12796 12806 12816 12826 12836 12846
3136 12796 12806 12816 12826 12836 12846
3136 12796 12806 12816 12826 12836 12846
3136 12796 12806 12816 12826 12836 12846
3136 12796 12806 12816 12826 12836 12846
3136 12796 12806 12816 12826 12836 12846
3136 12796 12806 12816 12826 12836 12846
3136 12796 12806 12816 12826 12836 12846
3136 12796 12806 12816 12826 12836 12846
3136 12796 12806 12816 12826 12836 12846
3136 12796 12806 12816 12826 12836 12846
3136 12796 12806 12816 12826 12836 12846
3136 12796 12806 12816 12826 12836 12846
3136 12796 12806 12816 12826 12836 12846
3136 12796 12806 12816 12826 12836 12846
3136 12796 12806 12816 12826 12836 12846
3136 12796 12806 12816 12826 12836 12846
3136 12796 12806 12816 12826 12836 12846
32227 32237 32247 32257 32267 32277 32287 32297 32307
32227 32237 32247 32257 32267 32277 32287 32297 32307
32227 32237 32247 32257 32267 32277 32287 32297 32307
32227 32237 32247 32257 32267 32277 32287 32297 32307
32227 32237 32247 32257 32267 32277 32287 32297 32307
32227 32237 32247 32257 32267 32277 32287 32297 32307
32227 32237 32247 32257 32267 32277 32287 32297 32307
32227 32237 32247 32257 32267 32277 32287 32297 32307
32227 32237 32247 32257 32267 32277 32287 32297 32307
32227 32237 32247 32257 32267 32277 32287 32297 32307
32227 32237 32247 32257 32267 32277 32287 32297 32307
32227 32237 32247 32257 32267 32277 32287 32297 32307
32227 32237 32247 32257 32267 32277 32287 32297 32307
32227 32237 32247 32257 32267 32277 32287 32297 32307
32227 32237 32247 32257 32267 32277 32287 32297 32307
32227 32237 32247 32257 32267 32277 32287 32297 32307
32227 32237 32247 32257 32267 32277 32287 32297 32307
32227 32237 32247 32257 32267 32277 32287 32297 32307
32227 32237 32247 32257 32267 32277 32287 32297 32307
32227 32237 32247 32257 32267 32277 32287 32297 32307
32227 32237 32247 32257 32267 32277 32287 32297 32307
32227 32237 32247 32257 32267 32277 32287 32297 32307
32227 32237 32247 32257 32267 32277 32287 32297 32307
32227 32237 32247 32257 32267 32277 32287 32297 32307
32227 32237 32247 32257 32267 32277 32287 32297 32307
32227 32237 32247 32257 32267 32277 32287 32297 32307
32227 32237 32247 32257 32267 32277 32287 32297 32307
32227 32237 32247 32257 32267 32277 32287 32297 32307
32227 32237 32247 32257 32267 32277 32287 32297 32307
32227 32237 32247 32257 32267 32277 32287 32297 32307
32227 32237 32247 32257 32267 32277 32287 32297 32307
32227 32237 32247 32257 32267 32277 32287 32297 32307
32227 32237 32247 32257 32267 32277 32287 32297 32307
32227 32237 32247 32257 32267 32277 32287 32297 32307
32227 32237 32247 32257 32267 32277 32287 32297 32307
32227 32237 32247 32257 32267 32277 32287 32297 32307
32227 32237 32247 32257 32267 32277 32287 32297 32307
32227 32237 32247 32257 32267 32277 32287 32297 32307
32227 32237 32247 32257 32267 32277 32287 32297 32307
32227 32237 32247 32257 32267 32277 32287 32297 32307
32227 32237 32247 32257 32267 32277 32287 32297 32307
32227 32237 32247 32257 32267 32277 32287 32297 32307
32227 32237 32247 32257 32267 32277 32287 32297 32307
32227 32237 32247 32257 32267 32277 32287 32297 32307
32227 32237 32247 32257 32267 32277 32287 32297 32307
32227 32237 32247 32257 32267 32277 32287 32297 32307
32227 32237 32247 32257 32267 32277 32287 32297 32307
32227 32237 32247 32257 32267 32277 32287 32297 32307
32227 32237 32247 32257 32267 32277 32287 32297 32307
32227 32237 32247 32257 32267 32277 32287 32297 32307
32227 32237 32247 32257 32267 32277 32287 32297 32307
32227 32237 32247 32257 32267 32277 32287 32297 32307
32227 32237 32247 32257 32267 32277 32287 32297 32307
32227 32237 32247 32257 32267 32277 32287 32297 32307
32227 32237 32247 32257 32267 32277 32287 32297 32307
32227 32237 32247 32257 32267 32277 32287 32297 32307
32227 32237 32247 32257 32267 32277 32287 32297 32307
32227 32237 32247 32257 32267 32277 32287 32297 32307
32227 32237 32247 32257 32267 32277 32287 32297 32307
32227 32237 32247 32257 32267 32277 32287 32297 32307
32227 32237 32247 32257 32267 32277 32287 32297 32307
32227 32237 32247 32257 32267 32277 32287 32297 32307
32227 32237 32247 32257 32267 32277 32287 32297 32307
32227 32237 32247 32257 32267 32277 32287 32297 32307
32227 32237 32247 32257 32267 32277 32287 32297 32307
32227 32237 32247 32257 32267 32277 32287 32297 32307
32227 32237 32247 32257 32267 32277 32287 32297 32307
32227 32237 32247 32257 32267 32277 32287 32297 32307
