84601
84601
84601
84601
84601
84601
84601
84601
84601
84601
84601
84601
84601
84601
84601
84601
84601
84601
84601
84601
84601
84601
84601
84601
84601
84601
84601
84601
84601
84601
7902 7902 7902
7902 7902 7902
7902 7902 7902
7902 7902 7902
7902 7902 7902
7902 7902 7902
7902 7902 7902
7902 7902 7902
7902 7902 7902
7902 7902 7902
7902 7902 7902
7902 7902 7902
7902 7902 7902
7902 7902 7902
7902 7902 7902
7902 7902 7902
7902 7902 7902
7902 7902 7902
7902 7902 7902
7902 7902 7902
7902 7902 7902
7902 7902 7902
7902 7902 7902
7902 7902 7902
7902 7902 7902
7902 7902 7902
7902 7902 7902
7902 7902 7902
7902 7902 7902
7902 7902 7902
7902 7902 7902
7902 7902 7902
7953 7953 7953
7953 7953 7953
7953 7953 7953
7953 7953 7953
7953 7953 7953
7953 7953 7953
7953 7953 7953
7953 7953 7953
7953 7953 7953
7953 7953 7953
7953 7953 7953
7953 7953 7953
7953 7953 7953
7953 7953 7953
7953 7953 7953
7953 7953 7953
7953 7953 7953
7953 7953 7953
7953 7953 7953
7953 7953 7953
7953 7953 7953
7953 7953 7953
7953 7953 7953
7953 7953 7953
7953 7953 7953
7953 7953 7953
7953 7953 7953
7953 7953 7953
7953 7953 7953
7953 7953 7953
7953 7953 7953
7953 7953 7953
8604 8614 8624
8604 8614 8624
8604 8614 8624
8604 8614 8624
8604 8614 8624
8604 8614 8624
8604 8614 8624
8604 8614 8624
8604 8614 8624
8604 8614 8624
8604 8614 8624
8604 8614 8624
8604 8614 8624
8604 8614 8624
8604 8614 8624
8604 8614 8624
8604 8614 8624
8604 8614 8624
8604 8614 8624
8604 8614 8624
8604 8614 8624
8604 8614 8624
8604 8614 8624
8604 8614 8624
8604 8614 8624
8604 8614 8624
8604 8614 8624
8604 8614 8624
8604 8614 8624
8604 8614 8624
8604 8614 8624
8604 8614 8624
8604 8614 8624
8604 8614 8624
8604 8614 8624
8604 8614 8624
8604 8614 8624
8634 8634 8634
8644 8644 8644
8604 8614 8624
8604 8614 8624
8604 8614 8624
8604 8614 8624
8604 8614 8624
8604 8614 8624
8604 8614 8624
8604 8614 8624
8604 8614 8624
8604 8614 8624
8855 8865 8875
8855 8865 8875
8855 8865 8875
8855 8865 8875
8855 8865 8875
8855 8865 8875
8855 8865 8875
8855 8865 8875
8855 8865 8875
8855 8865 8875
8855 8865 8875
8855 8865 8875
8855 8865 8875
8855 8865 8875
8855 8865 8875
8855 8865 8875
8855 8865 8875
8855 8865 8875
8855 8865 8875
8855 8865 8875
8855 8865 8875
8855 8865 8875
8855 8865 8875
8855 8865 8875
8855 8865 8875
8855 8865 8875
8855 8865 8875
8855 8865 8875
8855 8865 8875
8855 8865 8875
8855 8865 8875
8855 8865 8875
8855 8865 8875
8855 8865 8875
8855 8865 8875
8855 8865 8875
8855 8865 8875
8885 8885 8885
8895 8895 8895
8855 8865 8875
8855 8865 8875
8855 8865 8875
8855 8865 8875
8855 8865 8875
8855 8865 8875
8855 8865 8875
8855 8865 8875
8855 8865 8875
8855 8865 8875
10346 10396 10406 10416 10426 10436 10446
10346 10396 10406 10416 10426 10436 10446
10346 10396 10406 10416 10426 10436 10446
10346 10396 10406 10416 10426 10436 10446
10346 10396 10406 10416 10426 10436 10446
10346 10396 10406 10416 10426 10436 10446
10346 10396 10406 10416 10426 10436 10446
10346 10396 10406 10416 10426 10436 10446
10346 10396 10406 10416 10426 10436 10446
10346 10396 10406 10416 10426 10436 10446
10346 10396 10406 10416 10426 10436 10446
10346 10396 10406 10416 10426 10436 10446
10346 10396 10406 10416 10426 10436 10446
10346 10396 10406 10416 10426 10436 10446
10346 10396 10406 10416 10426 10436 10446
10346 10396 10406 10416 10426 10436 10446
10346 10396 10406 10416 33306 10436 10446
10346 10396 10406 10416 33306 10436 10446
10346 10396 10406 10416 10426 10436 10446
10346 10396 10406 10416 10426 10436 10446
10346 10396 10406 10416 10426 10436 10446
10346 10396 10406 10416 10426 10436 10446
10346 10396 10406 10416 10426 10436 10446
10346 10396 10406 10416 10426 10436 10446
10346 10396 10406 10416 10426 10436 10446
10346 10396 10406 10416 10426 10436 10446
10346 10396 10406 10416 10426 10436 10446
10346 10396 10406 10416 10426 10436 10446
10346 10396 10406 10416 10426 10436 10446
10346 10396 10406 10416 10426 10436 10446
10346 10396 10406 10416 10426 10436 10446
10346 10396 10406 10416 10426 10436 10446
10346 10396 10406 10416 10426 10436 10446
10346 10396 10406 10416 10426 10436 10446
10346 10396 10406 10416 10426 10436 10446
10346 10396 10406 10416 10426 10436 10446
10346 10396 10406 10416 10426 10436 10446
10346 10396 10406 10416 10426 10436 10446
10346 10396 10406 10416 10426 10436 10446
10346 10396 10406 10416 10426 10436 10446
10346 10396 10406 10416 10426 10436 10446
10346 10396 10406 10416 10426 10436 10446
10346 10396 10406 10416 10426 10436 10446
10346 10396 10406 10416 10426 10436 10446
10346 10396 10406 10416 10426 10436 10446
10356 10356 10356 10356 10356 10356 10356
10366 10366 10366 10366 10366 10366 10366
10346 10396 10406 10416 10426 10436 10446
10376 10376 10376 10376 33306 10376 10376
10376 10376 10376 10376 10376 10376 10376
10346 10396 10406 10416 10426 10436 10446
10346 10396 10406 10416 10426 10436 10446
10346 10396 10406 10416 10426 10436 10446
10346 10396 10406 10416 10426 10436 10446
10346 10396 10406 10416 10426 10436 10446
10386 10386 10386 10386 10386 10386 10386
10386 10386 10386 10386 10386 10386 10386
10386 10386 10386 10386 10386 10386 10386
10346 10396 10406 10416 10426 10436 10446
10346 10396 10406 10416 10426 10436 10446
10346 10396 10406 10416 10426 10436 10446
10346 10396 10406 10416 10426 10436 10446
10346 10396 10406 10416 10426 10436 10446
10346 10396 10406 10416 10426 10436 10446
10346 10396 10406 10416 10426 10436 10446
10346 10396 10406 10416 10426 10436 10446
10346 10396 10406 10416 10426 10436 10446
68657 68667 68677 68687 68697 68707 68717 68727 68737 68747
68657 68667 68677 68687 68697 68707 68717 68727 68737 68747
68657 68667 68677 68687 68697 68707 68717 68727 68737 68747
68657 68667 68677 68687 68697 68707 68717 68727 68737 68747
68657 68667 68677 68687 68697 68707 68717 68727 68737 68747
68657 68667 68677 68687 68697 68707 68717 68727 68737 68747
68657 68667 68677 68687 68697 68707 68717 68727 68737 68747
68657 68667 68677 68687 68697 68707 68717 68727 68737 68747
68657 68667 68677 68687 68697 68707 68717 68727 68737 68747
68657 68667 68677 68687 68697 68707 68717 68727 68737 68747
68657 68667 68677 68687 68697 68707 68717 68727 68737 68747
68657 68667 68677 68687 68697 68707 68717 68727 68737 68747
68657 68667 68677 68687 68697 68707 68717 68727 68737 68747
68657 68667 68677 68687 68697 68707 68717 68727 68737 68747
68657 68667 68677 68687 68697 68707 68717 68727 68737 68747
68657 68667 68677 68687 68697 68707 68717 68727 68737 68747
68657 68667 68677 68837 68837 68707 68717 68837 68837 68747
68657 68667 68677 68687 68697 68707 68717 68727 68737 68747
68657 68667 68677 68687 68697 68707 68717 68727 68737 68747
68657 68667 68677 68687 68697 68707 68717 68727 68737 68747
68657 68667 68677 68687 68697 68707 68717 68727 68737 68747
68657 68667 68677 68687 68697 68707 68717 68727 68737 68747
68657 68667 68677 68687 68697 68707 68717 68727 68737 68747
68657 68667 68677 68687 68697 68707 68717 68727 68737 68747
68657 68667 68677 68687 68697 68707 68717 68727 68737 68747
68657 68667 68677 68687 68697 68707 68717 68727 68737 68747
68657 68667 68677 68687 68697 68707 68717 68727 68737 68747
68657 68667 68677 68687 68697 68707 68717 68727 68737 68747
68657 68667 68677 68687 68697 68707 68717 68727 68737 68747
68657 68667 68677 68687 68697 68707 68717 68727 68737 68747
68657 68667 68677 68687 68697 68707 68717 68727 68737 68747
68657 68667 68677 68687 68697 68707 68717 68727 68737 68747
68657 68667 68677 68687 68697 68707 68717 68727 68737 68747
68657 68667 68677 68687 68697 68707 68717 68727 68737 68747
68657 68667 68677 68687 68697 68707 68717 68727 68737 68747
68657 68667 68677 68687 68697 68707 68717 68727 68737 68747
68657 68667 68677 68687 68697 68707 68717 68727 68737 68747
68657 68667 68677 68687 68697 68707 68717 68727 68737 68747
68657 68667 68677 68687 68697 68707 68717 68727 68737 68747
68657 68667 68677 68687 68697 68707 68717 68727 68737 68747
68657 68667 68677 68687 68697 68707 68717 68727 68737 68747
68657 68667 68677 68687 68697 68707 68717 68727 68737 68747
68657 68667 68677 68687 68697 68707 68717 68727 68737 68747
68657 68667 68677 68687 68697 68707 68717 68727 68737 68747
68657 68667 68677 68757 68697 68707 68717 68727 68757 68747
68657 68667 68677 68687 68767 68767 68717 68727 68767 68747
68657 68667 68677 68687 68777 68707 68717 68727 68777 68747
68657 68667 68677 68687 68697 68707 68717 68727 68737 68747
68657 68667 68677 68787 68787 68787 68717 68787 68787 68747
68657 68667 68677 68687 68697 68707 68717 68727 68737 68747
68657 68797 68797 68797 68797 68797 68797 68797 68797 68747
68657 68797 68797 68797 68797 68797 68797 68797 68797 68747
68657 68667 68677 68687 68697 68707 68717 68727 68737 68747
68657 68667 68677 68807 68807 68707 68717 68727 68807 68747
68657 68667 68677 68687 68697 68707 68717 68727 68737 68747
68657 68667 68677 68687 68697 68707 68717 68727 68737 68747
68657 68667 68677 68687 68697 68707 68717 68727 68737 68747
68657 68667 68677 68687 68697 68707 68717 68727 68737 68747
68657 68667 68677 68687 68697 68707 68717 68727 68737 68747
68657 68667 68677 68687 68697 68707 68717 68727 68737 68747
68657 68667 68677 68687 68697 68707 68717 68727 68737 68747
68657 68667 68677 68687 68697 68707 68717 68727 68737 68747
68657 68667 68677 68687 68697 68707 68717 68727 68737 68747
68657 68667 68677 68817 68817 68707 68717 68727 68817 68747
68657 68667 68677 68827 68827 68827 68717 68827 68827 68747
68657 68667 68677 68827 68827 68827 68717 68827 68827 68747
68657 68667 68677 68827 68827 68827 68717 68827 68827 68747
68657 68667 68677 68687 68697 68707 68717 68727 68737 68747
