38781
38781
38781
38781
38781
38781
38781
38781
38781
38781
38781
38781
38781
38781
38781
38781
38781
38781
38781
38781
38781
38781
38781
38781
38781
38781
38781
38781
38781
38781
23672 23682 23692 23702 23712 23722 23732
23672 23682 23692 23702 23712 23722 23732
23672 23682 23692 23702 23712 23722 23732
23672 23682 23692 23702 23712 23722 23732
23672 23682 23692 23702 23712 23722 23732
23672 23682 23692 23702 23712 23722 23732
23672 23682 23692 23702 23712 23722 23732
23672 23682 23692 23702 23712 23722 23732
23672 23682 23692 23702 23712 23722 23732
23672 23682 23692 23702 23712 23722 23732
23672 23682 23692 23702 23712 23722 23732
23672 23682 23692 23702 23712 23722 23732
23672 23682 23692 23702 23712 23722 23732
23672 23682 23692 23702 23712 23722 23732
23672 23682 23692 23702 23712 23722 23732
23672 23682 23692 23702 23712 23722 23732
23672 23682 23692 23702 23712 23722 23732
23672 23682 23692 23702 23712 23722 23732
23672 23682 23692 23702 23712 23722 23732
23672 23682 23692 23702 23712 23722 23732
23672 23682 23692 23702 23712 23722 23732
23672 23792 23782 23772 23742 23752 23762
23672 23792 23782 23772 23742 23752 23762
23672 23792 23782 23772 23742 23752 23762
23672 23792 23782 23772 23742 23752 23762
23672 23792 23782 23772 23742 23752 23762
23672 23792 23782 23772 23742 23752 23762
23672 23792 23782 23772 23742 23752 23762
23672 23792 23782 23772 23742 23752 23762
23672 23792 23782 23772 23742 23752 23762
23672 23682 23692 23702 23712 23722 23732
23672 23682 23692 23702 23712 23722 23732
23672 23682 23692 23702 23712 23722 23732
23672 23682 23692 23702 23712 23722 23732
23672 23792 23782 23772 23742 23752 23762
23672 23792 23782 23772 23742 23752 23762
23672 23792 23782 23772 23742 23752 23762
23672 23792 23782 23772 23742 23752 23762
23672 23792 23782 23772 23742 23752 23762
23672 23792 23782 23772 23742 23752 23762
23672 23792 23782 23772 23742 23752 23762
23672 23792 23782 23772 23742 23752 23762
23672 23792 23782 23772 23742 23752 23762
23672 23792 23782 23772 23742 23752 23762
23672 23792 23782 23772 23742 23752 23762
23672 23792 23782 23772 23742 23752 23762
23672 23792 23782 23772 23742 23752 23762
23672 23792 23782 23772 23742 23752 23762
23672 23792 23782 23772 23742 23752 23762
23672 23792 23782 23772 23742 23752 23762
23672 23792 23782 23772 23742 23752 23762
23672 23792 23782 23772 23742 23752 23762
23672 23792 23782 23772 23742 23752 23762
23672 23792 23782 23772 23742 23752 23762
23672 23792 23782 23772 23742 23752 23762
23672 23792 23782 23772 23742 23752 23762
23672 23792 23782 23772 23742 23752 23762
23672 23792 23782 23772 23742 23752 23762
23672 23792 23782 23772 23742 23752 23762
23672 23792 23782 23772 23742 23752 23762
23672 23792 23782 23772 23742 23752 23762
23672 23792 23782 23772 23742 23752 23762
23672 23792 23782 23772 23742 23752 23762
23672 23792 23782 23772 23742 23752 23762
23672 23792 23782 23772 23742 23752 23762
23672 23792 23782 23772 23742 23752 23762
23672 23792 23782 23772 23742 23752 23762
23672 23792 23782 23772 23742 23752 23762
23672 23792 23782 23772 23742 23752 23762
23672 23792 23782 23772 23742 23752 23762
23672 23792 23782 23772 23742 23752 23762
23672 23792 23782 23772 23742 23752 23762
23672 23792 23782 23772 23742 23752 23762
23672 23792 23782 23772 23742 23752 23762
23672 23792 23782 23772 23742 23752 23762
23672 23792 23782 23772 23742 23752 23762
23672 23792 23782 23772 23742 23752 23762
23672 23792 23782 23772 23742 23752 23762
23672 23792 23782 23772 23742 23752 23762
30713
30713
30713
30713
30713
30713
30713
30713
30713
30713
30713
30713
30713
30713
30713
30713
30713
30713
30713
30713
30713
30713
30713
30713
30713
30713
30713
30713
30713
30713
30713
30713
30713
30713
30713
30713
30713
30713
30713
30713
30713
30713
30713
30713
30814
30814
30814
30814
30814
30814
30814
30814
30814
30814
30814
30814
30814
30814
30814
30814
30814
30814
30814
30814
30814
30814
30814
30814
30814
30814
30814
30814
31215 31225 31235 31245 31255 31265
31215 31225 31235 31245 31255 31265
31215 31225 31235 31245 31255 31265
31215 31225 31235 31245 31255 31265
31215 31225 31235 31245 31255 31265
31215 31225 31235 31245 31255 31265
31215 31225 31235 31245 31255 31265
31215 31225 31235 31245 31255 31265
31215 31225 31235 31245 31255 31265
31215 31225 31235 31245 31255 31265
31215 31225 31235 31245 31255 31265
31215 31225 31235 31245 31255 31265
31215 31225 31235 31245 31255 31265
31215 31225 31235 31245 31255 31265
31215 31225 31235 31245 31255 31265
31215 31225 31235 31245 31255 31265
31215 31225 31235 31245 31255 31265
31215 31225 31235 31245 31255 31265
31215 31225 31235 31245 31255 31265
31215 31225 31235 31245 31255 31265
31215 31225 31235 31245 31255 31265
31215 31225 31235 31245 31255 31265
31215 31225 31235 31245 31255 31265
31215 31225 31235 31245 31255 31265
31215 31225 31235 31245 31255 31265
31215 31225 31235 31245 31255 31265
31215 31225 31235 31245 31255 31265
31215 31225 31235 31245 31255 31265
31215 31225 31235 31245 31255 31265
31215 31225 31235 31245 31255 31265
31215 31225 31235 31245 31255 31265
31215 31225 31235 31245 31255 31265
31215 31225 31235 31245 31255 31265
31215 31225 31235 31245 31255 31265
31215 31225 31235 31245 31255 31265
31215 31225 31235 31245 31255 31265
31215 31225 31235 31245 31255 31265
31215 31225 31235 31245 31255 31265
31215 31225 31235 31245 31255 31265
31215 31225 31235 31245 31255 31265
31215 31225 31235 31245 31255 31265
31215 31225 31235 31245 31255 31265
31215 31225 31235 31245 31255 31265
31215 31225 31235 31245 31255 31265
31215 31225 31235 31245 31255 31265
31215 31225 31235 31245 31255 31265
31215 31225 31235 31245 31255 31265
31215 31225 31235 31245 31255 31265
31215 31225 31235 31245 31255 31265
31215 31225 31235 31245 31255 31265
31215 31225 31235 31245 31255 31265
31215 31225 31235 31245 31255 31265
31215 31225 31235 31245 31255 31265
31215 31225 31235 31245 31255 31265
31215 31225 31235 31245 31255 31265
31215 31225 31235 31245 31255 31265
31215 31225 31235 31245 31255 31265
31215 31225 31235 31245 31255 31265
31215 31225 31235 31245 31255 31265
