84621
84621
84621
84621
84621
84621
84621
84621
84621
84621
84621
84621
84621
84621
84621
84621
84621
84621
84621
84621
84621
84621
84621
84621
84621
84621
84621
84621
84621
84621
49672 49682 49692 49702 49712 49722 49732
49672 49682 49692 49702 49712 49722 49732
49672 49682 49692 49702 49712 49722 49732
49672 49682 49692 49702 49712 49722 49732
49672 49682 49692 49702 49712 49722 49732
49672 49682 49692 49702 49712 49722 49732
49672 49682 49692 49702 49712 49722 49732
49672 49682 49692 49702 49712 49722 49732
49672 49682 49692 49702 49712 49722 49732
49672 49682 49692 49702 49712 49722 49732
49672 49682 49692 49702 49712 49722 49732
49672 49682 49692 49702 49712 49722 49732
49672 49682 49692 49702 49712 49722 49732
49672 49682 49692 49702 49712 49722 49732
49672 49682 49692 49702 49712 49722 49732
49672 49682 49692 49702 49712 49722 49732
49672 49682 49692 49702 49712 49722 49732
49672 49682 49692 49702 49712 49722 49732
49672 49682 49692 49702 49712 49722 49732
49672 49682 49692 49702 49712 49722 49732
49672 49682 49692 49702 49712 49722 49732
49672 49682 49692 49702 49712 49722 49732
49672 49682 49692 49702 49712 49722 49732
49672 49682 49692 49702 49712 49722 49732
49672 49682 49692 49702 49712 49722 49732
49672 49682 49692 49702 49712 49722 49732
49672 49682 49692 49702 49712 49722 49732
49672 49682 49692 49702 49712 49722 49732
49672 49682 49692 49702 49712 49722 49732
49672 49682 49692 49702 49712 49722 49732
49672 49682 49692 49702 49712 49722 49732
49672 49682 49692 49702 49712 49722 49732
49672 49682 49692 49702 49712 49722 49732
49672 49682 49692 49702 49712 49722 49732
49672 49682 49692 49702 49712 49722 49732
49672 49682 49692 49702 49712 49722 49732
49672 49682 49692 49702 49712 49722 49732
49672 49682 49692 49702 49712 49722 49732
49672 49682 49692 49702 49712 49722 49732
49672 49682 49692 49702 49712 49722 49732
49672 49682 49692 49702 49712 49722 49732
49672 49682 49692 49702 49712 49722 49732
49672 49682 49692 49702 49712 49722 49732
49672 49682 49692 49702 49712 49722 49732
49672 49682 49692 49702 49712 49722 49732
49672 49682 49692 49702 49712 49722 49732
49672 49682 49692 49702 49712 49722 49732
49672 49682 49692 49702 49712 49722 49732
49672 49682 49692 49702 49712 49722 49732
49672 49682 49692 49702 49712 49722 49732
49672 49682 49692 49702 49712 49722 49732
49672 49682 49692 49702 49712 49722 49732
49672 49682 49692 49702 49712 49722 49732
49672 49682 49692 49702 49712 49722 49732
49672 49682 49692 49702 49712 49722 49732
49672 49682 49692 49702 49712 49722 49732
49672 49682 49692 49702 49712 49742 49742
49672 49682 49692 49702 49712 49752 49752
49672 49682 49692 49702 49712 49762 49762
49672 49682 49772 49702 49712 49722 49732
49672 49782 49782 49782 49782 49782 49782
49672 49782 49782 49782 49782 49782 49782
49672 49782 49782 49782 49782 49782 49782
49672 49792 49792 49792 49792 49792 49792
49672 49792 49792 49792 49792 49792 49792
49672 49792 49792 49792 49792 49792 49792
49672 49682 49692 49702 49712 49722 49732
49672 49682 49692 49702 49712 49722 49732
49672 49682 49692 49702 49712 49722 49732
49672 49782 49782 49782 49782 49782 49782
49672 49782 49782 49782 49782 49782 49782
49672 49782 49772 49782 49782 49782 49782
49672 49682 49692 49702 49712 49722 49732
49672 49682 49692 49702 49712 49722 49732
49672 49682 49692 49702 49712 49822 49822
49672 49782 49782 49782 49782 49782 49782
49672 49782 49782 49782 49782 49782 49782
49672 49782 49782 49782 49782 49782 49782
49672 49682 49692 49702 49712 49722 49732
64383
64383
64383
64383
64383
64383
64383
64383
64383
64383
64383
64383
64383
64383
64383
64383
64383
64383
64383
64383
64383
64383
64383
64383
64383
64383
64383
64383
64383
64383
64383
64383
64383
64383
64383
64383
64383
64383
64383
64393
64393
64383
64383
64383
64524
64524
64524
64524
64524
64524
64524
64524
64524
64524
64524
64524
64524
64524
64524
64524
64524
64524
64524
64524
64524
64524
64524
64524
64524
64524
64524
64524
65825 65835 65845 65855 65865 65875 65885
65825 65835 65845 65855 65865 65875 65885
65825 65835 65845 65855 65865 65875 65885
65825 65835 65845 65855 65865 65875 65885
65825 65835 65845 65855 65865 65875 65885
65825 65835 65845 65855 65865 65875 65885
65825 65835 65845 65855 65865 65875 65885
65825 65835 65845 65855 65865 65875 65885
65825 65835 65845 65855 65865 65875 65885
65825 65835 65845 65855 65865 65875 65885
65825 65835 65845 65855 65865 65875 65885
65825 65835 65845 65855 65865 65875 65885
65825 65835 65845 65855 65865 65875 65885
65825 65835 65845 65855 65865 65875 65885
65825 65835 65845 65855 65865 65875 65885
65825 65835 65845 65855 65865 65875 65885
65825 65835 65845 65855 65865 65875 65885
65825 65835 65845 65855 65865 65875 65885
65825 65835 65845 65855 65865 65875 65885
65825 65835 65845 65855 65865 65875 65885
65825 65835 65845 65855 65865 65875 65885
65825 65835 65845 65855 65865 65875 65885
65825 65835 65845 65855 65865 65875 65885
65825 65835 65845 65855 65865 65875 65885
65825 65835 65845 65855 65865 65875 65885
65825 65835 65845 65855 65865 65875 65885
65825 65835 65845 65855 65865 65875 65885
65825 65835 65845 65855 65865 65875 65885
65825 65835 65845 65855 65865 65875 65885
65825 65835 65845 65855 65865 65875 65885
65825 65835 65845 65855 65865 65875 65885
65825 65835 65845 65855 65865 65875 65885
65825 65835 65845 65855 65865 65875 65885
65825 65835 65845 65855 65865 65875 65885
65825 65835 65845 65855 65865 65875 65885
65825 65835 65845 65855 65865 65875 65885
65825 65835 65845 65855 65865 65875 65885
65825 65835 65845 65855 65865 65875 65885
65825 65835 65845 65855 65865 65875 65885
65825 65835 65845 65855 65865 65875 65885
65825 65895 65845 65855 65865 65875 65885
65825 65835 65845 65905 65905 65915 65885
65825 65925 65845 65855 65865 65875 65885
65825 65935 65845 65855 65865 65875 65885
65825 65945 65845 65855 65865 65875 65885
65825 65925 65845 65855 65865 65875 65885
65825 65935 65845 65855 65865 65875 65885
65825 65945 65845 65855 65865 65875 65885
65825 65835 65845 65855 65865 65875 65885
65825 65835 65845 65855 65865 65875 65885
65825 65965 65845 65855 65865 65875 65885
65825 65975 65845 65855 65865 65875 65885
65825 65835 65845 65855 65865 65875 65885
65825 65835 65845 65855 65865 65875 65885
65825 65835 65845 65855 65865 65875 65885
65825 65985 65845 65985 65985 65875 65885
65825 66015 65845 65995 65995 65875 65885
65825 66005 65845 66005 66005 65875 65885
65825 65835 65845 65855 65865 66025 65885
