0 0 0
1 0 1
2 0 2
3 0 3
4 0 4
5 0 5
6 0 6
7 0 7
8 0 8
9 0 9
10 0 10
11 0 11
0 0 0
12 0 12
13 1 13
14 1 14
15 1 15
16 1 16
17 1 17
18 1 18
19 1 19
20 1 20
21 1 21
13 1 13
22 1 22
23 1 23
24 1 24
25 1 25
26 1 26
27 1 27
0 0 0
1 0 1
2 0 2
3 0 3
4 0 4
5 0 5
6 0 6
7 1 7
8 2 8
9 3 9
10 4 10
11 5 11
12 6 12
13 1 13
14 1 14
15 1 15
16 1 16
17 1 17
18 1 18
19 1 19
20 1 20
21 1 21
22 1 22
23 1 23
24 1 24
25 1 25
26 1 26
27 1 27
28 1 28
29 1 29
30 1 30
31 1 31
32 1 32
33 1 33
34 7 34
35 8 35
36 9 36
37 10 37
38 11 38
39 12 39
40 13 40
41 14 41
42 15 42
43 16 43
44 17 44
45 18 45
46 19 46
47 20 47
48 21 48
49 22 49
50 23 50
51 24 51
52 25 52
53 26 53
54 27 54
55 28 55
56 7 34
57 8 35
58 9 36
59 10 37
60 11 38
61 12 39
62 13 40
63 14 41
64 15 42
65 16 43
66 20 47
67 29 56
68 23 50
69 24 51
70 25 52
71 26 53
72 27 54
73 28 55
74 30 57
75 31 58
76 32 59
77 33 60
78 34 61
0 0 0
1 0 1
2 0 2
3 0 3
4 0 4
5 0 5
6 0 6
7 0 7
8 0 8
9 0 9
10 0 10
11 0 11
12 0 12
13 0 13
14 0 14
15 0 15
16 0 16
17 0 17
18 0 18
19 0 19
20 0 20
21 0 21
22 0 22
23 0 23
24 0 24
25 0 25
26 0 26
27 0 27
28 0 28
29 0 29
30 0 30
28 0 28
29 0 29
30 0 30
31 0 31
32 0 32
33 0 33
34 0 34
35 1 35
36 2 36
37 3 37
38 4 38
39 5 39
40 6 40
1 0 1
2 0 2
3 0 3
4 0 4
5 0 5
21 0 21
0 0 0
6 0 6
7 0 7
8 0 8
9 0 9
22 0 22
23 0 23
10 0 10
11 0 11
12 0 12
13 0 13
18 0 18
19 0 19
20 0 20
18 0 18
19 0 19
20 0 20
17 0 17
14 0 14
15 0 15
16 0 16
24 1 24
13 0 13
18 0 18
4 0 4
5 0 5
6 0 6
7 0 7
8 0 8
9 0 9
14 0 14
15 0 15
16 0 16
17 0 17
34 0 34
35 0 35
0 0 0
1 0 1
2 0 2
3 0 3
10 0 10
11 0 11
12 0 12
19 0 19
20 0 20
21 0 21
22 0 22
37 0 37
38 0 38
39 0 39
23 0 23
24 0 24
25 0 25
26 0 26
31 0 31
32 0 32
33 0 33
30 0 30
27 0 27
28 0 28
29 0 29
36 0 36
40 1 40
41 2 41
42 3 42
43 4 43
44 5 44
45 3 42
46 4 43
47 6 45
48 7 46
49 7 46
50 8 47
51 8 48
52 9 49
53 9 49
54 10 50
55 11 51
56 12 52
57 13 53
58 14 54
