61581
61581
61581
61581
61581
61581
61581
61581
61581
61581
61581
61581
61581
61581
61581
61581
61581
61581
61581
61581
61581
61581
61581
61581
61581
61581
61581
61581
61581
61581
4912 4922 4932 4942 4952
4912 4922 4932 4942 4952
4912 4922 4932 4942 4952
4912 4922 4932 4942 4952
4912 4922 4932 4942 4952
4912 4922 4932 4942 4952
4912 4922 4932 4942 4952
4912 4922 4932 4942 4952
4912 4922 4932 4942 4952
4912 4922 4932 4942 4952
4912 4922 4932 4942 4952
4912 4922 4932 4942 4952
4912 4922 4932 4942 4952
4912 4922 4932 4942 4952
4912 4922 4932 4942 4952
4912 4922 4932 4942 4952
4912 4922 4932 4942 4952
4912 4922 4932 4942 4952
4912 4922 4932 4942 4952
4912 4922 4932 4942 4952
4912 4922 4932 4942 4952
4912 4922 4932 4942 4952
4912 4922 4932 4942 4952
4912 4922 4932 4942 4952
4912 4922 4932 4942 4952
4912 4922 4932 4942 4952
4912 4922 4932 4942 4952
4912 4922 4932 4942 4952
4912 4922 4932 4942 4952
4912 4922 4932 4942 4952
4912 4922 4932 4942 4952
4912 4922 4932 4942 4952
4912 4922 4932 4942 4952
4912 4922 4932 4942 4952
4912 4922 4932 4942 4952
4912 4922 4932 4942 4952
4912 4922 4932 4942 4952
4912 4922 4932 4942 4952
4912 4922 4932 4942 4952
4912 4922 4932 4942 4952
4912 4922 4932 4942 4952
4912 4922 4932 4942 4952
4912 4922 4932 4942 4952
4912 4922 4932 4942 4952
4912 4922 4932 4942 4952
4912 4922 4932 4942 4952
4912 4922 4932 4942 4952
4912 4922 4932 4942 4952
4912 4922 4932 4942 4952
4912 4922 4962 4962 4962 4962
4912 4922 4962 4962 4962 4962
4912 4922 4962 4962 4962 4962
4912 4922 34692 34692 34692 34692
4912 4922 34692 34692 34692 34692
4912 4922 34692 34692 34692 34692
4912 4922 4972 4972 4972 4972
4912 4922 4972 4972 4972 4972
4912 4922 34702 34702 34702 34702
4912 4922 34702 34702 34702 34702
4912 4922 4932 4942 4952
4912 4922 4932 4942 4952
4912 4922 4932 4942 4952
4912 4922 4932 4942 4952
4912 4922 4932 4942 4952
4912 4922 4932 4942 4952
4912 4922 4932 4942 4952
4912 4922 4932 4942 4952
4912 4922 4932 4942 4952
4912 4922 4932 4942 4952
4912 4922 4932 4942 4952
4912 4922 4932 4942 4952
4912 4922 4932 4942 4952
54583 54593 54603 54613 54623 54633 54643
54583 54593 54603 54613 54623 54633 54643
54583 54593 54603 54613 54623 54633 54643
54583 54593 54603 54613 54623 54633 54643
54583 54593 54603 54613 54623 54633 54643
54583 54593 54603 54613 54623 54633 54643
54583 54593 54603 54613 54623 54633 54643
54583 54593 54603 54613 54623 54633 54643
54583 54593 54603 54613 54623 54633 54643
54583 54593 54603 54613 54623 54633 54643
54583 54593 54603 54613 54623 54633 54643
54583 54593 54603 54613 54623 54633 54643
54583 54593 54603 54613 54623 54633 54643
54583 54593 54603 54613 54623 54633 54643
54583 54593 54603 54613 54623 54633 54643
54583 54593 54603 54613 54623 54633 54643
54583 54593 54603 54613 54623 54633 54643
54583 54593 54603 54613 54623 54633 54643
54583 54593 54603 54613 54623 54633 54643
54583 54593 54603 54613 54623 54633 54643
54583 54593 54603 54613 54623 54633 54643
54583 54593 54603 54613 54623 54633 54643
54583 54593 54603 54613 54623 54633 54643
54583 54593 54603 54613 54623 54633 54643
54583 54593 54603 54613 54623 54633 54643
54583 54593 54603 54613 54623 54633 54643
54583 54593 54603 54613 54623 54633 54643
54583 54593 54603 54613 54623 54633 54643
54583 54593 54603 54613 54623 54633 54643
54583 54593 54603 54613 54623 54633 54643
54583 54593 54603 54613 54623 54633 54643
54583 54593 54603 54613 54623 54633 54643
54583 54593 54603 54613 54623 54633 54643
54583 54593 54603 54613 54623 54633 54643
54583 54593 54603 54613 54623 54633 54643
54583 54593 54603 54613 54623 54633 54643
54583 54593 54603 54613 54623 54633 54643
54583 54593 54603 54613 54623 54633 54643
54583 54593 54603 54613 54623 54633 54643
54583 54593 54603 54613 54623 54633 54643
54583 57763 54603 54613 54623 54633 54643
54583 54593 54603 57773 57773 57783 54643
54583 57793 54603 54613 54623 54633 54643
54583 57803 54603 54613 54623 54633 54643
54583 57813 54603 54613 54623 54633 54643
54583 57793 54603 54613 54623 54633 54643
54583 57803 54603 54613 54623 54633 54643
54583 57813 54603 54613 54623 54633 54643
54583 54593 54603 54613 54623 54633 54643
54583 54593 54603 54613 54623 54633 54643
54583 57833 54603 54613 54623 54633 54643
54583 57843 54603 54613 54623 54633 54643
54583 54593 54603 54613 54623 54633 54643
54583 54593 54603 54613 54623 54633 54643
54583 54593 54603 54613 54623 54633 54643
54583 57853 54603 57853 57853 54633 54643
54583 57883 54603 57863 57863 54633 54643
54583 57873 54603 57873 57873 54633 54643
54583 54593 54603 54613 54623 58583 54643
