29361
29361
29361
29361
29361
29361
29361
29361
29361
29361
29361
29361
29361
29361
29361
29361
29361
29361
29361
29361
29361
29361
29361
29361
29361
29361
29361
29361
29361
29361
1792 1802 1812 1822 1832 1842 1852
1792 1802 1812 1822 1832 1842 1852
1792 1802 1812 1822 1832 1842 1852
1792 1802 1812 1822 1832 1842 1852
1792 1802 1812 1822 1832 1842 1852
1792 1802 1812 1822 1832 1842 1852
1792 1802 1812 1822 1832 1842 1852
1792 1802 1812 1822 1832 1842 1852
1792 1802 1812 1822 1832 1842 1852
1792 1802 1812 1822 1832 1842 1852
1792 1802 1812 1822 1832 1842 1852
1792 1802 1812 1822 1832 1842 1852
1792 1802 1812 1822 1832 1842 1852
1792 1802 1812 1822 1832 1842 1852
1792 1802 1812 1822 1832 1842 1852
1792 1802 1812 1822 1832 1842 1852
1792 1802 1812 1822 1832 1842 1852
1792 1802 1812 1822 1832 1842 1852
1792 1802 1812 1822 1832 1842 1852
1792 1802 1812 1822 1832 1842 1852
1792 1802 1812 1822 1832 1842 1852
1792 1802 1812 1822 1832 1842 1852
1792 1802 1812 1822 1832 1842 1852
1792 1802 1812 1822 1832 1842 1852
1792 1802 1812 1822 1832 1842 1852
1792 1802 1812 1822 1832 1842 1852
1792 1802 1812 1822 1832 1842 1852
1792 1802 1812 1822 1832 1842 1852
1792 1802 1812 1822 1832 1842 1852
1792 1802 1812 1822 1832 1842 1852
1792 1802 1812 1822 1832 1842 1852
1792 1802 1812 1822 1832 1842 1852
1792 1802 1812 1822 1832 1842 1852
1792 15522 1812 15522 15522 1842 1852 15522
1792 15522 1812 15522 15522 1842 1852 15522
1792 15522 1812 15522 15522 1842 1852 15522
1792 15522 1812 15522 15522 1842 1852 15522
1792 15522 1812 15522 15522 1842 1852 15522
1792 15522 1812 15522 15522 1842 1852 15522
1792 1802 1812 1822 1832 1842 1852
1792 1802 1812 1822 1832 1842 1852
1792 1802 1812 1822 1832 1842 1852
1792 1802 1812 1822 1832 1842 1852
1792 1802 1812 1822 1832 1842 1852
1792 1802 1812 1822 1832 1842 1852
1792 1802 1812 1822 1832 1842 1852
1792 1802 1812 1822 1832 1842 1852
1792 1802 1812 1822 1832 1842 1852
1792 1802 1812 1822 1832 1842 1852
1792 1802 1812 1822 1832 1842 1852
1792 1802 1812 1822 1832 1842 1852
1792 1802 1812 1822 1832 1842 1852
1792 1802 1812 1822 1832 1842 1852
1792 1802 1812 1822 1832 1842 1852
1792 1802 1812 1822 1832 1842 1852
1792 1802 1812 1822 1832 1842 1852
1792 1802 1812 1822 1832 1842 1852
1792 1802 1812 1822 1832 1842 1852
1792 1802 1812 1822 1832 1842 1852
1792 1802 1812 1822 1832 1842 1852
1792 1802 1812 1822 1832 1842 1852
1792 1802 1812 1822 1832 1842 1852
1792 1802 1812 1822 1832 1842 1852
1792 1802 1812 1822 1832 1842 1852
1792 1802 1812 1822 1832 1842 1852
1792 1802 1812 1822 1832 1842 1852
1792 1802 1812 1822 1832 1842 1852
1792 1802 1812 1822 1832 1842 1852
1792 1802 1812 1822 1832 1842 1852
1792 1802 1812 1822 1832 1842 1852
1792 1802 1812 1822 1832 1842 1852
1792 1802 1812 1822 1832 1842 1852
26063 26073 26083 26093 26103 26113
26063 26073 26083 26093 26103 26113
26063 26073 26083 26093 26103 26113
26063 26073 26083 26093 26103 26113
26063 26073 26083 26093 26103 26113
26063 26073 26083 26093 26103 26113
26063 26073 26083 26093 26103 26113
26063 26073 26083 26093 26103 26113
26063 26073 26083 26093 26103 26113
26063 26073 26083 26093 26103 26113
26063 26073 26083 26093 26103 26113
26063 26073 26083 26093 26103 26113
26063 26073 26083 26093 26103 26113
26063 26073 26083 26093 26103 26113
26063 26073 26083 26093 26103 26113
26063 26073 26083 26093 26103 26113
26063 26073 26083 26093 26103 26113
26063 26073 26083 26093 26103 26113
26063 26073 26083 26093 26103 26113
26063 26073 26083 26093 26103 26113
26063 26073 26083 26093 26103 26113
26063 26073 26083 26093 26103 26113
26063 26073 26083 26093 26103 26113
26063 26073 26083 26093 26103 26113
26063 26073 26083 26093 26103 26113
26063 26073 26083 26093 26103 26113
26063 26073 26083 26093 26103 26113
26063 26073 26083 26093 26103 26113
26063 26073 26083 26093 26103 26113
26063 26073 26083 26093 26103 26113
26063 26073 26083 26093 26103 26113
26063 26073 26083 26093 26103 26113
26063 26073 26083 26093 26103 26113
26063 26073 26083 26093 26103 26113
26063 26073 26083 26093 26103 26113
26063 26073 26083 26093 26103 26113
26063 26073 26083 26093 26103 26113
26063 26073 26083 26093 26103 26113
26063 26073 26083 26093 26103 26113
26063 26073 26083 26093 26103 26113
26063 26073 26083 26093 26103 26113
26063 26073 26083 26093 26103 26113
26063 26073 26083 26093 26103 26113
26063 26073 26083 26093 26103 26113
26063 26073 26083 26093 26103 26113
26063 26073 26083 26093 26103 26113
26063 26073 26083 26093 26103 26113
26063 26073 26083 26093 26103 26113
26063 26073 26083 26093 26103 26113
26063 26073 26083 26093 26103 26113
26063 26073 26083 26093 26103 26113
26063 26073 26083 26093 26103 26113
26063 26073 26083 26093 26103 26113
26063 26073 26083 26093 26103 26113
26063 26073 26083 26093 26103 26113
26063 26073 26083 26093 26103 26113
26063 26073 26083 26093 26103 26113
26063 26073 26083 26093 26103 26113
26063 26073 26083 26093 26103 26113
