38801
38801
38801
38801
38801
38801
38801
38801
38801
38801
38801
38801
38801
38801
38801
38801
38801
38801
38801
38801
38801
38801
38801
38801
38801
38801
38801
38801
38801
38801
2862
2862
2862
2862
2862
2862
2862
2862
2862
2862
2862
2862
2862
2862
2862
2862
2862
2862
2862
2862
2862
2862
2862
2862
2862
2862
2862
2862
2862
2862
2862
2862
2862
2862
2862
2862
2862
2862
2862
2862
2862
2862
2862
2862
2862
2862
2862
2862
2862
4323 4313 4333 4343 4353 14083 14093
4323 4313 4333 4343 4353 14083 14093
4323 4313 4333 4343 4353 14083 14093
4323 4313 4333 4343 4353 14083 14093
4323 4313 4333 4343 4353 14083 14093
4323 4313 4333 4343 4353 14083 14093
4323 4313 4333 4343 4353 14083 14093
4323 4313 4333 4343 4353 14083 14093
4323 4313 4333 4343 4353 14083 14093
4323 4313 4333 4343 4353 14083 14093
4323 4313 4333 4343 4353 14083 14093
4323 4313 4333 4343 4353 14083 14093
4323 4313 4333 4343 4353 14083 14093
4323 4313 4333 4343 4353 14083 14093
4323 4313 4333 4343 4353 14083 14093
4323 4313 4333 4343 4353 14083 14093
4323 4313 4333 4343 4353 14083 14093
4323 4313 4333 4343 4353 14083 14093
4323 4313 4333 4343 4353 14083 14093
4323 4313 4333 4343 4353 14083 14093
4323 4313 4333 4343 4353 14083 14093
4323 4313 4333 4343 4353 14083 14093
4323 4313 4333 4343 4353 14083 14093
4323 4313 4333 4343 4353 14083 14093
4323 4313 4333 4343 4353 14083 14093
4323 4313 4333 4343 4353 14083 14093
4323 4313 4333 4343 4353 14083 14093
4323 4313 4333 4343 4353 14083 14093
4323 4313 4333 4343 4353 14083 14093
4323 4313 4333 4343 4353 14083 14093
4323 4313 4333 4343 4353 14083 14093
4323 4313 4333 4343 4353 14083 14093
4323 4313 4333 4343 4353 14083 14093
4323 4313 4333 4343 4353 14083 14093
4323 4313 4333 4343 4353 14083 14093
4323 4313 4333 4343 4353 14083 14093
4323 4313 4333 4343 4353 14083 14093
4323 4313 4333 4343 4353 14083 14093
4323 4313 4333 4343 4353 14083 14093
4323 4313 4333 4343 4353 14083 14093
4323 4313 4333 4343 4353 14083 14093
4323 4313 4333 4343 4353 14083 14093
4323 4313 4333 4343 4353 14083 14093
4323 4313 4333 4343 4353 14083 14093
4323 4313 4333 4343 4353 14083 14093
4323 4313 4333 4343 4353 14083 14093
4323 4313 4333 4343 4353 14083 14093
4323 4313 4333 4343 4353 14083 14093
4323 4313 4333 4343 4353 14083 14093
4323 4313 4333 4343 4353 14083 14093
4323 4313 4333 4343 4353 14083 14093
4323 4313 4333 4343 4353 14083 14093
4323 4313 4333 4343 4353 14083 14093
4323 4313 4333 4343 4353 14083 14093
4323 4313 4333 4343 4353 14083 14093
4323 4313 4333 4343 4353 14083 14093
4323 4313 4333 4343 4353 14083 14093
4323 4313 4333 4343 4353 14083 14093
4323 4313 4333 4343 4353 14083 14093
4323 4313 4333 4343 4353 14083 14093
4323 4313 4333 4343 4353 14083 14093
4323 4313 4333 4343 4353 14083 14093
4323 4313 4333 4343 4353 14083 14093
4323 4313 4333 4343 4353 14083 14093
4323 4313 4333 4343 4353 14083 14093
4323 4313 4333 4343 4353 14083 14093
5334 5344 5354 5364 5384 5374
5334 5344 5354 5364 5384 5374
5334 5344 5354 5364 5384 5374
5334 5344 5354 5364 5384 5374
5334 5344 5354 5364 5384 5374
5334 5344 5354 5364 5384 5374
5334 5344 5354 5364 5384 5374
5334 5344 5354 5364 5384 5374
5334 5344 5354 5364 5384 5374
5334 5344 5354 5364 5384 5374
5334 5344 5354 5364 5384 5374
5334 5344 5354 5364 5384 5374
5334 5344 5354 5364 5384 5374
5334 5344 5354 5364 5384 5374
5334 5344 5354 5364 5384 5374
5334 5344 5354 5364 5384 5374
5334 5344 5354 5364 5384 5374
5334 5344 5354 5364 5384 5374
5334 5344 5354 5364 5384 5374
5334 5344 5354 5364 5384 5374
5334 5344 5354 5364 5384 5374
5334 5344 5354 5364 5384 5374
5334 5344 5354 5364 5384 5374
5334 5344 5354 5364 5384 5374
5334 5344 5354 5364 5384 5374
5334 5344 5354 5364 5384 5374
5334 5344 5354 5364 5384 5374
5334 5344 5354 5364 5384 5374
5334 5344 5354 5364 5384 5374
5334 5344 5354 5364 5384 5374
5334 5344 5354 5364 5384 5374
5334 5344 5354 5364 5384 5374
5334 5344 5354 5364 5384 5374
5334 5344 5354 5364 5384 5374
5334 5344 5354 5364 5384 5374
5334 5344 5354 5364 5384 5374
5334 5344 5354 5364 5384 5374
5334 5344 5354 5364 5384 5374
5334 5344 5354 5364 5384 5374
5334 5344 5354 5364 5384 5374
5334 5344 5354 5364 5384 5374
5334 5344 5354 5364 5384 5374
5334 5344 5354 5364 5384 5374
5334 5344 5354 5364 5384 5374
5334 5344 5354 5364 5384 5374
5334 5344 5354 5364 5384 5374
5334 5344 5354 5364 5384 5374
5334 5344 5354 5364 5384 5374
5334 5344 5354 5364 5384 5374
5334 5344 5354 5364 5384 5374
5334 5344 5354 5364 5384 5374
5334 5344 5354 5364 5384 5374
5334 5344 5354 5364 5384 5374
5334 5344 5354 5364 5384 5374
5334 5344 5354 5364 5384 5374
5334 5344 5354 5364 5384 5374
5334 5344 5354 5364 5384 5374
5334 5344 5354 5364 5384 5374
5334 5344 5354 5364 5384 5374
5334 5344 5354 5364 5384 5374
5334 5344 5354 5364 5384 5374
5334 5344 5354 5364 5384 5374
5334 5344 5354 5364 5384 5374
5334 5344 5354 5364 5384 5374
5334 5344 5354 5364 5384 5374
5334 5344 5354 5364 5384 5374
5334 5344 5354 5364 5384 5374
30735
30735
30735
30735
30735
30735
30735
30735
30735
30735
30735
30735
30735
30735
30735
30735
30735
30735
30735
30735
30735
30735
30735
30735
30735
30735
30735
30735
30735
30735
30735
30735
30735
30735
30735
30735
30735
30735
30735
30735
30735
30735
30735
30735
38546 38556 38566 38576 38586 38596 38606 38616 38626
38546 38556 38566 38576 38586 38596 38606 38616 38626
38546 38556 38566 38576 38586 38596 38606 38616 38626
38546 38556 38566 38576 38586 38596 38606 38616 38626
38546 38556 38566 38576 38586 38596 38606 38616 38626
38546 38556 38566 38576 38586 38596 38606 38616 38626
38546 38556 38566 38576 38586 38596 38606 38616 38626
38546 38556 38566 38576 38586 38596 38606 38616 38626
38546 38556 38566 38576 38586 38596 38606 38616 38626
38546 38556 38566 38576 38586 38596 38606 38616 38626
38546 38556 38566 38576 38586 38596 38606 38616 38626
38546 38556 38566 38576 38586 38596 38606 38616 38626
38546 38556 38566 38576 38586 38596 38606 38616 38626
38546 38556 38566 38576 38586 38596 38606 38616 38626
38546 38556 38566 38576 38586 38596 38606 38616 38626
38546 38556 38566 38576 38586 38596 38606 38616 38626
38546 38556 38566 38576 38586 38596 38606 38616 38626
38546 38556 38566 38576 38586 38596 38606 38616 38626
38546 38556 38566 38576 38586 38596 38606 38616 38626
38546 38556 38566 38576 38586 38596 38606 38616 38626
38546 38556 38566 38576 38586 38596 38606 38616 38626
38546 38556 38566 38576 38586 38596 38606 38616 38626
38546 38556 38566 38576 38586 38596 38606 38616 38626
38546 38556 38566 38576 38586 38596 38606 38616 38626
38546 38556 38566 38576 38586 38596 38606 38616 38626
38546 38556 38566 38576 38586 38596 38606 38616 38626
38546 38556 38566 38576 38586 38596 38606 38616 38626
38546 38556 38566 38576 38586 38596 38606 38616 38626
38546 38556 38566 38576 38586 38596 38606 38616 38626
38546 38556 38566 38576 38586 38596 38606 38616 38626
38546 38556 38566 38576 38586 38596 38606 38616 38626
38546 38556 38566 38576 38586 38596 38606 38616 38626
38546 38556 38566 38576 38586 38596 38606 38616 38626
38546 38556 38566 38576 38586 38596 38606 38616 38626
38546 38556 38566 38576 38586 38596 38606 38616 38626
38546 38556 38566 38576 38586 38596 38606 38616 38626
38546 38556 38566 38576 38586 38596 38606 38616 38626
38546 38556 38566 38576 38586 38596 38606 38616 38626
38546 38556 38566 38576 38586 38596 38606 38616 38626
38546 38556 38566 38576 38586 38596 38606 38616 38626
38546 38556 38566 38576 38586 38596 38606 38616 38626
38546 38556 38566 38576 38586 38596 38606 38616 38626
38546 38556 38566 38576 38586 38596 38606 38616 38626
38546 38556 38566 38576 38586 38596 38606 38616 38626
38546 38556 38566 38576 38586 38596 38606 38616 38626
38546 38556 38566 38576 38586 38596 38606 38616 38626
38546 38556 38566 38576 38586 38596 38606 38616 38626
38546 38556 38566 38576 38586 38596 38606 38616 38626
38546 38556 38566 38576 38586 38596 38606 38616 38626
38546 38556 38566 38576 38586 38596 38606 38616 38626
38546 38556 38566 38576 38586 38596 38606 38616 38626
38546 38556 38566 38576 38586 38596 38606 38616 38626
38546 38556 38566 38576 38586 38596 38606 38616 38626
38546 38556 38566 38576 38586 38596 38606 38616 38626
38546 38556 38566 38576 38586 38596 38606 38616 38626
38546 38556 38566 38576 38586 38596 38606 38616 38626
38546 38556 38566 38576 38586 38596 38606 38616 38626
38546 38556 38566 38576 38586 38596 38606 38616 38626
38546 38556 38566 38576 38586 38596 38606 38616 38626
38546 38556 38566 38576 38586 38596 38606 38616 38626
38546 38556 38566 38576 38586 38596 38606 38616 38626
38546 38556 38566 38576 38586 38596 38606 38616 38626
38546 38556 38566 38576 38586 38596 38606 38616 38626
38546 38556 38566 38576 38586 38596 38606 38616 38626
38546 38556 38566 38576 38586 38596 38606 38616 38626
38546 38556 38566 38576 38586 38596 38606 38616 38626
38546 38556 38566 38576 38586 38596 38606 38616 38626
38546 38556 38566 38576 38586 38596 38606 38616 38626
38546 38556 38566 38576 38586 38596 38606 38616 38626
38546 38556 38566 38576 38586 38596 38606 38616 38626
38546 38556 38566 38576 38586 38596 38606 38616 38626
38546 38556 38566 38576 38586 38596 38606 38616 38626
38546 38556 38566 38576 38586 38596 38606 38616 38626
