84641
84641
84641
84641
84641
84641
84641
84641
84641
84641
84641
84641
84641
84641
84641
84641
84641
84641
84641
84641
84641
84641
84641
84641
84641
84641
84641
84641
84641
84641
8452 8462 8472
8452 8462 8472
8452 8462 8472
8452 8462 8472
8452 8462 8472
8452 8462 8472
8452 8462 8472
8452 8462 8472
8452 8462 8472
8452 8462 8472
8452 8462 8472
8452 8462 8472
8452 8462 8472
8452 8462 8472
8452 8462 8472
8452 8462 8472
8452 8462 8472
8452 8462 8472
8452 8462 8472
8452 8462 8472
8452 8462 8472
8452 8462 8472
8452 8462 8472
8452 8462 8472
8452 8462 8472
8452 8462 8472
8452 8462 8472
8452 8462 8472
8452 8462 8472
8452 8462 8472
8452 8462 8472
8452 8462 8472
8452 8462 8472
8452 8462 8472
8452 8462 8472
8452 8462 8472
8452 8462 8472
8482 8482 8482
8492 8492 8492
8452 8462 8472
8452 8462 8472
8452 8462 8472
8452 8462 8472
8452 8462 8472
8452 8462 8472
8452 8462 8472
8452 8462 8472
8452 8462 8472
8452 8462 8472
13243 13253 13263 13273 29753
13243 13253 13263 13273 29753
13243 13253 13263 13273 29753
13243 13253 13263 13273 29753
13243 13253 13263 13273 29753
13243 13253 13263 13273 29753
13243 13253 13263 13273 29753
13243 13253 13263 13273 29753
13243 13253 13263 13273 29753
13243 13253 13263 13273 29753
13243 13253 13263 13273 29753
13243 13253 13263 13273 29753
13243 13253 13263 13273 29753
13243 13253 13263 13273 29753
13243 13253 13263 13273 29753
13243 34003 13263 34003 29753
13243 34003 13263 34003 29753
13243 34003 13263 34003 29753
13243 13253 13263 13273 29753
13243 13253 13263 13273 29753
13243 13253 13263 13273 29753
13243 13253 13263 13273 29753
13243 13253 13263 13273 29753
13243 13253 13263 13273 29753
13243 13253 13263 13273 29753
13243 13253 13263 13273 29753
13243 13253 13263 13273 29753
13243 13253 13263 13273 29753
13243 13253 13263 13273 29753
13243 13253 13263 13273 29753
13243 13253 13263 13273 29753
13243 13253 13263 13273 29753
13243 13253 13263 13273 29753
13243 13253 13263 13273 29753
13243 13253 13263 13273 29753
13243 13253 13263 13273 29753
13243 13253 13263 13273 29753
13243 13253 13263 13273 29753
13243 13253 13263 13273 29753
13243 13253 13263 13273 29753
13243 13253 13263 13273 29753
13243 13253 13263 13273 29753
13243 13253 13263 13273 29753
13243 13253 13263 13273 29753
13243 13253 13263 13273 29753
13243 13253 13263 13273 29753
13243 13253 13263 13273 29753
13293 13293 13293 13293 13293
13243 13253 13263 13273 29753
13303 13303 13303 13303 13303
13313 13313 13313 13313 13313
13323 13323 13323 13323 13323
13323 13323 13323 13323 13323
13323 13323 13323 13323 13323
13243 13253 13263 13273 29753
13243 13253 13263 13273 29753
13243 13253 13263 13273 29753
13333 13333 13333 13333 13333
13243 13253 13263 13273 29753
13243 13253 13263 13273 29753
13243 13253 34013 13273 29753
13243 13253 34013 13273 29753
13243 13253 34013 13273 29753
13243 13253 13263 13273 29753
13243 13253 13263 13273 29753
13243 13253 13263 13273 29753
14944 14964 14974 14984 14994
14944 14964 14974 14984 14994
14944 14964 14974 14984 14994
14944 14964 14974 14984 14994
14944 14964 14974 14984 14994
14944 14964 14974 14984 14994
14944 14964 14974 14984 14994
14944 14964 14974 14984 14994
14944 14964 14974 14984 14994
14944 14964 14974 14984 14994
14944 14964 14974 14984 14994
14944 14964 14974 14984 14994
14944 14964 14974 14984 14994
14944 14964 14974 14984 14994
14944 14964 14974 14984 14994
14944 14964 14974 14984 34184
14944 14964 14974 14984 34184
14944 14964 14974 14984 34184
14944 14964 14974 14984 14994
14944 14964 14974 14984 14994
14944 14964 14974 14984 14994
14944 14964 14974 14984 14994
14944 14964 14974 14984 14994
14944 14964 14974 14984 14994
14944 14964 14974 14984 14994
14944 14964 14974 14984 14994
14944 14964 14974 14984 14994
14944 14964 14974 14984 14994
14944 14964 14974 14984 14994
14944 14964 14974 14984 14994
14944 14964 14974 14984 14994
14944 14964 14974 14984 14994
14944 14964 14974 14984 14994
14944 14964 14974 14984 14994
14944 14964 14974 14984 14994
14944 14964 14974 14984 14994
14944 14964 14974 14984 14994
14944 14964 14974 14984 14994
14944 14964 14974 14984 14994
14944 14964 14974 14984 14994
14944 14964 14974 14984 14994
14944 14964 14974 14984 14994
14944 14964 14974 14984 14994
14944 14964 14974 14984 14994
14944 14964 14974 14984 14994
14944 14964 14974 14984 14994
14944 14964 14974 14984 14994
14954 14954 14954 14984 14994
14944 14964 14974 14984 14994
14944 14964 14974 14984 14994
14944 14964 14974 14984 14994
14944 14964 14974 14984 14994
14944 14964 14974 14984 14994
14944 14964 14974 14984 14994
14944 14964 14974 14984 14994
14944 14964 14974 14984 14994
14944 15024 14974 14984 14994
14944 14964 14974 14984 14994
14944 14964 14974 14984 14994
15034 15034 15034 14984 14994
14944 14964 14974 14984 14994
14944 14964 14974 14984 14994
28884 28884 28884 14984 14994
28894 28894 28894 28894 28894
28894 28894 28894 28894 28894
28894 28894 28894 28894 28894
14944 14964 14974 14984 14994
64425
64425
64425
64425
64425
64425
64425
64425
64425
64425
64425
64425
64425
64425
64425
64425
64425
64425
64425
64425
64425
64425
64425
64425
64425
64425
64425
64425
64425
64425
64425
64425
64425
64425
64425
64425
64425
64425
64425
64435
64435
64425
64425
64425
84366 84376 84386 84396 84406 84416 84426 84436 84446 84456
84366 84376 84386 84396 84406 84416 84426 84436 84446 84456
84366 84376 84386 84396 84406 84416 84426 84436 84446 84456
84366 84376 84386 84396 84406 84416 84426 84436 84446 84456
84366 84376 84386 84396 84406 84416 84426 84436 84446 84456
84366 84376 84386 84396 84406 84416 84426 84436 84446 84456
84366 84376 84386 84396 84406 84416 84426 84436 84446 84456
84366 84376 84386 84396 84406 84416 84426 84436 84446 84456
84366 84376 84386 84396 84406 84416 84426 84436 84446 84456
84366 84376 84386 84396 84406 84416 84426 84436 84446 84456
84366 84376 84386 84396 84406 84416 84426 84436 84446 84456
84366 84376 84386 84396 84406 84416 84426 84436 84446 84456
84366 84376 84386 84396 84406 84416 84426 84436 84446 84456
84366 84376 84386 84396 84406 84416 84426 84436 84446 84456
84366 84376 84386 84396 84406 84416 84426 84436 84446 84456
84366 84376 84386 84396 84406 84416 84426 84436 84446 84456
84366 84376 84386 84396 84406 84416 84426 84436 84446 84456
84366 84376 84386 84396 84406 84416 84426 84436 84446 84456
84366 84376 84386 84396 84406 84416 84426 84436 84446 84456
84366 84376 84386 84396 84406 84416 84426 84436 84446 84456
84366 84376 84386 84396 84406 84416 84426 84436 84446 84456
84366 84376 84386 84396 84406 84416 84426 84436 84446 84456
84366 84376 84386 84396 84406 84416 84426 84436 84446 84456
84366 84376 84386 84396 84406 84416 84426 84436 84446 84456
84366 84376 84386 84396 84406 84416 84426 84436 84446 84456
84366 84376 84386 84396 84406 84416 84426 84436 84446 84456
84366 84376 84386 84396 84406 84416 84426 84436 84446 84456
84366 84376 84386 84396 84406 84416 84426 84436 84446 84456
84366 84376 84386 84396 84406 84416 84426 84436 84446 84456
84366 84376 84386 84396 84406 84416 84426 84436 84446 84456
84366 84376 84386 84396 84406 84416 84426 84436 84446 84456
84366 84376 84386 84396 84406 84416 84426 84436 84446 84456
84366 84376 84386 84396 84406 84416 84426 84436 84446 84456
84366 84376 84386 84396 84406 84416 84426 84436 84446 84456
84366 84376 84386 84396 84406 84416 84426 84436 84446 84456
84366 84376 84386 84396 84406 84416 84426 84436 84446 84456
84366 84376 84386 84396 84406 84416 84426 84436 84446 84456
84366 84376 84386 84396 84406 84416 84426 84436 84446 84456
84366 84376 84386 84396 84406 84416 84426 84436 84446 84456
84366 84376 84386 84396 84406 84416 84426 84436 84446 84456
84366 84376 84386 84396 84406 84416 84426 84436 84446 84456
84366 84376 84386 84396 84406 84416 84426 84436 84446 84456
84366 84376 84386 84396 84406 84416 84426 84436 84446 84456
84366 84376 84386 84396 84406 84416 84426 84436 84446 84456
84366 84376 84386 84396 84406 84416 84426 84436 84446 84456
84366 84736 84736 84736 84736 84736 84736 84736 84736 84456
84366 84736 84736 84736 84736 84736 84736 84736 84736 84456
84366 84736 84736 84736 84736 84736 84736 84736 84736 84456
84366 84376 84386 84396 84406 84416 84426 84746 84746 84456
84366 84376 84386 84396 84406 84416 84426 84746 84746 84456
84366 84376 84386 84396 84406 84416 84426 84746 84746 84456
84366 84376 84386 84396 84406 84416 84426 84756 84756 84456
84366 84766 84766 84766 84766 84766 84766 84766 84766 84456
84366 84766 84766 84766 84766 84766 84766 84766 84766 84456
84366 84766 84766 84766 84766 84766 84766 84766 84766 84456
84366 84766 84766 84766 84766 84766 84766 84766 84766 84456
84366 84766 84766 84766 84766 84766 84766 84766 84766 84456
84366 84766 84766 84766 84766 84766 84766 84766 84766 84456
84366 84376 84386 84396 84406 84416 84426 84436 84446 84456
84366 84376 84386 84396 84406 84416 84426 84436 84446 84456
84366 84376 84386 84396 84406 84416 84426 84436 84446 84456
84366 84376 84386 84396 84406 84416 84426 84436 84446 84456
84366 84776 84776 84776 84776 84776 84776 84776 84776 84456
84366 84776 84776 84776 84776 84776 84776 84776 84776 84456
84366 84776 84776 84776 84776 84776 84776 84776 84776 84456
84366 84786 84786 84786 84786 84786 84786 84786 84786 84456
84366 84786 84786 84786 84786 84786 84786 84786 84786 84456
84366 84786 84786 84786 84786 84786 84786 84786 84786 84456
84366 84796 84796 84796 84796 84796 84796 84796 84796 84456
84366 84796 84796 84796 84796 84796 84796 84796 84796 84456
84366 84796 84796 84796 84796 84796 84796 84796 84796 84456
84366 84376 84386 84396 84406 84416 84426 84436 84446 84456
84366 84376 84386 84396 84406 84416 84426 84436 84446 84456
