84621
84621
84621
84621
84621
84621
84621
84621
84621
84621
84621
84621
84621
84621
84621
84621
84621
84621
84621
84621
84621
84621
84621
84621
84621
84621
84621
84621
84621
84621
11112 11162 11172 11182 11192 11202 11212
11112 11162 11172 11182 11192 11202 11212
11112 11162 11172 11182 11192 11202 11212
11112 11162 11172 11182 11192 11202 11212
11112 11162 11172 11182 11192 11202 11212
11112 11162 11172 11182 11192 11202 11212
11112 11162 11172 11182 11192 11202 11212
11112 11162 11172 11182 11192 11202 11212
11112 11162 11172 11182 11192 11202 11212
11112 11162 11172 11182 11192 11202 11212
11112 11162 11172 11182 11192 11202 11212
11112 11162 11172 11182 11192 11202 11212
11112 11162 11172 11182 11192 11202 11212
11112 11162 11172 11182 11192 11202 11212
11112 11162 11172 11182 11192 11202 11212
11112 11162 11172 11182 11192 11202 11212
11112 11162 11172 11182 33372 11202 11212
11112 11162 11172 11182 33372 11202 11212
11112 11162 11172 11182 11192 11202 11212
11112 11162 11172 11182 11192 11202 11212
11112 11162 11172 11182 11192 11202 11212
11112 11162 11172 11182 11192 11202 11212
11112 11162 11172 11182 11192 11202 11212
11112 11162 11172 11182 11192 11202 11212
11112 11162 11172 11182 11192 11202 11212
11112 11162 11172 11182 11192 11202 11212
11112 11162 11172 11182 11192 11202 11212
11112 11162 11172 11182 11192 11202 11212
11112 11162 11172 11182 11192 11202 11212
11112 11162 11172 11182 11192 11202 11212
11112 11162 11172 11182 11192 11202 11212
11112 11162 11172 11182 11192 11202 11212
11112 11162 11172 11182 11192 11202 11212
11112 11162 11172 11182 11192 11202 11212
11112 11162 11172 11182 11192 11202 11212
11112 11162 11172 11182 11192 11202 11212
11112 11162 11172 11182 11192 11202 11212
11112 11162 11172 11182 11192 11202 11212
11112 11162 11172 11182 11192 11202 11212
11112 11162 11172 11182 11192 11202 11212
11112 11162 11172 11182 11192 11202 11212
11112 11162 11172 11182 11192 11202 11212
11112 11162 11172 11182 11192 11202 11212
11112 11162 11172 11182 11192 11202 11212
11112 11162 11172 11182 11192 11202 11212
11122 11122 11122 11122 11122 11122 11122
11132 11132 11132 11132 11132 11132 11132
11112 11162 11172 11182 11192 11202 11212
11142 11142 11142 11142 33372 11142 11142
11142 11142 11142 11142 11142 11142 11142
11112 11162 11172 11182 11192 11202 11212
11112 11162 11172 11182 11192 11202 11212
11112 11162 11172 11182 11192 11202 11212
11112 11162 11172 11182 11192 11202 11212
11112 11162 11172 11182 11192 11202 11212
11152 11152 11152 11152 11152 11152 11152
11152 11152 11152 11152 11152 11152 11152
11152 11152 11152 11152 11152 11152 11152
11112 11162 11172 11182 11192 11202 11212
11112 11162 11172 11182 11192 11202 11212
11112 11162 11172 11182 11192 11202 11212
11112 11162 11172 11182 11192 11202 11212
11112 11162 11172 11182 11192 11202 11212
11112 11162 11172 11182 11192 11202 11212
11112 11162 11172 11182 11192 11202 11212
11112 11162 11172 11182 11192 11202 11212
11112 11162 11172 11182 11192 11202 11212
13043 13053 13063 13073 29733
13043 13053 13063 13073 29733
13043 13053 13063 13073 29733
13043 13053 13063 13073 29733
13043 13053 13063 13073 29733
13043 13053 13063 13073 29733
13043 13053 13063 13073 29733
13043 13053 13063 13073 29733
13043 13053 13063 13073 29733
13043 13053 13063 13073 29733
13043 13053 13063 13073 29733
13043 13053 13063 13073 29733
13043 13053 13063 13073 29733
13043 13053 13063 13073 29733
13043 13053 13063 13073 29733
13043 33963 13063 33963 29733
13043 33963 13063 33963 29733
13043 33963 13063 33963 29733
13043 13053 13063 13073 29733
13043 13053 13063 13073 29733
13043 13053 13063 13073 29733
13043 13053 13063 13073 29733
13043 13053 13063 13073 29733
13043 13053 13063 13073 29733
13043 13053 13063 13073 29733
13043 13053 13063 13073 29733
13043 13053 13063 13073 29733
13043 13053 13063 13073 29733
13043 13053 13063 13073 29733
13043 13053 13063 13073 29733
13043 13053 13063 13073 29733
13043 13053 13063 13073 29733
13043 13053 13063 13073 29733
13043 13053 13063 13073 29733
13043 13053 13063 13073 29733
13043 13053 13063 13073 29733
13043 13053 13063 13073 29733
13043 13053 13063 13073 29733
13043 13053 13063 13073 29733
13043 13053 13063 13073 29733
13043 13053 13063 13073 29733
13043 13053 13063 13073 29733
13043 13053 13063 13073 29733
13043 13053 13063 13073 29733
13043 13053 13063 13073 29733
13043 13053 13063 13073 29733
13043 13053 13063 13073 29733
13093 13093 13093 13093 13093
13043 13053 13063 13073 29733
13103 13103 13103 13103 13103
13113 13113 13113 13113 13113
13123 13123 13123 13123 13123
13123 13123 13123 13123 13123
13123 13123 13123 13123 13123
13043 13053 13063 13073 29733
13043 13053 13063 13073 29733
13043 13053 13063 13073 29733
13133 13133 13133 13133 13133
13043 13053 13063 13073 29733
13043 13053 13063 13073 29733
13043 13053 33973 13073 29733
13043 13053 33973 13073 29733
13043 13053 33973 13073 29733
13043 13053 13063 13073 29733
13043 13053 13063 13073 29733
13043 13053 13063 13073 29733
50474 50484 50494 50504 50514 50524 50534 50544 50554 50704
50474 50484 50494 50504 50514 50524 50534 50544 50554 50704
50474 50484 50494 50504 50514 50524 50534 50544 50554 50704
50474 50484 50494 50504 50514 50524 50534 50544 50554 50704
50474 50484 50494 50684 50514 50524 50534 50684 50554 50704
50474 50484 50494 50504 50514 50524 50534 50544 50554 50704
50474 50484 50494 50504 50514 50524 50534 50544 50554 50704
50474 50484 50494 50684 50514 50524 50534 50684 50554 50704
50474 50484 50494 50504 50514 50524 50534 50544 50554 50704
50474 50484 50494 50504 50514 50524 50534 50544 50554 50704
50474 50484 50494 50504 50514 50524 50534 50544 50554 50704
50474 50484 50494 50504 50514 50524 50534 50544 50554 50704
50474 50484 50494 50504 50514 50524 50534 50544 50554 50704
50474 50484 50494 50504 50514 50524 50534 50544 50554 50704
50474 50484 50494 50504 50514 50524 50534 50544 50554 50704
50474 50484 50494 50504 50514 50524 50534 50544 50554 50704
50474 50684 50684 50684 50684 50684 50534 50684 50554 50704
50474 50484 50494 50504 50514 50524 50534 50544 50554 50704
50474 50484 50494 50504 50514 50524 50534 50544 50554 50704
50474 50484 50494 50684 50684 50524 50534 50684 50554 50704
50474 50484 50494 50504 50514 50524 50534 50544 50554 50704
50474 50484 50494 50504 50514 50524 50534 50544 50554 50704
50474 50484 50494 50684 50514 50524 50534 50684 50554 50704
50474 50484 50494 50504 50514 50524 50534 50544 50554 50704
50474 50484 50494 50504 50514 50524 50534 50544 50554 50704
50474 50484 50494 50504 50514 50524 50534 50544 50554 50704
50474 50484 50494 50504 50514 50524 50534 50544 50554 50704
50474 50484 50494 50504 50514 50524 50534 50544 50554 50704
50474 50484 50494 50504 50514 50524 50534 50544 50554 50704
50474 50484 50494 50504 50514 50524 50534 50544 50554 50704
50474 50484 50494 50504 50514 50524 50534 50544 50554 50704
50474 50484 50494 50504 50514 50524 50534 50544 50554 50704
50474 50484 50494 50504 50514 50524 50534 50544 50554 50704
50474 50484 50494 50504 50514 50524 50534 50544 50554 50704
50474 50484 50494 50504 50514 50524 50534 50544 50554 50704
50474 50484 50494 50504 50514 50524 50534 50544 50554 50704
50474 50484 50494 50504 50514 50524 50534 50544 50554 50704
50474 50484 50494 50504 50514 50524 50534 50544 50554 50704
50474 50484 50494 50504 50514 50524 50534 50544 50554 50704
50474 50484 50494 50504 50514 50524 50534 50544 50554 50704
50474 50484 50494 50504 50514 50524 50534 50544 50554 50704
50474 50484 50494 50504 50514 50524 50534 50544 50554 50704
50474 50484 50494 50504 50514 50524 50534 50544 50554 50704
50474 50484 50494 50504 50514 50524 50534 50544 50554 50704
50474 50484 50494 50504 50514 50524 50534 50544 50554 50704
50474 50484 50494 50504 50514 50524 50534 50544 50554 50704
50474 50484 50494 50504 50514 50524 50534 50544 50554 50704
50474 50484 50494 50504 50564 50524 50534 50544 50554 50564
50474 50484 50494 50504 50564 50524 50534 50544 50554 50564
50474 50484 50494 50574 50574 50584 50534 50584 50554 50574
50474 50484 50494 50574 50574 50584 50534 50584 50554 50574
50474 50484 50494 50574 50574 50584 50534 50584 50554 50574
50474 50484 50494 50574 50574 50584 50534 50584 50554 50574
50474 50484 50494 50504 50514 50524 50534 50544 50554 50704
50474 50484 50494 50594 50514 50524 50534 50544 50554 50704
50474 50484 50494 50594 50514 50624 50534 50624 50554 50704
50474 50484 50494 50504 50514 50524 50534 50544 50554 50704
50474 50484 50494 50504 50514 50524 50534 50544 50554 50704
50474 50484 50494 50504 50514 50624 50534 50624 50554 50704
50474 50604 50604 50604 50604 50604 50534 50604 50554 50704
50474 50604 50604 50604 50604 50604 50534 50604 50554 50704
50474 50694 50694 50694 50694 50694 50534 50694 50554 50704
50474 50694 50694 50694 50694 50694 50534 50694 50554 50704
50474 50484 50494 50504 50514 50524 50534 50544 50554 50704
50474 50614 50614 50614 50614 50614 50534 50614 50614 50614
50474 50484 50494 50504 50514 50524 50534 50544 50554 50704
50474 50484 50494 50504 50514 50524 50534 50544 50554 50704
50474 50484 50494 50504 50514 50524 50534 50544 50554 50704
50474 50484 50494 50624 50624 50524 50534 50624 50554 50704
50474 50484 50494 50624 50624 50524 50534 50624 50554 50704
50474 50484 50494 50504 50514 50524 50534 50544 50554 50704
50474 50484 50494 50624 50624 50524 50534 50624 50554 50704
50474 50484 50494 50624 50624 50524 50534 50624 50554 50704
50474 50484 50494 50504 50514 50524 50534 50634 50554 50704
50474 50484 50494 50504 50514 50524 50534 50634 50554 50704
50474 50484 50494 50644 50644 50654 50534 50654 50554 50644
50474 50484 50494 50644 50644 50654 50534 50654 50554 50644
50474 50484 50494 50644 50644 50654 50534 50654 50554 50644
50474 50484 50494 50644 50644 50654 50534 50654 50554 50644
50474 50484 50494 50644 50644 50654 50534 50654 50554 50644
50474 50484 50494 50504 50514 50524 50534 50544 50554 50704
50474 50484 50494 50504 50514 50524 50534 50544 50554 50704
50474 50484 50494 50504 50514 50524 50534 50544 50554 50704
50474 50484 50494 50504 50514 50524 50534 50544 50554 50704
50474 50484 50494 50504 50514 50524 50534 50544 50554 50704
50474 50484 50494 50664 50514 50664 50534 50664 50554 50704
50474 50484 50494 50664 50514 50664 50534 50664 50554 50704
50474 50484 50494 50504 50674 50524 50534 50544 50554 50704
50474 50484 50494 50504 50674 50524 50534 50544 50554 50704
