45728 62303 13342 29916
3536 3867 4199 4530
4950 5414 5878 6342
2475 2707 2939 3171
4950 5414 5878 6342
4596 5027 5458 5889
2828 3094 3359 3624
4243 4641 5038 5436
4950 5414 5878 6342
2475 2707 2939 3171
4950 5414 5878 6342
3536 3867 4199 4530
3536 3867 4199 4530
2828 3094 3359 3624
3536 3867 4199 4530
5304 5801 6298 6795
4243 4641 5038 5436
4243 4641 5038 5436
2121 2320 2519 2718
4243 4641 5038 5436
3536 3867 4199 4530
2828 3094 3359 3624
3536 3867 4199 4530
6011 6574 7138 7701
3182 3480 3779 4077
2828 3094 3359 3624
2828 3094 3359 3624
4243 4641 5038 5436
3536 3867 4199 4530
2828 3094 3359 3624
