84641
84641
84641
84641
84641
84641
84641
84641
84641
84641
84641
84641
84641
84641
84641
84641
84641
84641
84641
84641
84641
84641
84641
84641
84641
84641
84641
84641
84641
84641
6912 6962 6972 6982
6912 6962 6972 6982
6912 6962 6972 6982
6912 6962 6972 6982
6912 6962 6972 6982
6912 6962 6972 6982
6912 6962 6972 6982
6912 6962 6972 6982
6912 6962 6972 6982
6912 6962 6972 6982
6912 6962 6972 6982
6912 6962 6972 6982
6912 6962 6972 6982
6912 6962 6972 6982
6912 6962 6972 6982
6912 6962 6972 6982
6912 6962 6972 6982
6912 6962 6972 6982
6912 6962 6972 6982
6912 6962 6972 6982
6912 6962 6972 6982
6912 6962 6972 6982
6912 6962 6972 6982
6912 6962 6972 6982
6912 6962 6972 6982
6912 6962 6972 6982
6912 6962 6972 6982
6912 6962 6972 6982
6912 6962 6972 6982
6912 6962 6972 6982
6912 6962 6972 6982
6912 6962 6972 6982
6912 6962 6972 6982
6912 6962 6972 6982
6912 6962 6972 6982
6912 6962 6972 6982
6912 6962 6972 6982
6912 6962 6972 6982
6922 6922 6922 6922
6932 6932 6932 6932
6912 6962 6972 6982
6942 6942 6942 6942
6942 6942 6942 6942
6912 6962 6972 6982
6912 6962 6972 6982
6952 6952 6952 6952
6912 6962 6972 6982
6912 6962 6972 6982
6912 6962 6972 6982
6912 6962 6972 6982
52323 52333 52343 52353 52363 52373 52383 52613 52623 52633 52643
52323 52333 52343 52353 52363 52373 52383 52613 52623 52633 52643
52323 52333 52343 52353 52363 52373 52383 52613 52623 52633 52643
52323 52333 52343 52353 52363 52373 52383 52613 52623 52633 52643
52323 52333 52343 52353 52363 52373 52383 52613 52623 52633 52643
52323 52333 52343 52353 52363 52373 52383 52613 52623 52633 52643
52323 52333 52343 52353 52363 52373 52383 52613 52623 52633 52643
52323 52333 52343 52353 52363 52373 52383 52613 52623 52633 52643
52323 52333 52343 52353 52363 52373 52383 52613 52623 52633 52643
52323 52333 52343 52353 52363 52373 52383 52613 52623 52633 52643
52323 52333 52523 52353 52523 52373 52383 52613 52623 52633 52643
52323 52333 52343 52353 52363 52373 52383 52613 52623 52633 52643
52323 52333 52343 52353 52363 52373 52383 52613 52623 52633 52643
52323 52333 52343 52353 52363 52373 52383 52613 52623 52633 52643
52323 52333 52343 52353 52363 52373 52383 52613 52623 52633 52643
52323 52333 52343 52353 52363 52373 52383 52613 52623 52633 52643
52323 52333 52343 52353 52363 52373 52383 52613 52623 52633 52643
52323 52333 52343 52353 52363 52373 52383 52613 52623 52633 52643
52323 52333 52343 52353 52363 52373 52383 52613 52623 52633 52643
52323 52333 52343 52353 52363 52373 52383 52613 52623 52633 52643
52323 52333 52343 52353 52363 52373 52383 52613 52623 52633 52643
52323 52333 52343 52353 52363 52373 52383 52613 52623 52633 52643
52323 52333 52343 52353 52363 52373 52383 52613 52623 52633 52643
52323 52333 52343 52353 52363 52373 52383 52613 52623 52633 52643
52323 52333 52343 52353 52363 52373 52383 52613 52623 52633 52643
52323 52333 52343 52353 52363 52373 52383 52613 52623 52633 52643
52323 52333 52343 52353 52363 52373 52383 52613 52623 52633 52643
52323 52333 52343 52353 52363 52373 52383 52613 52623 52633 52643
52323 52333 52343 52353 52363 52373 52383 52613 52623 52633 52643
52323 52333 52343 52353 52363 52373 52383 52613 52623 52633 52643
52323 52333 52343 52353 52363 52373 52383 52613 52623 52633 52643
52323 52333 52343 52353 52363 52373 52383 52613 52623 52633 52643
52323 52333 52343 52353 52363 52373 52383 52613 52623 52633 52643
52323 52333 52393 52353 52363 52373 52383 52613 52623 52633 52393
52323 52333 52403 52353 52363 52373 52383 52613 52623 52633 52403
52323 52333 52343 52353 52363 52373 52383 52613 52623 52633 52643
52323 52333 52343 52353 52363 52373 52593 52613 52413 52413 52593
52323 52333 52423 52423 52423 52423 52383 52423 52623 52633 52423
52323 52333 52433 52433 52433 52433 52383 52433 52623 52633 52433
52323 52653 52343 52353 52363 52373 52383 52613 52623 52633 52643
52323 52533 52443 52443 52443 52373 52383 52443 52623 52633 52533
52323 52533 52443 52443 52443 52373 52383 52443 52623 52633 52533
52323 52533 52443 52443 52443 52373 52383 52443 52623 52633 52533
52323 52333 52343 52353 52363 52373 52383 52613 52623 52633 52643
52323 52653 52343 52353 52363 52373 52383 52613 52623 52633 52643
52323 52543 52453 52453 52453 52373 52383 52453 52623 52633 52543
52323 52543 52453 52453 52453 52373 52383 52453 52623 52633 52543
52323 52543 52453 52453 52453 52373 52383 52453 52623 52633 52543
52323 52543 52453 52453 52453 52373 52383 52453 52623 52633 52543
52323 52543 52453 52453 52453 52373 52383 52453 52623 52633 52543
52323 52653 52343 52353 52363 52373 52383 52613 52623 52633 52643
52323 52553 52463 52463 52463 52373 52383 52463 52623 52633 52553
52323 52553 52463 52463 52463 52373 52383 52463 52623 52633 52553
52323 52553 52463 52463 52463 52373 52383 52463 52623 52633 52553
52323 52553 52463 52463 52463 52373 52383 52463 52623 52633 52553
52323 52553 52463 52463 52463 52373 52383 52463 52623 52633 52553
52323 52573 52573 52573 52573 52373 52383 52573 52623 52633 52573
52323 52333 52343 52353 52363 52373 52383 52613 52623 52633 52643
52323 52653 52343 52353 52363 52373 52383 52613 52623 52633 52643
52323 52563 52473 52473 52473 52373 52383 52473 52623 52633 52563
52323 52563 52473 52473 52473 52373 52383 52473 52623 52633 52563
52323 52563 52473 52473 52473 52373 52383 52473 52623 52633 52563
52323 52563 52473 52473 52473 52373 52383 52473 52623 52633 52563
52323 52563 52473 52473 52473 52373 52383 52473 52623 52633 52563
52323 52583 52583 52583 52583 52373 52383 52583 52623 52633 52583
52323 52333 52343 52353 52363 52373 52383 52613 52623 52633 52643
52323 52483 52483 52483 52483 52483 52383 52483 52623 52633 52643
52323 52483 52483 52483 52483 52483 52383 52483 52623 52633 52643
52323 52483 52483 52483 52483 52483 52383 52483 52623 52633 52643
52323 52333 52343 52353 52363 52373 52383 52613 52623 52633 52643
52323 52333 52343 52353 52363 52373 52383 52613 52623 52633 52643
52323 52333 52343 52353 52363 52373 52383 52613 52623 52633 52643
52323 52333 52343 52353 52363 52373 52383 52613 52623 52633 52643
52323 52333 52493 52493 52493 52373 52383 52613 52623 52633 52643
52323 52333 52503 52503 52503 52373 52513 52613 52623 52633 52513
52323 52333 52603 52603 52603 52603 52383 52603 52623 52633 52643
52323 52333 52343 52353 52363 52373 52383 52613 52623 52633 52643
