0 0 0
1 0 1
2 0 2
3 0 3
4 0 4
5 0 5
6 0 6
7 0 7
8 0 8
9 0 9
10 0 10
11 0 11
0 0 0
12 0 12
13 1 13
14 1 14
15 1 15
16 1 16
17 1 17
18 1 18
19 1 19
20 1 20
21 1 21
13 1 13
22 1 22
23 1 23
24 1 24
25 1 25
26 1 26
27 1 27
0 0 0
1 0 1
2 0 2
3 1 3
4 2 4
5 0 5
6 3 6
7 4 7
8 0 8
9 0 9
10 0 10
11 0 11
12 0 12
13 0 13
14 5 14
15 5 15
16 6 16
17 7 17
18 5 18
19 5 19
20 5 20
21 5 21
22 5 22
23 5 23
24 5 24
25 5 25
26 5 26
27 5 27
28 5 28
29 5 29
30 5 30
28 5 28
29 5 29
30 5 30
31 5 31
32 5 32
33 5 33
34 5 34
35 8 35
36 9 36
37 5 37
38 10 38
39 11 39
40 5 40
41 12 41
42 13 42
43 5 43
44 14 44
45 15 45
50 5 46
0 0 0
1 0 1
2 0 2
3 0 3
4 0 4
5 0 5
6 0 6
7 0 7
8 1 8
9 1 9
10 2 10
11 1 11
12 1 12
13 1 13
14 1 14
15 1 15
16 1 16
17 1 17
18 1 18
19 1 19
20 1 20
21 1 21
22 1 22
23 1 23
24 1 24
25 1 25
26 1 26
27 1 27
28 1 28
29 1 29
30 1 30
31 1 31
32 1 32
33 3 33
34 3 34
35 4 35
36 5 36
37 6 37
38 7 38
39 8 39
40 9 40
41 10 41
42 11 42
43 12 43
44 8 39
45 9 40
46 10 41
47 13 44
48 14 45
49 15 46
50 16 47
51 17 48
52 18 49
53 19 50
54 20 51
55 21 52
56 22 53
57 23 54
58 16 47
59 17 48
60 18 49
61 19 50
62 20 51
63 21 52
64 24 55
65 25 56
66 26 57
67 27 58
68 28 59
69 29 60
70 30 61
71 31 62
72 32 63
73 33 64
74 34 65
75 35 66
76 1 67
