38801
38801
38801
38801
38801
38801
38801
38801
38801
38801
38801
38801
38801
38801
38801
38801
38801
38801
38801
38801
38801
38801
38801
38801
38801
38801
38801
38801
38801
38801
2412
2412
2412
2412
2412
2412
2412
2412
2412
2412
2412
2412
2412
2412
2412
2412
2412
2412
2412
2412
2412
2412
2412
2412
2412
2412
2412
2412
2412
2412
2412
2412
2412
2412
2412
2412
2412
2412
2412
2412
2412
2412
2412
2412
2412
2412
2412
2412
2412
2412
25023 25033 25043 25053 25063 25073 25083 25093 25103 25113 25123
25023 25033 25043 25053 25063 25073 25083 25093 25103 25113 25123
25023 25033 25043 25053 25063 25073 25083 25093 25103 25113 25123
25023 25033 25043 25053 25063 25073 25083 25093 25103 25113 25123
25023 25033 25043 25053 25063 25073 25083 25093 25103 25113 25123
25023 25033 25043 25053 25063 25073 25083 25093 25103 25113 25123
25023 25033 25043 25053 25063 25073 25083 25093 25103 25113 25123
25023 25033 25043 25053 25063 25073 25083 25093 25103 25113 25123
25023 25033 25043 25053 25063 25073 25083 25093 25103 25113 25123
25023 25033 25043 25053 25063 25073 25083 25093 25103 25113 25123
25023 25033 25043 25053 25063 25073 25083 25093 25103 25113 25123
25023 25033 25043 25053 25063 25073 25083 25093 25103 25113 25123
25023 25033 25043 25053 25063 25073 25083 25093 25103 25113 25123
25023 25033 25043 25053 25063 25073 25083 25093 25103 25113 25123
25023 25033 25043 25053 25063 25073 25083 25093 25103 25113 25123
25023 25033 25043 25053 25063 25073 25083 25093 25103 25113 25123
25023 25033 25043 25053 25063 25073 25083 25093 25103 25113 25123
25023 25033 25043 25053 25063 25073 25083 25093 25103 25113 25123
25023 25033 25043 25053 25063 25073 25083 25093 25103 25113 25123
25023 25033 25043 25053 25063 25073 25083 25093 25103 25113 25123
25023 25033 25043 25053 25063 25073 25083 25093 25103 25113 25123
25023 25033 25043 25053 25063 25073 25083 25133 25143 25153 25163
25023 25033 25043 25053 25063 25073 25083 25093 25103 25113 25123
25023 25033 25043 25053 25063 25073 25083 25093 25103 25113 25123
25023 25033 25043 25053 25063 25073 25083 25133 25143 25153 25163
25023 25033 25043 25053 25063 25073 25083 25093 25103 25113 25123
25023 25033 25043 25053 25063 25073 25083 25093 25103 25113 25123
25023 25033 25043 25053 25063 25073 25083 25093 25103 25113 25123
25023 25033 25043 25053 25063 25073 25083 25093 25103 25113 25123
25023 25033 25043 25053 25063 25073 25083 25093 25103 25113 25123
25023 25033 25043 25053 25063 25073 25083 25093 25103 25113 25123
25023 25033 25043 25053 25063 25073 25083 25093 25103 25113 25123
25023 25033 25043 25053 25063 25073 25083 25093 25103 25113 25123
25023 25033 25043 25053 25063 25073 25083 25093 25103 25113 25123
25023 25033 25043 25053 25063 25073 25083 25093 25103 25113 25123
25023 25033 25043 25053 25063 25073 25083 25093 25103 25113 25123
25023 25033 25043 25053 25063 25073 25083 25093 25103 25113 25123
25023 25033 25043 25053 25063 25073 25083 25093 25103 25113 25123
25023 25033 25043 25053 25063 25073 25083 25093 25103 25113 25123
25023 25033 25043 25053 25063 25073 25083 25093 25103 25113 25123
25023 25033 25043 25053 25063 25073 25083 25173 25183 25193 25203
25023 25033 25043 25053 25063 25073 25083 25173 25183 25193 25203
25023 25033 25043 25053 25063 25073 25083 25093 25103 25113 25123
25023 25033 25043 25053 25063 25073 25083 25093 25103 25113 25123
25023 25033 25043 25053 25063 25073 25083 25093 25103 25113 25123
25023 25033 25043 25053 25063 25073 25083 25173 25183 25193 25203
25023 25033 25043 25053 25063 25073 25083 25173 25183 25193 25203
25023 25033 25043 25053 25063 25073 25083 25093 25103 25113 25123
25023 25033 25043 25053 25063 25073 25083 25093 25103 25113 25123
25023 25033 25043 25053 25063 25073 25083 25093 25103 25113 25123
25023 25033 25043 25053 25063 25073 25083 25093 25103 25113 25123
25023 25033 25043 25053 25063 25073 25083 25173 25183 25193 25203
25023 25033 25043 25053 25063 25073 25083 25173 25183 25193 25203
25023 25033 25043 25053 25063 25073 25083 25173 25183 25193 25203
25023 25033 25043 25053 25063 25073 25083 25173 25183 25193 25203
25023 25033 25043 25053 25063 25073 25083 25173 25183 25193 25203
25023 25033 25043 25053 25063 25073 25083 25093 25103 25113 25123
25023 25033 25043 25053 25063 25073 25083 25093 25103 25113 25123
25023 25033 25043 25053 25063 25073 25083 25093 25103 25113 25123
25023 25033 25043 25053 25063 25073 25083 25173 25183 25193 25203
25023 25033 25043 25053 25063 25073 25083 25173 25183 25193 25203
25023 25033 25043 25053 25063 25073 25083 25173 25183 25193 25203
25023 25033 25043 25053 25063 25073 25083 25173 25183 25193 25203
25023 25033 25043 25053 25063 25073 25083 25173 25183 25193 25203
25023 25033 25043 25053 25063 25073 25083 25093 25103 25113 25123
25023 25033 25043 25053 25063 25073 25083 25093 25103 25113 25123
25023 25033 25043 25053 25063 25073 25083 25093 25103 25113 25123
25023 25033 25043 25053 25063 25073 25083 25173 25183 25193 25203
25023 25033 25043 25053 25063 25073 25083 25173 25183 25193 25203
25023 25033 25043 25053 25063 25073 25083 25093 25103 25113 25123
25023 25033 25043 25053 25063 25073 25083 25093 25103 25113 25123
25023 25033 25043 25053 25063 25073 25083 25093 25103 25113 25123
25023 25033 25043 25053 25063 25073 25083 25093 25103 25113 25123
25023 25033 25043 25053 25063 25073 25083 25093 25103 25113 25123
25023 25033 25043 25053 25063 25073 25083 25093 25103 25113 25123
25023 25033 25043 25053 25063 25073 25083 25093 25103 25113 25123
25023 25033 25043 25053 25063 25073 25083 25093 25103 25113 25123
