84601
84601
84601
84601
84601
84601
84601
84601
84601
84601
84601
84601
84601
84601
84601
84601
84601
84601
84601
84601
84601
84601
84601
84601
84601
84601
84601
84601
84601
84601
6592 6642 6652 6662
6592 6642 6652 6662
6592 6642 6652 6662
6592 6642 6652 6662
6592 6642 6652 6662
6592 6642 6652 6662
6592 6642 6652 6662
6592 6642 6652 6662
6592 6642 6652 6662
6592 6642 6652 6662
6592 6642 6652 6662
6592 6642 6652 6662
6592 6642 6652 6662
6592 6642 6652 6662
6592 6642 6652 6662
6592 6642 6652 6662
6592 6642 6652 6662
6592 6642 6652 6662
6592 6642 6652 6662
6592 6642 6652 6662
6592 6642 6652 6662
6592 6642 6652 6662
6592 6642 6652 6662
6592 6642 6652 6662
6592 6642 6652 6662
6592 6642 6652 6662
6592 6642 6652 6662
6592 6642 6652 6662
6592 6642 6652 6662
6592 6642 6652 6662
6592 6642 6652 6662
6592 6642 6652 6662
6592 6642 6652 6662
6592 6642 6652 6662
6592 6642 6652 6662
6592 6642 6652 6662
6592 6642 6652 6662
6592 6642 6652 6662
6602 6602 6602 6602
6612 6612 6612 6612
6592 6642 6652 6662
6622 6622 6622 6622
6622 6622 6622 6622
6592 6642 6652 6662
6592 6642 6652 6662
6632 6632 6632 6632
6592 6642 6652 6662
6592 6642 6652 6662
6592 6642 6652 6662
6592 6642 6652 6662
8253 8263 8273
8253 8263 8273
8253 8263 8273
8253 8263 8273
8253 8263 8273
8253 8263 8273
8253 8263 8273
8253 8263 8273
8253 8263 8273
8253 8263 8273
8253 8263 8273
8253 8263 8273
8253 8263 8273
8253 8263 8273
8253 8263 8273
8253 8263 8273
8253 8263 8273
8253 8263 8273
8253 8263 8273
8253 8263 8273
8253 8263 8273
8253 8263 8273
8253 8263 8273
8253 8263 8273
8253 8263 8273
8253 8263 8273
8253 8263 8273
8253 8263 8273
8253 8263 8273
8253 8263 8273
8253 8263 8273
8253 8263 8273
8253 8263 8273
8253 8263 8273
8253 8263 8273
8253 8263 8273
8253 8263 8273
8283 8283 8283
8293 8293 8293
8253 8263 8273
8253 8263 8273
8253 8263 8273
8253 8263 8273
8253 8263 8273
8253 8263 8273
8253 8263 8273
8253 8263 8273
8253 8263 8273
8253 8263 8273
23274 23284 23294 23304 23314 23324 23334
23274 23284 23294 23304 23314 23324 23334
23274 23284 23294 23304 23314 23324 23334
23274 23284 23294 23304 23314 23324 23334
23274 23284 23294 23304 23314 23324 23334
23274 23284 23294 23304 23314 23324 23334
23274 23284 23294 23304 23314 23324 23334
23274 23284 23294 23304 23314 23324 23334
23274 23284 23294 23304 23314 23324 23334
23274 23284 23294 23304 23314 23324 23334
23274 23284 23294 23304 23314 23324 23334
23274 23284 23294 23304 23314 23324 23334
23274 23284 23294 23304 23314 23324 23334
23274 23284 23294 23304 23314 23324 23334
23274 23284 23294 23304 23314 23324 23334
34324 34324 34324 34324 34324 34324 34324
34324 34324 34324 34324 34324 34324 34324
34324 34324 34324 34324 34324 34324 34324
23274 23284 23294 23304 23314 23324 23334
23274 23284 23294 23304 23314 23324 23334
23274 23284 23294 23304 23314 23324 23334
23274 23284 23294 23304 23314 23324 23334
23274 23284 23294 23304 23314 23324 23334
23274 23284 23294 23304 23314 23324 23334
23274 23284 23294 23304 23314 23324 23334
23274 23284 23294 23304 23314 23324 23334
23274 23284 23294 23304 23314 23324 23334
23274 23284 23294 23304 23314 23324 23334
23274 23284 23294 23304 23314 23324 23334
23274 23284 23294 23304 23314 23324 23334
23274 23284 23294 23304 23314 23324 23334
23274 23284 23294 23304 23314 23324 23334
23274 23284 23294 23304 23314 23324 23334
23274 23284 23294 23304 23314 23324 23334
23274 23284 23294 23304 23314 23324 23334
23274 23284 23294 23304 23314 23324 23334
23274 23284 23294 23304 23314 23324 23334
23274 23284 23294 23304 23314 23324 23334
23274 23284 23294 23304 23314 23324 23334
23274 23284 23294 23304 23314 23324 23334
23274 23284 23294 23304 23314 23324 23334
23274 23284 23294 23304 23314 23324 23334
23274 23284 23294 23304 23314 23324 23334
23274 23284 23294 23304 23314 23324 23334
23274 23284 23294 23304 23314 23324 23334
23274 23284 23294 23304 23314 23324 23334
23274 23284 23294 23304 23314 23324 23334
23344 23344 23344 23344 23344 23344 23344 23344
23354 23354 23354 23354 23354 23354 23354 23354
23274 23284 23294 23304 23314 23324 23334
23274 23284 23294 23304 23314 23324 23334
23274 23284 23294 23304 23314 23324 23334
23274 23284 23294 23304 23314 23324 23334
23364 23364 23364 23364 23364 23364 23364 23364
23374 23374 23374 23374 23374 23374 23374 23374
23374 23374 23374 23374 23374 23374 23374 23374
23374 23374 23374 23374 23374 23374 23374 23374
23384 23384 23384 23384 23384 23384 23384 23384
23384 23384 23384 23384 23384 23384 23384 23384
23384 23384 23384 23384 23384 23384 23384 23384
23394 23284 23394 23304 23394 23324 23334
23404 23404 23404 23404 23404 23404 23404 23404
23404 23404 23404 23404 23404 23404 23404 23404
23404 23404 23404 23404 23404 23404 23404 23404
23414 23414 23414 23414 23414 23414 23414 23414
23414 23414 23414 23414 23414 23414 23414 23414
23414 23414 23414 23414 23414 23414 23414 23414
23424 23284 23294 23424 23314 23324 23334
23274 23284 23294 23304 23314 23324 23334
23434 23434 23294 23304 23434 23324 23334
23274 23284 23294 23304 23314 23324 23334
23444 23444 23294 23304 23444 23324 23334
23274 23284 23294 23304 23314 23324 23334
23274 23284 23294 23304 23314 23324 23334
23274 23284 23294 23304 23314 23324 23334
23454 23284 23294 23454 23314 23324 23334
23274 23284 23294 23304 23314 23324 23334
23274 23284 23294 23304 23314 23324 23334
23464 23464 23294 23304 23464 23324 23334
23274 23284 23294 23304 23314 23324 23334
23274 23284 23294 23304 23314 23324 23334
23274 23284 23294 23304 23314 23324 23334
23274 23284 23294 23304 23314 23324 23334
76975 76985 76995 77005 77015
76975 76985 76995 77005 77015
76975 76985 76995 77005 77015
76975 76985 76995 77005 77015
76975 76985 76995 77005 77015
76975 76985 76995 77005 77015
76975 76985 76995 77005 77015
76975 76985 76995 77005 77015
76975 76985 76995 77005 77015
76975 76985 76995 77005 77015
76975 76985 76995 77005 77015
76975 76985 76995 77005 77015
76975 76985 76995 77005 77015
76975 76985 76995 77005 77015
76975 76985 76995 77005 77015
76975 76985 76995 77005 77095
76975 76985 76995 77005 77095
76975 76985 76995 77005 77095
76975 76985 76995 77005 77015
76975 76985 76995 77005 77015
76975 76985 76995 77005 77015
76975 76985 76995 77005 77015
76975 76985 76995 77005 77015
76975 76985 76995 77005 77015
76975 76985 76995 77005 77015
76975 76985 76995 77005 77015
76975 76985 76995 77005 77015
76975 76985 76995 77005 77015
76975 76985 76995 77005 77015
76975 76985 76995 77005 77015
76975 76985 76995 77005 77015
76975 76985 76995 77005 77015
76975 76985 76995 77005 77015
76975 76985 76995 77005 77015
76975 76985 76995 77005 77015
76975 76985 76995 77005 77015
76975 76985 76995 77005 77015
76975 76985 76995 77005 77015
76975 76985 76995 77005 77015
76975 76985 76995 77005 77015
76975 76985 76995 77005 77015
76975 76985 76995 77005 77015
76975 76985 76995 77005 77015
76975 76985 76995 77005 77015
76975 76985 76995 77005 77015
76975 76985 76995 77005 77015
76975 76985 76995 77005 77015
76975 77025 77025 77005 77025
76975 76985 76995 77005 77015
76975 76985 76995 77005 77015
76975 76985 76995 77005 77015
76975 76985 76995 77005 77015
76975 76985 76995 77005 77015
76975 76985 76995 77005 77015
76975 76985 76995 77005 77015
76975 76985 76995 77005 77015
76975 76985 76995 77005 77015
76975 76985 76995 77005 77015
76975 76985 76995 77005 77015
77065 77065 77065 77005 77015
76975 76985 76995 77005 77015
76975 76985 76995 77005 77015
77075 77075 77075 77005 77015
77085 77085 77085 77085 77085
77085 77085 77085 77085 77085
77085 77085 77085 77085 77085
76975 77025 77025 77005 77025
76975 76985 76995 77005 77015
76975 76985 76995 77005 77035
76975 76985 76995 77005 77035
76975 77085 77085 77085 77085
76975 77085 77085 77085 77085
76975 77085 77085 77085 77085
76975 76985 76995 77005 77015
76975 76985 76995 77005 77035
76975 76985 76995 77005 77035
76975 76985 76995 77005 77015
79576 79626 79636 79646
79576 79626 79636 79646
79576 79626 79636 79646
79576 79626 79636 79646
79576 79626 79636 79646
79576 79626 79636 79646
79576 79626 79636 79646
79576 79626 79636 79646
79576 79626 79636 79646
79576 79626 79636 79646
79576 79626 79636 79646
79576 79626 79636 79646
79576 79626 79636 79646
79576 79626 79636 79646
79576 79626 79636 79646
79576 79626 79636 79646
79576 79626 79636 79646
79576 79626 79636 79646
79576 79626 79636 79646
79576 79626 79636 79646
79576 79626 79636 79646
79576 79626 79636 79646
79576 79626 79636 79646
79576 79626 79636 79646
79576 79626 79636 79646
79576 79626 79636 79646
79576 79626 79636 79646
79576 79626 79636 79646
79576 79626 79636 79646
79576 79626 79636 79646
79576 79626 79636 79646
79576 79626 79636 79646
79576 79626 79636 79646
79576 79626 79636 79646
79576 79626 79636 79646
79576 79626 79636 79646
79576 79626 79636 79646
79576 79626 79636 79646
79586 79586 79586 79586
79596 79596 79596 79596
79576 79626 79636 79646
79606 79606 79606 79606
79606 79606 79606 79606
79576 79626 79636 79646
79576 79626 79636 79646
79616 79616 79616 79616
79576 79626 79636 79646
79576 79626 79636 79646
79576 79626 79636 79646
79576 79626 79636 79646
