0 0 0
1 0 1
2 0 2
3 0 3
4 0 4
5 0 5
6 0 6
7 0 7
8 0 8
9 0 9
10 0 10
11 0 11
0 0 0
12 0 12
13 1 13
14 1 14
15 1 15
16 1 16
17 1 17
18 1 18
19 1 19
20 1 20
21 1 21
13 1 13
22 1 22
23 1 23
24 1 24
25 1 25
26 1 26
27 1 27
0 0 0
1 0 1
2 0 2
3 1 3
4 2 4
5 0 5
6 3 6
7 4 7
8 0 8
9 0 9
10 0 10
11 0 11
12 0 12
13 0 13
14 5 14
15 5 15
16 6 16
17 7 17
18 5 18
19 5 19
20 5 20
21 5 21
22 5 22
23 5 23
24 5 24
25 5 25
26 5 26
27 5 27
28 5 28
29 5 29
30 5 30
28 5 28
29 5 29
30 5 30
31 5 31
32 5 32
33 5 33
34 5 34
35 8 35
36 9 36
37 5 37
38 10 38
39 11 39
40 5 40
41 12 41
42 13 42
43 5 43
44 14 44
45 15 45
50 5 46
0 0 0
1 0 1
2 0 2
3 1 3
4 2 4
5 0 5
6 3 6
7 4 7
8 0 8
9 0 9
10 0 10
11 0 11
12 0 12
13 5 13
14 5 14
15 6 15
16 7 16
17 5 17
18 5 18
19 5 19
20 5 20
21 5 21
22 5 22
23 5 23
24 5 24
25 5 25
26 5 26
27 5 27
28 5 28
29 5 29
27 5 27
28 5 28
29 5 29
30 5 30
31 5 31
32 5 32
33 5 33
34 8 34
35 9 35
36 10 36
37 11 37
38 12 38
39 10 39
40 13 40
41 12 38
42 10 36
43 14 41
44 12 38
48 5 42
0 0 0
1 0 1
2 0 2
3 1 3
4 2 4
5 0 5
6 3 6
7 4 7
8 0 8
9 0 9
10 0 10
11 0 11
12 0 12
13 0 13
14 5 14
15 6 15
16 7 16
17 8 17
18 9 18
19 10 19
20 11 20
21 12 21
22 13 22
23 5 23
24 5 24
25 5 25
26 5 26
27 5 27
28 5 28
29 5 29
30 5 30
31 5 31
32 5 32
33 5 33
34 5 34
35 5 35
36 5 36
37 5 37
38 5 38
39 5 39
37 5 37
38 5 38
39 5 39
40 5 40
41 5 41
42 5 42
43 5 43
44 14 44
45 14 44
23 5 23
24 5 24
25 5 25
26 5 26
46 14 44
47 15 45
48 16 46
49 17 47
50 18 48
51 19 49
52 20 50
53 21 51
54 22 52
55 23 53
56 24 54
57 25 55
58 26 56
59 27 57
60 28 58
61 29 59
62 30 60
63 31 61
64 30 60
65 31 71
66 32 62
67 33 63
68 34 64
69 35 65
70 36 66
71 30 60
72 37 67
73 5 68
74 5 69
75 5 70
0 0 0
1 0 1
2 0 2
3 1 3
4 2 4
5 0 5
6 3 6
7 4 7
8 0 8
9 0 9
10 0 10
11 0 11
12 0 12
13 0 13
14 5 14
15 6 15
16 7 16
17 8 17
18 9 18
19 10 19
20 11 20
21 12 21
22 13 22
23 5 23
24 5 24
25 5 25
26 5 26
27 5 27
28 5 28
29 5 29
30 5 30
31 5 31
32 5 32
33 5 33
34 5 34
35 5 35
36 5 36
37 5 37
38 5 38
39 5 39
37 5 37
38 5 38
39 5 39
40 5 40
41 5 41
42 5 42
43 5 43
0 0 0
44 14 44
45 15 45
46 16 46
0 0 0
0 0 0
0 0 0
0 0 0
0 0 0
47 17 47
48 18 48
49 19 49
50 20 50
51 14 44
52 21 51
53 22 52
54 23 53
55 24 54
56 25 55
57 26 56
58 27 57
59 28 58
60 29 59
61 23 53
62 24 54
63 30 60
64 31 61
65 28 58
66 29 59
67 5 62
0 0 0
1 0 1
2 0 2
3 1 3
4 2 4
5 0 5
6 3 6
7 4 7
8 0 8
9 0 9
10 0 10
11 0 11
12 0 12
13 0 13
14 5 14
15 5 15
16 6 16
17 7 17
18 5 18
19 5 19
20 5 20
21 5 21
22 5 22
23 5 23
24 5 24
25 5 25
26 5 26
27 5 27
28 5 28
29 5 29
30 5 30
28 5 28
29 5 29
30 5 30
31 5 31
32 5 32
33 5 33
34 5 34
35 8 35
14 5 14
37 5 37
38 10 38
39 11 39
40 5 40
41 12 41
42 13 42
14 5 14
14 5 14
14 5 14
50 5 46
