38761
38761
38761
38761
38761
38761
38761
38761
38761
38761
38761
38761
38761
38761
38761
38761
38761
38761
38761
38761
38761
38761
38761
38761
38761
38761
38761
38761
38761
38761
2372
2372
2372
2372
2372
2372
2372
2372
2372
2372
2372
2372
2372
2372
2372
2372
2372
2372
2372
2372
2372
2372
2372
2372
2372
2372
2372
2372
2372
2372
2372
2372
2372
2372
2372
2372
2372
2372
2372
2372
2372
2372
2372
2372
2372
2372
2372
2372
2372
2372
2823
2823
2823
2823
2823
2823
2823
2823
2823
2823
2823
2823
2823
2823
2823
2823
2823
2823
2823
2823
2823
2823
2823
2823
2823
2823
2823
2823
2823
2823
2823
2823
2823
2823
2823
2823
2823
2823
2823
2823
2823
2823
2823
2823
2823
2823
2823
2823
2823
9564 9574 9584 9594 9604 9614 9624 9634 9644
9564 9574 9584 9594 9604 9614 9624 9634 9644
9564 9574 9584 9594 9604 9614 9624 9634 9644
9564 9574 9584 9594 9604 9614 9624 9634 9644
9564 9574 9584 9594 9604 9614 9624 9634 9644
9564 9574 9584 9594 9604 9614 9624 9634 9644
9564 9574 9584 9594 9604 9614 9624 9634 9644
9564 9574 9584 9594 9604 9614 9624 9634 9644
9564 9574 9584 9594 9604 9614 9624 9634 9644
9564 9574 9584 9594 9604 9614 9624 9634 9644
9564 9574 9584 9594 9604 9614 9624 9634 9644
9564 9574 9584 9594 9604 9614 9624 9634 9644
9564 9574 9584 9594 9604 9614 9624 9634 9644
9564 9574 9584 9594 9604 9614 9624 9634 9644
9564 9574 9584 9594 9604 9614 9624 9634 9644
9564 9574 9584 9594 9604 9614 9624 9634 9644
9564 9574 9584 9594 9604 9614 9624 9634 9644
9564 9574 9584 9594 9604 9614 9624 9634 9644
9564 9574 9584 9594 9604 9614 9624 9634 9644
9564 9574 9584 9594 9604 9614 9624 9634 9644
9564 9574 9584 9594 9604 9614 9624 9634 9644
9564 9574 9584 9594 9604 9614 9624 9634 9644
9564 9574 9584 9594 9604 9614 9624 9634 9644
9564 9574 9584 9594 9604 9614 9624 9634 9644
9564 9574 9584 9594 9604 9614 9624 9634 9644
9564 9574 9584 9594 9604 9614 9624 9634 9644
9564 9574 9584 9594 9604 9614 9624 9634 9644
9564 9574 9584 9594 9604 9614 9624 9634 9644
9564 9574 9584 9594 9604 9614 9624 9634 9644
9564 9574 9584 9594 9604 9614 9624 9634 9644
9564 9574 9584 9594 9604 9614 9624 9634 9644
9564 9574 9584 14134 9604 9614 9624 14824 9644
9564 9574 9584 14134 9604 9614 9624 14824 9644
9564 9574 9584 14134 9604 9614 9624 14824 9644
9564 9574 9584 9594 9604 9614 9624 9634 9644
9564 9574 9584 9594 9604 9614 9624 9634 9644
9564 9574 9584 9594 9604 9614 9624 9634 9644
9564 9574 9584 9594 9604 9614 9624 9634 9644
9564 9574 9584 9594 9604 9614 9624 9634 9644
9564 9574 9584 9594 9604 9614 9624 9634 9644
9564 9574 9584 9594 9604 9614 9624 9634 9644
9564 9574 9584 9594 9604 9614 9624 9634 9644
9564 9574 9584 9594 9604 9614 9624 9634 9644
9564 9574 9584 9594 9604 9614 9624 9634 9644
9564 9574 9584 9594 9604 9614 9624 9634 9644
9564 9574 9584 9594 9604 9614 9624 9634 9644
9564 9574 9584 9594 9604 9614 9624 9634 9644
9564 9574 9584 9594 9604 9614 9624 9634 9644
9564 9574 9584 9594 9604 9614 9624 9634 9644
9564 9574 9584 9594 9604 9614 9624 9634 9644
9564 9574 9584 9594 9604 9614 9624 9634 9644
9564 9574 9584 9594 9604 9614 9624 9634 9644
9564 9574 9584 9594 9604 9614 9624 9634 9644
9564 9574 9584 9594 9604 9614 9624 9634 9644
9564 9574 9584 9594 9604 9614 9624 9634 9644
9564 9574 9584 9594 9604 9614 9624 9634 9644
9564 9574 9584 9594 9604 9614 9624 9634 9644
9564 9574 9584 9594 9604 9614 9624 9634 9644
9564 9574 9584 9594 9604 9614 9624 9634 9644
9564 9574 9584 9594 9604 9614 9624 9634 9644
9564 9574 9584 9594 9604 9614 9624 9634 9644
9564 9574 9584 9594 9604 9614 9624 9634 9644
9564 9574 9584 9594 9604 9614 9624 9634 9644
9564 9574 9584 9594 9604 9614 9624 9634 9644
9564 9574 9584 9594 9604 9614 9624 9634 9644
9564 9574 9584 9594 9604 9614 9624 9634 9644
9564 9574 9584 9594 9604 9614 9624 9634 9644
9564 9574 9584 14134 9604 9614 9624 14824 9644
9564 9574 9584 14134 9604 9614 9624 14824 9644
9564 9574 9584 9594 9604 9614 9624 9634 9644
9564 9574 9584 9594 9604 9614 9624 9634 9644
9564 9574 9584 9594 9604 9614 9624 9634 9644
9564 9574 9584 9594 9604 9614 9624 9634 9644
9564 9574 9584 9594 9604 9614 9624 9634 9644
9564 9574 9584 9594 9604 9614 9624 9634 9644
9564 9574 9584 14134 9604 9614 9624 14824 9644
9564 9574 9584 14134 9604 9614 9624 14824 9644
9564 9574 9584 9594 9604 9614 9624 9634 9644
9564 9574 9584 9594 9604 9614 9624 9634 9644
9564 9574 9584 9594 9604 9614 9624 9634 9644
9564 9574 9584 9594 9604 9614 9624 9634 9644
9564 9574 9584 9594 9604 9614 9624 9634 9644
9564 9574 9584 9594 9604 9614 9624 9634 9644
35775 35785 35795 35805 35825 35815
35775 35785 35795 35805 35825 35815
35775 35785 35795 35805 35825 35815
35775 35785 35795 35805 35825 35815
35775 35785 35795 35805 35825 35815
35775 35785 35795 35805 35825 35815
35775 35785 35795 35805 35825 35815
35775 35785 35795 35805 35825 35815
35775 35785 35795 35805 35825 35815
35775 35785 35795 35805 35825 35815
35775 35785 35795 35805 35825 35815
35775 35785 35795 35805 35825 35815
35775 35785 35795 35805 35825 35815
35775 35785 35795 35805 35825 35815
35775 35785 35795 35805 35825 35815
35775 35785 35795 35805 35825 35815
35775 35785 35795 35805 35825 35815
35775 35785 35795 35805 35825 35815
35775 35785 35795 35805 35825 35815
35775 35785 35795 35805 35825 35815
35775 35785 35795 35805 35825 35815
35775 35785 35795 35805 35825 35815
35775 35785 35795 35805 35825 35815
35775 35785 35795 35805 35825 35815
35775 35785 35795 35805 35825 35815
35775 35785 35795 35805 35825 35815
35775 35785 35795 35805 35825 35815
35775 35785 35795 35805 35825 35815
35775 35785 35795 35805 35825 35815
35775 35785 35795 35805 35825 35815
35775 35785 35795 35805 35825 35815
35775 35785 35795 35805 35825 35815
35775 35785 35795 35805 35825 35815
35775 35785 35795 35805 35825 35815
35775 35785 35795 35805 35825 35815
35775 35785 35795 35805 35825 35815
35775 35785 35795 35805 35825 35815
35775 35785 35795 35805 35825 35815
35775 35785 35795 35805 35825 35815
35775 35785 35795 35805 35825 35815
35775 35785 35795 35805 35825 35815
35775 35785 35795 35805 35825 35815
35775 35785 35795 35805 35825 35815
35775 35785 35795 35805 35825 35815
35775 35785 35795 35805 35825 35815
35775 35785 35795 35805 35825 35815
35775 35785 35795 35805 35825 35815
35775 35785 35795 35805 35825 35815
35775 35785 35795 35805 35825 35815
35775 35785 35795 35805 35825 35815
35775 35785 35795 35805 35825 35815
35775 35785 35795 35805 35825 35815
35775 35785 35795 35805 35825 35815
35775 35785 35795 35805 35825 35815
35775 35785 35795 35805 35825 35815
35775 35785 35795 35805 35825 35815
35775 35785 35795 35805 35825 35815
35775 35785 35795 35805 35825 35815
35775 35785 35795 35805 35825 35815
35775 35785 35795 35805 35825 35815
35775 35785 35795 35805 35825 35815
35775 35785 35795 35805 35825 35815
35775 35785 35795 35805 35825 35815
35775 35785 35795 35805 35825 35815
35775 35785 35795 35805 35825 35815
35775 35785 35795 35805 35825 35815
35775 35785 35795 35805 35825 35815
35775 35785 35795 35805 35825 35815
35775 35785 35795 35805 35825 35815
35775 35785 35795 35805 35825 35815
35775 35785 35795 35805 35825 35815
35775 35785 35795 35805 35825 35815
35775 35785 35795 35805 35825 35815
35775 35785 35795 35805 35825 35815
35775 35785 35795 35805 35825 35815
35775 35785 35795 35805 35825 35815
35775 35785 35795 35805 35825 35815
37116
37116
37116
37116
37116
37116
37116
37116
37116
37116
37116
37116
37116
37116
37116
37116
37116
37116
37116
37116
37116
37116
37116
37116
37116
37116
37116
37116
37116
37116
37116
37116
37116
37116
37116
37116
37116
37116
37116
37116
37116
37116
37116
37116
37116
37116
37116
37116
37116
37116
