0 0 0
1 0 1
2 0 2
3 0 3
4 0 4
5 0 5
6 0 6
7 0 7
8 0 8
9 0 9
10 0 10
11 0 11
0 0 0
12 0 12
13 1 13
14 1 14
15 1 15
16 1 16
17 1 17
18 1 18
19 1 19
20 1 20
21 1 21
13 1 13
22 1 22
23 1 23
24 1 24
25 1 25
26 1 26
27 1 27
0 0 0
1 0 1
2 0 2
3 1 3
4 2 4
5 0 5
6 3 6
7 4 7
8 0 8
9 0 9
10 0 10
11 0 11
12 0 12
13 0 13
14 5 14
15 6 15
16 7 16
17 8 17
18 9 18
19 5 19
20 10 20
21 5 21
22 5 22
23 5 23
24 5 24
25 5 25
26 5 26
27 5 27
28 5 28
29 5 29
30 5 30
31 5 31
32 5 32
33 5 33
34 5 34
35 5 35
36 5 36
37 5 37
35 5 35
36 5 36
37 5 37
38 5 38
39 5 39
40 5 40
41 5 41
42 11 42
43 12 43
44 6 15
45 7 16
46 11 42
47 5 44
48 5 45
49 5 46
50 5 44
51 5 47
46 11 42
53 13 48
53 13 48
54 5 49
55 5 50
56 5 51
57 14 52
58 15 53
59 5 54
60 5 55
61 5 56
62 5 57
0 0 0
1 0 1
2 0 2
11 0 11
12 3 12
13 4 13
14 0 14
15 5 15
16 6 16
3 0 3
4 0 4
5 0 5
6 0 6
41 0 41
42 11 42
7 0 7
22 0 22
8 0 8
9 1 9
10 2 10
17 7 17
18 8 18
19 0 19
20 9 20
21 10 21
23 0 23
24 0 24
25 0 25
26 0 26
38 0 38
39 0 39
40 0 40
27 0 27
28 0 28
29 0 29
30 0 30
31 0 31
32 0 32
33 0 33
31 0 31
32 0 32
33 0 33
34 0 34
35 0 35
36 0 36
37 0 37
44 0 45
45 0 44
46 0 46
47 0 44
48 0 47
49 0 48
50 12 49
51 13 50
52 0 44
53 0 51
54 14 52
55 15 53
56 0 54
57 0 44
58 16 55
59 17 56
60 18 57
61 19 58
62 20 59
63 21 60
64 22 61
65 21 60
66 22 61
67 23 62
68 0 46
69 0 63
70 18 57
71 19 58
72 20 59
73 21 60
74 22 61
75 0 64
76 12 49
77 13 50
78 24 65
79 25 66
80 26 67
81 27 68
43 0 43
