84591
84591
84591
84591
84591
84591
84591
84591
84591
84591
84591
84591
84591
84591
84591
84591
84591
84591
84591
84591
84591
84591
84591
84591
84591
84591
84591
84591
84591
84591
9572 9622 9632 9642 9652 9662 9672
9572 9622 9632 9642 9652 9662 9672
9572 9622 9632 9642 9652 9662 9672
9572 9622 9632 9642 9652 9662 9672
9572 9622 9632 9642 9652 9662 9672
9572 9622 9632 9642 9652 9662 9672
9572 9622 9632 9642 9652 9662 9672
9572 9622 9632 9642 9652 9662 9672
9572 9622 9632 9642 9652 9662 9672
9572 9622 9632 9642 9652 9662 9672
9572 9622 9632 9642 9652 9662 9672
9572 9622 9632 9642 9652 9662 9672
9572 9622 9632 9642 9652 9662 9672
9572 9622 9632 9642 9652 9662 9672
9572 9622 9632 9642 9652 9662 9672
9572 9622 9632 9642 9652 9662 9672
9572 9622 9632 9642 33232 9662 9672
9572 9622 9632 9642 33232 9662 9672
9572 9622 9632 9642 9652 9662 9672
9572 9622 9632 9642 9652 9662 9672
9572 9622 9632 9642 9652 9662 9672
9572 9622 9632 9642 9652 9662 9672
9572 9622 9632 9642 9652 9662 9672
9572 9622 9632 9642 9652 9662 9672
9572 9622 9632 9642 9652 9662 9672
9572 9622 9632 9642 9652 9662 9672
9572 9622 9632 9642 9652 9662 9672
9572 9622 9632 9642 9652 9662 9672
9572 9622 9632 9642 9652 9662 9672
9572 9622 9632 9642 9652 9662 9672
9572 9622 9632 9642 9652 9662 9672
9572 9622 9632 9642 9652 9662 9672
9572 9622 9632 9642 9652 9662 9672
9572 9622 9632 9642 9652 9662 9672
9572 9622 9632 9642 9652 9662 9672
9572 9622 9632 9642 9652 9662 9672
9572 9622 9632 9642 9652 9662 9672
9572 9622 9632 9642 9652 9662 9672
9572 9622 9632 9642 9652 9662 9672
9572 9622 9632 9642 9652 9662 9672
9572 9622 9632 9642 9652 9662 9672
9572 9622 9632 9642 9652 9662 9672
9572 9622 9632 9642 9652 9662 9672
9572 9622 9632 9642 9652 9662 9672
9572 9622 9632 9642 9652 9662 9672
9582 9582 9582 9582 9582 9582 9582
9592 9592 9592 9592 9592 9592 9592
9572 9622 9632 9642 9652 9662 9672
9602 9602 9602 9602 33232 9602 9602
9602 9602 9602 9602 9602 9602 9602
9572 9622 9632 9642 9652 9662 9672
9572 9622 9632 9642 9652 9662 9672
9572 9622 9632 9642 9652 9662 9672
9572 9622 9632 9642 9652 9662 9672
9572 9622 9632 9642 9652 9662 9672
9612 9612 9612 9612 9612 9612 9612
9612 9612 9612 9612 9612 9612 9612
9612 9612 9612 9612 9612 9612 9612
9572 9622 9632 9642 9652 9662 9672
9572 9622 9632 9642 9652 9662 9672
9572 9622 9632 9642 9652 9662 9672
9572 9622 9632 9642 9652 9662 9672
9572 9622 9632 9642 9652 9662 9672
9572 9622 9632 9642 9652 9662 9672
9572 9622 9632 9642 9652 9662 9672
9572 9622 9632 9642 9652 9662 9672
9572 9622 9632 9642 9652 9662 9672
53143 53153 53163 53173 53183 53193 53203 53213
53143 53153 53163 53173 53183 53193 53203 53213
53143 53153 53163 53173 53183 53193 53203 53213
53143 53153 53163 53173 53183 53193 53203 53213
53143 53153 53163 53173 53183 53193 53203 53213
53143 53153 53163 53173 53183 53193 53203 53213
53143 53153 53163 53173 53183 53193 53203 53213
53143 53153 53163 53173 53183 53193 53203 53213
53143 53153 53163 53173 53183 53193 53203 53213
53143 53153 53163 53173 53183 53193 53203 53213
53143 53153 53163 53173 53183 53193 53203 53213
53143 53153 53163 53173 53183 53193 53203 53213
53143 53153 53163 53173 53183 53193 53203 53213
53143 53153 53163 53173 53183 53193 53203 53213
53143 53153 53163 53173 53183 53193 53203 53213
53143 53153 53163 53173 53183 53193 53203 53213
53143 53153 53163 53173 53183 53193 53203 53213
53143 53153 53163 53173 53183 53193 53203 53213
53143 53153 53163 53173 53183 53193 53203 53213
53143 53153 53163 53173 53183 53193 53203 53213
53143 53153 53163 53173 53183 53193 53203 53213
53143 53153 53163 53173 53183 53193 53203 53213
53143 53153 53163 53173 53183 53193 53203 53213
53143 53153 53163 53173 53183 53193 53203 53213
53143 53153 53163 53173 53183 53193 53203 53213
53143 53153 53163 53173 53183 53193 53203 53213
53143 53153 53163 53173 53183 53193 53203 53213
53143 53153 53163 53173 53183 53193 53203 53213
53143 53153 53163 53173 53183 53193 53203 53213
53143 53153 53163 53173 53183 53193 53203 53213
53143 53153 53163 53173 53183 53193 53203 53213
53143 53153 53163 53173 53183 53193 53203 53213
53143 53153 53163 53173 53183 53193 53203 53213
53143 53153 53163 53173 53183 53193 53203 53213
53143 53153 53163 53173 53183 53193 53203 53213
53143 53153 53163 53173 53183 53193 53203 53213
53143 53153 53163 53173 53183 53193 53203 53213
53143 53153 53163 53173 53183 53193 53203 53213
53143 53153 53163 53173 53183 53193 53203 53213
53143 53153 53163 53173 53183 53193 53203 53213
53143 53153 53163 53173 53183 53193 53203 53213
53143 53153 53163 53173 53183 53193 53203 53213
53143 53153 53163 53173 53183 53193 53203 53213
53143 53153 53163 53173 53183 53193 53203 53213
53143 53153 53163 53173 53183 53193 53203 53213
53143 53153 53163 53173 53183 53193 53203 53213
53143 53153 53163 53173 53183 53193 53203 53213
53143 53153 53163 53173 53183 53193 53203 53213
53143 53153 53163 53173 53183 53193 53203 53213
53143 53153 53163 53173 53183 53193 53203 53213
53143 53153 53163 53173 53183 53193 53203 53213
53143 53153 53163 53173 53183 53193 53203 53213
53143 53153 53163 53173 53183 53193 53203 53213
53143 53153 53163 53173 53183 53193 53203 53213
53143 53153 53163 53173 53183 53193 53203 53213
53143 53153 53163 53173 53183 53193 53203 53213
53143 53153 53163 53173 53183 53193 53203 53213
53143 53153 53163 53173 53183 53193 53203 53213
53143 53153 53163 53173 53183 53193 53203 53213
53143 53153 53163 53173 53183 53193 53203 53213
53143 53233 53233 53223 53233 53233 53233 53223
53143 53243 53243 53243 53243 53243 53243 53243
53143 53243 53243 53243 53243 53243 53243 53243
53143 53243 53243 53243 53243 53243 53243 53243
53143 53263 53263 53253 53263 53263 53263 53253
53143 53263 53263 53253 53263 53263 53263 53253
53143 53263 53263 53253 53263 53263 53263 53253
53143 53263 53263 53253 53263 53263 53263 53253
53143 53263 53263 53253 53263 53263 53263 53253
53143 53263 53263 53253 53263 53263 53263 53253
53143 53153 53163 53173 53183 53193 53203 53213
53143 53153 53163 53173 53183 53193 53203 53213
53143 53243 53243 53243 53243 53243 53243 53213
53143 53243 53243 53223 53243 53243 53243 53223
53143 53263 53263 53253 53263 53263 53263 53253
53143 53263 53263 53253 53263 53263 53263 53253
53143 53263 53263 53253 53263 53263 53263 53253
53143 53153 53163 53173 53183 53193 53203 53213
53143 53153 53163 53173 53183 53193 53203 53213
53143 53153 53163 53173 53183 53193 53203 53213
53143 53273 53273 53273 53273 53273 53273 53273
53143 53153 53163 53173 53183 53193 53203 53213
53143 53283 53283 53283 53283 53283 53283 53283
53143 53283 53283 53283 53283 53283 53283 53283
53143 53153 53163 53173 53183 53193 53203 53213
