38751
38751
38751
38751
38751
38751
38751
38751
38751
38751
38751
38751
38751
38751
38751
38751
38751
38751
38751
38751
38751
38751
38751
38751
38751
38751
38751
38751
38751
38751
3062 12372 12382 12392 12402 12412 12422
3062 12372 12382 12392 12402 12412 12422
3062 12372 12382 12392 12402 12412 12422
3062 12372 12382 12392 12402 12412 12422
3062 12372 12382 12392 12402 12412 12422
3062 12372 12382 12392 12402 12412 12422
3062 12372 12382 12392 12402 12412 12422
3062 12372 12382 12392 12402 12412 12422
3062 12372 12382 12392 12402 12412 12422
3062 12372 12382 12392 12402 12412 12422
3062 12372 12382 12392 12402 12412 12422
3062 12372 12382 12392 12402 12412 12422
3062 12372 12382 12392 12402 12412 12422
3062 12372 12382 12392 12402 12412 12422
3062 12372 12382 12392 12402 12412 12422
3062 12372 12382 12392 12402 12412 12422
3062 12372 12382 12392 12402 12412 12422
3062 12372 12382 12392 12402 12412 12422
3062 12372 12382 12392 12402 12412 12422
3062 12372 12382 12392 12402 12412 12422
3062 12372 12382 12392 12402 12412 12422
3062 12372 12382 12392 12402 12412 12422
3062 12372 12382 12392 12402 12412 12422
3062 12372 12382 12392 12402 12412 12422
3062 12372 12382 12392 12402 12412 12422
3062 12372 12382 12392 12402 12412 12422
3062 12372 12382 12392 12402 12412 12422
3062 12372 12382 12392 12402 12412 12422
3062 12372 12382 12392 12402 12412 12422
3062 12372 12382 12392 12402 12412 12422
3062 12372 12382 12392 12402 12412 12422
3062 12372 12382 12392 12402 12412 12422
3062 12372 12382 12392 12402 12412 12422
3062 12372 12382 12392 12402 12412 12422
3062 12372 12382 12392 12402 12412 12422
3062 12372 12382 12392 12402 12412 12422
3062 12372 12382 12392 12402 12412 12422
3062 12372 12382 12392 12402 12412 12422
3062 12372 12382 12392 12402 12412 12422
3062 12372 12382 12392 12402 12412 12422
3062 12372 12382 12392 12402 12412 12422
3062 12372 12382 12392 12402 12412 12422
3062 12372 12382 12392 12402 12412 12422
3062 12372 12382 12392 12402 12412 12422
3062 12372 12382 12392 12402 12412 12422
3062 12372 12382 12392 12402 12412 12422
3062 12372 12382 12392 12402 12412 12422
3062 12372 12382 12392 12402 12412 12422
3062 12372 12382 12392 12402 12412 12422
3062 12372 12382 12392 12402 12412 12422
3062 12372 12382 12392 12402 12412 12422
3062 12372 12382 12392 12402 12412 12422
3062 12372 12382 12392 12402 12412 12422
3062 12372 12382 12392 12402 12412 12422
3062 12372 12382 12392 12402 12412 12422
3062 12372 12382 12392 12402 12412 12422
3062 12372 12382 12392 12402 12412 12422
3062 12372 12382 12392 12402 12412 12422
3062 12372 12382 12392 12402 12412 12422
3062 12372 12382 12392 12402 12412 12422
3062 12372 12382 12392 12402 12412 12422
3062 12372 12382 12392 12402 12412 12422
3062 12372 12382 12392 12402 12412 12422
3062 12372 12382 12392 12402 12412 12422
3062 12372 12382 12392 12402 12412 12422
3062 12372 12382 12392 12402 12412 12422
3062 12372 12382 12392 12402 12412 12422
25633 25643 25653 25663 25673 25683 25693
25633 25643 25653 25663 25673 25683 25693
25633 25643 25653 25663 25673 25683 25693
25633 25643 25653 25663 25673 25683 25693
25633 25643 25653 25663 25673 25683 25693
25633 25643 25653 25663 25673 25683 25693
25633 25643 25653 25663 25673 25683 25693
25633 25643 25653 25663 25673 25683 25693
25633 25643 25653 25663 25673 25683 25693
25633 25643 25653 25663 25673 25683 25693
25633 25643 25653 25663 25673 25683 25693
25633 25643 25653 25663 25673 25683 25693
25633 25643 25653 25663 25673 25683 25693
25633 25643 25653 25663 25673 25683 25693
25633 25643 25653 25663 25673 25683 25693
25633 25643 25653 25663 25673 25683 25693
25633 25643 25653 25663 25673 25683 25693
25633 25643 25653 25663 25673 25683 25693
25633 25643 25653 25663 25673 25683 25693
25633 25643 25653 25663 25673 25683 25693
25633 25643 25653 25663 25673 25683 25693
25633 25643 25653 25663 25673 25683 25693
25633 25643 25653 25663 25673 25683 25693
25633 25643 25653 25663 25673 25683 25693
25633 25643 25653 25663 25673 25683 25693
25633 25643 25653 25663 25673 25683 25693
25633 25643 25653 25663 25673 25683 25693
25633 25643 25653 25663 25673 25683 25693
25633 25643 25653 25663 25673 25683 25693
25633 25643 25653 25663 25673 25683 25693
25633 25643 25653 25663 25673 25683 25693
25633 25643 25653 25663 25673 25683 25693
25633 25643 25653 25663 25673 25683 25693
25633 25643 25653 25663 25673 25683 25693
25633 25643 25653 25663 25673 25683 25693
25633 25643 25653 25663 25673 25683 25693
25633 25643 25653 25663 25673 25683 25693
25633 25643 25653 25663 25673 25683 25693
25633 25643 25653 25663 25673 25683 25693
25633 25643 25653 25663 25673 25683 25693
25633 25643 25653 25663 25673 25683 25693
25633 25643 25653 25663 25673 25683 25693
25633 25643 25653 25663 25673 25683 25693
25633 25643 25653 25663 25673 25683 25693
25633 25643 25653 25663 25673 25683 25693
25633 25643 25653 25663 25673 25683 25693
25633 25643 25653 25663 25673 25683 25693
25633 25643 25653 25663 25673 25683 25693
25633 25643 25653 25663 25673 25683 25693
25633 25643 25653 25663 25673 25683 25693
25633 25643 25653 25663 25673 25683 25693
25633 25643 25653 25663 25673 25683 25693
25633 25643 25653 25663 25673 25683 25693
25633 25643 25653 25663 25673 25683 25693
25633 25643 25653 25663 25673 25683 25693
25633 25643 25653 25663 25673 25683 25693
25633 25643 25653 25663 25673 25683 25693
25633 25643 25653 25663 25673 25683 25693
25633 25643 25653 25663 25673 25683 25693
25633 25643 25653 25663 25673 25683 25693
25633 25643 25653 25663 25673 25683 25693
25633 25643 25653 25663 25673 25683 25693
25633 25643 25653 25663 25673 25683 25693
25633 25643 25653 25663 25673 25683 25693
25633 25643 25653 25663 25673 25683 25693
25633 25643 25653 25663 25673 25683 25693
25633 25643 25653 25663 25673 25683 25693
25633 25643 25653 25663 25673 25683 25693
25633 25643 25653 25663 25673 25683 25693
25633 25643 25653 25663 25673 25683 25693
25633 25643 25653 25663 25673 25683 25693
25633 25643 25653 25663 25673 25683 25693
25633 25643 25653 25663 25673 25683 25693
25633 25643 25653 25663 25673 25683 25693
25633 25643 25653 25663 25673 25683 25693
25633 25643 25653 25663 25673 25683 25693
25633 25643 25653 25663 25673 25683 25693
25633 25643 25653 25663 25673 25683 25693
25633 25643 25653 25663 25673 25683 25693
25633 25643 25653 25663 25673 25683 25693
25633 25643 25653 25663 25673 25683 25693
25633 25643 25653 25663 25673 25683 25693
25633 25643 25653 25663 25673 25683 25693
25633 25643 25653 25663 25673 25683 25693
25633 25643 25653 25663 25673 25683 25693
