84571
84571
84571
84571
84571
84571
84571
84571
84571
84571
84571
84571
84571
84571
84571
84571
84571
84571
84571
84571
84571
84571
84571
84571
84571
84571
84571
84571
84571
84571
5792 5842 5852 5862
5792 5842 5852 5862
5792 5842 5852 5862
5792 5842 5852 5862
5792 5842 5852 5862
5792 5842 5852 5862
5792 5842 5852 5862
5792 5842 5852 5862
5792 5842 5852 5862
5792 5842 5852 5862
5792 5842 5852 5862
5792 5842 5852 5862
5792 5842 5852 5862
5792 5842 5852 5862
5792 5842 5852 5862
5792 5842 5852 5862
5792 5842 5852 5862
5792 5842 5852 5862
5792 5842 5852 5862
5792 5842 5852 5862
5792 5842 5852 5862
5792 5842 5852 5862
5792 5842 5852 5862
5792 5842 5852 5862
5792 5842 5852 5862
5792 5842 5852 5862
5792 5842 5852 5862
5792 5842 5852 5862
5792 5842 5852 5862
5792 5842 5852 5862
5792 5842 5852 5862
5792 5842 5852 5862
5792 5842 5852 5862
5792 5842 5852 5862
5792 5842 5852 5862
5792 5842 5852 5862
5792 5842 5852 5862
5792 5842 5852 5862
5802 5802 5802 5802
5812 5812 5812 5812
5792 5842 5852 5862
5822 5822 5822 5822
5822 5822 5822 5822
5792 5842 5852 5862
5792 5842 5852 5862
5832 5832 5832 5832
5792 5842 5852 5862
5792 5842 5852 5862
5792 5842 5852 5862
5792 5842 5852 5862
62543 62593 62603 62613
62543 62593 62603 62613
62543 62593 62603 62613
62543 62593 62603 62613
62543 62593 62603 62613
62543 62593 62603 62613
62543 62593 62603 62613
62543 62593 62603 62613
62543 62593 62603 62613
62543 62593 62603 62613
62543 62593 62603 62613
62543 62593 62603 62613
62543 62593 62603 62613
62543 62593 62603 62613
62543 62593 62603 62613
62543 62593 62603 62613
62543 62593 62603 62613
62543 62593 62603 62613
62543 62593 62603 62613
62543 62593 62603 62613
62543 62593 62603 62613
62543 62593 62603 62613
62543 62593 62603 62613
62543 62593 62603 62613
62543 62593 62603 62613
62543 62593 62603 62613
62543 62593 62603 62613
62543 62593 62603 62613
62543 62593 62603 62613
62543 62593 62603 62613
62543 62593 62603 62613
62543 62593 62603 62613
62543 62593 62603 62613
62543 62593 62603 62613
62543 62593 62603 62613
62543 62593 62603 62613
62543 62593 62603 62613
62543 62593 62603 62613
62553 62553 62553 62553
62563 62563 62563 62563
62543 62593 62603 62613
62573 62573 62573 62573
62573 62573 62573 62573
62543 62593 62603 62613
62543 62593 62603 62613
62583 62583 62583 62583
62543 62593 62603 62613
62543 62593 62603 62613
62543 62593 62603 62613
62543 62593 62603 62613
62704 62704 62704
62704 62704 62704
62704 62704 62704
62704 62704 62704
62704 62704 62704
62704 62704 62704
62704 62704 62704
62704 62704 62704
62704 62704 62704
62704 62704 62704
62704 62704 62704
62704 62704 62704
62704 62704 62704
62704 62704 62704
62704 62704 62704
62704 62704 62704
62704 62704 62704
62704 62704 62704
62704 62704 62704
62704 62704 62704
62704 62704 62704
62704 62704 62704
62704 62704 62704
62704 62704 62704
62704 62704 62704
62704 62704 62704
62704 62704 62704
62704 62704 62704
62704 62704 62704
62704 62704 62704
62704 62704 62704
62704 62704 62704
64285
64285
64285
64285
64285
64285
64285
64285
64285
64285
64285
64285
64285
64285
64285
64285
64285
64285
64285
64285
64285
64285
64285
64285
64285
64285
64285
64285
64285
64285
64285
64285
64285
64285
64285
64285
64285
64285
64285
64295
64295
64285
64285
64285
