38731
38731
38731
38731
38731
38731
38731
38731
38731
38731
38731
38731
38731
38731
38731
38731
38731
38731
38731
38731
38731
38731
38731
38731
38731
38731
38731
38731
38731
38731
2272
2272
2272
2272
2272
2272
2272
2272
2272
2272
2272
2272
2272
2272
2272
2272
2272
2272
2272
2272
2272
2272
2272
2272
2272
2272
2272
2272
2272
2272
2272
2272
2272
2272
2272
2272
2272
2272
2272
2272
2272
2272
2272
2272
2272
2272
2272
2272
2272
2272
29853
29853
29853
29853
29853
29853
29853
29853
29853
29853
29853
29853
29853
29853
29853
29853
29853
29853
29853
29853
29853
29853
29853
29853
29853
29853
29853
29853
29853
29853
29853
29853
29853
29853
29853
29853
29853
29853
29853
29853
29853
29853
29853
29853
29853
29853
29853
29853
29853
29853
29874
29874
29874
29874
29874
29874
29874
29874
29874
29874
29874
29874
29874
29874
29874
29874
29874
29874
29874
29874
29874
29874
29874
29874
29874
29874
29874
29874
29874
29874
29874
29874
30665
30665
30665
30665
30665
30665
30665
30665
30665
30665
30665
30665
30665
30665
30665
30665
30665
30665
30665
30665
30665
30665
30665
30665
30665
30665
30665
30665
30665
30665
30665
30665
30665
30665
30665
30665
30665
30665
30665
30665
30665
30665
30665
30665
