0 0 0 0 0
1 1 0 0 0
1 1 0 0 0
4 4 0 0 0
0 0 2 0 0
1 1 0 0 0
0 0 0 2 0
1 1 0 0 0
1 1 0 0 0
1 1 0 0 0
1 1 0 0 0
0 0 2 0 0
0 0 1 0 0
0 2 0 0 0
0 2 0 0 0
0 2 0 0 0
0 2 0 0 0
0 2 0 0 0
0 0 2 0 0
0 0 2 0 0
0 0 13 0 0
0 0 2 0 0
0 0 0 4 0
0 0 0 4 0
0 0 2 0 0
0 0 2 0 0
0 0 0 0 5
0 0 0 22 0
0 0 7 0 0
0 0 13 0 0
0 0 2 0 0
0 0 0 3 0
0 0 0 4 0
1 1 0 0 0
4 4 0 0 0
1 1 0 0 0
0 0 0 22 0
0 0 0 22 0
0 0 0 7 0
0 0 2 0 0
0 0 1 0 0
0 3 0 0 0
0 3 0 0 0
0 2 0 0 0
0 3 0 0 0
0 3 0 0 0
0 2 0 0 0
0 0 10 0 0
0 0 3 0 0
0 0 0 4 0
0 0 3 0 0
0 0 0 26 0
0 0 10 0 0
0 0 0 3 0
0 0 0 13 0
0 0 0 0 17
0 0 3 0 0
0 0 3 0 0
0 0 3 0 0
0 0 0 3 0
0 0 3 0 0
0 0 0 26 0
0 0 3 0 0
0 0 0 4 0
0 0 0 26 0
0 0 3 0 0
0 0 3 0 0
0 0 3 0 0
0 0 3 0 0
0 0 0 4 0
0 0 3 0 0
0 0 0 3 0
0 2 0 0 0
0 2 0 0 0
0 2 0 0 0
0 0 0 3 0
0 0 2 0 0
0 0 2 0 0
0 2 0 0 0
0 2 0 0 0
0 0 0 3 0
0 0 2 0 0
0 0 0 3 0
0 0 2 0 0
0 0 2 0 0
0 0 2 0 0
0 0 0 11 0
0 0 0 3 0
0 0 0 3 0
0 0 0 3 0
0 0 0 4 0
0 0 0 3 0
0 0 0 4 0
0 0 0 0 4
0 2 0 0 0
0 2 0 0 0
0 2 0 0 0
0 2 0 0 0
0 2 0 0 0
0 0 2 0 0
0 0 2 0 0
0 0 7 0 0
0 0 13 0 0
0 0 2 0 0
0 0 0 3 0
0 0 0 3 0
0 0 0 11 0
0 0 2 0 0
0 0 13 0 0
0 0 2 0 0
0 0 13 0 0
0 0 0 3 0
0 0 0 3 0
0 0 0 22 0
0 0 0 3 0
0 0 0 3 0
0 0 0 3 0
0 0 0 22 0
0 2 0 0 0
0 0 3 0 0
0 0 3 0 0
0 2 0 0 0
0 0 0 0 4
0 0 0 3 0
0 16 0 0 0
0 0 0 3 0
0 0 20 0 0
0 0 0 26 0
0 0 3 0 0
0 0 3 0 0
0 0 3 0 0
0 0 0 3 0
0 0 10 0 0
0 0 0 0 4
0 0 0 0 34
0 0 0 0 4
0 0 0 0 4
0 0 0 0 17
0 3 0 0 0
0 3 0 0 0
0 2 0 0 0
0 2 0 0 0
0 0 10 0 0
0 0 3 0 0
0 2 0 0 0
0 0 3 0 0
0 0 3 0 0
0 0 0 4 0
0 0 3 0 0
0 0 0 13 0
0 0 10 0 0
0 0 10 0 0
0 0 0 26 0
0 0 3 0 0
0 0 0 0 34
0 0 0 4 0
0 0 10 0 0
0 0 0 26 0
0 0 0 0 34
0 0 0 13 0
0 0 0 0 6
0 0 3 0 0
0 0 3 0 0
0 0 3 0 0
0 0 3 0 0
0 0 3 0 0
0 0 10 0 0
0 0 0 13 0
0 0 3 0 0
0 0 0 3 0
0 0 3 0 0
0 0 0 4 0
0 0 0 4 0
0 0 0 0 17
0 0 0 4 0
0 0 3 0 0
0 0 3 0 0
0 0 3 0 0
0 0 0 4 0
0 0 0 13 0
0 0 0 4 0
0 0 0 4 0
0 0 3 0 0
0 0 3 0 0
0 0 3 0 0
0 0 3 0 0
0 0 3 0 0
0 0 10 0 0
0 0 10 0 0
0 0 0 3 0
0 0 0 4 0
0 0 0 4 0
0 0 0 3 0
0 0 0 3 0
0 0 0 13 0
0 0 3 0 0
0 0 20 0 0
0 0 0 13 0
0 0 0 3 0
0 0 0 26 0
0 0 0 0 4
0 0 0 0 34
1 1 0 0 0
0 0 2 0 0
0 0 0 2 0
1 1 0 0 0
4 4 0 0 0
0 0 1 0 0
1 1 0 0 0
1 1 0 0 0
1 1 0 0 0
0 0 10 0 0
0 2 0 0 0
0 0 5 0 0
0 0 0 7 0
1 1 0 0 0
0 0 0 2 0
1 1 0 0 0
0 0 0 2 0
0 0 0 0 2
1 1 0 0 0
0 0 0 0 0
0 0 5 0 0
0 0 0 0 4
0 0 0 26 0
0 0 0 4 0
0 0 0 0 17
0 0 0 26 0
0 0 0 0 17
0 0 0 0 4
0 0 0 0 6
0 0 0 0 17
0 0 10 0 0
0 0 0 4 0
0 0 3 0 0
0 0 3 0 0
0 0 3 0 0
0 0 0 13 0
0 0 20 0 0
0 0 3 0 0
0 0 0 4 0
0 0 0 3 0
0 0 0 0 17
0 0 0 0 17
0 0 0 0 4
0 0 0 0 6
0 0 0 0 4
0 0 0 0 34
0 0 0 0 6
0 0 0 0 6
0 0 0 0 17
0 0 0 0 17
0 0 0 0 6
0 0 0 0 6
0 0 0 0 0
0 0 0 0 17
0 0 0 0 17
0 0 0 0 17
0 0 0 0 34
0 2 0 0 0
0 2 0 0 0
0 0 0 0 4
0 0 0 0 6
0 0 0 0 4
0 0 0 0 6
0 0 0 0 6
0 0 0 3 0
0 0 0 0 4
0 0 0 0 4
0 0 7 0 0
0 2 0 0 0
0 0 0 22 0
0 0 0 3 0
0 0 2 0 0
0 0 0 4 0
0 0 0 3 0
0 0 0 4 0
0 0 13 0 0
0 0 0 0 3
0 0 0 0 6
0 0 0 0 14
0 0 0 0 14
0 0 0 13 0
0 0 3 0 0
0 0 0 13 0
0 0 0 0 2
0 0 0 4 0
0 0 0 3 0
0 0 0 3 0
0 0 0 3 0
0 0 2 0 0
0 0 0 0 17
0 0 0 0 4
0 0 0 0 4
0 0 0 0 4
0 0 0 4 0
0 0 0 13 0
0 0 0 26 0
0 0 2 0 0
0 0 2 0 0
0 0 0 2 0
0 0 0 3 0
0 0 0 0 4
0 0 0 4 0
0 2 0 0 0
0 0 2 0 0
4 4 0 0 0
0 13 0 0 0
0 2 0 0 0
0 0 0 0 28
0 0 0 0 17
0 0 0 0 5
0 0 0 0 6
0 0 2 0 0
0 0 0 0 6
0 0 0 0 14
0 0 3 0 0
0 0 0 0 14
0 0 3 0 0
0 0 0 0 17
0 0 0 3 0
0 0 0 0 6
0 0 2 0 0
0 0 2 0 0
0 0 2 0 0
0 0 0 13 0
0 3 0 0 0
1 1 0 0 0
0 0 3 0 0
0 0 0 3 0
0 2 0 0 0
0 0 0 0 6
0 2 0 0 0
0 0 0 0 14
0 0 0 0 4
0 0 0 0 4
0 0 0 0 17
0 0 0 11 0
0 0 0 0 17
0 0 2 0 0
0 0 0 0 28
0 0 0 3 0
0 0 0 0 6
0 0 10 0 0
0 0 2 0 0
0 2 0 0 0
0 2 0 0 0
0 0 0 0 5
0 0 3 0 0
0 0 0 2 0
0 0 0 3 0
0 0 0 0 4
4 4 0 0 0
0 2 0 0 0
0 0 0 0 6
0 0 0 3 0
0 0 3 0 0
0 0 2 0 0
0 0 3 0 0
0 0 1 0 0
0 0 0 3 0
0 0 0 13 0
0 0 0 0 5
0 0 0 7 0
0 0 2 0 0
0 0 0 0 17
0 0 10 0 0
0 0 0 3 0
0 0 0 3 0
0 0 2 0 0
1 1 0 0 0
0 0 0 13 0
0 0 0 2 0
0 0 0 0 6
0 0 0 4 0
0 0 0 0 6
0 0 2 0 0
0 0 2 0 0
0 0 0 4 0
0 0 0 0 17
0 0 0 0 6
0 2 0 0 0
0 2 0 0 0
0 0 3 0 0
0 0 3 0 0
0 2 0 0 0
0 0 0 3 0
0 0 0 3 0
0 0 2 0 0
0 0 0 0 34
0 0 0 0 17
1 1 0 0 0
0 0 0 0 17
0 0 0 0 6
0 0 0 3 0
0 0 0 3 0
0 0 2 0 0
0 0 0 3 0
0 0 10 0 0
0 0 3 0 0
0 0 0 0 34
0 0 0 3 0
0 0 0 0 3
0 0 0 4 0
0 0 5 0 0
0 0 0 0 4
0 0 0 0 6
0 0 0 0 14
0 0 0 0 8
0 0 0 0 4
0 2 0 0 0
0 0 20 0 0
0 0 0 4 0
0 0 0 4 0
0 0 0 0 4
0 0 5 0 0
0 0 0 3 0
0 0 0 0 6
0 0 0 4 0
0 0 0 0 6
0 0 0 22 0
0 0 0 0 28
0 0 0 0 4
0 16 0 0 0
0 0 0 0 17
0 0 2 0 0
0 0 0 13 0
0 0 0 0 34
0 0 0 0 14
0 0 0 3 0
0 0 0 0 6
0 0 1 0 0
0 0 5 0 0
0 0 3 0 0
0 0 0 0 3
0 0 0 0 4
0 0 0 3 0
0 0 0 0 17
0 0 0 3 0
0 0 0 13 0
0 0 0 13 0
0 0 0 7 0
0 0 0 13 0
0 0 3 0 0
0 0 0 0 6
0 0 0 3 0
0 2 0 0 0
0 0 0 0 6
0 0 0 0 4
0 0 0 3 0
0 0 0 0 5
0 0 0 4 0
0 0 10 0 0
0 0 3 0 0
0 0 10 0 0
0 3 0 0 0
0 0 0 13 0
0 0 0 4 0
0 0 0 0 5
0 0 0 0 17
0 0 0 0 34
0 0 0 0 3
0 0 2 0 0
0 2 0 0 0
0 0 0 0 3
0 0 0 0 5
0 0 0 0 17
0 7 0 0 0
0 0 0 0 4
0 0 0 0 34
0 0 0 3 0
0 0 0 0 17
0 0 0 0 4
0 0 0 3 0
0 0 0 0 14
0 0 0 0 4
0 0 0 4 0
0 0 2 0 0
0 0 0 0 28
0 0 0 0 17
0 0 0 0 17
0 0 0 0 4
0 0 0 0 17
0 0 0 3 0
0 0 0 0 4
0 0 0 0 3
0 0 0 3 0
0 0 0 0 6
0 2 0 0 0
0 0 0 4 0
0 0 0 0 5
0 0 10 0 0
0 0 0 0 28
0 0 0 2 0
0 0 3 0 0
0 0 3 0 0
0 0 3 0 0
0 0 0 0 4
0 0 0 0 4
0 0 0 0 6
0 0 0 0 6
0 0 0 0 4
0 0 0 2 0
0 0 0 0 3
0 0 0 13 0
0 0 0 0 6
0 0 10 0 0
0 0 0 0 4
0 0 0 0 5
0 0 20 0 0
0 0 10 0 0
0 0 0 0 8
0 0 0 0 6
0 0 10 0 0
0 0 0 0 3
0 0 0 0 5
0 2 0 0 0
0 0 0 0 4
0 0 2 0 0
0 0 0 0 3
0 0 3 0 0
0 0 0 4 0
0 0 0 0 4
0 0 0 0 6
0 0 0 13 0
0 0 0 3 0
0 0 0 0 4
0 0 0 13 0
0 0 0 0 6
0 0 0 0 2
0 0 0 0 4
0 0 0 3 0
0 2 0 0 0
0 0 0 3 0
0 0 0 0 34
0 0 0 0 5
0 0 2 0 0
0 0 0 13 0
0 0 0 7 0
0 0 0 2 0
0 7 0 0 0
0 0 0 3 0
0 0 0 11 0
0 0 0 13 0
0 0 0 4 0
0 0 0 0 5
0 0 0 2 0
0 0 0 0 34
1 1 0 0 0
0 0 0 0 4
1 1 0 0 0
0 0 1 0 0
0 0 0 3 0
1 1 0 0 0
0 0 0 22 0
0 0 0 0 28
0 0 0 0 34
0 0 0 0 6
0 0 0 0 17
0 2 0 0 0
0 0 0 0 4
0 0 7 0 0
0 0 0 0 3
0 0 0 0 4
0 0 0 0 3
0 0 0 0 4
0 13 0 0 0
0 2 0 0 0
0 0 0 0 4
0 0 0 0 4
0 0 0 0 17
0 0 0 0 4
0 0 0 0 6
0 0 0 0 3
0 0 0 2 0
0 2 0 0 0
1 1 0 0 0
0 0 0 3 0
0 0 0 0 2
0 0 0 0 6
0 0 0 0 3
0 2 0 0 0
0 0 0 0 4
0 0 0 7 0
0 13 0 0 0
0 0 2 0 0
0 0 1 0 0
0 0 0 13 0
0 0 1 0 0
0 0 0 0 3
0 0 3 0 0
0 0 0 13 0
0 0 10 0 0
0 0 0 0 17
0 0 0 4 0
0 0 0 0 5
0 0 0 0 6
0 0 3 0 0
0 0 2 0 0
0 0 2 0 0
0 0 0 0 2
0 0 1 0 0
0 0 2 0 0
0 0 0 7 0
0 0 0 26 0
0 0 1 0 0
0 0 0 13 0
0 0 2 0 0
0 0 0 2 0
0 0 0 26 0
0 0 0 0 6
0 0 0 0 34
0 0 0 0 4
0 0 0 2 0
0 0 10 0 0
0 0 2 0 0
0 0 0 0 4
0 0 0 0 5
0 0 0 0 5
0 0 20 0 0
0 0 0 3 0
0 2 0 0 0
0 0 3 0 0
0 2 0 0 0
0 0 0 4 0
0 0 0 13 0
1 1 0 0 0
0 0 0 3 0
0 0 0 11 0
0 0 0 0 4
0 0 0 0 17
0 0 0 0 17
0 0 7 0 0
0 0 7 0 0
0 0 10 0 0
0 0 0 4 0
0 0 0 13 0
0 0 0 0 14
0 0 0 0 4
0 0 0 0 6
0 0 0 0 5
0 0 0 0 4
0 0 0 0 4
0 0 0 0 28
0 0 3 0 0
0 0 10 0 0
0 0 0 4 0
0 0 0 0 4
0 0 0 4 0
0 0 0 0 4
0 0 0 13 0
0 0 2 0 0
0 0 0 2 0
0 0 0 2 0
0 0 2 0 0
0 2 0 0 0
0 0 3 0 0
0 0 0 0 17
0 0 0 4 0
0 0 7 0 0
0 0 0 26 0
0 2 0 0 0
0 2 0 0 0
0 0 0 0 4
0 0 0 2 0
0 0 0 0 17
0 0 0 0 17
0 0 0 0 17
0 0 0 0 17
0 0 0 3 0
0 0 0 13 0
4 4 0 0 0
0 0 0 0 5
0 0 0 13 0
0 0 0 0 4
0 0 0 0 3
0 0 0 0 17
0 0 0 0 4
0 0 0 4 0
0 0 0 0 6
0 0 3 0 0
0 0 0 3 0
0 0 0 0 17
0 0 0 2 0
0 0 2 0 0
0 0 3 0 0
0 0 0 2 0
0 0 0 4 0
0 0 0 0 3
0 0 0 0 6
0 0 0 0 2
0 0 0 2 0
0 0 0 4 0
0 0 0 4 0
0 0 0 2 0
0 2 0 0 0
0 0 0 0 0
0 0 0 0 0
0 0 0 0 0
0 0 0 0 0
0 0 0 0 0
0 0 0 0 0
0 0 0 0 0
0 0 0 0 0
0 0 0 0 0
0 0 0 0 0
0 0 0 0 0
0 0 0 0 0
0 0 0 0 0
0 0 0 0 0
0 0 0 0 0
0 0 0 0 0
0 0 0 0 0
0 0 0 0 0
0 0 0 0 0
0 0 0 0 0
0 0 0 0 0
0 0 0 0 0
0 0 0 0 0
0 0 0 0 0
0 0 0 0 0
0 0 0 0 0
0 0 0 0 0
0 0 0 0 0
0 0 0 0 0
0 0 0 0 0
0 0 0 0 0
0 0 0 0 0
0 0 0 0 0
0 0 0 0 0
0 0 0 0 0
0 0 0 0 0
0 0 0 0 0
0 0 0 0 0
0 0 0 0 0
0 0 0 0 0
0 0 0 0 0
0 0 0 0 0
0 0 0 0 0
0 0 0 0 0
0 0 0 0 0
0 0 0 0 0
0 0 0 0 0
0 0 0 0 0
0 0 0 0 0
0 0 0 0 0
0 0 0 0 0
0 0 0 0 0
0 0 0 0 0
0 0 0 0 0
0 0 0 0 0
0 0 0 0 0
0 0 0 0 0
0 0 0 0 0
0 0 0 0 0
0 0 0 0 0
0 0 0 0 0
0 0 0 0 0
0 0 0 0 0
0 0 0 0 0
0 0 0 0 0
0 0 0 0 0
0 0 0 0 0
0 0 0 0 0
0 0 0 0 0
0 0 0 0 0
0 0 0 0 0
0 0 0 0 0
0 0 0 0 0
0 0 0 0 0
0 0 0 0 0
0 0 0 0 0
0 0 0 0 0
0 0 0 0 0
0 0 0 0 0
0 0 0 0 0
0 0 0 0 0
0 0 0 0 0
0 0 0 0 0
0 0 0 0 0
0 0 0 0 0
0 0 0 0 0
0 0 0 0 0
0 0 0 0 0
0 0 0 0 0
0 0 0 0 0
0 0 0 0 0
0 0 0 0 0
0 0 0 0 0
0 0 0 0 0
0 0 0 0 0
0 0 0 0 0
0 0 0 0 0
0 0 0 0 0
0 0 0 0 0
0 0 0 0 0
0 0 0 0 0
0 0 0 0 0
0 0 0 0 0
0 0 0 0 0
0 0 0 0 0
0 0 0 0 0
0 0 0 0 0
0 0 0 0 0
0 0 0 0 0
0 0 0 0 0
0 0 0 0 0
0 0 0 0 0
0 0 0 0 0
0 0 0 0 0
0 0 0 0 0
0 0 0 0 0
0 0 0 0 0
0 0 0 0 0
0 0 0 0 0
0 0 0 0 0
0 0 0 0 0
0 0 0 0 0
0 0 0 0 0
0 0 0 0 0
0 0 0 0 0
0 0 0 0 0
0 0 0 0 0
0 0 0 0 0
0 0 0 0 0
0 0 0 0 0
0 0 0 0 0
0 0 0 0 0
0 0 0 0 0
0 0 0 0 0
0 0 0 0 0
0 0 0 0 0
0 0 0 0 0
0 0 0 0 0
0 0 0 0 0
0 0 0 0 0
0 0 0 0 0
0 0 0 0 0
0 0 0 0 0
0 0 0 0 0
0 0 0 0 0
0 0 0 0 0
0 0 0 0 0
0 0 0 0 0
0 0 0 0 0
0 0 0 0 0
0 0 0 0 0
0 0 0 0 0
0 0 0 0 0
0 0 0 0 0
0 0 0 0 0
0 0 0 0 0
0 0 0 0 0
0 0 0 0 0
0 0 0 0 0
0 0 0 0 0
0 0 0 0 0
0 0 0 0 0
0 0 0 0 0
0 0 0 0 0
0 0 0 0 0
0 0 0 0 0
0 0 0 0 0
0 0 0 0 0
0 0 0 0 0
0 0 0 0 0
0 0 0 0 0
0 0 0 0 0
0 0 0 0 0
0 0 0 0 0
0 0 0 0 0
0 0 0 0 0
0 0 0 0 0
0 0 0 0 0
0 0 0 0 0
0 0 0 0 0
0 0 0 0 0
0 0 0 0 0
0 0 0 0 0
0 0 0 0 0
0 0 0 0 0
0 0 0 0 0
0 0 0 0 0
0 0 0 0 0
0 0 0 0 0
0 0 0 0 0
0 0 0 0 0
0 0 0 0 0
0 0 0 0 0
0 0 0 0 0
0 0 0 0 0
0 0 0 0 0
0 0 0 0 0
0 0 0 0 0
0 0 0 0 0
0 0 0 0 0
0 0 0 0 0
0 0 0 0 0
0 0 0 0 0
0 0 0 0 0
0 0 0 0 0
0 0 0 0 0
0 0 0 0 0
0 0 0 0 0
0 0 0 0 0
0 0 0 0 0
0 0 0 0 0
0 0 0 0 0
0 0 0 0 0
0 0 0 0 0
0 0 0 0 0
0 0 0 0 0
0 0 0 0 0
0 0 0 0 0
0 0 0 0 0
0 0 0 0 0
0 0 0 0 0
0 0 0 0 0
0 0 0 0 0
0 0 0 0 0
0 0 0 0 0
0 0 0 0 0
0 0 0 0 0
0 0 0 0 0
0 0 0 0 0
0 0 0 0 0
0 0 0 0 0
0 0 0 0 0
0 0 0 0 0
0 0 0 0 0
0 0 0 0 0
0 0 0 0 0
0 0 0 0 0
0 0 0 0 0
0 0 0 0 0
0 0 0 0 0
0 0 0 0 0
0 0 0 0 0
0 0 0 0 0
0 0 0 0 0
0 0 0 0 0
0 0 0 0 0
0 0 0 0 0
0 0 0 0 0
0 0 0 0 0
0 0 0 0 0
0 0 0 0 0
0 0 0 0 0
0 0 0 0 0
0 0 0 0 0
0 0 0 0 0
0 0 0 0 0
0 0 0 0 0
0 0 0 0 0
0 0 0 0 0
0 0 0 0 0
0 0 0 0 0
0 0 0 0 0
0 0 0 0 0
0 0 0 0 0
0 0 0 0 0
0 0 0 0 0
0 0 0 0 0
0 0 0 0 0
0 0 0 0 0
0 0 0 0 0
0 0 0 0 0
0 0 0 0 0
0 0 0 0 0
0 0 0 0 0
0 0 0 0 0
0 0 0 0 0
0 0 0 0 0
0 0 0 0 0
0 0 0 0 0
0 0 0 0 0
0 0 0 0 0
0 0 0 0 0
0 0 0 0 0
0 0 0 0 0
0 0 0 0 0
0 0 0 0 0
0 0 0 0 0
0 0 0 0 0
0 0 0 0 0
0 0 0 0 0
0 0 0 0 0
0 0 0 0 0
0 0 0 0 0
0 0 0 0 0
0 0 0 0 0
0 0 0 0 0
0 0 0 0 0
0 0 0 0 0
0 0 0 0 0
0 0 0 0 0
0 0 0 0 0
0 0 0 0 0
0 0 0 0 0
0 0 0 0 0
0 0 0 0 0
0 0 0 0 0
0 0 0 0 0
0 0 0 0 0
0 0 0 0 0
0 0 0 0 0
0 0 0 0 0
0 0 0 0 0
0 0 0 0 0
0 0 0 0 0
0 0 0 0 0
0 0 0 0 0
0 0 0 0 0
0 0 0 0 0
0 0 0 0 0
0 0 0 0 0
0 0 0 0 0
0 0 0 0 0
0 0 0 0 0
0 0 0 0 0
0 0 0 0 0
0 0 0 0 0
0 0 0 0 0
0 0 0 0 0
0 0 0 0 0
0 0 0 0 0
0 0 0 0 0
0 0 0 0 0
0 0 0 0 0
0 0 0 0 0
0 0 0 0 0
0 0 0 0 0
0 0 0 0 0
0 0 0 0 0
0 0 0 0 0
0 0 0 0 0
0 0 0 0 0
0 0 0 0 0
0 0 0 0 0
0 0 0 0 0
0 0 0 0 0
0 0 0 0 0
0 0 0 0 0
0 0 0 0 0
0 0 0 0 0
0 0 0 0 0
0 0 0 0 0
0 0 0 0 0
0 0 0 0 0
0 0 0 0 0
0 0 0 0 0
0 0 0 0 0
0 0 0 0 0
0 0 0 0 0
0 0 0 0 0
0 0 0 0 0
0 0 0 0 0
0 0 0 0 0
0 0 0 0 0
0 0 0 0 0
0 0 0 0 0
0 0 0 0 0
0 0 0 0 0
0 0 0 0 0
0 0 0 0 0
0 0 0 0 0
0 0 0 0 0
0 0 0 0 0
0 0 0 0 0
0 0 0 0 0
0 0 0 0 0
0 0 0 0 0
0 0 0 0 0
0 0 0 0 0
0 0 0 0 0
0 0 0 0 0
0 0 0 0 0
0 0 0 0 0
0 0 0 0 0
0 0 0 0 0
0 0 0 0 0
0 0 0 0 0
0 0 0 0 0
0 0 0 0 0
0 0 0 0 0
0 0 0 0 0
0 0 0 0 0
0 0 0 0 0
0 0 0 0 0
0 0 0 0 0
0 0 0 0 0
0 0 0 0 0
0 0 0 0 0
0 0 0 0 0
0 0 0 0 0
0 0 0 0 0
0 0 0 0 0
0 0 0 0 0
0 0 0 0 0
0 0 0 0 0
0 0 0 0 0
0 0 0 0 0
0 0 0 0 0
0 0 0 0 0
0 0 0 0 0
0 0 0 0 0
0 0 0 0 0
0 0 0 0 0
0 0 0 0 0
0 0 0 0 0
0 0 0 0 0
0 0 0 0 0
0 0 0 0 0
0 0 0 0 0
0 0 0 0 0
0 0 0 0 0
0 0 0 0 0
0 0 0 0 0
0 0 0 0 0
0 0 0 0 0
0 0 0 0 0
0 0 0 0 0
0 0 0 0 0
0 0 0 0 0
0 0 0 0 0
0 0 0 0 0
0 0 0 0 0
0 0 0 0 0
0 0 0 0 0
0 0 0 0 0
0 0 0 0 0
0 0 0 0 0
0 0 0 0 0
0 0 0 0 0
0 0 0 0 0
0 0 0 0 0
0 0 0 0 0
0 0 0 0 0
0 0 0 0 0
0 0 0 0 0
0 0 0 0 0
0 0 0 0 0
0 0 0 0 0
0 0 0 0 0
0 0 0 0 0
0 0 0 0 0
0 0 0 0 0
0 0 0 0 0
0 0 0 0 0
0 0 0 0 0
0 0 0 0 0
0 0 0 0 0
0 0 0 0 0
0 0 0 0 0
0 0 0 0 0
0 0 0 0 0
0 0 0 0 0
0 0 0 0 0
0 0 0 0 0
0 0 0 0 0
0 0 0 0 0
0 0 0 0 0
0 0 0 0 0
0 0 0 0 0
0 0 0 0 0
0 0 0 0 0
0 0 0 0 0
0 0 0 0 0
0 0 0 0 0
0 0 0 0 0
0 0 0 0 0
0 0 0 0 0
0 0 0 0 0
0 0 0 0 0
0 0 0 0 0
0 0 0 0 0
0 0 0 0 0
0 0 0 0 0
0 0 0 0 0
0 0 0 0 0
0 0 0 0 0
0 0 0 0 0
0 0 0 0 0
0 0 0 0 0
0 0 0 0 0
0 0 0 0 0
0 0 0 0 0
0 0 0 0 0
0 0 0 0 0
0 0 0 0 0
0 0 0 0 0
0 0 0 0 0
0 0 0 0 0
0 0 0 0 0
0 0 0 0 0
0 0 0 0 0
0 0 0 0 0
0 0 0 0 0
0 0 0 0 0
0 0 0 0 0
0 0 0 0 0
0 0 0 0 0
0 0 0 0 0
0 0 0 0 0
0 2 0 0 0
4 4 0 0 0
1 1 0 0 0
0 0 0 4 0
0 0 0 0 0
0 0 0 0 0
0 0 0 0 0
0 0 0 0 0
0 0 0 0 0
0 0 0 0 0
0 0 0 0 0
0 0 0 0 0
0 0 0 0 0
0 0 0 0 0
0 0 0 0 0
0 0 0 0 0
0 0 0 0 0
0 0 0 0 0
0 0 0 0 0
0 0 0 0 0
0 0 0 0 0
0 0 0 0 0
0 0 0 0 0
0 0 0 0 0
0 0 0 0 0
0 0 0 0 0
0 0 0 0 0
0 0 0 0 0
0 0 0 0 0
0 0 0 0 0
0 0 0 0 0
0 0 0 0 0
0 0 0 0 0
0 0 0 0 0
0 0 0 0 0
0 0 0 0 0
0 0 0 0 0
0 0 0 0 0
0 0 0 0 0
0 0 0 0 0
0 0 0 0 0
0 0 0 0 0
0 0 0 0 0
0 0 0 0 0
0 0 0 0 0
0 0 0 0 0
0 0 0 0 0
0 0 0 0 0
0 0 0 0 0
0 0 0 0 0
0 0 0 0 0
0 0 0 0 0
0 0 0 0 0
0 0 0 0 0
0 0 0 0 0
0 0 0 0 0
0 0 0 0 0
0 0 0 0 0
0 0 0 0 0
0 0 0 0 0
0 0 0 0 0
