40 40 40 30 90 90 90 30 30
50 40 90 40 90 90 90 90 90
90 90 90 40 90 90 90 90 20
70 90 10 40 90 90 90 80 80
90 90 90 40 90 90 90 90 80
80 90 80 40 90 90 90 90 80
90 90 90 40 90 90 90 20 90
75 75 75 90 75 75 90 75 75
40 40 40 90 55 55 90 45 45
75 75 75 90 75 75 90 75 75
50 50 50 90 75 75 90 70 70
75 45 75 90 65 65 90 45 90
75 75 75 90 75 75 90 75 75
40 45 20 90 25 25 90 25 25
50 75 75 90 75 75 90 70 70
75 75 75 90 75 75 90 75 75
80 80 80 60 50 100 80 80 80
40 40 40 60 50 100 80 80 80
60 60 60 60 50 100 80 50 50
80 80 80 60 50 100 80 80 80
70 70 70 60 50 100 80 50 50
70 70 70 60 50 100 80 50 50
35 35 35 35 35 35 35 35 35
