38741
38741
38741
38741
38741
38741
38741
38741
38741
38741
38741
38741
38741
38741
38741
38741
38741
38741
38741
38741
38741
38741
38741
38741
38741
38741
38741
38741
38741
38741
23652
23652
23652
23652
23652
23652
23652
23652
23652
23652
23652
23652
23652
23652
23652
23652
23652
23652
23652
23652
23652
23652
23652
23652
23652
23652
23652
23652
23652
23652
23652
23652
23652
23652
23652
23652
23652
23652
23652
23652
23652
23652
23652
23652
23652
23652
23652
23652
23652
30043 30053 30063 30073 30083 30093 30103
30043 30053 30063 30073 30083 30093 30103
30043 30053 30063 30073 30083 30093 30103
30043 30053 30063 30073 30083 30093 30103
30043 30053 30063 30073 30083 30093 30103
30043 30053 30063 30073 30083 30093 30103
30043 30053 30063 30073 30083 30093 30103
30043 30053 30063 30073 30083 30093 30103
30043 30053 30063 30073 30083 30093 30103
30043 30053 30063 30073 30083 30093 30103
30043 30053 30063 30073 30083 30093 30103
30043 30053 30063 30073 30083 30093 30103
30043 30053 30063 30073 30083 30093 30103
30043 30053 30063 30073 30083 30093 30103
30043 30053 30063 30073 30083 30093 30103
30043 30053 30063 30073 30083 30093 30103
30043 30053 30063 30073 30083 30093 30103
30043 30053 30063 30073 30083 30093 30103
30043 30053 30063 30073 30083 30093 30103
30043 30053 30063 30073 30083 30093 30103
30043 30053 30063 30073 30083 30093 30103
30043 30053 30063 30073 30083 30093 30103
30043 30053 30063 30073 30083 30093 30103
30043 30053 30063 30073 30083 30093 30103
30043 30053 30063 30073 30083 30093 30103
30043 30053 30063 30073 30083 30093 30103
30043 30053 30063 30073 30083 30093 30103
30043 30053 30063 30073 30083 30093 30103
30043 30053 30063 30073 30083 30093 30103
30043 30053 30063 30073 30083 30093 30103
30043 30053 30063 30073 30083 30093 30103
30043 30053 30063 30073 30083 30093 30103
30043 30053 30063 30073 30083 30093 30103
30043 30053 30063 30073 30083 30093 30103
30043 30053 30063 30073 30083 30093 30103
30043 30053 30063 30073 30083 30093 30103
30043 30053 30063 30073 30083 30093 30103
30043 30053 30063 30073 30083 30093 30103
30043 30053 30063 30073 30083 30093 30103
30043 30053 30063 30073 30083 30093 30103
30043 30053 30063 30073 30083 30093 30103
30043 30053 30063 30073 30083 30093 30103
30043 30053 30063 30073 30083 30093 30103
30043 30053 30063 30073 30083 30093 30103
30043 30053 30063 30073 30083 30093 30103
30043 30053 30063 30073 30083 30093 30103
30043 30053 30063 30073 30083 30093 30103
30043 30053 30063 30073 30083 30093 30103
30043 30053 30063 30073 30083 30093 30103
30043 30053 30063 30073 30083 30093 30103
30043 30053 30063 30073 30083 30093 30103
30043 30053 30063 30073 30083 30093 30103
30043 30053 30063 30073 30083 30093 30103
30043 30053 30063 30073 30083 30093 30103
30043 30053 30063 30073 30083 30093 30103
30043 30053 30063 30073 30083 30093 30103
30043 30053 30063 30073 30083 30093 30103
30043 30053 30063 30073 30083 30093 30103
30043 30053 30063 30073 30083 30093 30103
30043 30053 30063 30073 30083 30093 30103
30043 30053 30063 30073 30083 30093 30103
30043 30053 30063 30073 30083 30093 30103
30043 30053 30063 30073 30083 30093 30103
30043 30053 30063 30073 30083 30093 30103
30043 30053 30063 30073 30083 30093 30103
30043 30053 30063 30073 30083 30093 30103
30043 30053 30063 30073 30083 30093 30103
30043 30053 30063 30073 30083 30093 30103
30043 30053 30063 30073 30083 30093 30103
30043 30053 30063 30073 30083 30093 30103
30043 30053 30063 30073 30083 30093 30103
30043 30053 30063 30073 30083 30093 30103
30043 30053 30063 30073 30083 30093 30103
30043 30053 30063 30073 30083 30093 30103
30043 30053 30063 30073 30083 30093 30103
30043 30053 30063 30073 30083 30093 30103
30043 30053 30063 30073 30083 30093 30103
30043 30053 30063 30073 30083 30093 30103
30043 30053 30063 30073 30083 30093 30103
30043 30053 30063 30073 30083 30093 30103
30043 30053 30063 30073 30083 30093 30103
30043 30053 30063 30073 30083 30093 30103
30043 30053 30063 30073 30083 30093 30103
30043 30053 30063 30073 30083 30093 30103
30043 30053 30063 30073 30083 30093 30103
30043 30053 30063 30073 30083 30093 30103
30043 30053 30063 30073 30083 30093 30103
30043 30053 30063 30073 30083 30093 30103
30043 30053 30063 30073 30083 30093 30103
30043 30053 30063 30073 30083 30093 30103
30043 30053 30063 30073 30083 30093 30103
30043 30053 30063 30073 30083 30093 30103
30043 30053 30063 30073 30083 30093 30103
30043 30053 30063 30073 30083 30093 30103
30043 30053 30063 30073 30083 30093 30103
30043 30113 30113 30113 30113 30113 30123
30043 30113 30113 30113 30113 30113 30123
30043 30113 30113 30113 30113 30113 30123
30043 30053 30063 30073 30083 30093 30103
30043 30053 30063 30073 30083 30093 30103
30043 30053 30063 30073 30083 30093 30103
30043 30053 30063 30073 30083 30093 30103
30043 30053 30063 30073 30083 30093 30103
30043 30053 30063 30073 30083 30093 30103
30043 30053 30063 30073 30083 30093 30103
30974 30984 30994 31004 31014 31024
30974 30984 30994 31004 31014 31024
30974 30984 30994 31004 31014 31024
30974 30984 30994 31004 31014 31024
30974 30984 30994 31004 31014 31024
30974 30984 30994 31004 31014 31024
30974 30984 30994 31004 31014 31024
30974 30984 30994 31004 31014 31024
30974 30984 30994 31004 31014 31024
30974 30984 30994 31004 31014 31024
30974 30984 30994 31004 31014 31024
30974 30984 30994 31004 31014 31024
30974 30984 30994 31004 31014 31024
30974 30984 30994 31004 31014 31024
30974 30984 30994 31004 31014 31024
30974 30984 30994 31004 31014 31024
30974 30984 30994 31004 31014 31024
30974 30984 30994 31004 31014 31024
30974 30984 30994 31004 31014 31024
30974 30984 30994 31004 31014 31024
30974 30984 30994 31004 31014 31024
30974 30984 30994 31004 31014 31024
30974 30984 30994 31004 31014 31024
30974 30984 30994 31004 31014 31024
30974 30984 30994 31004 31014 31024
30974 30984 30994 31004 31014 31024
30974 30984 30994 31004 31014 31024
30974 30984 30994 31004 31014 31024
30974 30984 30994 31004 31014 31024
30974 30984 30994 31004 31014 31024
30974 30984 30994 31004 31014 31024
30974 30984 30994 31004 31014 31024
30974 30984 30994 31004 31014 31024
30974 30984 30994 31004 31014 31024
30974 30984 30994 31004 31014 31024
30974 30984 30994 31004 31014 31024
30974 30984 30994 31004 31014 31024
30974 30984 30994 31004 31014 31024
30974 30984 30994 31004 31014 31024
30974 30984 30994 31004 31014 31024
30974 30984 30994 31004 31014 31024
30974 30984 30994 31004 31014 31024
30974 30984 30994 31004 31014 31024
30974 30984 30994 31004 31014 31024
30974 30984 30994 31004 31014 31024
30974 30984 30994 31004 31014 31024
30974 30984 30994 31004 31014 31024
30974 30984 30994 31004 31014 31024
30974 30984 30994 31004 31014 31024
30974 30984 30994 31004 31014 31024
30974 30984 30994 31004 31014 31024
30974 30984 30994 31004 31014 31024
30974 30984 30994 31004 31014 31024
30974 30984 30994 31004 31014 31024
30974 30984 30994 31004 31014 31024
30974 30984 30994 31004 31014 31024
30974 30984 30994 31004 31014 31024
30974 30984 30994 31004 31014 31024
30974 30984 30994 31004 31014 31024
