84581
84581
84581
84581
84581
84581
84581
84581
84581
84581
84581
84581
84581
84581
84581
84581
84581
84581
84581
84581
84581
84581
84581
84581
84581
84581
84581
84581
84581
84581
49572 49582 49592
49572 49582 49592
49572 49582 49592
49572 49582 49592
49572 49582 49592
49572 49582 49592
49572 49582 49592
49572 49582 49592
49572 49582 49592
49572 49582 49592
49572 49582 49592
49572 49582 49592
49572 49582 49592
49572 49582 49592
49572 49582 49592
49572 49582 49592
49572 49582 49592
49572 49582 49592
49572 49582 49592
49572 49582 49592
49572 49582 49592
49572 49582 49592
49572 49582 49592
49572 49582 49592
49572 49582 49592
49572 49582 49592
49572 49582 49592
49572 49582 49592
49572 49582 49592
49572 49582 49592
49572 49582 49592
49572 49582 49592
49572 49582 49592
49572 49582 49592
49572 49582 49592
49572 49582 49592
49572 49582 49592
49602 49602 49602
49612 49612 49612
49572 49582 49592
49572 49582 49592
49572 49582 49592
49572 49582 49592
49572 49582 49592
49572 49582 49592
49572 49582 49592
49572 49582 49592
49572 49582 49592
49572 49582 49592
63043 63053 63063 63073 63083 63093 63103 63113
63043 63053 63063 63073 63083 63093 63103 63113
63043 63053 63063 63073 63083 63093 63103 63113
63043 63053 63063 63073 63083 63093 63103 63113
63043 63053 63063 63073 63083 63093 63103 63113
63043 63053 63063 63073 63083 63093 63103 63113
63043 63053 63063 63073 63083 63093 63103 63113
63043 63053 63063 63073 63083 63093 63103 63113
63043 63053 63063 63073 63083 63093 63103 63113
63043 63053 63063 63073 63083 63093 63103 63113
63043 63053 63063 63073 63083 63093 63103 63113
63043 63053 63063 63073 63083 63093 63103 63113
63043 63053 63063 63073 63083 63093 63103 63113
63043 63053 63063 63073 63083 63093 63103 63113
63043 63053 63063 63073 63083 63093 63103 63113
63043 63053 63063 63073 63083 63093 63103 63113
63043 63053 63063 63073 63083 63093 63103 63113
63043 63053 63063 63073 63083 63093 63103 63113
63043 63053 63063 63073 63083 63093 63103 63113
63043 63053 63063 63073 63083 63093 63103 63113
63043 63053 63063 63073 63083 63093 63103 63113
63043 63053 63063 63073 63083 63093 63103 63113
63043 63053 63063 63073 63083 63093 63103 63113
63043 63053 63063 63073 63083 63093 63103 63113
63043 63053 63063 63073 63083 63093 63103 63113
63043 63053 63063 63073 63083 63093 63103 63113
63043 63053 63063 63073 63083 63093 63103 63113
63043 63053 63063 63073 63083 63093 63103 63113
63043 63053 63063 63073 63083 63093 63103 63113
63043 63053 63063 63073 63083 63093 63103 63113
63043 63053 63063 63073 63083 63093 63103 63113
63043 63053 63063 63073 63083 63093 63103 63113
63043 63053 63063 63073 63083 63093 63103 63113
63043 63053 63063 63073 63083 63093 63103 63113
63043 63053 63063 63073 63083 63093 63103 63113
63043 63053 63063 63073 63083 63093 63103 63113
63043 63053 63063 63073 63083 63093 63103 63113
63043 63053 63063 63073 63083 63093 63103 63113
63043 63053 63063 63073 63083 63093 63103 63113
63043 63053 63063 63073 63083 63093 63103 63113
63043 63053 63063 63073 63083 63093 63103 63113
63043 63053 63063 63073 63083 63093 63103 63113
63043 63053 63063 63073 63083 63093 63103 63113
63043 63053 63063 63073 63083 63093 63103 63113
63043 63053 63063 63073 63083 63093 63103 63113
63043 63053 63063 63073 63083 63093 63103 63113
63043 63053 63063 63073 63083 63093 63103 63113
63043 63053 63063 63073 63083 63093 63103 63113
63043 63053 63063 63073 63083 63093 63103 63113
63043 63053 63063 63073 63083 63093 63103 63113
63043 63053 63063 63073 63083 63093 63103 63113
63043 63053 63063 63073 63083 63093 63103 63113
63043 63053 63063 63073 63083 63093 63103 63113
63043 63053 63063 63073 63083 63093 63103 63113
63043 63123 63123 63073 63083 63093 63103 63123
63043 63123 63123 63073 63083 63093 63103 63123
63043 63173 63173 63173 63173 63093 63103 63113
63043 63173 63173 63173 63173 63093 63103 63113
63043 63053 63063 63073 63083 63093 63103 63113
63043 63133 63133 63133 63133 63133 63133 63113
63043 63133 63133 63133 63133 63133 63133 63113
63043 63053 63063 63073 63083 63093 63103 63113
63043 63143 63143 63143 63143 63143 63143 63113
63043 63133 63133 63133 63133 63133 63133 63113
63043 63133 63133 63133 63133 63133 63133 63113
63043 63053 63063 63073 63083 63093 63103 63113
63043 63143 63143 63143 63143 63143 63143 63113
63043 63133 63133 63133 63133 63133 63133 63113
63043 63153 63153 63153 63153 63153 63153 63113
63043 63053 63063 63073 63083 63093 63103 63113
63043 63133 63133 63133 63133 63133 63133 63113
63043 63153 63153 63153 63153 63153 63153 63113
63043 63133 63133 63133 63133 63133 63133 63113
63043 63133 63133 63133 63133 63133 63133 63113
63043 63053 63063 63073 63083 63093 63103 63113
63043 63053 63063 63073 63083 63093 63103 63113
63043 63053 63063 63073 63083 63093 63103 63113
63043 63053 63063 63073 63083 63093 63103 63113
63043 63053 63063 63073 63083 63093 63103 63113
63043 63053 63063 63073 63083 63093 63103 63113
63043 63053 63063 63073 63083 63093 63103 63113
63043 63053 63063 63073 63083 63093 63103 63113
63043 63053 63063 63073 63083 63093 63103 63113
63043 63053 63063 63073 63083 63093 63103 63113
63043 63053 63063 63073 63083 63093 63103 63113
63043 63053 63063 63073 63083 63093 63103 63113
63043 63053 63063 63073 63083 63093 63103 63113
63043 63053 63063 63073 63083 63093 63103 63113
63043 63053 63063 63073 63083 63093 63103 63113
63043 63053 63063 63073 63083 63093 63103 63113
63043 63053 63063 63073 63083 63093 63103 63113
63043 63053 63063 63073 63083 63093 63103 63113
63043 63173 63173 63173 63173 63093 63103 63113
63043 63173 63173 63173 63173 63093 63103 63113
63043 63173 63173 63173 63173 63093 63103 63113
63043 63053 63063 63073 63083 63093 63103 63113
63043 63053 63063 63073 63083 63163 63103 63163
63043 63053 63063 63073 63083 63093 63103 63113
63043 63173 63173 63173 63173 63093 63103 63113
63043 63173 63173 63173 63173 63093 63103 63113
63043 63173 63173 63173 63173 63093 63103 63113
63043 63173 63173 63173 63173 63093 63103 63113
63043 63173 63173 63173 63173 63093 63103 63113
63043 63173 63173 63173 63173 63093 63103 63113
63043 63053 63063 63073 63083 63093 63103 63113
64984 64994 65004 65014 65024 65034 65044
64984 64994 65004 65014 65024 65034 65044
64984 64994 65004 65014 65024 65034 65044
64984 64994 65004 65014 65024 65034 65044
64984 64994 65004 65014 65024 65034 65044
64984 64994 65004 65014 65024 65034 65044
64984 64994 65004 65014 65024 65034 65044
64984 64994 65004 65014 65024 65034 65044
64984 64994 65004 65014 65024 65034 65044
64984 64994 65004 65014 65024 65034 65044
64984 64994 65004 65014 65024 65034 65044
64984 64994 65004 65014 65024 65034 65044
64984 64994 65004 65014 65024 65034 65044
64984 64994 65004 65014 65024 65034 65044
64984 64994 65004 65014 65024 65034 65044
64984 64994 65004 65014 65024 65034 65044
64984 64994 65004 65014 65024 65034 65044
64984 64994 65004 65014 65024 65034 65044
64984 64994 65004 65014 65024 65034 65044
64984 64994 65004 65014 65024 65034 65044
64984 64994 65004 65014 65024 65034 65044
64984 64994 65004 65014 65024 65034 65044
64984 64994 65004 65014 65024 65034 65044
64984 64994 65004 65014 65024 65034 65044
64984 64994 65004 65014 65024 65034 65044
64984 64994 65004 65014 65024 65034 65044
64984 64994 65004 65014 65024 65034 65044
64984 64994 65004 65014 65024 65034 65044
64984 64994 65004 65014 65024 65034 65044
64984 64994 65004 65014 65024 65034 65044
64984 64994 65004 65014 65024 65034 65044
64984 64994 65004 65014 65024 65034 65044
64984 64994 65004 65014 65024 65034 65044
64984 64994 65004 65014 65024 65034 65044
64984 64994 65004 65014 65024 65034 65044
64984 64994 65004 65014 65024 65034 65044
64984 64994 65004 65014 65024 65034 65044
64984 64994 65004 65014 65024 65034 65044
64984 64994 65004 65014 65024 65034 65044
64984 64994 65004 65014 65024 65034 65044
64984 65054 65004 65014 65024 65034 65044
64984 64994 65004 65064 65064 65074 65044
64984 65084 65004 65014 65024 65034 65044
64984 65094 65004 65014 65024 65034 65044
64984 65104 65004 65014 65024 65034 65044
64984 65084 65004 65014 65024 65034 65044
64984 65094 65004 65014 65024 65034 65044
64984 65104 65004 65014 65024 65034 65044
64984 64994 65004 65014 65024 65034 65044
64984 64994 65004 65014 65024 65034 65044
64984 65124 65004 65014 65024 65034 65044
64984 65134 65004 65014 65024 65034 65044
64984 64994 65004 65014 65024 65034 65044
64984 64994 65004 65014 65024 65034 65044
64984 64994 65004 65014 65024 65034 65044
64984 65144 65004 65144 65144 65034 65044
64984 65174 65004 65154 65154 65034 65044
64984 65164 65004 65164 65164 65034 65044
64984 64994 65004 65014 65024 65184 65044
