84591
84591
84591
84591
84591
84591
84591
84591
84591
84591
84591
84591
84591
84591
84591
84591
84591
84591
84591
84591
84591
84591
84591
84591
84591
84591
84591
84591
84591
84591
63192 63202 63212 63222 63232 63242 63252 63262
63192 63202 63212 63222 63232 63242 63252 63262
63192 63202 63212 63222 63232 63242 63252 63262
63192 63202 63212 63222 63232 63242 63252 63262
63192 63202 63212 63222 63232 63242 63252 63262
63192 63202 63212 63222 63232 63242 63252 63262
63192 63202 63212 63222 63232 63242 63252 63262
63192 63202 63212 63222 63232 63242 63252 63262
63192 63202 63212 63222 63232 63242 63252 63262
63192 63202 63212 63222 63232 63242 63252 63262
63192 63202 63212 63222 63232 63242 63252 63262
63192 63202 63212 63222 63232 63242 63252 63262
63192 63202 63212 63222 63232 63242 63252 63262
63192 63202 63212 63222 63232 63242 63252 63262
63192 63202 63212 63222 63232 63242 63252 63262
63192 63202 63212 63222 63232 63242 63252 63262
63192 63202 63212 63222 63232 63242 63252 63262
63192 63202 63212 63222 63232 63242 63252 63262
63192 63202 63212 63222 63232 63242 63252 63262
63192 63202 63212 63222 63232 63242 63252 63262
63192 63202 63212 63222 63232 63242 63252 63262
63192 63202 63212 63222 63232 63242 63252 63262
63192 63202 63212 63222 63232 63242 63252 63262
63192 63202 63212 63222 63232 63242 63252 63262
63192 63202 63212 63222 63232 63242 63252 63262
63192 63202 63212 63222 63232 63242 63252 63262
63192 63202 63212 63222 63232 63242 63252 63262
63192 63202 63212 63222 63232 63242 63252 63262
63192 63202 63212 63222 63232 63242 63252 63262
63192 63202 63212 63222 63232 63242 63252 63262
63192 63202 63212 63222 63232 63242 63252 63262
63192 63202 63212 63222 63232 63242 63252 63262
63192 63202 63212 63222 63232 63242 63252 63262
63192 63202 63212 63222 63232 63242 63252 63262
63192 63202 63212 63222 63232 63242 63252 63262
63192 63202 63212 63222 63232 63242 63252 63262
63192 63202 63212 63222 63232 63242 63252 63262
63192 63202 63212 63222 63232 63242 63252 63262
63192 63202 63212 63222 63232 63242 63252 63262
63192 63202 63212 63222 63232 63242 63252 63262
63192 63202 63212 63222 63232 63242 63252 63262
63192 63202 63212 63222 63232 63242 63252 63262
63192 63202 63212 63222 63232 63242 63252 63262
63192 63202 63212 63222 63232 63242 63252 63262
63192 63202 63212 63222 63232 63242 63252 63262
63192 63202 63212 63222 63232 63242 63252 63262
63192 63202 63212 63222 63232 63242 63252 63262
63192 63202 63212 63222 63232 63242 63252 63262
63192 63202 63212 63222 63232 63242 63252 63262
63192 63202 63212 63222 63232 63242 63252 63262
63192 63202 63212 63222 63232 63242 63252 63262
63192 63202 63212 63222 63232 63242 63252 63262
63192 63202 63212 63222 63232 63242 63252 63262
63192 63202 63212 63222 63232 63242 63252 63262
63192 63272 63272 63222 63232 63242 63252 63272
63192 63272 63272 63222 63232 63242 63252 63272
63192 63322 63322 63322 63322 63242 63252 63262
63192 63322 63322 63322 63322 63242 63252 63262
63192 63202 63212 63222 63232 63242 63252 63262
63192 63282 63282 63282 63282 63282 63282 63262
63192 63282 63282 63282 63282 63282 63282 63262
63192 63202 63212 63222 63232 63242 63252 63262
63192 63292 63292 63292 63292 63292 63292 63262
63192 63282 63282 63282 63282 63282 63282 63262
63192 63282 63282 63282 63282 63282 63282 63262
63192 63202 63212 63222 63232 63242 63252 63262
63192 63292 63292 63292 63292 63292 63292 63262
63192 63282 63282 63282 63282 63282 63282 63262
63192 63302 63302 63302 63302 63302 63302 63262
63192 63202 63212 63222 63232 63242 63252 63262
63192 63282 63282 63282 63282 63282 63282 63262
63192 63302 63302 63302 63302 63302 63302 63262
63192 63282 63282 63282 63282 63282 63282 63262
63192 63282 63282 63282 63282 63282 63282 63262
63192 63202 63212 63222 63232 63242 63252 63262
63192 63202 63212 63222 63232 63242 63252 63262
63192 63202 63212 63222 63232 63242 63252 63262
63192 63202 63212 63222 63232 63242 63252 63262
63192 63202 63212 63222 63232 63242 63252 63262
63192 63202 63212 63222 63232 63242 63252 63262
63192 63202 63212 63222 63232 63242 63252 63262
63192 63202 63212 63222 63232 63242 63252 63262
63192 63202 63212 63222 63232 63242 63252 63262
63192 63202 63212 63222 63232 63242 63252 63262
63192 63202 63212 63222 63232 63242 63252 63262
63192 63202 63212 63222 63232 63242 63252 63262
63192 63202 63212 63222 63232 63242 63252 63262
63192 63202 63212 63222 63232 63242 63252 63262
63192 63202 63212 63222 63232 63242 63252 63262
63192 63202 63212 63222 63232 63242 63252 63262
63192 63202 63212 63222 63232 63242 63252 63262
63192 63202 63212 63222 63232 63242 63252 63262
63192 63322 63322 63322 63322 63242 63252 63262
63192 63322 63322 63322 63322 63242 63252 63262
63192 63322 63322 63322 63322 63242 63252 63262
63192 63202 63212 63222 63232 63242 63252 63262
63192 63202 63212 63222 63232 63312 63252 63312
63192 63202 63212 63222 63232 63242 63252 63262
63192 63322 63322 63322 63322 63242 63252 63262
63192 63322 63322 63322 63322 63242 63252 63262
63192 63322 63322 63322 63322 63242 63252 63262
63192 63322 63322 63322 63322 63242 63252 63262
63192 63322 63322 63322 63322 63242 63252 63262
63192 63322 63322 63322 63322 63242 63252 63262
63192 63202 63212 63222 63232 63242 63252 63262
67183 67193 67203 67213 67223 67233 67243 67253
67183 67193 67203 67213 67223 67233 67243 67253
67183 67193 67203 67213 67223 67233 67243 67253
67183 67193 67203 67213 67223 67233 67243 67253
67183 67193 67203 67213 67223 67233 67243 67253
67183 67193 67203 67213 67223 67233 67243 67253
67183 67193 67203 67213 67223 67233 67243 67253
67183 67193 67203 67213 67223 67233 67243 67253
67183 67193 67203 67213 67223 67233 67243 67253
67183 67193 67203 67213 67223 67233 67243 67253
67183 67193 67203 67213 67223 67233 67243 67253
67183 67193 67203 67213 67223 67233 67243 67253
67183 67193 67203 67213 67223 67233 67243 67253
67183 67193 67203 67213 67223 67233 67243 67253
67183 67193 67203 67213 67223 67233 67243 67253
67183 67193 67203 67213 67223 67233 67243 67253
67183 67193 67203 67213 67223 67233 67243 67253
67183 67193 67203 67213 67223 67233 67243 67253
67183 67193 67203 67213 67223 67233 67243 67253
67183 67193 67203 67213 67223 67233 67243 67253
67183 67193 67203 67213 67223 67233 67243 67253
67183 67193 67203 67213 67223 67233 67243 67253
67183 67193 67203 67213 67223 67233 67243 67253
67183 67193 67203 67213 67223 67233 67243 67253
67183 67193 67203 67213 67223 67233 67243 67253
67183 67193 67203 67213 67223 67233 67243 67253
67183 67193 67203 67213 67223 67233 67243 67253
67183 67193 67203 67213 67223 67233 67243 67253
67183 67193 67203 67213 67223 67233 67243 67253
67183 67193 67203 67213 67223 67233 67243 67253
67183 67193 67203 67213 67223 67233 67243 67253
67183 67193 67203 67213 67223 67233 67243 67253
67183 67193 67203 67213 67223 67233 67243 67253
67183 67193 67203 67213 67223 67233 67243 67253
67183 67193 67203 67213 67223 67233 67243 67253
67183 67193 67203 67213 67223 67233 67243 67253
67183 67193 67203 67213 67223 67233 67243 67253
67183 67193 67203 67213 67223 67233 67243 67253
67183 67193 67203 67213 67223 67233 67243 67253
67183 67193 67203 67213 67223 67233 67243 67253
67183 67193 67203 67213 67223 67233 67243 67253
67183 67193 67203 67213 67223 67233 67243 67253
67183 67193 67203 67213 67223 67233 67243 67253
67183 67193 67203 67213 67223 67233 67243 67253
67183 67193 67263 67213 67263 67233 67243 67253
67183 67193 67263 67213 67263 67233 67243 67253
67183 67193 67363 67213 67223 67233 67243 67253
67183 67193 67363 67213 67223 67233 67243 67253
67183 67193 67273 67213 67273 67233 67243 67253
67183 67193 67363 67213 67223 67233 67243 67253
67183 67193 67203 67213 67223 67233 67243 67253
67183 67193 67273 67213 67273 67233 67243 67253
67183 67193 67283 67213 67283 67233 67243 67253
67183 67373 67373 67213 67223 67373 67243 67253
67183 67373 67373 67213 67223 67373 67243 67253
67183 67373 67373 67213 67223 67373 67243 67253
67183 67383 67383 67213 67223 67383 67243 67253
67183 67383 67383 67213 67223 67383 67243 67253
67183 67293 67293 67213 67223 67293 67243 67253
67183 67293 67293 67213 67223 67293 67243 67253
67183 67373 67373 67213 67223 67373 67243 67253
67183 67373 67373 67213 67223 67373 67243 67253
67183 67383 67383 67213 67223 67383 67243 67253
67183 67293 67293 67213 67223 67293 67243 67253
67183 67293 67293 67213 67223 67293 67243 67253
67183 67303 67303 67213 67223 67303 67243 67253
67183 67303 67303 67213 67223 67303 67243 67253
67183 67303 67303 67213 67223 67303 67243 67253
67183 67303 67303 67213 67223 67303 67243 67253
67183 67303 67303 67213 67223 67303 67243 67253
67183 67303 67303 67213 67223 67303 67243 67253
67183 67193 67323 67213 67223 67383 67243 67253
67183 67193 67323 67213 67223 67383 67243 67253
67183 67193 67323 67213 67223 67383 67243 67253
67183 67193 67323 67213 67223 67383 67243 67253
67183 67193 67323 67213 67223 67383 67243 67253
67183 67193 67323 67213 67223 67383 67243 67253
67183 67193 67333 67213 67223 67233 67243 67253
67183 67193 67333 67213 67223 67233 67243 67253
67183 67343 67203 67213 67223 67233 67243 67253
67183 67343 67203 67213 67223 67233 67243 67253
67183 67343 67203 67213 67223 67233 67243 67253
67183 67343 67203 67213 67223 67233 67243 67253
67183 67343 67203 67213 67223 67233 67243 67253
67183 67193 67353 67213 67353 67233 67243 67253
67183 67193 67353 67213 67353 67233 67243 67253
67183 67193 67353 67213 67353 67233 67243 67253
67183 67193 67203 67213 67223 67233 67243 67253
67183 67193 67203 67213 67223 67233 67243 67253
