38751
38751
38751
38751
38751
38751
38751
38751
38751
38751
38751
38751
38751
38751
38751
38751
38751
38751
38751
38751
38751
38751
38751
38751
38751
38751
38751
38751
38751
38751
30132 30142 30152 30162 30172 30182 30192
30132 30142 30152 30162 30172 30182 30192
30132 30142 30152 30162 30172 30182 30192
30132 30142 30152 30162 30172 30182 30192
30132 30142 30152 30162 30172 30182 30192
30132 30142 30152 30162 30172 30182 30192
30132 30142 30152 30162 30172 30182 30192
30132 30142 30152 30162 30172 30182 30192
30132 30142 30152 30162 30172 30182 30192
30132 30142 30152 30162 30172 30182 30192
30132 30142 30152 30162 30172 30182 30192
30132 30142 30152 30162 30172 30182 30192
30132 30142 30152 30162 30172 30182 30192
30132 30142 30152 30162 30172 30182 30192
30132 30142 30152 30162 30172 30182 30192
30132 30142 30152 30162 30172 30182 30192
30132 30142 30152 30162 30172 30182 30192
30132 30142 30152 30162 30172 30182 30192
30132 30142 30152 30162 30172 30182 30192
30132 30142 30152 30162 30172 30182 30192
30132 30142 30152 30162 30172 30182 30192
30132 30142 30152 30162 30172 30182 30192
30132 30142 30152 30162 30172 30182 30192
30132 30142 30152 30162 30172 30182 30192
30132 30142 30152 30162 30172 30182 30192
30132 30142 30152 30162 30172 30182 30192
30132 30142 30152 30162 30172 30182 30192
30132 30142 30152 30162 30172 30182 30192
30132 30142 30152 30162 30172 30182 30192
30132 30142 30152 30162 30172 30182 30192
30132 30142 30152 30162 30172 30182 30192
30132 30142 30152 30162 30172 30182 30192
30132 30142 30152 30162 30172 30182 30192
30132 30142 30152 30162 30172 30182 30192
30132 30142 30152 30162 30172 30182 30192
30132 30142 30152 30162 30172 30182 30192
30132 30142 30152 30162 30172 30182 30192
30132 30142 30152 30162 30172 30182 30192
30132 30142 30152 30162 30172 30182 30192
30132 30142 30152 30162 30172 30182 30192
30132 30142 30152 30162 30172 30182 30192
30132 30142 30152 30162 30172 30182 30192
30132 30142 30152 30162 30172 30182 30192
30132 30142 30152 30162 30172 30182 30192
30132 30142 30152 30162 30172 30182 30192
30132 30142 30152 30162 30172 30182 30192
30132 30142 30152 30162 30172 30182 30192
30132 30142 30152 30162 30172 30182 30192
30132 30142 30152 30162 30172 30182 30192
30132 30142 30152 30162 30172 30182 30192
30132 30142 30152 30162 30172 30182 30192
30132 30142 30152 30162 30172 30182 30192
30132 30142 30152 30162 30172 30182 30192
30132 30142 30152 30162 30172 30182 30192
30132 30142 30152 30162 30172 30182 30192
30132 30142 30152 30162 30172 30182 30192
30132 30142 30152 30162 30172 30182 30192
30132 30142 30152 30162 30172 30182 30192
30132 30142 30152 30162 30172 30182 30192
30132 30142 30152 30162 30172 30182 30192
30132 30142 30152 30162 30172 30182 30192
30132 30142 30152 30162 30172 30182 30192
30132 30142 30152 30162 30172 30182 30192
30132 30142 30152 30162 30172 30182 30192
30132 30142 30152 30162 30172 30182 30192
30132 30142 30152 30162 30172 30182 30192
30132 30142 30152 30162 30172 30182 30192
30132 30142 30152 30162 30172 30182 30192
30132 30142 30152 30162 30172 30182 30192
30132 30142 30152 30162 30172 30182 30192
30132 30142 30152 30162 30172 30182 30192
30132 30142 30152 30162 30172 30182 30192
30132 30142 30152 30162 30172 30182 30192
30132 30142 30152 30162 30172 30182 30192
30132 30142 30152 30162 30172 30182 30192
30132 30142 30152 30162 30172 30182 30192
30132 30142 30152 30162 30172 30182 30192
30132 30142 30152 30162 30172 30182 30192
30132 30142 30152 30162 30172 30182 30192
30132 30142 30152 30162 30172 30182 30192
30132 30142 30152 30162 30172 30182 30192
30132 30142 30152 30162 30172 30182 30192
30132 30142 30152 30162 30172 30182 30192
30132 30142 30152 30162 30172 30182 30192
30132 30142 30152 30162 30172 30182 30192
30132 30142 30152 30162 30172 30182 30192
30132 30142 30152 30162 30172 30182 30192
30132 30142 30152 30162 30172 30182 30192
30132 30142 30152 30162 30172 30182 30192
30132 30142 30152 30162 30172 30182 30192
30132 30142 30152 30162 30172 30182 30192
30132 30142 30152 30162 30172 30182 30192
30132 30142 30152 30162 30172 30182 30192
30132 30142 30152 30162 30172 30182 30192
30132 30142 30152 30162 30172 30182 30192
30132 30202 30202 30202 30202 30202 30212
30132 30202 30202 30202 30202 30202 30212
30132 30202 30202 30202 30202 30202 30212
30132 30142 30152 30162 30172 30182 30192
30132 30142 30152 30162 30172 30182 30192
30132 30142 30152 30162 30172 30182 30192
30132 30142 30152 30162 30172 30182 30192
30132 30142 30152 30162 30172 30182 30192
30132 30142 30152 30162 30172 30182 30192
30132 30142 30152 30162 30172 30182 30192
31733 31743 31753 31763 31773 31783 31793
31733 31743 31753 31763 31773 31783 31793
31733 31743 31753 31763 31773 31783 31793
31733 31743 31753 31763 31773 31783 31793
31733 31743 31753 31763 31773 31783 31793
31733 31743 31753 31763 31773 31783 31793
31733 31743 31753 31763 31773 31783 31793
31733 31743 31753 31763 31773 31783 31793
31733 31743 31753 31763 31773 31783 31793
31733 31743 31753 31763 31773 31783 31793
31733 31743 31753 31763 31773 31783 31793
31733 31743 31753 31763 31773 31783 31793
31733 31743 31753 31763 31773 31783 31793
31733 31743 31753 31763 31773 31783 31793
31733 31743 31753 31763 31773 31783 31793
31733 31743 31753 31763 31773 31783 31793
31733 31743 31753 31763 31773 31783 31793
31733 31743 31753 31763 31773 31783 31793
31733 31743 31753 31763 31773 31783 31793
31733 31743 31753 31763 31773 31783 31793
31733 31743 31753 31763 31773 31783 31793
31733 31743 31753 31763 31773 31783 31793
31733 31743 31753 31763 31773 31783 31793
31733 31743 31753 31763 31773 31783 31793
31733 31743 31753 31763 31773 31783 31793
31733 31743 31753 31763 31773 31783 31793
31733 31743 31753 31763 31773 31783 31793
31733 31743 31753 31763 31773 31783 31793
31733 31743 31753 31763 31773 31783 31793
31733 31743 31753 31763 31773 31783 31793
31733 31743 31753 31763 31773 31783 31793
31733 31743 31753 31763 31773 31783 31793
31733 31743 31753 31763 31773 31783 31793
31733 31743 31753 31763 31773 31783 31793
31733 31743 31753 31763 31773 31783 31793
31733 31743 31753 31763 31773 31783 31793
31733 31743 31753 31763 31773 31783 31793
31733 31743 31753 31763 31773 31783 31793
31733 31743 31753 31763 31773 31783 31793
31733 31743 31753 31763 31773 31783 31793
31733 31743 31753 31763 31773 31783 31793
31733 31743 31753 31763 31773 31783 31793
31733 31743 31753 31763 31773 31783 31793
31733 31743 31753 31763 31773 31783 31793
31733 31743 31753 31763 31773 31783 31793
31733 31743 31753 31763 31773 31783 31793
31733 31743 31753 31763 31773 31783 31793
31733 31743 31753 31763 31773 31783 31793
31733 31743 31753 31763 31773 31783 31793
31733 31743 31753 31763 31773 31783 31793
31733 31743 31753 31763 31773 31783 31793
31733 31743 31753 31763 31773 31783 31793
31733 31743 31753 31763 31773 31783 31793
31733 31743 31753 31763 31773 31783 31793
31733 31743 31753 31763 31773 31783 31793
31733 31743 31753 31763 31773 31783 31793
31733 31743 31753 31763 31773 31783 31793
31733 31743 31753 31763 31773 31783 31793
31733 31743 31753 31763 31773 31783 31793
31733 31743 31753 31763 31773 31783 31793
31733 31743 31753 31763 31773 31783 31793
31733 31743 31753 31763 31773 31783 31793
31733 31743 31753 31763 31773 31783 31793
31733 31743 31753 31763 31773 31783 31793
31733 31743 31753 31763 31773 31783 31793
31733 31743 31753 31763 31773 31783 31793
31733 31743 31753 31763 31773 31783 31793
31733 31743 31753 31763 31773 31783 31793
31733 31743 31753 31763 31773 31783 31793
31733 31743 31753 31763 31773 31783 31793
31733 31743 31753 31763 31773 31783 31793
31733 31743 31753 31763 31773 31783 31793
31733 31743 31753 31763 31773 31783 31793
31733 31743 31753 31763 31773 31783 31793
31733 31743 31753 31763 31773 31783 31793
31733 31743 31753 31763 31773 31783 31793
31733 31743 31753 31763 31773 31783 31793
31733 31743 31753 31763 31773 31783 31793
31733 31743 31753 31763 31773 31783 31793
31733 31743 31753 31763 31773 31783 31793
31733 31743 31753 31763 31773 31783 31793
31733 31743 31753 31763 31773 31783 31793
31733 31743 31753 31763 31773 31783 31793
31733 31743 31753 31763 31773 31783 31793
31733 31743 31753 31763 31773 31783 31793
31733 31743 31753 31763 31773 31783 31793
31733 31743 31753 31763 31773 31783 31793
31733 31743 31753 31763 31773 31783 31793
31733 31743 31753 31763 31773 31783 31793
