38761
38761
38761
38761
38761
38761
38761
38761
38761
38761
38761
38761
38761
38761
38761
38761
38761
38761
38761
38761
38761
38761
38761
38761
38761
38761
38761
38761
38761
38761
3072 12432 12442 12452 12462 12472 12482
3072 12432 12442 12452 12462 12472 12482
3072 12432 12442 12452 12462 12472 12482
3072 12432 12442 12452 12462 12472 12482
3072 12432 12442 12452 12462 12472 12482
3072 12432 12442 12452 12462 12472 12482
3072 12432 12442 12452 12462 12472 12482
3072 12432 12442 12452 12462 12472 12482
3072 12432 12442 12452 12462 12472 12482
3072 12432 12442 12452 12462 12472 12482
3072 12432 12442 12452 12462 12472 12482
3072 12432 12442 12452 12462 12472 12482
3072 12432 12442 12452 12462 12472 12482
3072 12432 12442 12452 12462 12472 12482
3072 12432 12442 12452 12462 12472 12482
3072 12432 12442 12452 12462 12472 12482
3072 12432 12442 12452 12462 12472 12482
3072 12432 12442 12452 12462 12472 12482
3072 12432 12442 12452 12462 12472 12482
3072 12432 12442 12452 12462 12472 12482
3072 12432 12442 12452 12462 12472 12482
3072 12432 12442 12452 12462 12472 12482
3072 12432 12442 12452 12462 12472 12482
3072 12432 12442 12452 12462 12472 12482
3072 12432 12442 12452 12462 12472 12482
3072 12432 12442 12452 12462 12472 12482
3072 12432 12442 12452 12462 12472 12482
3072 12432 12442 12452 12462 12472 12482
3072 12432 12442 12452 12462 12472 12482
3072 12432 12442 12452 12462 12472 12482
3072 12432 12442 12452 12462 12472 12482
3072 12432 12442 12452 12462 12472 12482
3072 12432 12442 12452 12462 12472 12482
3072 12432 12442 12452 12462 12472 12482
3072 12432 12442 12452 12462 12472 12482
3072 12432 12442 12452 12462 12472 12482
3072 12432 12442 12452 12462 12472 12482
3072 12432 12442 12452 12462 12472 12482
3072 12432 12442 12452 12462 12472 12482
3072 12432 12442 12452 12462 12472 12482
3072 12432 12442 12452 12462 12472 12482
3072 12432 12442 12452 12462 12472 12482
3072 12432 12442 12452 12462 12472 12482
3072 12432 12442 12452 12462 12472 12482
3072 12432 12442 12452 12462 12472 12482
3072 12432 12442 12452 12462 12472 12482
3072 12432 12442 12452 12462 12472 12482
3072 12432 12442 12452 12462 12472 12482
3072 12432 12442 12452 12462 12472 12482
3072 12432 12442 12452 12462 12472 12482
3072 12432 12442 12452 12462 12472 12482
3072 12432 12442 12452 12462 12472 12482
3072 12432 12442 12452 12462 12472 12482
3072 12432 12442 12452 12462 12472 12482
3072 12432 12442 12452 12462 12472 12482
3072 12432 12442 12452 12462 12472 12482
3072 12432 12442 12452 12462 12472 12482
3072 12432 12442 12452 12462 12472 12482
3072 12432 12442 12452 12462 12472 12482
3072 12432 12442 12452 12462 12472 12482
3072 12432 12442 12452 12462 12472 12482
3072 12432 12442 12452 12462 12472 12482
3072 12432 12442 12452 12462 12472 12482
3072 12432 12442 12452 12462 12472 12482
3072 12432 12442 12452 12462 12472 12482
3072 12432 12442 12452 12462 12472 12482
3072 12432 12442 12452 12462 12472 12482
7343 7353 7363 7373 7383 7393 7403 7413
7343 7353 7363 7373 7383 7393 7403 7413
7343 7353 7363 7373 7383 7393 7403 7413
7343 7353 7363 7373 7383 7393 7403 7413
7343 7353 7363 7373 7383 7393 7403 7413
7343 7353 7363 7373 7383 7393 7403 7413
7343 7353 7363 7373 7383 7393 7403 7413
7343 7353 7363 7373 7383 7393 7403 7413
7343 7353 7363 7373 7383 7393 7403 7413
7343 7353 7363 7373 7383 7393 7403 7413
7343 7353 7363 7373 7383 7393 7403 7413
7343 7353 7363 7373 7383 7393 7403 7413
7343 7353 7363 7373 7383 7393 7403 7413
7343 7353 7363 7373 7383 7393 7403 7413
7343 7353 7363 7373 7383 7393 7403 7413
7343 7353 7363 7373 7383 7393 7403 7413
7343 7353 7363 7373 7383 7393 7403 7413
7343 7353 7363 7373 7383 7393 7403 7413
7343 7353 7363 7373 7383 7393 7403 7413
7343 7353 7363 7373 7383 7393 7403 7413
7343 7353 7363 7373 7383 7393 7403 7413
7343 7353 7363 7373 7383 7393 7403 7413
7343 7353 7363 7373 7383 7393 7403 7413
7343 7353 7363 7373 7383 7393 7403 7413
7343 7353 7363 7373 7383 7393 7403 7413
7343 7353 7363 7373 7383 7393 7403 7413
7343 7353 7363 7373 7383 7393 7403 7413
7343 7353 7363 7373 7383 7393 7403 7413
7343 7353 7363 7373 7383 7393 7403 7413
7343 7353 7363 7373 7383 7393 7403 7413
7343 7353 7363 7373 7383 7393 7403 7413
7343 7353 7363 7373 7383 7393 7403 7413
7343 7353 7363 7373 7383 7393 7403 7413
7343 7353 7363 7373 7383 7393 7403 7413
7343 7353 7363 7373 7383 7393 7403 7413
7343 7353 7363 7373 7383 7393 7403 7413
7343 7353 7363 7373 7383 7393 7403 7413
7343 7353 7363 7373 7383 7393 7403 7413
7343 7353 7363 7373 7383 7393 7403 7413
7343 7353 7363 7373 7383 7393 7403 7413
7343 7353 7363 7373 7383 7393 7403 7413
7343 7353 7363 7373 7383 7393 7403 7413
7343 7353 7363 7373 7383 7393 7403 7413
7343 7353 7363 7373 7383 7393 7403 7413
7343 7353 7363 7373 7383 7393 7403 7413
7343 7353 7363 7373 7383 7393 7403 7413
7343 7353 7363 7373 7383 7393 7403 7413
7343 7353 7363 7373 7383 7393 7403 7413
7343 7353 7363 7373 7383 7393 7403 7413
7343 7353 7363 7373 7383 7393 7403 7413
7343 7353 7363 7373 7383 7393 7403 7413
7343 7353 7363 7373 7383 7393 7403 7413
7343 7353 7363 7373 7383 7393 7403 7413
7343 7353 7363 7373 7383 7393 7403 7413
7343 7353 7363 7373 7383 7393 7403 7413
7343 7353 7363 7373 7383 7393 7403 7413
7343 7353 7363 7373 7383 7393 7403 7413
7343 7353 7363 7373 7383 7393 7403 7413
7343 7353 7363 7373 7383 7393 7403 7413
7343 7353 7363 7373 7383 7393 7403 7413
7423 7353 7363 7423 7383 7393 7403 7413
7343 7353 7363 7373 7383 7393 7403 7413
7343 7353 7363 7373 7383 7393 7403 7413
7423 7353 7363 7423 7383 7393 7403 7413
7423 7353 7363 7423 7383 7393 7403 7413
7423 7353 7363 7423 7383 7393 7403 7413
7423 7353 7363 7423 7383 7393 7403 7413
7343 7353 7363 7373 7383 7393 7403 7413
7343 7353 7363 7373 7383 7393 7403 7413
7423 7353 7363 7423 7383 7393 7403 7413
7423 7353 7363 7423 7383 7393 7403 7413
7343 7353 7363 7373 7383 7393 7403 7413
7343 7353 7363 7373 7383 7393 7403 7413
7423 7353 7363 7423 7383 7393 7403 7413
7423 7353 7363 7423 7383 7393 7403 7413
7423 7353 7363 7423 7383 7393 7403 7413
7343 7353 7363 7373 7383 7393 7403 7413
7343 7353 7363 7373 7383 7393 7403 7413
7423 7353 7363 7423 7383 7393 7403 7413
7423 7353 7363 7423 7383 7393 7403 7413
7343 7353 7363 7373 7383 7393 7403 7413
7343 7353 7363 7373 7383 7393 7403 7413
7343 7353 7363 7373 7383 7393 7403 7413
7343 7353 7363 7373 7383 7393 7403 7413
