84601
84601
84601
84601
84601
84601
84601
84601
84601
84601
84601
84601
84601
84601
84601
84601
84601
84601
84601
84601
84601
84601
84601
84601
84601
84601
84601
84601
84601
84601
9682 9732 9742 9752 9762 9772 9782
9682 9732 9742 9752 9762 9772 9782
9682 9732 9742 9752 9762 9772 9782
9682 9732 9742 9752 9762 9772 9782
9682 9732 9742 9752 9762 9772 9782
9682 9732 9742 9752 9762 9772 9782
9682 9732 9742 9752 9762 9772 9782
9682 9732 9742 9752 9762 9772 9782
9682 9732 9742 9752 9762 9772 9782
9682 9732 9742 9752 9762 9772 9782
9682 9732 9742 9752 9762 9772 9782
9682 9732 9742 9752 9762 9772 9782
9682 9732 9742 9752 9762 9772 9782
9682 9732 9742 9752 9762 9772 9782
9682 9732 9742 9752 9762 9772 9782
9682 9732 9742 9752 9762 9772 9782
9682 9732 9742 9752 33242 9772 9782
9682 9732 9742 9752 33242 9772 9782
9682 9732 9742 9752 9762 9772 9782
9682 9732 9742 9752 9762 9772 9782
9682 9732 9742 9752 9762 9772 9782
9682 9732 9742 9752 9762 9772 9782
9682 9732 9742 9752 9762 9772 9782
9682 9732 9742 9752 9762 9772 9782
9682 9732 9742 9752 9762 9772 9782
9682 9732 9742 9752 9762 9772 9782
9682 9732 9742 9752 9762 9772 9782
9682 9732 9742 9752 9762 9772 9782
9682 9732 9742 9752 9762 9772 9782
9682 9732 9742 9752 9762 9772 9782
9682 9732 9742 9752 9762 9772 9782
9682 9732 9742 9752 9762 9772 9782
9682 9732 9742 9752 9762 9772 9782
9682 9732 9742 9752 9762 9772 9782
9682 9732 9742 9752 9762 9772 9782
9682 9732 9742 9752 9762 9772 9782
9682 9732 9742 9752 9762 9772 9782
9682 9732 9742 9752 9762 9772 9782
9682 9732 9742 9752 9762 9772 9782
9682 9732 9742 9752 9762 9772 9782
9682 9732 9742 9752 9762 9772 9782
9682 9732 9742 9752 9762 9772 9782
9682 9732 9742 9752 9762 9772 9782
9682 9732 9742 9752 9762 9772 9782
9682 9732 9742 9752 9762 9772 9782
9692 9692 9692 9692 9692 9692 9692
9702 9702 9702 9702 9702 9702 9702
9682 9732 9742 9752 9762 9772 9782
9712 9712 9712 9712 33242 9712 9712
9712 9712 9712 9712 9712 9712 9712
9682 9732 9742 9752 9762 9772 9782
9682 9732 9742 9752 9762 9772 9782
9682 9732 9742 9752 9762 9772 9782
9682 9732 9742 9752 9762 9772 9782
9682 9732 9742 9752 9762 9772 9782
9722 9722 9722 9722 9722 9722 9722
9722 9722 9722 9722 9722 9722 9722
9722 9722 9722 9722 9722 9722 9722
9682 9732 9742 9752 9762 9772 9782
9682 9732 9742 9752 9762 9772 9782
9682 9732 9742 9752 9762 9772 9782
9682 9732 9742 9752 9762 9772 9782
9682 9732 9742 9752 9762 9772 9782
9682 9732 9742 9752 9762 9772 9782
9682 9732 9742 9752 9762 9772 9782
9682 9732 9742 9752 9762 9772 9782
9682 9732 9742 9752 9762 9772 9782
19423 19433 19443 19453 19463 19473 19483 19493
19423 19433 19443 19453 19463 19473 19483 19493
19423 19433 19443 19453 19463 19473 19483 19493
19423 19433 19443 19453 19463 19473 19483 19493
19423 19433 19443 19453 19463 19473 19483 19493
19423 19433 19443 19453 19463 19473 19483 19493
19423 19433 19443 19453 19463 19473 19483 19493
19423 19433 19443 19453 19463 19473 19483 19493
19423 19433 19443 19453 19463 19473 19483 19493
19423 19433 19443 19453 19463 19473 19483 19493
19423 19433 19443 19453 19463 19473 19483 19493
19423 19433 19443 19453 19463 19473 19483 19493
19423 19433 19443 19453 19463 19473 19483 19493
19423 19433 19443 19453 19463 19473 19483 19493
19423 19433 19443 19453 19463 19473 19483 19493
19423 19433 19443 34193 34193 34193 19483 19493
19423 19433 19443 34193 34193 34193 19483 19493
19423 19433 19443 34193 34193 34193 19483 19493
19423 19433 19443 19453 19463 19473 19483 19493
19423 19433 19443 19453 19463 19473 19483 19493
19423 19433 19443 19453 19463 19473 19483 19493
19423 19433 19443 19453 19463 19473 19483 19493
19423 19433 19443 19453 19463 19473 19483 19493
19423 19433 19443 19453 19463 19473 19483 19493
19423 19433 19443 19453 19463 19473 19483 19493
19423 19433 19443 19453 19463 19473 19483 19493
19423 19433 19443 19453 19463 19473 19483 19493
19423 19433 19443 19453 19463 19473 19483 19493
19423 19433 19443 19453 19463 19473 19483 19493
19423 19433 19443 19453 19463 19473 19483 19493
19423 19433 19443 19453 19463 19473 19483 19493
19423 19433 19443 19453 19463 19473 19483 19493
19423 19433 19443 19453 19463 19473 19483 19493
19423 19433 19443 19453 19463 19473 19483 19493
19423 19433 19443 19453 19463 19473 19483 19493
19423 19433 19443 19453 19463 19473 19483 19493
19423 19433 19443 19453 19463 19473 19483 19493
19423 19433 19443 19453 19463 19473 19483 19493
19423 19433 19443 19453 19463 19473 19483 19493
19423 19433 19443 19453 19463 19473 19483 19493
19423 19433 19443 19453 19463 19473 19483 19493
19423 19433 19443 19453 19463 19473 19483 19493
19423 19433 19443 19453 19463 19473 19483 19493
19423 19433 19443 19453 19463 19473 19483 19493
19423 19433 19443 19453 19463 19473 19483 19493
19423 19433 19443 19453 19463 19473 19483 19493
19423 19433 19443 19453 19463 19473 19483 19493
19503 19433 19443 19503 19463 19473 19483 19503
19523 19433 19443 19523 19463 19473 19483 19523
19423 19433 19443 19453 19463 19473 19483 19493
19513 19513 19513 19513 19513 19513 19513 19513
19513 19513 19513 19513 19513 19513 19513 19513
19533 19533 19533 19533 19533 19473 19483 19493
19423 19433 19443 19453 19463 19473 19483 19493
19543 19543 19443 19543 19543 19473 19483 19493
19423 19433 19443 19453 19463 19473 19483 19493
19553 19433 19443 19553 19553 19553 19553 19553
19563 19433 19443 19563 19463 19473 19483 19563
19573 19433 19443 19453 19463 19473 19483 19573
19583 19433 19443 19583 19463 19473 19483 19493
19423 19433 19443 19453 19463 19473 19483 19493
19423 19433 19443 19453 19463 19473 19483 19493
19593 19433 19443 19593 19463 19473 19483 19493
19423 19433 19443 19453 19463 19473 19483 19493
19593 19593 19593 19593 19593 19593 19593 19593
19593 19593 19593 19593 19593 19593 19593 19593
19593 19593 19593 19593 19593 19593 19593 19593
19423 19433 19443 19453 19463 19473 19483 19493
19603 19433 19443 19603 19463 19473 19483 19493
19423 19433 19443 19453 19463 19473 19483 19493
19603 19433 19443 19453 19463 19473 19483 19603
19423 19433 19443 19453 19463 19473 19483 19493
19613 19433 19443 19613 19463 19473 19483 19493
19423 19433 19443 19453 19463 19473 19483 19493
19423 19433 19443 19453 19463 19473 19483 19493
19423 19433 19443 19453 19463 19473 19483 19493
19423 19433 19443 19453 19463 19473 19483 19493
19623 19433 19443 19623 19463 19473 19483 19493
19423 19433 19443 19453 19463 19473 19483 19493
19623 19433 19443 19623 19623 19623 19623 19623
19423 19433 19443 19453 19463 19473 19483 19493
19633 19633 19443 19633 19633 19473 19483 19493
19423 19433 19443 19453 19463 19473 19483 19493
19423 19433 19443 19453 19463 19473 19483 19493
