84621
84621
84621
84621
84621
84621
84621
84621
84621
84621
84621
84621
84621
84621
84621
84621
84621
84621
84621
84621
84621
84621
84621
84621
84621
84621
84621
84621
84621
84621
18762 18772 18782 18792 18802 18812 18822 18832
18762 18772 18782 18792 18802 18812 18822 18832
18762 18772 18782 18792 18802 18812 18822 18832
18762 18772 18782 18792 18802 18812 18822 18832
18762 18772 18782 18792 18802 18812 18822 18832
18762 18772 18782 18792 18802 18812 18822 18832
18762 18772 18782 18792 18802 18812 18822 18832
18762 18772 18782 18792 18802 18812 18822 18832
18762 18772 18782 18792 18802 18812 18822 18832
18762 18772 18782 18792 18802 18812 18822 18832
18762 18772 18782 18792 18802 18812 18822 18832
18762 18772 18782 18792 18802 18812 18822 18832
18762 18772 18782 18792 18802 18812 18822 18832
18762 18772 18782 18792 18802 18812 18822 18832
18762 18772 18782 18792 18802 18812 18822 18832
18762 18772 18782 33462 33462 33462 18822 18832
18762 18772 18782 33462 33462 33462 18822 18832
18762 18772 18782 33462 33462 33462 18822 18832
18762 18772 18782 18792 18802 18812 18822 18832
18762 18772 18782 18792 18802 18812 18822 18832
18762 18772 18782 18792 18802 18812 18822 18832
18762 18772 18782 18792 18802 18812 18822 18832
18762 18772 18782 18792 18802 18812 18822 18832
18762 18772 18782 18792 18802 18812 18822 18832
18762 18772 18782 18792 18802 18812 18822 18832
18762 18772 18782 18792 18802 18812 18822 18832
18762 18772 18782 18792 18802 18812 18822 18832
18762 18772 18782 18792 18802 18812 18822 18832
18762 18772 18782 18792 18802 18812 18822 18832
18762 18772 18782 18792 18802 18812 18822 18832
18762 18772 18782 18792 18802 18812 18822 18832
18762 18772 18782 18792 18802 18812 18822 18832
18762 18772 18782 18792 18802 18812 18822 18832
18762 18772 18782 18792 18802 18812 18822 18832
18762 18772 18782 18792 18802 18812 18822 18832
18762 18772 18782 18792 18802 18812 18822 18832
18762 18772 18782 18792 18802 18812 18822 18832
18762 18772 18782 18792 18802 18812 18822 18832
18762 18772 18782 18792 18802 18812 18822 18832
18762 18772 18782 18792 18802 18812 18822 18832
18762 18772 18782 18792 18802 18812 18822 18832
18762 18772 18782 18792 18802 18812 18822 18832
18762 18772 18782 18792 18802 18812 18822 18832
18762 18772 18782 18792 18802 18812 18822 18832
18762 18772 18782 18792 18802 18812 18822 18832
18762 18772 18782 18792 18802 18812 18822 18832
18762 18772 18782 18792 18802 18812 18822 18832
18842 18772 18782 18842 18802 18812 18822 18842
18862 18772 18782 18862 18802 18812 18822 18862
18762 18772 18782 18792 18802 18812 18822 18832
18852 18852 18852 18852 18852 18852 18852 18852
18852 18852 18852 18852 18852 18852 18852 18852
18872 18872 18872 18872 18872 18812 18822 18832
18762 18772 18782 18792 18802 18812 18822 18832
18882 18882 18782 18882 18882 18812 18822 18832
18762 18772 18782 18792 18802 18812 18822 18832
18892 18772 18782 18892 18892 18892 18892 18892
18902 18772 18782 18902 18802 18812 18822 18902
18912 18772 18782 18792 18802 18812 18822 18912
18922 18772 18782 18922 18802 18812 18822 18832
18762 18772 18782 18792 18802 18812 18822 18832
18762 18772 18782 18792 18802 18812 18822 18832
18932 18772 18782 18932 18802 18812 18822 18832
18762 18772 18782 18792 18802 18812 18822 18832
18932 18932 18932 18932 18932 18932 18932 18932
18932 18932 18932 18932 18932 18932 18932 18932
18932 18932 18932 18932 18932 18932 18932 18932
18762 18772 18782 18792 18802 18812 18822 18832
18942 18772 18782 18942 18802 18812 18822 18832
18762 18772 18782 18792 18802 18812 18822 18832
18942 18772 18782 18792 18802 18812 18822 18942
18762 18772 18782 18792 18802 18812 18822 18832
18952 18772 18782 18952 18802 18812 18822 18832
18762 18772 18782 18792 18802 18812 18822 18832
18762 18772 18782 18792 18802 18812 18822 18832
18762 18772 18782 18792 18802 18812 18822 18832
18762 18772 18782 18792 18802 18812 18822 18832
18962 18772 18782 18962 18802 18812 18822 18832
18762 18772 18782 18792 18802 18812 18822 18832
18962 18772 18782 18962 18962 18962 18962 18962
18762 18772 18782 18792 18802 18812 18822 18832
18972 18972 18782 18972 18972 18812 18822 18832
18762 18772 18782 18792 18802 18812 18822 18832
18762 18772 18782 18792 18802 18812 18822 18832
19863 19873 19883 19893 19903 19913 19923 19933
19863 19873 19883 19893 19903 19913 19923 19933
19863 19873 19883 19893 19903 19913 19923 19933
19863 19873 19883 19893 19903 19913 19923 19933
19863 19873 19883 19893 19903 19913 19923 19933
19863 19873 19883 19893 19903 19913 19923 19933
19863 19873 19883 19893 19903 19913 19923 19933
19863 19873 19883 19893 19903 19913 19923 19933
19863 19873 19883 19893 19903 19913 19923 19933
19863 19873 19883 19893 19903 19913 19923 19933
19863 19873 19883 19893 19903 19913 19923 19933
19863 19873 19883 19893 19903 19913 19923 19933
19863 19873 19883 19893 19903 19913 19923 19933
19863 19873 19883 19893 19903 19913 19923 19933
19863 19873 19883 19893 19903 19913 19923 19933
19863 19873 19883 34213 34213 34213 19923 19933
19863 19873 19883 34213 34213 34213 19923 19933
19863 19873 19883 34213 34213 34213 19923 19933
19863 19873 19883 19893 19903 19913 19923 19933
19863 19873 19883 19893 19903 19913 19923 19933
19863 19873 19883 19893 19903 19913 19923 19933
19863 19873 19883 19893 19903 19913 19923 19933
19863 19873 19883 19893 19903 19913 19923 19933
19863 19873 19883 19893 19903 19913 19923 19933
19863 19873 19883 19893 19903 19913 19923 19933
19863 19873 19883 19893 19903 19913 19923 19933
19863 19873 19883 19893 19903 19913 19923 19933
19863 19873 19883 19893 19903 19913 19923 19933
19863 19873 19883 19893 19903 19913 19923 19933
19863 19873 19883 19893 19903 19913 19923 19933
19863 19873 19883 19893 19903 19913 19923 19933
19863 19873 19883 19893 19903 19913 19923 19933
19863 19873 19883 19893 19903 19913 19923 19933
19863 19873 19883 19893 19903 19913 19923 19933
19863 19873 19883 19893 19903 19913 19923 19933
19863 19873 19883 19893 19903 19913 19923 19933
19863 19873 19883 19893 19903 19913 19923 19933
19863 19873 19883 19893 19903 19913 19923 19933
19863 19873 19883 19893 19903 19913 19923 19933
19863 19873 19883 19893 19903 19913 19923 19933
19863 19873 19883 19893 19903 19913 19923 19933
19863 19873 19883 19893 19903 19913 19923 19933
19863 19873 19883 19893 19903 19913 19923 19933
19863 19873 19883 19893 19903 19913 19923 19933
19863 19873 19883 19893 19903 19913 19923 19933
19863 19873 19883 19893 19903 19913 19923 19933
19863 19873 19883 19893 19903 19913 19923 19933
19943 19873 19883 19943 19903 19913 19923 19943
19963 19873 19883 19963 19903 19913 19923 19963
19863 19873 19883 19893 19903 19913 19923 19933
19953 19953 19953 19953 19953 19953 19953 19953
19953 19953 19953 19953 19953 19953 19953 19953
19973 19973 19973 19973 19973 19913 19923 19933
19863 19873 19883 19893 19903 19913 19923 19933
19983 19983 19883 19983 19983 19913 19923 19933
19863 19873 19883 19893 19903 19913 19923 19933
19993 19873 19883 19993 19993 19993 19993 19993
20003 19873 19883 20003 19903 19913 19923 20003
20013 19873 19883 19893 19903 19913 19923 20013
20023 19873 19883 20023 19903 19913 19923 19933
19863 19873 19883 19893 19903 19913 19923 19933
19863 19873 19883 19893 19903 19913 19923 19933
20033 19873 19883 20033 19903 19913 19923 19933
19863 19873 19883 19893 19903 19913 19923 19933
20033 20033 20033 20033 20033 20033 20033 20033
20033 20033 20033 20033 20033 20033 20033 20033
20033 20033 20033 20033 20033 20033 20033 20033
19863 19873 19883 19893 19903 19913 19923 19933
20043 19873 19883 20043 19903 19913 19923 19933
19863 19873 19883 19893 19903 19913 19923 19933
20043 19873 19883 19893 19903 19913 19923 20043
19863 19873 19883 19893 19903 19913 19923 19933
20053 19873 19883 20053 19903 19913 19923 19933
19863 19873 19883 19893 19903 19913 19923 19933
19863 19873 19883 19893 19903 19913 19923 19933
19863 19873 19883 19893 19903 19913 19923 19933
19863 19873 19883 19893 19903 19913 19923 19933
20063 19873 19883 20063 19903 19913 19923 19933
19863 19873 19883 19893 19903 19913 19923 19933
20063 19873 19883 20063 20063 20063 20063 20063
19863 19873 19883 19893 19903 19913 19923 19933
20073 20073 19883 20073 20073 19913 19923 19933
19863 19873 19883 19893 19903 19913 19923 19933
19863 19873 19883 19893 19903 19913 19923 19933
20964 20974 20984 20994 21004 21014 21024 21034
20964 20974 20984 20994 21004 21014 21024 21034
20964 20974 20984 20994 21004 21014 21024 21034
20964 20974 20984 20994 21004 21014 21024 21034
20964 20974 20984 20994 21004 21014 21024 21034
20964 20974 20984 20994 21004 21014 21024 21034
20964 20974 20984 20994 21004 21014 21024 21034
20964 20974 20984 20994 21004 21014 21024 21034
20964 20974 20984 20994 21004 21014 21024 21034
20964 20974 20984 20994 21004 21014 21024 21034
20964 20974 20984 20994 21004 21014 21024 21034
20964 20974 20984 20994 21004 21014 21024 21034
20964 20974 20984 20994 21004 21014 21024 21034
20964 20974 20984 20994 21004 21014 21024 21034
20964 20974 20984 20994 21004 21014 21024 21034
20964 20974 20984 34264 34264 34264 21024 21034
20964 20974 20984 34264 34264 34264 21024 21034
20964 20974 20984 34264 34264 34264 21024 21034
20964 20974 20984 20994 21004 21014 21024 21034
20964 20974 20984 20994 21004 21014 21024 21034
20964 20974 20984 20994 21004 21014 21024 21034
20964 20974 20984 20994 21004 21014 21024 21034
20964 20974 20984 20994 21004 21014 21024 21034
20964 20974 20984 20994 21004 21014 21024 21034
20964 20974 20984 20994 21004 21014 21024 21034
20964 20974 20984 20994 21004 21014 21024 21034
20964 20974 20984 20994 21004 21014 21024 21034
20964 20974 20984 20994 21004 21014 21024 21034
20964 20974 20984 20994 21004 21014 21024 21034
20964 20974 20984 20994 21004 21014 21024 21034
20964 20974 20984 20994 21004 21014 21024 21034
20964 20974 20984 20994 21004 21014 21024 21034
20964 20974 20984 20994 21004 21014 21024 21034
20964 20974 20984 20994 21004 21014 21024 21034
20964 20974 20984 20994 21004 21014 21024 21034
20964 20974 20984 20994 21004 21014 21024 21034
20964 20974 20984 20994 21004 21014 21024 21034
20964 20974 20984 20994 21004 21014 21024 21034
20964 20974 20984 20994 21004 21014 21024 21034
20964 20974 20984 20994 21004 21014 21024 21034
20964 20974 20984 20994 21004 21014 21024 21034
20964 20974 20984 20994 21004 21014 21024 21034
20964 20974 20984 20994 21004 21014 21024 21034
20964 20974 20984 20994 21004 21014 21024 21034
20964 20974 20984 20994 21004 21014 21024 21034
20964 20974 20984 20994 21004 21014 21024 21034
20964 20974 20984 20994 21004 21014 21024 21034
21044 20974 20984 21044 21004 21014 21024 21044
21064 20974 20984 21064 21004 21014 21024 21064
20964 20974 20984 20994 21004 21014 21024 21034
21054 21054 21054 21054 21054 21054 21054 21054
21054 21054 21054 21054 21054 21054 21054 21054
21074 21074 21074 21074 21074 21014 21024 21034
20964 20974 20984 20994 21004 21014 21024 21034
21084 21084 20984 21084 21084 21014 21024 21034
20964 20974 20984 20994 21004 21014 21024 21034
21094 20974 20984 21094 21094 21094 21094 21094
21104 20974 20984 21104 21004 21014 21024 21104
21114 20974 20984 20994 21004 21014 21024 21114
21124 20974 20984 21124 21004 21014 21024 21034
20964 20974 20984 20994 21004 21014 21024 21034
20964 20974 20984 20994 21004 21014 21024 21034
21134 20974 20984 21134 21004 21014 21024 21034
20964 20974 20984 20994 21004 21014 21024 21034
21134 21134 21134 21134 21134 21134 21134 21134
21134 21134 21134 21134 21134 21134 21134 21134
21134 21134 21134 21134 21134 21134 21134 21134
20964 20974 20984 20994 21004 21014 21024 21034
21144 20974 20984 21144 21004 21014 21024 21034
20964 20974 20984 20994 21004 21014 21024 21034
21144 20974 20984 20994 21004 21014 21024 21144
20964 20974 20984 20994 21004 21014 21024 21034
21154 20974 20984 21154 21004 21014 21024 21034
20964 20974 20984 20994 21004 21014 21024 21034
20964 20974 20984 20994 21004 21014 21024 21034
20964 20974 20984 20994 21004 21014 21024 21034
20964 20974 20984 20994 21004 21014 21024 21034
21164 20974 20984 21164 21004 21014 21024 21034
20964 20974 20984 20994 21004 21014 21024 21034
21164 20974 20984 21164 21164 21164 21164 21164
20964 20974 20984 20994 21004 21014 21024 21034
21174 21174 20984 21174 21174 21014 21024 21034
20964 20974 20984 20994 21004 21014 21024 21034
20964 20974 20984 20994 21004 21014 21024 21034
