38781
38781
38781
38781
38781
38781
38781
38781
38781
38781
38781
38781
38781
38781
38781
38781
38781
38781
38781
38781
38781
38781
38781
38781
38781
38781
38781
38781
38781
38781
7072 7082 7092 7102 7112 7122 7132 7142
7072 7082 7092 7102 7112 7122 7132 7142
7072 7082 7092 7102 7112 7122 7132 7142
7072 7082 7092 7102 7112 7122 7132 7142
7072 7082 7092 7102 7112 7122 7132 7142
7072 7082 7092 7102 7112 7122 7132 7142
7072 7082 7092 7102 7112 7122 7132 7142
7072 7082 7092 7102 7112 7122 7132 7142
7072 7082 7092 7102 7112 7122 7132 7142
7072 7082 7092 7102 7112 7122 7132 7142
7072 7082 7092 7102 7112 7122 7132 7142
7072 7082 7092 7102 7112 7122 7132 7142
7072 7082 7092 7102 7112 7122 7132 7142
7072 7082 7092 7102 7112 7122 7132 7142
7072 7082 7092 7102 7112 7122 7132 7142
7072 7082 7092 7102 7112 7122 7132 7142
7072 7082 7092 7102 7112 7122 7132 7142
7072 7082 7092 7102 7112 7122 7132 7142
7072 7082 7092 7102 7112 7122 7132 7142
7072 7082 7092 7102 7112 7122 7132 7142
7072 7082 7092 7102 7112 7122 7132 7142
7072 7082 7092 7102 7112 7122 7132 7142
7072 7082 7092 7102 7112 7122 7132 7142
7072 7082 7092 7102 7112 7122 7132 7142
7072 7082 7092 7102 7112 7122 7132 7142
7072 7082 7092 7102 7112 7122 7132 7142
7072 7082 7092 7102 7112 7122 7132 7142
7072 7082 7092 7102 7112 7122 7132 7142
7072 7082 7092 7102 7112 7122 7132 7142
7072 7082 7092 7102 7112 7122 7132 7142
7072 7082 7092 7102 7112 7122 7132 7142
7072 7082 7092 7102 7112 7122 7132 7142
7072 7082 7092 7102 7112 7122 7132 7142
7072 7082 7092 7102 7112 7122 7132 7142
7072 7082 7092 7102 7112 7122 7132 7142
7072 7082 7092 7102 7112 7122 7132 7142
7072 7082 7092 7102 7112 7122 7132 7142
7072 7082 7092 7102 7112 7122 7132 7142
7072 7082 7092 7102 7112 7122 7132 7142
7072 7082 7092 7102 7112 7122 7132 7142
7072 7082 7092 7102 7112 7122 7132 7142
7072 7082 7092 7102 7112 7122 7132 7142
7072 7082 7092 7102 7112 7122 7132 7142
7072 7082 7092 7102 7112 7122 7132 7142
7072 7082 7092 7102 7112 7122 7132 7142
7072 7082 7092 7102 7112 7122 7132 7142
7072 7082 7092 7102 7112 7122 7132 7142
7072 7082 7092 7102 7112 7122 7132 7142
7072 7082 7092 7102 7112 7122 7132 7142
7072 7082 7092 7102 7112 7122 7132 7142
7072 7082 7092 7102 7112 7122 7132 7142
7072 7082 7092 7102 7112 7122 7132 7142
7072 7082 7092 7102 7112 7122 7132 7142
7072 7082 7092 7102 7112 7122 7132 7142
7072 7082 7092 7102 7112 7122 7132 7142
7072 7082 7092 7102 7112 7122 7132 7142
7072 7082 7092 7102 7112 7122 7132 7142
7072 7082 7092 7102 7112 7122 7132 7142
7072 7082 7092 7102 7112 7122 7132 7142
7072 7082 7092 7102 7112 7122 7132 7142
7152 7082 7092 7152 7112 7122 7132 7142
7072 7082 7092 7102 7112 7122 7132 7142
7072 7082 7092 7102 7112 7122 7132 7142
7152 7082 7092 7152 7112 7122 7132 7142
7152 7082 7092 7152 7112 7122 7132 7142
7152 7082 7092 7152 7112 7122 7132 7142
7152 7082 7092 7152 7112 7122 7132 7142
7072 7082 7092 7102 7112 7122 7132 7142
7072 7082 7092 7102 7112 7122 7132 7142
7152 7082 7092 7152 7112 7122 7132 7142
7152 7082 7092 7152 7112 7122 7132 7142
7072 7082 7092 7102 7112 7122 7132 7142
7072 7082 7092 7102 7112 7122 7132 7142
7152 7082 7092 7152 7112 7122 7132 7142
7152 7082 7092 7152 7112 7122 7132 7142
7152 7082 7092 7152 7112 7122 7132 7142
7072 7082 7092 7102 7112 7122 7132 7142
7072 7082 7092 7102 7112 7122 7132 7142
7152 7082 7092 7152 7112 7122 7132 7142
7152 7082 7092 7152 7112 7122 7132 7142
7072 7082 7092 7102 7112 7122 7132 7142
7072 7082 7092 7102 7112 7122 7132 7142
7072 7082 7092 7102 7112 7122 7132 7142
7072 7082 7092 7102 7112 7122 7132 7142
7523 7533 7543 7553 7563 7573 7583 7593
7523 7533 7543 7553 7563 7573 7583 7593
7523 7533 7543 7553 7563 7573 7583 7593
7523 7533 7543 7553 7563 7573 7583 7593
7523 7533 7543 7553 7563 7573 7583 7593
7523 7533 7543 7553 7563 7573 7583 7593
7523 7533 7543 7553 7563 7573 7583 7593
7523 7533 7543 7553 7563 7573 7583 7593
7523 7533 7543 7553 7563 7573 7583 7593
7523 7533 7543 7553 7563 7573 7583 7593
7523 7533 7543 7553 7563 7573 7583 7593
7523 7533 7543 7553 7563 7573 7583 7593
7523 7533 7543 7553 7563 7573 7583 7593
7523 7533 7543 7553 7563 7573 7583 7593
7523 7533 7543 7553 7563 7573 7583 7593
7523 7533 7543 7553 7563 7573 7583 7593
7523 7533 7543 7553 7563 7573 7583 7593
7523 7533 7543 7553 7563 7573 7583 7593
7523 7533 7543 7553 7563 7573 7583 7593
7523 7533 7543 7553 7563 7573 7583 7593
7523 7533 7543 7553 7563 7573 7583 7593
7523 7533 7543 7553 7563 7573 7583 7593
7523 7533 7543 7553 7563 7573 7583 7593
7523 7533 7543 7553 7563 7573 7583 7593
7523 7533 7543 7553 7563 7573 7583 7593
7523 7533 7543 7553 7563 7573 7583 7593
7523 7533 7543 7553 7563 7573 7583 7593
7523 7533 7543 7553 7563 7573 7583 7593
7523 7533 7543 7553 7563 7573 7583 7593
7523 7533 7543 7553 7563 7573 7583 7593
7523 7533 7543 7553 7563 7573 7583 7593
7523 7533 7543 7553 7563 7573 7583 7593
7523 7533 7543 7553 7563 7573 7583 7593
7523 7533 7543 7553 7563 7573 7583 7593
7523 7533 7543 7553 7563 7573 7583 7593
7523 7533 7543 7553 7563 7573 7583 7593
7523 7533 7543 7553 7563 7573 7583 7593
7523 7533 7543 7553 7563 7573 7583 7593
7523 7533 7543 7553 7563 7573 7583 7593
7523 7533 7543 7553 7563 7573 7583 7593
7523 7533 7543 7553 7563 7573 7583 7593
7523 7533 7543 7553 7563 7573 7583 7593
7523 7533 7543 7553 7563 7573 7583 7593
7523 7533 7543 7553 7563 7573 7583 7593
7523 7533 7543 7553 7563 7573 7583 7593
7523 7533 7543 7553 7563 7573 7583 7593
7523 7533 7543 7553 7563 7573 7583 7593
7523 7533 7543 7553 7563 7573 7583 7593
7523 7533 7543 7553 7563 7573 7583 7593
7523 7533 7543 7553 7563 7573 7583 7593
7523 7533 7543 7553 7563 7573 7583 7593
7523 7533 7543 7553 7563 7573 7583 7593
7523 7533 7543 7553 7563 7573 7583 7593
7523 7533 7543 7553 7563 7573 7583 7593
7523 7533 7543 7553 7563 7573 7583 7593
7523 7533 7543 7553 7563 7573 7583 7593
7523 7533 7543 7553 7563 7573 7583 7593
7523 7533 7543 7553 7563 7573 7583 7593
7523 7533 7543 7553 7563 7573 7583 7593
7523 7533 7543 7553 7563 7573 7583 7593
7603 7533 7543 7603 7563 7573 7583 7593
7523 7533 7543 7553 7563 7573 7583 7593
7523 7533 7543 7553 7563 7573 7583 7593
7603 7533 7543 7603 7563 7573 7583 7593
7603 7533 7543 7603 7563 7573 7583 7593
7603 7533 7543 7603 7563 7573 7583 7593
7603 7533 7543 7603 7563 7573 7583 7593
7523 7533 7543 7553 7563 7573 7583 7593
7523 7533 7543 7553 7563 7573 7583 7593
7603 7533 7543 7603 7563 7573 7583 7593
7603 7533 7543 7603 7563 7573 7583 7593
7523 7533 7543 7553 7563 7573 7583 7593
7523 7533 7543 7553 7563 7573 7583 7593
7603 7533 7543 7603 7563 7573 7583 7593
7603 7533 7543 7603 7563 7573 7583 7593
7603 7533 7543 7603 7563 7573 7583 7593
7523 7533 7543 7553 7563 7573 7583 7593
7523 7533 7543 7553 7563 7573 7583 7593
7603 7533 7543 7603 7563 7573 7583 7593
7603 7533 7543 7603 7563 7573 7583 7593
7523 7533 7543 7553 7563 7573 7583 7593
7523 7533 7543 7553 7563 7573 7583 7593
7523 7533 7543 7553 7563 7573 7583 7593
7523 7533 7543 7553 7563 7573 7583 7593
7974 7984 7994 8004 8014 8024 8034 8044
7974 7984 7994 8004 8014 8024 8034 8044
7974 7984 7994 8004 8014 8024 8034 8044
7974 7984 7994 8004 8014 8024 8034 8044
7974 7984 7994 8004 8014 8024 8034 8044
7974 7984 7994 8004 8014 8024 8034 8044
7974 7984 7994 8004 8014 8024 8034 8044
7974 7984 7994 8004 8014 8024 8034 8044
7974 7984 7994 8004 8014 8024 8034 8044
7974 7984 7994 8004 8014 8024 8034 8044
7974 7984 7994 8004 8014 8024 8034 8044
7974 7984 7994 8004 8014 8024 8034 8044
7974 7984 7994 8004 8014 8024 8034 8044
7974 7984 7994 8004 8014 8024 8034 8044
7974 7984 7994 8004 8014 8024 8034 8044
7974 7984 7994 8004 8014 8024 8034 8044
7974 7984 7994 8004 8014 8024 8034 8044
7974 7984 7994 8004 8014 8024 8034 8044
7974 7984 7994 8004 8014 8024 8034 8044
7974 7984 7994 8004 8014 8024 8034 8044
7974 7984 7994 8004 8014 8024 8034 8044
7974 7984 7994 8004 8014 8024 8034 8044
7974 7984 7994 8004 8014 8024 8034 8044
7974 7984 7994 8004 8014 8024 8034 8044
7974 7984 7994 8004 8014 8024 8034 8044
7974 7984 7994 8004 8014 8024 8034 8044
7974 7984 7994 8004 8014 8024 8034 8044
7974 7984 7994 8004 8014 8024 8034 8044
7974 7984 7994 8004 8014 8024 8034 8044
7974 7984 7994 8004 8014 8024 8034 8044
7974 7984 7994 8004 8014 8024 8034 8044
7974 7984 7994 8004 8014 8024 8034 8044
7974 7984 7994 8004 8014 8024 8034 8044
7974 7984 7994 8004 8014 8024 8034 8044
7974 7984 7994 8004 8014 8024 8034 8044
7974 7984 7994 8004 8014 8024 8034 8044
7974 7984 7994 8004 8014 8024 8034 8044
7974 7984 7994 8004 8014 8024 8034 8044
7974 7984 7994 8004 8014 8024 8034 8044
7974 7984 7994 8004 8014 8024 8034 8044
7974 7984 7994 8004 8014 8024 8034 8044
7974 7984 7994 8004 8014 8024 8034 8044
7974 7984 7994 8004 8014 8024 8034 8044
7974 7984 7994 8004 8014 8024 8034 8044
7974 7984 7994 8004 8014 8024 8034 8044
7974 7984 7994 8004 8014 8024 8034 8044
7974 7984 7994 8004 8014 8024 8034 8044
7974 7984 7994 8004 8014 8024 8034 8044
7974 7984 7994 8004 8014 8024 8034 8044
7974 7984 7994 8004 8014 8024 8034 8044
7974 7984 7994 8004 8014 8024 8034 8044
7974 7984 7994 8004 8014 8024 8034 8044
7974 7984 7994 8004 8014 8024 8034 8044
7974 7984 7994 8004 8014 8024 8034 8044
7974 7984 7994 8004 8014 8024 8034 8044
7974 7984 7994 8004 8014 8024 8034 8044
7974 7984 7994 8004 8014 8024 8034 8044
7974 7984 7994 8004 8014 8024 8034 8044
7974 7984 7994 8004 8014 8024 8034 8044
7974 7984 7994 8004 8014 8024 8034 8044
8054 7984 7994 8054 8014 8024 8034 8044
7974 7984 7994 8004 8014 8024 8034 8044
7974 7984 7994 8004 8014 8024 8034 8044
8054 7984 7994 8054 8014 8024 8034 8044
8054 7984 7994 8054 8014 8024 8034 8044
8054 7984 7994 8054 8014 8024 8034 8044
8054 7984 7994 8054 8014 8024 8034 8044
7974 7984 7994 8004 8014 8024 8034 8044
7974 7984 7994 8004 8014 8024 8034 8044
8054 7984 7994 8054 8014 8024 8034 8044
8054 7984 7994 8054 8014 8024 8034 8044
7974 7984 7994 8004 8014 8024 8034 8044
7974 7984 7994 8004 8014 8024 8034 8044
8054 7984 7994 8054 8014 8024 8034 8044
8054 7984 7994 8054 8014 8024 8034 8044
8054 7984 7994 8054 8014 8024 8034 8044
7974 7984 7994 8004 8014 8024 8034 8044
7974 7984 7994 8004 8014 8024 8034 8044
8054 7984 7994 8054 8014 8024 8034 8044
8054 7984 7994 8054 8014 8024 8034 8044
7974 7984 7994 8004 8014 8024 8034 8044
7974 7984 7994 8004 8014 8024 8034 8044
7974 7984 7994 8004 8014 8024 8034 8044
7974 7984 7994 8004 8014 8024 8034 8044
