40 30 50 70 40 90 90 20 60
40 30 50 30 90 90 90 20 50
40 40 20 20 90 40 90 40 20
40 40 20 40 30 90 90 40 20
60 60 60 30 90 100 90 60 60
90 90 10 20 90 90 90 10 5
20 25 30 50 90 100 90 90 90
70 70 70 20 90 100 90 70 70
80 80 80 25 90 100 90 40 90
15 20 40 40 90 100 90 90 20
75 75 75 90 75 75 90 75 75
30 15 60 90 45 60 90 15 30
65 60 75 90 70 80 90 40 40
70 70 45 90 80 85 90 70 40
60 85 95 90 80 85 90 70 70
90 90 90 90 90 90 90 90 90
80 80 80 90 70 80 90 40 40
100 100 100 100 100 100 100 100 100
80 80 80 90 10 30 90 15 15
35 35 35 35 35 35 35 35 35
