60 60 60 30 30 90 90 60 60
100 200 300 400 500 600 700 200 300
70 70 70 70 70 90 60 70 70
15 80 85 60 60 90 60 50 50
80 80 25 70 70 90 65 60 40
100 100 100 100 100 100 100 100 100
30 10 30 40 40 90 20 10 40
60 80 20 30 30 90 20 90 15
10 60 20 30 30 90 20 40 40
90 90 90 30 100 90 90 90 90
90 90 90 30 100 90 90 60 90
90 50 90 35 100 90 90 90 70
35 20 90 20 100 90 90 90 90
90 90 90 50 100 90 90 90 90
90 90 40 5 100 90 90 90 10
90 10 90 5 100 90 90 90 10
90 30 30 5 100 90 90 90 90
40 90 90 5 100 90 90 90 50
90 90 10 20 20 90 90 10 5
20 25 30 50 50 90 90 90 90
45 45 90 40 40 90 90 80 80
55 55 55 60 60 90 90 30 90
15 20 40 40 40 90 90 90 20
5 20 90 5 100 90 90 30 30
5 30 20 5 100 90 90 30 30
35 35 35 35 35 35 35 35 35
