38721
38721
38721
38721
38721
38721
38721
38721
38721
38721
38721
38721
38721
38721
38721
38721
38721
38721
38721
38721
38721
38721
38721
38721
38721
38721
38721
38721
38721
38721
2782
2782
2782
2782
2782
2782
2782
2782
2782
2782
2782
2782
2782
2782
2782
2782
2782
2782
2782
2782
2782
2782
2782
2782
2782
2782
2782
2782
2782
2782
2782
2782
2782
2782
2782
2782
2782
2782
2782
2782
2782
2782
2782
2782
2782
2782
2782
2782
2782
30653
30653
30653
30653
30653
30653
30653
30653
30653
30653
30653
30653
30653
30653
30653
30653
30653
30653
30653
30653
30653
30653
30653
30653
30653
30653
30653
30653
30653
30653
30653
30653
30653
30653
30653
30653
30653
30653
30653
30653
30653
30653
30653
30653
30854 30864 30874 30884 30894 30904
30854 30864 30874 30884 30894 30904
30854 30864 30874 30884 30894 30904
30854 30864 30874 30884 30894 30904
30854 30864 30874 30884 30894 30904
30854 30864 30874 30884 30894 30904
30854 30864 30874 30884 30894 30904
30854 30864 30874 30884 30894 30904
30854 30864 30874 30884 30894 30904
30854 30864 30874 30884 30894 30904
30854 30864 30874 30884 30894 30904
30854 30864 30874 30884 30894 30904
30854 30864 30874 30884 30894 30904
30854 30864 30874 30884 30894 30904
30854 30864 30874 30884 30894 30904
30854 30864 30874 30884 30894 30904
30854 30864 30874 30884 30894 30904
30854 30864 30874 30884 30894 30904
30854 30864 30874 30884 30894 30904
30854 30864 30874 30884 30894 30904
30854 30864 30874 30884 30894 30904
30854 30864 30874 30884 30894 30904
30854 30864 30874 30884 30894 30904
30854 30864 30874 30884 30894 30904
30854 30864 30874 30884 30894 30904
30854 30864 30874 30884 30894 30904
30854 30864 30874 30884 30894 30904
30854 30864 30874 30884 30894 30904
30854 30864 30874 30884 30894 30904
30854 30864 30874 30884 30894 30904
30854 30864 30874 30884 30894 30904
30854 30864 30874 30884 30894 30904
30854 30864 30874 30884 30894 30904
30854 30864 30874 30884 30894 30904
30854 30864 30874 30884 30894 30904
30854 30864 30874 30884 30894 30904
30854 30864 30874 30884 30894 30904
30854 30864 30874 30884 30894 30904
30854 30864 30874 30884 30894 30904
30854 30864 30874 30884 30894 30904
30854 30864 30874 30884 30894 30904
30854 30864 30874 30884 30894 30904
30854 30864 30874 30884 30894 30904
30854 30864 30874 30884 30894 30904
30854 30864 30874 30884 30894 30904
30854 30864 30874 30884 30894 30904
30854 30864 30874 30884 30894 30904
30854 30864 30874 30884 30894 30904
30854 30864 30874 30884 30894 30904
30854 30864 30874 30884 30894 30904
30854 30864 30874 30884 30894 30904
30854 30864 30874 30884 30894 30904
30854 30864 30874 30884 30894 30904
30854 30864 30874 30884 30894 30904
30854 30864 30874 30884 30894 30904
30854 30864 30874 30884 30894 30904
30854 30864 30874 30884 30894 30904
30854 30864 30874 30884 30894 30904
30854 30864 30874 30884 30894 30904
