84561
84561
84561
84561
84561
84561
84561
84561
84561
84561
84561
84561
84561
84561
84561
84561
84561
84561
84561
84561
84561
84561
84561
84561
84561
84561
84561
84561
84561
84561
8052 8062 8072
8052 8062 8072
8052 8062 8072
8052 8062 8072
8052 8062 8072
8052 8062 8072
8052 8062 8072
8052 8062 8072
8052 8062 8072
8052 8062 8072
8052 8062 8072
8052 8062 8072
8052 8062 8072
8052 8062 8072
8052 8062 8072
8052 8062 8072
8052 8062 8072
8052 8062 8072
8052 8062 8072
8052 8062 8072
8052 8062 8072
8052 8062 8072
8052 8062 8072
8052 8062 8072
8052 8062 8072
8052 8062 8072
8052 8062 8072
8052 8062 8072
8052 8062 8072
8052 8062 8072
8052 8062 8072
8052 8062 8072
8052 8062 8072
8052 8062 8072
8052 8062 8072
8052 8062 8072
8052 8062 8072
8082 8082 8082
8092 8092 8092
8052 8062 8072
8052 8062 8072
8052 8062 8072
8052 8062 8072
8052 8062 8072
8052 8062 8072
8052 8062 8072
8052 8062 8072
8052 8062 8072
8052 8062 8072
64263
64263
64263
64263
64263
64263
64263
64263
64263
64263
64263
64263
64263
64263
64263
64263
64263
64263
64263
64263
64263
64263
64263
64263
64263
64263
64263
64263
64263
64263
64263
64263
64263
64263
64263
64263
64263
64263
64263
64273
64273
64263
64263
64263
64564 64574 64584 64594 64604 64614 64624
64564 64574 64584 64594 64604 64614 64624
64564 64574 64584 64594 64604 64614 64624
64564 64574 64584 64594 64604 64614 64624
64564 64574 64584 64594 64604 64614 64624
64564 64574 64584 64594 64604 64614 64624
64564 64574 64584 64594 64604 64614 64624
64564 64574 64584 64594 64604 64614 64624
64564 64574 64584 64594 64604 64614 64624
64564 64574 64584 64594 64604 64614 64624
64564 64574 64584 64594 64604 64614 64624
64564 64574 64584 64594 64604 64614 64624
64564 64574 64584 64594 64604 64614 64624
64564 64574 64584 64594 64604 64614 64624
64564 64574 64584 64594 64604 64614 64624
64564 64574 64584 64594 64604 64614 64624
64564 64574 64584 64594 64604 64614 64624
64564 64574 64584 64594 64604 64614 64624
64564 64574 64584 64594 64604 64614 64624
64564 64574 64584 64594 64604 64614 64624
64564 64574 64584 64594 64604 64614 64624
64564 64574 64584 64594 64604 64614 64624
64564 64574 64584 64594 64604 64614 64624
64564 64574 64584 64594 64604 64614 64624
64564 64574 64584 64594 64604 64614 64624
64564 64574 64584 64594 64604 64614 64624
64564 64574 64584 64594 64604 64614 64624
64564 64574 64584 64594 64604 64614 64624
64564 64574 64584 64594 64604 64614 64624
64564 64574 64584 64594 64604 64614 64624
64564 64574 64584 64594 64604 64614 64624
64564 64574 64584 64594 64604 64614 64624
64564 64574 64584 64594 64604 64614 64624
64564 64574 64584 64594 64604 64614 64624
64564 64574 64584 64594 64604 64614 64624
64564 64574 64584 64594 64604 64614 64624
64564 64574 64584 64594 64604 64614 64624
64564 64574 64584 64594 64604 64614 64624
64564 64574 64584 64594 64604 64614 64624
64564 64574 64584 64594 64604 64614 64624
64564 64634 64584 64594 64604 64614 64624
64564 64574 64584 64644 64644 64654 64624
64564 64664 64584 64594 64604 64614 64624
64564 64674 64584 64594 64604 64614 64624
64564 64684 64584 64594 64604 64614 64624
64564 64664 64584 64594 64604 64614 64624
64564 64674 64584 64594 64604 64614 64624
64564 64684 64584 64594 64604 64614 64624
64564 64574 64584 64594 64604 64614 64624
64564 64574 64584 64594 64604 64614 64624
64564 64704 64584 64594 64604 64614 64624
64564 64714 64584 64594 64604 64614 64624
64564 64574 64584 64594 64604 64614 64624
64564 64574 64584 64594 64604 64614 64624
64564 64574 64584 64594 64604 64614 64624
64564 64724 64584 64724 64724 64614 64624
64564 64754 64584 64734 64734 64614 64624
64564 64744 64584 64744 64744 64614 64624
64564 64574 64584 64594 64604 64764 64624
