60 45 75 135 45 60 135 30 60
60 45 75 105 60 135 135 30 90
60 60 60 50 90 90 60 60 60
90 90 40 40 90 90 60 80 10
90 90 80 40 90 90 60 80 5
90 90 90 80 90 90 80 15 90
90 90 90 80 90 90 90 90 90
90 90 90 80 90 90 90 60 90
70 80 90 70 90 90 70 90 90
90 10 90 40 90 90 60 90 90
90 90 90 80 90 90 80 30 90
75 75 75 90 75 75 90 75 75
45 20 70 90 70 80 90 20 40
65 60 75 90 70 80 90 40 40
80 80 45 90 80 85 90 70 40
60 85 95 90 80 85 90 70 70
90 90 90 90 90 90 90 90 90
80 80 80 90 70 80 90 40 40
100 100 100 100 100 100 100 100 100
80 80 80 90 10 30 90 15 15
30 30 30 75 75 90 75 30 30
90 35 90 75 75 90 75 25 90
80 90 35 75 75 90 75 90 60
90 90 35 75 75 90 75 70 25
35 35 90 75 75 90 75 40 90
90 90 90 75 75 90 75 70 25
35 80 80 75 75 90 75 60 60
35 35 35 35 35 35 35 35 35
