61581
61581
61581
61581
61581
61581
61581
61581
61581
61581
61581
61581
61581
61581
61581
61581
61581
61581
61581
61581
61581
61581
61581
61581
61581
61581
61581
61581
61581
61581
4912 4922 4932 4942 4952
4912 4922 4932 4942 4952
4912 4922 4932 4942 4952
4912 4922 4932 4942 4952
4912 4922 4932 4942 4952
4912 4922 4932 4942 4952
4912 4922 4932 4942 4952
4912 4922 4932 4942 4952
4912 4922 4932 4942 4952
4912 4922 4932 4942 4952
4912 4922 4932 4942 4952
4912 4922 4932 4942 4952
4912 4922 4932 4942 4952
4912 4922 4932 4942 4952
4912 4922 4932 4942 4952
4912 4922 4932 4942 4952
4912 4922 4932 4942 4952
4912 4922 4932 4942 4952
4912 4922 4932 4942 4952
4912 4922 4932 4942 4952
4912 4922 4932 4942 4952
4912 4922 4932 4942 4952
4912 4922 4932 4942 4952
4912 4922 4932 4942 4952
4912 4922 4932 4942 4952
4912 4922 4932 4942 4952
4912 4922 4932 4942 4952
4912 4922 4932 4942 4952
4912 4922 4932 4942 4952
4912 4922 4932 4942 4952
4912 4922 4932 4942 4952
4912 4922 4932 4942 4952
4912 4922 4932 4942 4952
4912 4922 4932 4942 4952
4912 4922 4932 4942 4952
4912 4922 4932 4942 4952
4912 4922 4932 4942 4952
4912 4922 4932 4942 4952
4912 4922 4932 4942 4952
4912 4922 4932 4942 4952
4912 4922 4932 4942 4952
4912 4922 4932 4942 4952
4912 4922 4932 4942 4952
4912 4922 4932 4942 4952
4912 4922 4932 4942 4952
4912 4922 4932 4942 4952
4912 4922 4932 4942 4952
4912 4922 4932 4942 4952
4912 4922 4932 4942 4952
4912 4922 4962 4962 4962 4962
4912 4922 4962 4962 4962 4962
4912 4922 4962 4962 4962 4962
4912 4922 34692 34692 34692 34692
4912 4922 34692 34692 34692 34692
4912 4922 34692 34692 34692 34692
4912 4922 4972 4972 4972 4972
4912 4922 4972 4972 4972 4972
4912 4922 34702 34702 34702 34702
4912 4922 34702 34702 34702 34702
4912 4922 4932 4942 4952
4912 4922 4932 4942 4952
4912 4922 4932 4942 4952
4912 4922 4932 4942 4952
4912 4922 4932 4942 4952
4912 4922 4932 4942 4952
4912 4922 4932 4942 4952
4912 4922 4932 4942 4952
4912 4922 4932 4942 4952
4912 4922 4932 4942 4952
4912 4922 4932 4942 4952
4912 4922 4932 4942 4952
4912 4922 4932 4942 4952
47483 47493 47503 47513 47523 47533 47543 47553
47483 47493 47503 47513 47523 47533 47543 47553
47483 47493 47503 47513 47523 47533 47543 47553
47483 47493 47503 47513 47523 47533 47543 47553
47483 47493 47503 47513 47523 47533 47543 47553
47483 47493 47503 47513 47523 47533 47543 47553
47483 47493 47503 47513 47523 47533 47543 47553
47483 47493 47503 47513 47523 47533 47543 47553
47483 47493 47503 47513 47523 47533 47543 47553
47483 47493 47503 47513 47523 47533 47543 47553
47483 47493 47503 47513 47523 47533 47543 47553
47483 47493 47503 47513 47523 47533 47543 47553
47483 47493 47503 47513 47523 47533 47543 47553
47483 47493 47503 47513 47523 47533 47543 47553
47483 47493 47503 47513 47523 47533 47543 47553
47483 47493 47503 47513 47523 47533 47543 47553
47483 47493 47503 47513 47523 47533 47543 47553
47483 47493 47503 47513 47523 47533 47543 47553
47483 47493 47503 47513 47523 47533 47543 47553
47483 47493 47503 47513 47523 47533 47543 47553
47483 47493 47503 47513 47523 47533 47543 47553
47483 47493 47503 47513 47523 47533 47543 47553
47483 47493 47503 47513 47523 47533 47543 47553
47483 47493 47503 47513 47523 47533 47543 47553
47483 47493 47503 47513 47523 47533 47543 47553
47483 47493 47503 47513 47523 47533 47543 47553
47483 47493 47503 47513 47523 47533 47543 47553
47483 47493 47503 47513 47523 47533 47543 47553
47483 47493 47503 47513 47523 47533 47543 47553
47483 47493 47503 47513 47523 47533 47543 47553
47483 47493 47503 47513 47523 47533 47543 47553
47483 47493 47503 47513 47523 47533 47543 47553
47483 47493 47503 47513 47523 47533 47543 47553
47483 47493 47503 47513 47523 47533 47543 47553
47483 47493 47503 47513 47523 47533 47543 47553
47483 47493 47503 47513 47523 47533 47543 47553
47483 47493 47503 47513 47523 47533 47543 47553
47483 47493 47503 47513 47523 47533 47543 47553
47483 47493 47503 47513 47523 47533 47543 47553
47483 47493 47503 47513 47523 47533 47543 47553
47483 47493 47503 47513 47523 47533 47543 47553
47483 47493 47503 47513 47523 47533 47543 47553
47483 47493 47503 47513 47523 47533 47543 47553
47483 47493 47503 47513 47523 47533 47543 47553
47483 47493 47503 47513 47523 47533 47543 47553
47483 47493 47503 47513 47523 47533 47543 47553
47483 47493 47503 47513 47523 47533 47543 47553
47483 47493 47503 47513 47523 47533 47543 47553
47483 47493 47503 47513 47523 47533 47543 47553
47483 47493 47503 47513 47523 47533 47543 47553
47483 47493 47503 47513 47523 47533 47543 47553
47483 47493 47503 47513 47523 47533 47543 47553
47483 47493 47503 47513 47523 47533 47543 47553
47483 47493 47503 47513 47523 47533 47543 47553
47483 47493 47503 47513 47523 47533 47543 47553
47483 47493 47503 47513 47523 47533 47543 47553
47483 47493 47503 47513 47523 47533 47543 47553
47483 47493 47503 47513 47523 47533 47543 47553
47483 47493 47503 47513 47523 47533 47543 47553
47483 47493 47503 47513 47523 47533 47543 47553
47483 48903 48903 48893 48903 48903 48903 48893
47483 48913 48913 48913 48913 48913 48913 48913
47483 48913 48913 48913 48913 48913 48913 48913
47483 48913 48913 48913 48913 48913 48913 48913
47483 48933 48933 48923 48933 48933 48933 48923
47483 48933 48933 48923 48933 48933 48933 48923
47483 48933 48933 48923 48933 48933 48933 48923
47483 48933 48933 48923 48933 48933 48933 48923
47483 48933 48933 48923 48933 48933 48933 48923
47483 48933 48933 48923 48933 48933 48933 48923
47483 47493 47503 47513 47523 47533 47543 47553
47483 47493 47503 47513 47523 47533 47543 47553
47483 48913 48913 48913 48913 48913 48913 47553
47483 48913 48913 48893 48913 48913 48913 48893
47483 48933 48933 48923 48933 48933 48933 48923
47483 48933 48933 48923 48933 48933 48933 48923
47483 48933 48933 48923 48933 48933 48933 48923
47483 47493 47503 47513 47523 47533 47543 47553
47483 47493 47503 47513 47523 47533 47543 47553
47483 47493 47503 47513 47523 47533 47543 47553
47483 48943 48943 48943 48943 48943 48943 48943
47483 47493 47503 47513 47523 47533 47543 47553
47483 48953 48953 48953 48953 48953 48953 48953
47483 48953 48953 48953 48953 48953 48953 48953
47483 47493 47503 47513 47523 47533 47543 47553
