84601
84601
84601
84601
84601
84601
84601
84601
84601
84601
84601
84601
84601
84601
84601
84601
84601
84601
84601
84601
84601
84601
84601
84601
84601
84601
84601
84601
84601
84601
72792 72802 72812 72822 72832 72842 72852 72862 72872 72882
72792 72802 72812 72822 72832 72842 72852 72862 72872 72882
72792 72802 72812 72822 72832 72842 72852 72862 72872 72882
72792 72802 72812 72822 72832 72842 72852 72862 72872 72882
72792 72802 72812 72822 72832 72842 72852 72862 72872 72882
72792 72802 72812 72822 72832 72842 72852 72862 72872 72882
72792 72802 72812 72822 72832 72842 72852 72862 72872 72882
72792 72802 72812 72822 72832 72842 72852 72862 72872 72882
72792 72802 72812 72822 72832 72842 72852 72862 72872 72882
72792 72802 72812 72952 72952 72842 72852 72862 72952 72882
72792 72802 72812 72822 72832 72842 72852 72862 72872 72882
72792 72802 72812 72822 72832 72842 72852 72862 72872 72882
72792 72802 72812 72822 72832 72842 72852 72862 72872 72882
72792 72802 72812 72822 72832 72842 72852 72862 72872 72882
72792 72802 72812 72822 72832 72842 72852 72862 72872 72882
72792 72802 72812 72822 72832 72842 72852 72862 72872 72882
72792 72802 72812 72822 72832 72842 72852 72862 72872 72882
72792 72802 72812 72822 72832 72842 72852 72862 72872 72882
72792 72802 72812 72822 72832 72842 72852 72862 72872 72882
72792 72802 72812 72822 72832 72842 72852 72862 72872 72882
72792 72802 72812 72822 72832 72842 72852 72862 72872 72882
72792 72802 72812 72822 72832 72842 72852 72862 72872 72882
72792 72802 72812 72822 72832 72842 72852 72862 72872 72882
72792 72802 72812 72822 72832 72842 72852 72862 72872 72882
72792 72802 72812 72822 72832 72842 72852 72862 72872 72882
72792 72802 72812 72822 72832 72842 72852 72862 72872 72882
72792 72802 72812 72822 72832 72842 72852 72862 72872 72882
72792 72802 72812 72822 72832 72842 72852 72862 72872 72882
72792 72802 72812 72822 72832 72842 72852 72862 72872 72882
72792 72802 72812 72822 72832 72842 72852 72862 72872 72882
72792 72802 72812 72822 72832 72842 72852 72862 72872 72882
72792 72802 72812 72822 72832 72842 72852 72862 72872 72882
72792 72802 72812 72822 72832 72842 72852 72862 72872 72882
72792 72802 72812 72822 72832 72842 72852 72862 72872 72882
72792 72802 72812 72822 72832 72842 72852 72862 72872 72882
72792 72802 72812 72892 72832 72892 72892 72862 72872 72882
72792 72802 72812 72892 72832 72892 72892 72862 72872 72882
72792 72802 72812 72822 72832 72842 72852 72862 72872 72882
72792 72802 72812 72902 72832 72902 72902 72862 72872 72882
72792 72802 72812 72822 72832 72842 72852 72862 72872 72882
72792 72802 72812 72822 72832 72842 72852 72862 72872 72882
72792 72802 72812 72902 72832 72902 72902 72862 72872 72882
72792 72802 72812 72822 72832 72842 72852 72862 72872 72882
72792 72802 72812 72822 72832 72842 72852 72862 72872 72882
72792 72802 72812 72822 72832 72842 72852 72862 72872 72882
72792 72802 72812 72822 72832 72842 72852 72862 72872 72882
72792 72802 72812 72822 72832 72842 72852 72862 72872 72882
72792 72912 72912 72912 72912 72912 72912 72912 72912 72882
72792 72912 72912 72912 72912 72912 72912 72912 72912 72882
72792 72912 72912 72912 72912 72912 72912 72912 72912 72882
72792 72802 72812 72822 72922 72922 72922 72862 72872 72882
72792 72932 72932 72932 72932 72932 72932 72932 72932 72882
72792 72932 72932 72932 72932 72932 72932 72932 72932 72882
72792 72932 72932 72932 72932 72932 72932 72932 72932 72882
72792 72932 72932 72932 72932 72932 72932 72932 72932 72882
72792 72802 72812 72822 72832 72842 72852 72862 72872 72882
72792 72802 72812 72822 72832 72842 72852 72862 72942 72882
72792 72802 72812 72822 72832 72842 72852 72862 72872 72882
72792 72802 72812 72822 72832 72842 72852 72862 72872 72882
