38761
38761
38761
38761
38761
38761
38761
38761
38761
38761
38761
38761
38761
38761
38761
38761
38761
38761
38761
38761
38761
38761
38761
38761
38761
38761
38761
38761
38761
38761
33722 33732 33742 33752 33762 33772 33782 33792 33802
33722 33732 33742 33752 33762 33772 33782 33792 33802
33722 33732 33742 33752 33762 33772 33782 33792 33802
33722 33732 33742 33752 33762 33772 33782 33792 33802
33722 33732 33742 33752 33762 33772 33782 33792 33802
33722 33732 33742 33752 33762 33772 33782 33792 33802
33722 33732 33742 33752 33762 33772 33782 33792 33802
33722 33732 33742 33752 33762 33772 33782 33792 33802
33722 33732 33742 33752 33762 33772 33782 33792 33802
33722 33732 33742 33752 33762 33772 33782 33792 33802
33722 33732 33742 33752 33762 33772 33782 33792 33802
33722 33732 33742 33752 33762 33772 33782 33792 33802
33722 33732 33742 33752 33762 33772 33782 33792 33802
33722 33732 33742 33752 33762 33772 33782 33792 33802
33722 33732 33742 33752 33762 33772 33782 33792 33802
33722 33732 33742 33752 33762 33772 33782 33792 33802
33722 33732 33742 33752 33762 33772 33782 33792 33802
33722 33732 33742 33752 33762 33772 33782 33792 33802
33722 33732 33742 33752 33762 33772 33782 33792 33802
33722 33732 33742 33752 33762 33772 33782 33792 33802
33722 33732 33742 33752 33762 33772 33782 33792 33802
33722 33732 33742 33752 33762 33772 33782 33792 33802
33722 33732 33742 33752 33762 33772 33782 33792 33802
33722 33732 33742 33752 33762 33772 33782 33792 33802
33722 33732 33742 33752 33762 33772 33782 33792 33802
33722 33732 33742 33752 33762 33772 33782 33792 33802
33722 33732 33742 33752 33762 33772 33782 33792 33802
33722 33732 33742 33752 33762 33772 33782 33792 33802
33722 33732 33742 33752 33762 33772 33782 33792 33802
33722 33732 33742 33752 33762 33772 33782 33792 33802
33722 33732 33742 33752 33762 33772 33782 33792 33802
33722 33732 33742 33752 33762 33772 33782 33792 33802
33722 33732 33742 33752 33762 33772 33782 33792 33802
33722 33732 33742 33752 33762 33772 33782 33792 33802
33722 33732 33742 33752 33762 33772 33782 33792 33802
33722 33732 33742 33752 33762 33772 33782 33792 33802
33722 33732 33742 33752 33762 33772 33782 33792 33802
33722 33732 33742 33752 33762 33772 33782 33792 33802
33722 33732 33742 33752 33762 33772 33782 33792 33802
33722 33732 33742 33752 33762 33772 33782 33792 33802
33722 33732 33742 33752 33762 33772 33782 33792 33802
33722 33732 33742 33752 33762 33772 33782 33792 33802
33722 33732 33742 33752 33762 33772 33782 33792 33802
33722 33732 33742 33752 33762 33772 33782 33792 33802
33722 33732 33742 33752 33762 33772 33782 33792 33802
33722 33732 33742 33752 33762 33772 33782 33792 33802
33722 33732 33742 33752 33762 33772 33782 33792 33802
33722 33732 33742 33752 33762 33772 33782 33792 33802
33722 33732 33742 33752 33762 33772 33782 33792 33802
33722 33732 33742 33752 33762 33772 33782 33792 33802
33722 33732 33742 33752 33762 33772 33782 33792 33802
33722 33732 33742 33752 33762 33772 33782 33792 33802
33722 33732 33742 33752 33762 33772 33782 33792 33802
33722 33732 33742 33752 33762 33772 33782 33792 33802
33722 33732 33742 33752 33762 33772 33782 33792 33802
33722 33732 33742 33752 33762 33772 33782 33792 33802
33722 33732 33742 33752 33762 33772 33782 33792 33802
33722 33732 33742 33752 33762 33772 33782 33792 33802
33722 33732 33742 33752 33762 33772 33782 33792 33802
