30 30 20 90 30 30 90 40 20
40 40 20 20 90 40 90 40 20
90 90 90 30 100 90 90 90 90
90 90 90 30 100 90 90 30 90
90 90 90 35 100 90 90 90 70
90 30 90 40 100 90 90 90 90
90 90 90 50 100 90 90 90 90
90 90 40 30 100 90 90 90 10
90 10 90 20 100 90 90 90 10
90 30 30 20 100 90 90 90 90
40 90 90 20 100 90 90 90 50
5 20 90 20 100 90 90 30 30
5 30 20 20 100 90 90 30 30
75 75 75 90 75 75 90 75 75
45 20 70 90 70 80 90 20 40
65 60 75 90 70 80 90 40 40
80 80 45 90 80 85 90 70 40
60 85 95 90 80 85 90 70 70
90 90 90 90 90 90 90 90 90
80 80 80 90 70 80 90 40 40
100 100 100 100 100 100 100 100 100
80 80 80 90 10 30 90 15 15
35 35 35 35 35 35 35 35 35
