38791
38791
38791
38791
38791
38791
38791
38791
38791
38791
38791
38791
38791
38791
38791
38791
38791
38791
38791
38791
38791
38791
38791
38791
38791
38791
38791
38791
38791
38791
2972
2972
2972
2972
2972
2972
2972
2972
2972
2972
2972
2972
2972
2972
2972
2972
2972
2972
2972
2972
2972
2972
2972
2972
2972
2972
2972
2972
2972
2972
2972
2972
2972
2972
2972
2972
2972
2972
2972
2972
2972
2972
2972
2972
2972
2972
2972
2972
2972
3963 3953 3973 3983 3993 4003 13983
3963 3953 3973 3983 3993 4003 13983
3963 3953 3973 3983 3993 4003 13983
3963 3953 3973 3983 3993 4003 13983
3963 3953 3973 3983 3993 4003 13983
3963 3953 3973 3983 3993 4003 13983
3963 3953 3973 3983 3993 4003 13983
3963 3953 3973 3983 3993 4003 13983
3963 3953 3973 3983 3993 4003 13983
3963 3953 3973 3983 3993 4003 13983
3963 3953 3973 3983 3993 4003 13983
3963 3953 3973 3983 3993 4003 13983
3963 3953 3973 3983 3993 4003 13983
3963 3953 3973 3983 3993 4003 13983
3963 3953 3973 3983 3993 4003 13983
3963 3953 3973 3983 3993 4003 13983
3963 3953 3973 3983 3993 4003 13983
3963 3953 3973 3983 3993 4003 13983
3963 3953 3973 3983 3993 4003 13983
3963 3953 3973 3983 3993 4003 13983
3963 3953 3973 3983 3993 4003 13983
3963 3953 3973 3983 3993 4003 13983
3963 3953 3973 3983 3993 4003 13983
3963 3953 3973 3983 3993 4003 13983
3963 3953 3973 3983 3993 4003 13983
3963 3953 3973 3983 3993 4003 13983
3963 3953 3973 3983 3993 4003 13983
3963 3953 3973 3983 3993 4003 13983
3963 3953 3973 3983 3993 4003 13983
3963 3953 3973 3983 3993 4003 13983
3963 3953 3973 3983 3993 4003 13983
3963 3953 3973 3983 3993 4003 13983
3963 3953 3973 3983 3993 4003 13983
3963 3953 3973 3983 3993 4003 13983
3963 3953 3973 3983 3993 4003 13983
3963 3953 3973 3983 3993 4003 13983
3963 3953 3973 3983 3993 4003 13983
3963 3953 3973 3983 3993 4003 13983
3963 3953 3973 3983 3993 4003 13983
3963 3953 3973 3983 3993 4003 13983
3963 3953 3973 3983 3993 4003 13983
3963 3953 3973 3983 3993 4003 13983
3963 3953 3973 3983 3993 4003 13983
3963 3953 3973 3983 3993 4003 13983
3963 3953 3973 3983 3993 4003 13983
3963 3953 3973 3983 3993 4003 13983
3963 3953 3973 3983 3993 4003 13983
3963 3953 3973 3983 3993 4003 13983
3963 3953 3973 3983 3993 4003 13983
3963 3953 3973 3983 3993 4003 13983
3963 3953 3973 3983 3993 4003 13983
3963 3953 3973 3983 3993 4003 13983
3963 3953 3973 3983 3993 4003 13983
3963 3953 3973 3983 3993 4003 13983
3963 3953 3973 3983 3993 4003 13983
3963 3953 3973 3983 3993 4003 13983
3963 3953 3973 3983 3993 4003 13983
3963 3953 3973 3983 3993 4003 13983
3963 3953 3973 3983 3993 4003 13983
3963 3953 3973 3983 3993 4003 13983
3963 3953 3973 3983 3993 4003 13983
3963 3953 3973 3983 3993 4003 13983
3963 3953 3973 3983 3993 4003 13983
3963 3953 3973 3983 3993 4003 13983
3963 3953 3973 3983 3993 4003 13983
3963 3953 3973 3983 3993 4003 13983
32494 32504 32514 32524 32534 32544 32554 32564 32574
32494 32504 32514 32524 32534 32544 32554 32564 32574
32494 32504 32514 32524 32534 32544 32554 32564 32574
32494 32504 32514 32524 32534 32544 32554 32564 32574
32494 32504 32514 32524 32534 32544 32554 32564 32574
32494 32504 32514 32524 32534 32544 32554 32564 32574
32494 32504 32514 32524 32534 32544 32554 32564 32574
32494 32504 32514 32524 32534 32544 32554 32564 32574
32494 32504 32514 32524 32534 32544 32554 32564 32574
32494 32504 32514 32524 32534 32544 32554 32564 32574
32494 32504 32514 32524 32534 32544 32554 32564 32574
32494 32504 32514 32524 32534 32544 32554 32564 32574
32494 32504 32514 32524 32534 32544 32554 32564 32574
32494 32504 32514 32524 32534 32544 32554 32564 32574
32494 32504 32514 32524 32534 32544 32554 32564 32574
32494 32504 32514 32524 32534 32544 32554 32564 32574
32494 32504 32514 32524 32534 32544 32554 32564 32574
32494 32504 32514 32524 32534 32544 32554 32564 32574
32494 32504 32514 32524 32534 32544 32554 32564 32574
32494 32504 32514 32524 32534 32544 32554 32564 32574
32494 32504 32514 32524 32534 32544 32554 32564 32574
32494 32504 32514 32524 32534 32544 32554 32564 32574
32494 32504 32514 32524 32534 32544 32554 32564 32574
32494 32504 32514 32524 32534 32544 32554 32564 32574
32494 32504 32514 32524 32534 32544 32554 32564 32574
32494 32504 32514 32524 32534 32544 32554 32564 32574
32494 32504 32514 32524 32534 32544 32554 32564 32574
32494 32504 32514 32524 32534 32544 32554 32564 32574
32494 32504 32514 32524 32534 32544 32554 32564 32574
32494 32504 32514 32524 32534 32544 32554 32564 32574
32494 32504 32514 32524 32534 32544 32554 32564 32574
32494 32504 32514 32524 32534 32544 32554 32564 32574
32494 32504 32514 32524 32534 32544 32554 32564 32574
32494 32504 32514 32524 32534 32544 32554 32564 32574
32494 32504 32514 32524 32534 32544 32554 32564 32574
32494 32504 32514 32524 32534 32544 32554 32564 32574
32494 32504 32514 32524 32534 32544 32554 32564 32574
32494 32504 32514 32524 32534 32544 32554 32564 32574
32494 32504 32514 32524 32534 32544 32554 32564 32574
32494 32504 32514 32524 32534 32544 32554 32564 32574
32494 32504 32514 32524 32534 32544 32554 32564 32574
32494 32504 32514 32524 32534 32544 32554 32564 32574
32494 32504 32514 32524 32534 32544 32554 32564 32574
32494 32504 32514 32524 32534 32544 32554 32564 32574
32494 32504 32514 32524 32534 32544 32554 32564 32574
32494 32504 32514 32524 32534 32544 32554 32564 32574
32494 32504 32514 32524 32534 32544 32554 32564 32574
32494 32504 32514 32524 32534 32544 32554 32564 32574
32494 32504 32514 32524 32534 32544 32554 32564 32574
32494 32504 32514 32524 32534 32544 32554 32564 32574
32494 32504 32514 32524 32534 32544 32554 32564 32574
32494 32504 32514 32524 32534 32544 32554 32564 32574
32494 32504 32514 32524 32534 32544 32554 32564 32574
32494 32504 32514 32524 32534 32544 32554 32564 32574
32494 32504 32514 32524 32534 32544 32554 32564 32574
32494 32504 32514 32524 32534 32544 32554 32564 32574
32494 32504 32514 32524 32534 32544 32554 32564 32574
32494 32504 32514 32524 32534 32544 32554 32564 32574
32494 32504 32514 32524 32534 32544 32554 32564 32574
32494 32504 32514 32524 32534 32544 32554 32564 32574
32494 32504 32514 32524 32534 32544 32554 32564 32574
32494 32504 32514 32524 32534 32544 32554 32564 32574
32494 32504 32514 32524 32534 32544 32554 32564 32574
32494 32504 32514 32524 32534 32544 32554 32564 32574
32494 32504 32514 32524 32534 32544 32554 32564 32574
32494 32504 32514 32524 32534 32544 32554 32564 32574
32494 32504 32514 32524 32534 32544 32554 32564 32574
32494 32504 32514 32524 32534 32544 32554 32564 32574
