84631
84631
84631
84631
84631
84631
84631
84631
84631
84631
84631
84631
84631
84631
84631
84631
84631
84631
84631
84631
84631
84631
84631
84631
84631
84631
84631
84631
84631
84631
9002 9012 9022
9002 9012 9022
9002 9012 9022
9002 9012 9022
9002 9012 9022
9002 9012 9022
9002 9012 9022
9002 9012 9022
9002 9012 9022
9002 9012 9022
9002 9012 9022
9002 9012 9022
9002 9012 9022
9002 9012 9022
9002 9012 9022
9002 9012 9022
9002 9012 9022
9002 9012 9022
9002 9012 9022
9002 9012 9022
9002 9012 9022
9002 9012 9022
9002 9012 9022
9002 9012 9022
9002 9012 9022
9002 9012 9022
9002 9012 9022
9002 9012 9022
9002 9012 9022
9002 9012 9022
9002 9012 9022
9002 9012 9022
9002 9012 9022
9002 9012 9022
9002 9012 9022
9002 9012 9022
9002 9012 9022
9032 9032 9032
9042 9042 9042
9002 9012 9022
9002 9012 9022
9002 9012 9022
9002 9012 9022
9002 9012 9022
9002 9012 9022
9002 9012 9022
9002 9012 9022
9002 9012 9022
9002 9012 9022
12643 12653 12663 12673 12683 29693
12643 12653 12663 12673 12683 29693
12643 12653 12663 12673 12683 29693
12643 12653 12663 12673 12683 29693
12643 12653 12663 12673 12683 29693
12643 12653 12663 12673 12683 29693
12643 12653 12663 12673 12683 29693
12643 12653 12663 12673 12683 29693
12643 12653 12663 12673 12683 29693
12643 12653 12663 12673 12683 29693
12643 12653 12663 12673 12683 29693
12643 12653 12663 12673 12683 29693
12643 12653 12663 12673 12683 29693
12643 12653 12663 12673 12683 29693
12643 12653 12663 12673 12683 29693
12643 33883 12663 33883 12683 29693
12643 33883 12663 33883 12683 29693
12643 33883 12663 33883 12683 29693
12643 12653 12663 12673 12683 29693
12643 12653 12663 12673 12683 29693
12643 12653 12663 12673 12683 29693
12643 12653 12663 12673 12683 29693
12643 12653 12663 12673 12683 29693
12643 12653 12663 12673 12683 29693
12643 12653 12663 12673 12683 29693
12643 12653 12663 12673 12683 29693
12643 12653 12663 12673 12683 29693
12643 12653 12663 12673 12683 29693
12643 12653 12663 12673 12683 29693
12643 12653 12663 12673 12683 29693
12643 12653 12663 12673 12683 29693
12643 12653 12663 12673 12683 29693
12643 12653 12663 12673 12683 29693
12643 12653 12663 12673 12683 29693
12643 12653 12663 12673 12683 29693
12643 12653 12663 12673 12683 29693
12643 12653 12663 12673 12683 29693
12643 12653 12663 12673 12683 29693
12643 12653 12663 12673 12683 29693
12643 12653 12663 12673 12683 29693
12643 12653 12663 12673 12683 29693
12643 12653 12663 12673 12683 29693
12643 12653 12663 12673 12683 29693
12643 12653 12663 12673 12683 29693
12643 12653 12663 12673 12683 29693
12643 12653 12663 12673 12683 29693
12643 12653 12663 12673 12683 29693
12693 12693 12693 12693 12693 29693
12643 12653 12663 12673 12683 29693
12703 12703 12703 12703 12703 29693
12713 12713 12713 12713 12713 29693
12723 12723 12723 12723 12723 29693
12723 12723 12723 12723 12723 29693
12723 12723 12723 12723 12723 29693
12643 12653 12663 12673 12683 29693
12643 12653 12663 12673 12683 29693
12643 12653 12663 12673 12683 29693
12733 12733 12733 12733 12733 29693
12643 12653 12663 12673 12683 29693
12643 12653 12663 12673 12683 29693
12643 12653 33893 12673 12683 29693
12643 12653 33893 12673 12683 29693
12643 12653 33893 12673 12683 29693
12643 12653 12663 12673 12683 29693
12643 12653 12663 12673 12683 29693
12643 12653 12663 12673 12683 29693
69224 69234 69244 69254 69264 69274 69284 69294 69304 69314
69224 69234 69244 69254 69264 69274 69284 69294 69304 69314
69224 69234 69244 69254 69264 69274 69284 69294 69304 69314
69224 69234 69244 69254 69264 69274 69284 69294 69304 69314
69224 69234 69244 69254 69264 69274 69284 69294 69304 69314
69224 69234 69244 69254 69264 69274 69284 69294 69304 69314
69224 69234 69244 69254 69264 69274 69284 69294 69304 69314
69224 69234 69244 69254 69264 69274 69284 69294 69304 69314
69224 69234 69244 69254 69264 69274 69284 69294 69304 69314
69224 69234 69244 69254 69264 69274 69284 69294 69304 69314
69224 69234 69244 69254 69264 69274 69284 69294 69304 69314
69224 69234 69244 69254 69264 69274 69284 69294 69304 69314
69224 69234 69244 69254 69264 69274 69284 69294 69304 69314
69224 69234 69244 69254 69264 69274 69284 69294 69304 69314
69224 69234 69244 69254 69264 69274 69284 69294 69304 69314
69224 69234 69244 69254 69264 69274 69284 69294 69304 69314
69224 69234 69244 69404 69404 69274 69284 69404 69404 69314
69224 69234 69244 69254 69264 69274 69284 69294 69304 69314
69224 69234 69244 69254 69264 69274 69284 69294 69304 69314
69224 69234 69244 69254 69264 69274 69284 69294 69304 69314
69224 69234 69244 69254 69264 69274 69284 69294 69304 69314
69224 69234 69244 69254 69264 69274 69284 69294 69304 69314
69224 69234 69244 69254 69264 69274 69284 69294 69304 69314
69224 69234 69244 69254 69264 69274 69284 69294 69304 69314
69224 69234 69244 69254 69264 69274 69284 69294 69304 69314
69224 69234 69244 69254 69264 69274 69284 69294 69304 69314
69224 69234 69244 69254 69264 69274 69284 69294 69304 69314
69224 69234 69244 69254 69264 69274 69284 69294 69304 69314
69224 69234 69244 69254 69264 69274 69284 69294 69304 69314
69224 69234 69244 69254 69264 69274 69284 69294 69304 69314
69224 69234 69244 69254 69264 69274 69284 69294 69304 69314
69224 69234 69244 69254 69264 69274 69284 69294 69304 69314
69224 69234 69244 69254 69264 69274 69284 69294 69304 69314
69224 69234 69244 69254 69264 69274 69284 69294 69304 69314
69224 69234 69244 69254 69264 69274 69284 69294 69304 69314
69224 69234 69244 69254 69264 69274 69284 69294 69304 69314
69224 69234 69244 69254 69264 69274 69284 69294 69304 69314
69224 69234 69244 69254 69264 69274 69284 69294 69304 69314
69224 69234 69244 69254 69264 69274 69284 69294 69304 69314
69224 69234 69244 69254 69264 69274 69284 69294 69304 69314
69224 69234 69244 69254 69264 69274 69284 69294 69304 69314
69224 69234 69244 69254 69264 69274 69284 69294 69304 69314
69224 69234 69244 69254 69264 69274 69284 69294 69304 69314
69224 69234 69244 69254 69264 69274 69284 69294 69304 69314
69224 69234 69244 69324 69264 69274 69284 69294 69324 69314
69224 69234 69244 69254 69334 69334 69284 69294 69334 69314
69224 69234 69244 69254 69344 69274 69284 69294 69344 69314
69224 69234 69244 69254 69264 69274 69284 69294 69304 69314
69224 69234 69244 69354 69354 69354 69284 69354 69354 69314
69224 69234 69244 69254 69264 69274 69284 69294 69304 69314
69224 69364 69364 69364 69364 69364 69364 69364 69364 69314
69224 69364 69364 69364 69364 69364 69364 69364 69364 69314
69224 69234 69244 69254 69264 69274 69284 69294 69304 69314
69224 69234 69244 69374 69374 69274 69284 69294 69374 69314
69224 69234 69244 69254 69264 69274 69284 69294 69304 69314
69224 69234 69244 69254 69264 69274 69284 69294 69304 69314
69224 69234 69244 69254 69264 69274 69284 69294 69304 69314
69224 69234 69244 69254 69264 69274 69284 69294 69304 69314
69224 69234 69244 69254 69264 69274 69284 69294 69304 69314
69224 69234 69244 69254 69264 69274 69284 69294 69304 69314
69224 69234 69244 69254 69264 69274 69284 69294 69304 69314
69224 69234 69244 69254 69264 69274 69284 69294 69304 69314
69224 69234 69244 69254 69264 69274 69284 69294 69304 69314
69224 69234 69244 69384 69384 69274 69284 69294 69384 69314
69224 69234 69244 69394 69394 69394 69284 69394 69394 69314
69224 69234 69244 69394 69394 69394 69284 69394 69394 69314
69224 69234 69244 69394 69394 69394 69284 69394 69394 69314
69224 69234 69244 69254 69264 69274 69284 69294 69304 69314
