84611
84611
84611
84611
84611
84611
84611
84611
84611
84611
84611
84611
84611
84611
84611
84611
84611
84611
84611
84611
84611
84611
84611
84611
84611
84611
84611
84611
84611
84611
13742 13762 13772 13782 13792
13742 13762 13772 13782 13792
13742 13762 13772 13782 13792
13742 13762 13772 13782 13792
13742 13762 13772 13782 13792
13742 13762 13772 13782 13792
13742 13762 13772 13782 13792
13742 13762 13772 13782 13792
13742 13762 13772 13782 13792
13742 13762 13772 13782 13792
13742 13762 13772 13782 13792
13742 13762 13772 13782 13792
13742 13762 13772 13782 13792
13742 13762 13772 13782 13792
13742 13762 13772 13782 13792
13742 13762 13772 13782 34062
13742 13762 13772 13782 34062
13742 13762 13772 13782 34062
13742 13762 13772 13782 13792
13742 13762 13772 13782 13792
13742 13762 13772 13782 13792
13742 13762 13772 13782 13792
13742 13762 13772 13782 13792
13742 13762 13772 13782 13792
13742 13762 13772 13782 13792
13742 13762 13772 13782 13792
13742 13762 13772 13782 13792
13742 13762 13772 13782 13792
13742 13762 13772 13782 13792
13742 13762 13772 13782 13792
13742 13762 13772 13782 13792
13742 13762 13772 13782 13792
13742 13762 13772 13782 13792
13742 13762 13772 13782 13792
13742 13762 13772 13782 13792
13742 13762 13772 13782 13792
13742 13762 13772 13782 13792
13742 13762 13772 13782 13792
13742 13762 13772 13782 13792
13742 13762 13772 13782 13792
13742 13762 13772 13782 13792
13742 13762 13772 13782 13792
13742 13762 13772 13782 13792
13742 13762 13772 13782 13792
13742 13762 13772 13782 13792
13742 13762 13772 13782 13792
13742 13762 13772 13782 13792
13752 13752 13752 13782 13792
13742 13762 13772 13782 13792
13742 13762 13772 13782 13792
13742 13762 13772 13782 13792
13742 13762 13772 13782 13792
13742 13762 13772 13782 13792
13742 13762 13772 13782 13792
13742 13762 13772 13782 13792
13742 13762 13772 13782 13792
13742 13822 13772 13782 13792
13742 13762 13772 13782 13792
13742 13762 13772 13782 13792
13832 13832 13832 13782 13792
13742 13762 13772 13782 13792
13742 13762 13772 13782 13792
28642 28642 28642 13782 13792
28652 28652 28652 28652 28652
28652 28652 28652 28652 28652
28652 28652 28652 28652 28652
13742 13762 13772 13782 13792
14643 14663 14673 14683 14693
14643 14663 14673 14683 14693
14643 14663 14673 14683 14693
14643 14663 14673 14683 14693
14643 14663 14673 14683 14693
14643 14663 14673 14683 14693
14643 14663 14673 14683 14693
14643 14663 14673 14683 14693
14643 14663 14673 14683 14693
14643 14663 14673 14683 14693
14643 14663 14673 14683 14693
14643 14663 14673 14683 14693
14643 14663 14673 14683 14693
14643 14663 14673 14683 14693
14643 14663 14673 14683 14693
14643 14663 14673 14683 34153
14643 14663 14673 14683 34153
14643 14663 14673 14683 34153
14643 14663 14673 14683 14693
14643 14663 14673 14683 14693
14643 14663 14673 14683 14693
14643 14663 14673 14683 14693
14643 14663 14673 14683 14693
14643 14663 14673 14683 14693
14643 14663 14673 14683 14693
14643 14663 14673 14683 14693
14643 14663 14673 14683 14693
14643 14663 14673 14683 14693
14643 14663 14673 14683 14693
14643 14663 14673 14683 14693
14643 14663 14673 14683 14693
14643 14663 14673 14683 14693
14643 14663 14673 14683 14693
14643 14663 14673 14683 14693
14643 14663 14673 14683 14693
14643 14663 14673 14683 14693
14643 14663 14673 14683 14693
14643 14663 14673 14683 14693
14643 14663 14673 14683 14693
14643 14663 14673 14683 14693
14643 14663 14673 14683 14693
14643 14663 14673 14683 14693
14643 14663 14673 14683 14693
14643 14663 14673 14683 14693
14643 14663 14673 14683 14693
14643 14663 14673 14683 14693
14643 14663 14673 14683 14693
14653 14653 14653 14683 14693
14643 14663 14673 14683 14693
14643 14663 14673 14683 14693
14643 14663 14673 14683 14693
14643 14663 14673 14683 14693
14643 14663 14673 14683 14693
14643 14663 14673 14683 14693
14643 14663 14673 14683 14693
14643 14663 14673 14683 14693
14643 14723 14673 14683 14693
14643 14663 14673 14683 14693
14643 14663 14673 14683 14693
14733 14733 14733 14683 14693
14643 14663 14673 14683 14693
14643 14663 14673 14683 14693
28823 28823 28823 14683 14693
28833 28833 28833 28833 28833
28833 28833 28833 28833 28833
28833 28833 28833 28833 28833
14643 14663 14673 14683 14693
36374 36384 36394 36404 36414 36424 36434 36444 36454 43154
36374 36384 36394 36404 36414 36424 36434 36444 36454 43154
36374 36384 36394 36404 36414 36424 36434 36444 36454 43154
36374 36384 36394 36404 36414 36424 36434 36444 36454 43154
36374 36384 36394 42584 36414 36424 36434 42584 36454 43154
36374 36384 36394 36404 36414 36424 36434 36444 36454 43154
36374 36384 36394 36404 36414 36424 36434 36444 36454 43154
36374 36384 36394 42584 36414 36424 36434 42584 36454 43154
36374 36384 36394 36404 36414 36424 36434 36444 36454 43154
36374 36384 36394 36404 36414 36424 36434 36444 36454 43154
36374 36384 36394 36404 36414 36424 36434 36444 36454 43154
36374 36384 36394 36404 36414 36424 36434 36444 36454 43154
36374 36384 36394 36404 36414 36424 36434 36444 36454 43154
36374 36384 36394 36404 36414 36424 36434 36444 36454 43154
36374 36384 36394 36404 36414 36424 36434 36444 36454 43154
36374 36384 36394 36404 36414 36424 36434 36444 36454 43154
36374 42584 42584 42584 42584 42584 36434 42584 36454 43154
36374 36384 36394 36404 36414 36424 36434 36444 36454 43154
36374 36384 36394 36404 36414 36424 36434 36444 36454 43154
36374 36384 36394 42584 42584 36424 36434 42584 36454 43154
36374 36384 36394 36404 36414 36424 36434 36444 36454 43154
36374 36384 36394 36404 36414 36424 36434 36444 36454 43154
36374 36384 36394 42584 36414 36424 36434 42584 36454 43154
36374 36384 36394 36404 36414 36424 36434 36444 36454 43154
36374 36384 36394 36404 36414 36424 36434 36444 36454 43154
36374 36384 36394 36404 36414 36424 36434 36444 36454 43154
36374 36384 36394 36404 36414 36424 36434 36444 36454 43154
36374 36384 36394 36404 36414 36424 36434 36444 36454 43154
36374 36384 36394 36404 36414 36424 36434 36444 36454 43154
36374 36384 36394 36404 36414 36424 36434 36444 36454 43154
36374 36384 36394 36404 36414 36424 36434 36444 36454 43154
36374 36384 36394 36404 36414 36424 36434 36444 36454 43154
36374 36384 36394 36404 36414 36424 36434 36444 36454 43154
36374 36384 36394 36404 36414 36424 36434 36444 36454 43154
36374 36384 36394 36404 36414 36424 36434 36444 36454 43154
36374 36384 36394 36404 36414 36424 36434 36444 36454 43154
36374 36384 36394 36404 36414 36424 36434 36444 36454 43154
36374 36384 36394 36404 36414 36424 36434 36444 36454 43154
36374 36384 36394 36404 36414 36424 36434 36444 36454 43154
36374 36384 36394 36404 36414 36424 36434 36444 36454 43154
36374 36384 36394 36404 36414 36424 36434 36444 36454 43154
36374 36384 36394 36404 36414 36424 36434 36444 36454 43154
36374 36384 36394 36404 36414 36424 36434 36444 36454 43154
36374 36384 36394 36404 36414 36424 36434 36444 36454 43154
36374 36384 36394 36404 36414 36424 36434 36444 36454 43154
36374 36384 36394 36404 36414 36424 36434 36444 36454 43154
36374 36384 36394 36404 36414 36424 36434 36444 36454 43154
36374 36384 36394 36404 42464 36424 36434 36444 36454 42464
36374 36384 36394 36404 42464 36424 36434 36444 36454 42464
36374 36384 36394 42474 42474 42484 36434 42484 36454 42474
36374 36384 36394 42474 42474 42484 36434 42484 36454 42474
36374 36384 36394 42474 42474 42484 36434 42484 36454 42474
36374 36384 36394 42474 42474 42484 36434 42484 36454 42474
36374 36384 36394 36404 36414 36424 36434 36444 36454 43154
36374 36384 36394 42494 36414 36424 36434 36444 36454 43154
36374 36384 36394 42494 36414 42524 36434 42524 36454 43154
36374 36384 36394 36404 36414 36424 36434 36444 36454 43154
36374 36384 36394 36404 36414 36424 36434 36444 36454 43154
36374 36384 36394 36404 36414 42524 36434 42524 36454 43154
36374 42504 42504 42504 42504 42504 36434 42504 36454 43154
36374 42504 42504 42504 42504 42504 36434 42504 36454 43154
36374 43144 43144 43144 43144 43144 36434 43144 36454 43154
36374 43144 43144 43144 43144 43144 36434 43144 36454 43154
36374 36384 36394 36404 36414 36424 36434 36444 36454 43154
36374 42514 42514 42514 42514 42514 36434 42514 42514 42514
36374 36384 36394 36404 36414 36424 36434 36444 36454 43154
36374 36384 36394 36404 36414 36424 36434 36444 36454 43154
36374 36384 36394 36404 36414 36424 36434 36444 36454 43154
36374 36384 36394 42524 42524 36424 36434 42524 36454 43154
36374 36384 36394 42524 42524 36424 36434 42524 36454 43154
36374 36384 36394 36404 36414 36424 36434 36444 36454 43154
36374 36384 36394 42524 42524 36424 36434 42524 36454 43154
36374 36384 36394 42524 42524 36424 36434 42524 36454 43154
36374 36384 36394 36404 36414 36424 36434 42534 36454 43154
36374 36384 36394 36404 36414 36424 36434 42534 36454 43154
36374 36384 36394 42544 42544 42554 36434 42554 36454 42544
36374 36384 36394 42544 42544 42554 36434 42554 36454 42544
36374 36384 36394 42544 42544 42554 36434 42554 36454 42544
36374 36384 36394 42544 42544 42554 36434 42554 36454 42544
36374 36384 36394 42544 42544 42554 36434 42554 36454 42544
36374 36384 36394 36404 36414 36424 36434 36444 36454 43154
36374 36384 36394 36404 36414 36424 36434 36444 36454 43154
36374 36384 36394 36404 36414 36424 36434 36444 36454 43154
36374 36384 36394 36404 36414 36424 36434 36444 36454 43154
36374 36384 36394 36404 36414 36424 36434 36444 36454 43154
36374 36384 36394 42564 36414 42564 36434 42564 36454 43154
36374 36384 36394 42564 36414 42564 36434 42564 36454 43154
36374 36384 36394 36404 42574 36424 36434 36444 36454 43154
