29361
29361
29361
29361
29361
29361
29361
29361
29361
29361
29361
29361
29361
29361
29361
29361
29361
29361
29361
29361
29361
29361
29361
29361
29361
29361
29361
29361
29361
29361
1182
1182
1182
1182
1182
1182
1182
1182
1182
1182
1182
1182
1182
1182
1182
1182
1182
1182
1182
1182
1182
1182
1182
1182
1182
1182
1182
1182
1182
1182
1182
1182
1182
1182
1182
1182
1182
1182
1182
1182
1182
1182
1182
1182
1182
1182
1182
1182
1182
1182
1213
1213
1213
1213
1213
1213
1213
1213
1213
1213
1213
1213
1213
1213
1213
1213
1213
1213
1213
1213
1213
1213
1213
1213
1213
1213
1213
1213
1213
1213
1213
1213
28994 29004 29014 29024 29044 29034
28994 29004 29014 29024 29044 29034
28994 29004 29014 29024 29044 29034
28994 29004 29014 29024 29044 29034
28994 29004 29014 29024 29044 29034
28994 29004 29014 29024 29044 29034
28994 29004 29014 29024 29044 29034
28994 29004 29014 29024 29044 29034
28994 29004 29014 29024 29044 29034
28994 29004 29014 29024 29044 29034
28994 29004 29014 29024 29044 29034
28994 29004 29014 29024 29044 29034
28994 29004 29014 29024 29044 29034
28994 29004 29014 29024 29044 29034
28994 29004 29014 29024 29044 29034
28994 29004 29014 29024 29044 29034
28994 29004 29014 29024 29044 29034
28994 29004 29014 29024 29044 29034
28994 29004 29014 29024 29044 29034
28994 29004 29014 29024 29044 29034
28994 29004 29014 29024 29044 29034
28994 29004 29014 29024 29044 29034
28994 29004 29014 29024 29044 29034
28994 29004 29014 29024 29044 29034
28994 29004 29014 29024 29044 29034
28994 29004 29014 29024 29044 29034
28994 29004 29014 29024 29044 29034
28994 29004 29014 29024 29044 29034
28994 29004 29014 29024 29044 29034
28994 29004 29014 29024 29044 29034
28994 29004 29014 29024 29044 29034
28994 29004 29014 29024 29044 29034
28994 29004 29014 29024 29044 29034
28994 29004 29014 29024 29044 29034
28994 29004 29014 29024 29044 29034
28994 29004 29014 29024 29044 29034
28994 29004 29014 29024 29044 29034
28994 29004 29014 29024 29044 29034
28994 29004 29014 29024 29044 29034
28994 29004 29014 29024 29044 29034
28994 29004 29014 29024 29044 29034
28994 29004 29014 29024 29044 29034
28994 29004 29014 29024 29044 29034
28994 29004 29014 29024 29044 29034
28994 29004 29014 29024 29044 29034
28994 29004 29014 29024 29044 29034
28994 29004 29014 29024 29044 29034
28994 29004 29014 29024 29044 29034
28994 29004 29014 29024 29044 29034
28994 29004 29014 29024 29044 29034
28994 29004 29014 29024 29044 29034
28994 29004 29014 29024 29044 29034
28994 29004 29014 29024 29044 29034
28994 29004 29014 29024 29044 29034
28994 29004 29014 29024 29044 29034
28994 29004 29014 29024 29044 29034
28994 29004 29014 29024 29044 29034
28994 29004 29014 29024 29044 29034
28994 29004 29014 29024 29044 29034
28994 29004 29014 29024 29044 29034
28994 29004 29014 29024 29044 29034
28994 29004 29014 29024 29044 29034
28994 29004 29014 29024 29044 29034
28994 29004 29014 29024 29044 29034
28994 29004 29014 29024 29044 29034
28994 29004 29014 29024 29044 29034
28994 29004 29014 29024 29044 29034
28994 29004 29014 29024 29044 29034
28994 29004 29014 29024 29044 29034
28994 29004 29014 29024 29044 29034
28994 29004 29014 29024 29044 29034
28994 29004 29014 29024 29044 29034
28994 29004 29014 29024 29044 29034
28994 29004 29014 29024 29044 29034
28994 29004 29014 29024 29044 29034
28994 29004 29014 29024 29044 29034
28994 29004 29014 29024 29044 29034
28985
28985
28985
28985
28985
28985
28985
28985
28985
28985
28985
28985
28985
28985
28985
28985
28985
28985
28985
28985
28985
28985
28985
28985
28985
28985
28985
28985
28985
28985
28985
28985
28985
28985
28985
28985
28985
28985
28985
28985
28985
28985
28985
28985
28985
28985
28985
28985
28985
28985
