61581
61581
61581
61581
61581
61581
61581
61581
61581
61581
61581
61581
61581
61581
61581
61581
61581
61581
61581
61581
61581
61581
61581
61581
61581
61581
61581
61581
61581
61581
3252 3302 3312 3322
3252 3302 3312 3322
3252 3302 3312 3322
3252 3302 3312 3322
3252 3302 3312 3322
3252 3302 3312 3322
3252 3302 3312 3322
3252 3302 3312 3322
3252 3302 3312 3322
3252 3302 3312 3322
3252 3302 3312 3322
3252 3302 3312 3322
3252 3302 3312 3322
3252 3302 3312 3322
3252 3302 3312 3322
3252 3302 3312 3322
3252 3302 3312 3322
3252 3302 3312 3322
3252 3302 3312 3322
3252 3302 3312 3322
3252 3302 3312 3322
3252 3302 3312 3322
3252 3302 3312 3322
3252 3302 3312 3322
3252 3302 3312 3322
3252 3302 3312 3322
3252 3302 3312 3322
3252 3302 3312 3322
3252 3302 3312 3322
3252 3302 3312 3322
3252 3302 3312 3322
3252 3302 3312 3322
3252 3302 3312 3322
3252 3302 3312 3322
3252 3302 3312 3322
3252 3302 3312 3322
3252 3302 3312 3322
3252 3302 3312 3322
3262 3262 3262 3262
3272 3272 3272 3272
3252 3302 3312 3322
3282 3282 3282 3282
3282 3282 3282 3282
3252 3302 3312 3322
3252 3302 3312 3322
3292 3292 3292 3292
3252 3302 3312 3322
3252 3302 3312 3322
3252 3302 3312 3322
3252 3302 3312 3322
3493 3493 3493
3493 3493 3493
3493 3493 3493
3493 3493 3493
3493 3493 3493
3493 3493 3493
3493 3493 3493
3493 3493 3493
3493 3493 3493
3493 3493 3493
3493 3493 3493
3493 3493 3493
3493 3493 3493
3493 3493 3493
3493 3493 3493
3493 3493 3493
3493 3493 3493
3493 3493 3493
3493 3493 3493
3493 3493 3493
3493 3493 3493
3493 3493 3493
3493 3493 3493
3493 3493 3493
3493 3493 3493
3493 3493 3493
3493 3493 3493
3493 3493 3493
3493 3493 3493
3493 3493 3493
3493 3493 3493
3493 3493 3493
60754 60764 60774 60784 60794
60754 60764 60774 60784 60794
60754 60764 60774 60784 60794
60754 60764 60774 60784 60794
60754 60764 60774 60784 60794
60754 60764 60774 60784 60794
60754 60764 60774 60784 60794
60754 60764 60774 60784 60794
60754 60764 60774 60784 60794
60754 60764 60774 60784 60794
60754 60764 60774 60784 60794
60754 60764 60774 60784 60794
60754 60764 60774 60784 60794
60754 60764 60774 60784 60794
60754 60764 60774 60784 60794
60754 60764 60774 60784 60874
60754 60764 60774 60784 60874
60754 60764 60774 60784 60874
60754 60764 60774 60784 60794
60754 60764 60774 60784 60794
60754 60764 60774 60784 60794
60754 60764 60774 60784 60794
60754 60764 60774 60784 60794
60754 60764 60774 60784 60794
60754 60764 60774 60784 60794
60754 60764 60774 60784 60794
60754 60764 60774 60784 60794
60754 60764 60774 60784 60794
60754 60764 60774 60784 60794
60754 60764 60774 60784 60794
60754 60764 60774 60784 60794
60754 60764 60774 60784 60794
60754 60764 60774 60784 60794
60754 60764 60774 60784 60794
60754 60764 60774 60784 60794
60754 60764 60774 60784 60794
60754 60764 60774 60784 60794
60754 60764 60774 60784 60794
60754 60764 60774 60784 60794
60754 60764 60774 60784 60794
60754 60764 60774 60784 60794
60754 60764 60774 60784 60794
60754 60764 60774 60784 60794
60754 60764 60774 60784 60794
60754 60764 60774 60784 60794
60754 60764 60774 60784 60794
60754 60764 60774 60784 60794
60754 60804 60804 60784 60804
60754 60764 60774 60784 60794
60754 60764 60774 60784 60794
60754 60764 60774 60784 60794
60754 60764 60774 60784 60794
60754 60764 60774 60784 60794
60754 60764 60774 60784 60794
60754 60764 60774 60784 60794
60754 60764 60774 60784 60794
60754 60764 60774 60784 60794
60754 60764 60774 60784 60794
60754 60764 60774 60784 60794
60844 60844 60844 60784 60794
60754 60764 60774 60784 60794
60754 60764 60774 60784 60794
60854 60854 60854 60784 60794
60864 60864 60864 60864 60864
60864 60864 60864 60864 60864
60864 60864 60864 60864 60864
60754 60804 60804 60784 60804
60754 60764 60774 60784 60794
60754 60764 60774 60784 60814
60754 60764 60774 60784 60814
60754 60864 60864 60864 60864
60754 60864 60864 60864 60864
60754 60864 60864 60864 60864
60754 60764 60774 60784 60794
60754 60764 60774 60784 60814
60754 60764 60774 60784 60814
60754 60764 60774 60784 60794
60675 60725 60735 60745
60675 60725 60735 60745
60675 60725 60735 60745
60675 60725 60735 60745
60675 60725 60735 60745
60675 60725 60735 60745
60675 60725 60735 60745
60675 60725 60735 60745
60675 60725 60735 60745
60675 60725 60735 60745
60675 60725 60735 60745
60675 60725 60735 60745
60675 60725 60735 60745
60675 60725 60735 60745
60675 60725 60735 60745
60675 60725 60735 60745
60675 60725 60735 60745
60675 60725 60735 60745
60675 60725 60735 60745
60675 60725 60735 60745
60675 60725 60735 60745
60675 60725 60735 60745
60675 60725 60735 60745
60675 60725 60735 60745
60675 60725 60735 60745
60675 60725 60735 60745
60675 60725 60735 60745
60675 60725 60735 60745
60675 60725 60735 60745
60675 60725 60735 60745
60675 60725 60735 60745
60675 60725 60735 60745
60675 60725 60735 60745
60675 60725 60735 60745
60675 60725 60735 60745
60675 60725 60735 60745
60675 60725 60735 60745
60675 60725 60735 60745
60685 60685 60685 60685
60695 60695 60695 60695
60675 60725 60735 60745
60705 60705 60705 60705
60705 60705 60705 60705
60675 60725 60735 60745
60675 60725 60735 60745
60715 60715 60715 60715
60675 60725 60735 60745
60675 60725 60735 60745
60675 60725 60735 60745
60675 60725 60735 60745
