84571
84571
84571
84571
84571
84571
84571
84571
84571
84571
84571
84571
84571
84571
84571
84571
84571
84571
84571
84571
84571
84571
84571
84571
84571
84571
84571
84571
84571
84571
5792 5842 5852 5862
5792 5842 5852 5862
5792 5842 5852 5862
5792 5842 5852 5862
5792 5842 5852 5862
5792 5842 5852 5862
5792 5842 5852 5862
5792 5842 5852 5862
5792 5842 5852 5862
5792 5842 5852 5862
5792 5842 5852 5862
5792 5842 5852 5862
5792 5842 5852 5862
5792 5842 5852 5862
5792 5842 5852 5862
5792 5842 5852 5862
5792 5842 5852 5862
5792 5842 5852 5862
5792 5842 5852 5862
5792 5842 5852 5862
5792 5842 5852 5862
5792 5842 5852 5862
5792 5842 5852 5862
5792 5842 5852 5862
5792 5842 5852 5862
5792 5842 5852 5862
5792 5842 5852 5862
5792 5842 5852 5862
5792 5842 5852 5862
5792 5842 5852 5862
5792 5842 5852 5862
5792 5842 5852 5862
5792 5842 5852 5862
5792 5842 5852 5862
5792 5842 5852 5862
5792 5842 5852 5862
5792 5842 5852 5862
5792 5842 5852 5862
5802 5802 5802 5802
5812 5812 5812 5812
5792 5842 5852 5862
5822 5822 5822 5822
5822 5822 5822 5822
5792 5842 5852 5862
5792 5842 5852 5862
5832 5832 5832 5832
5792 5842 5852 5862
5792 5842 5852 5862
5792 5842 5852 5862
5792 5842 5852 5862
7803 7803 7803
7803 7803 7803
7803 7803 7803
7803 7803 7803
7803 7803 7803
7803 7803 7803
7803 7803 7803
7803 7803 7803
7803 7803 7803
7803 7803 7803
7803 7803 7803
7803 7803 7803
7803 7803 7803
7803 7803 7803
7803 7803 7803
7803 7803 7803
7803 7803 7803
7803 7803 7803
7803 7803 7803
7803 7803 7803
7803 7803 7803
7803 7803 7803
7803 7803 7803
7803 7803 7803
7803 7803 7803
7803 7803 7803
7803 7803 7803
7803 7803 7803
7803 7803 7803
7803 7803 7803
7803 7803 7803
7803 7803 7803
66664 66674 66684 66694 66704 66714 66724 66734
66664 66674 66684 66694 66704 66714 66724 66734
66664 66674 66684 66694 66704 66714 66724 66734
66664 66674 66684 66694 66704 66714 66724 66734
66664 66674 66684 66694 66704 66714 66724 66734
66664 66674 66684 66694 66704 66714 66724 66734
66664 66674 66684 66694 66704 66714 66724 66734
66664 66674 66684 66694 66704 66714 66724 66734
66664 66674 66684 66694 66704 66714 66724 66734
66664 66674 66684 66694 66704 66714 66724 66734
66664 66674 66684 66694 66704 66714 66724 66734
66664 66674 66684 66694 66704 66714 66724 66734
66664 66674 66684 66694 66704 66714 66724 66734
66664 66674 66684 66694 66704 66714 66724 66734
66664 66674 66684 66694 66704 66714 66724 66734
66664 66674 66684 66694 66704 66714 66724 66734
66664 66674 66684 66694 66704 66714 66724 66734
66664 66674 66684 66694 66704 66714 66724 66734
66664 66674 66684 66694 66704 66714 66724 66734
66664 66674 66684 66694 66704 66714 66724 66734
66664 66674 66684 66694 66704 66714 66724 66734
66664 66674 66684 66694 66704 66714 66724 66734
66664 66674 66684 66694 66704 66714 66724 66734
66664 66674 66684 66694 66704 66714 66724 66734
66664 66674 66684 66694 66704 66714 66724 66734
66664 66674 66684 66694 66704 66714 66724 66734
66664 66674 66684 66694 66704 66714 66724 66734
66664 66674 66684 66694 66704 66714 66724 66734
66664 66674 66684 66694 66704 66714 66724 66734
66664 66674 66684 66694 66704 66714 66724 66734
66664 66674 66684 66694 66704 66714 66724 66734
66664 66674 66684 66694 66704 66714 66724 66734
66664 66674 66684 66694 66704 66714 66724 66734
66664 66674 66684 66694 66704 66714 66724 66734
66664 66674 66684 66694 66704 66714 66724 66734
66664 66674 66684 66694 66704 66714 66724 66734
66664 66674 66684 66694 66704 66714 66724 66734
66664 66674 66684 66694 66704 66714 66724 66734
66664 66674 66684 66694 66704 66714 66724 66734
66664 66674 66684 66694 66704 66714 66724 66734
66664 66674 66684 66694 66704 66714 66724 66734
66664 66674 66684 66694 66704 66714 66724 66734
66664 66674 66684 66694 66704 66714 66724 66734
66664 66674 66684 66694 66704 66714 66724 66734
66664 66674 66684 66694 66704 66714 66724 66734
66664 66674 66684 66694 66704 66714 66724 66734
66664 66674 66684 66694 66704 66714 66724 66734
66664 66674 66684 66694 66704 66714 66724 66734
66664 66674 66684 66694 66704 66714 66724 66734
66664 66674 66684 66694 66704 66714 66724 66734
66664 66674 66684 66694 66704 66714 66724 66734
66664 66674 66684 66694 66704 66714 66724 66734
66664 66674 66684 66694 66704 66714 66724 66734
66664 66674 66684 66694 66704 66714 66724 66734
66664 66674 66684 66694 66704 66714 66724 66734
66664 66674 66684 66694 66704 66714 66724 66734
66664 66674 66684 66694 66704 66714 66724 66734
66664 66674 66684 66694 66704 66714 66724 66734
66664 66674 66684 66694 66704 66714 66724 66734
66664 66674 66684 66694 66704 66714 66724 66734
66664 66674 66684 66694 66704 66714 66724 66734
66664 66674 66684 66694 66704 66714 66724 66734
66664 66674 66684 66694 66704 66714 66724 66734
66664 66674 66684 66694 66704 66714 66724 66734
66664 66674 66684 66694 66704 66714 66724 66734
66664 66674 66684 66694 66704 66714 66724 66734
66664 66674 66684 66694 66704 66714 66724 66734
66664 66674 66684 66694 66704 66714 66724 66734
66664 66674 66684 66694 66704 66714 66724 66734
66664 66674 66684 66694 66704 66714 66724 66734
66664 66674 66684 66694 66704 66714 66724 66734
66664 66674 66684 66694 66704 66714 66724 66734
66664 66674 66684 66694 66704 66714 66724 66734
66664 66674 66684 66694 66704 66714 66724 66734
66664 66674 66684 66694 66704 66714 66724 66734
66664 66674 66684 66694 66704 66714 66724 66734
66664 66674 66684 66694 66704 66714 66724 66734
66664 66674 66684 66694 66704 66714 66724 66734
66664 66674 66684 66694 66704 66714 66724 66734
66664 66674 66684 66694 66704 66714 66724 66734
66664 66674 66684 66694 66704 66714 66724 66734
66664 66674 66684 66694 66704 66714 66724 66734
66664 66674 66684 66694 66704 66714 66724 66734
66664 66674 66684 66694 66704 66714 66724 66734
66664 66674 66684 66694 66704 66714 66724 66734
