38731
38731
38731
38731
38731
38731
38731
38731
38731
38731
38731
38731
38731
38731
38731
38731
38731
38731
38731
38731
38731
38731
38731
38731
38731
38731
38731
38731
38731
38731
2272
2272
2272
2272
2272
2272
2272
2272
2272
2272
2272
2272
2272
2272
2272
2272
2272
2272
2272
2272
2272
2272
2272
2272
2272
2272
2272
2272
2272
2272
2272
2272
2272
2272
2272
2272
2272
2272
2272
2272
2272
2272
2272
2272
2272
2272
2272
2272
2272
2272
2533
2533
2533
2533
2533
2533
2533
2533
2533
2533
2533
2533
2533
2533
2533
2533
2533
2533
2533
2533
2533
2533
2533
2533
2533
2533
2533
2533
2533
2533
2533
2533
31454 31464 31474 31484 31494 31504 31514
31454 31464 31474 31484 31494 31504 31514
31454 31464 31474 31484 31494 31504 31514
31454 31464 31474 31484 31494 31504 31514
31454 31464 31474 31484 31494 31504 31514
31454 31464 31474 31484 31494 31504 31514
31454 31464 31474 31484 31494 31504 31514
31454 31464 31474 31484 31494 31504 31514
31454 31464 31474 31484 31494 31504 31514
31454 31464 31474 31484 31494 31504 31514
31454 31464 31474 31484 31494 31504 31514
31454 31464 31474 31484 31494 31504 31514
31454 31464 31474 31484 31494 31504 31514
31454 31464 31474 31484 31494 31504 31514
31454 31464 31474 31484 31494 31504 31514
31454 31464 31474 31484 31494 31504 31514
31454 31464 31474 31484 31494 31504 31514
31454 31464 31474 31484 31494 31504 31514
31454 31464 31474 31484 31494 31504 31514
31454 31464 31474 31484 31494 31504 31514
31454 31464 31474 31484 31494 31504 31514
31454 31464 31474 31484 31494 31504 31514
31454 31464 31474 31484 31494 31504 31514
31454 31464 31474 31484 31494 31504 31514
31454 31464 31474 31484 31494 31504 31514
31454 31464 31474 31484 31494 31504 31514
31454 31464 31474 31484 31494 31504 31514
31454 31464 31474 31484 31494 31504 31514
31454 31464 31474 31484 31494 31504 31514
31454 31464 31474 31484 31494 31504 31514
31454 31464 31474 31484 31494 31504 31514
31454 31464 31474 31484 31494 31504 31514
31454 31464 31474 31484 31494 31504 31514
31454 31464 31474 31484 31494 31504 31514
31454 31464 31474 31484 31494 31504 31514
31454 31464 31474 31484 31494 31504 31514
31454 31464 31474 31484 31494 31504 31514
31454 31464 31474 31484 31494 31504 31514
31454 31464 31474 31484 31494 31504 31514
31454 31464 31474 31484 31494 31504 31514
31454 31464 31474 31484 31494 31504 31514
31454 31464 31474 31484 31494 31504 31514
31454 31464 31474 31484 31494 31504 31514
31454 31464 31474 31484 31494 31504 31514
31454 31464 31474 31484 31494 31504 31514
31454 31464 31474 31484 31494 31504 31514
31454 31464 31474 31484 31494 31504 31514
31454 31464 31474 31484 31494 31504 31514
31454 31464 31474 31484 31494 31504 31514
31454 31464 31474 31484 31494 31504 31514
31454 31464 31474 31484 31494 31504 31514
31454 31464 31474 31484 31494 31504 31514
31454 31464 31474 31484 31494 31504 31514
31454 31464 31474 31484 31494 31504 31514
31454 31464 31474 31484 31494 31504 31514
31454 31464 31474 31484 31494 31504 31514
31454 31464 31474 31484 31494 31504 31514
31454 31464 31474 31484 31494 31504 31514
31454 31464 31474 31484 31494 31504 31514
31454 31464 31474 31484 31494 31504 31514
31454 31464 31474 31484 31494 31504 31514
31454 31464 31474 31484 31494 31504 31514
31454 31464 31474 31484 31494 31504 31514
31454 31464 31474 31484 31494 31504 31514
31454 31464 31474 31484 31494 31504 31514
31454 31464 31474 31484 31494 31504 31514
31454 31464 31474 31484 31494 31504 31514
31454 31464 31474 31484 31494 31504 31514
31454 31464 31474 31484 31494 31504 31514
31454 31464 31474 31484 31494 31504 31514
31454 31464 31474 31484 31494 31504 31514
31454 31464 31474 31484 31494 31504 31514
31454 31464 31474 31484 31494 31504 31514
31454 31464 31474 31484 31494 31504 31514
31454 31464 31474 31484 31494 31504 31514
31454 31464 31474 31484 31494 31504 31514
31454 31464 31474 31484 31494 31504 31514
31454 31464 31474 31484 31494 31504 31514
31454 31464 31474 31484 31494 31504 31514
31454 31464 31474 31484 31494 31504 31514
31454 31464 31474 31484 31494 31504 31514
31454 31464 31474 31484 31494 31504 31514
31454 31464 31474 31484 31494 31504 31514
31454 31464 31474 31484 31494 31504 31514
31454 31464 31474 31484 31494 31504 31514
