84631
84631
84631
84631
84631
84631
84631
84631
84631
84631
84631
84631
84631
84631
84631
84631
84631
84631
84631
84631
84631
84631
84631
84631
84631
84631
84631
84631
84631
84631
7862 7862 7862
7862 7862 7862
7862 7862 7862
7862 7862 7862
7862 7862 7862
7862 7862 7862
7862 7862 7862
7862 7862 7862
7862 7862 7862
7862 7862 7862
7862 7862 7862
7862 7862 7862
7862 7862 7862
7862 7862 7862
7862 7862 7862
7862 7862 7862
7862 7862 7862
7862 7862 7862
7862 7862 7862
7862 7862 7862
7862 7862 7862
7862 7862 7862
7862 7862 7862
7862 7862 7862
7862 7862 7862
7862 7862 7862
7862 7862 7862
7862 7862 7862
7862 7862 7862
7862 7862 7862
7862 7862 7862
7862 7862 7862
22533 22543 22553 22563 22573
22533 22543 22553 22563 22573
22533 22543 22553 22563 22573
22533 22543 22553 22563 22573
22533 22543 22553 22563 22573
22533 22543 22553 22563 22573
22533 22543 22553 22563 22573
22533 22543 22553 22563 22573
22533 22543 22553 22563 22573
22533 22543 22553 22563 22573
22533 22543 22553 22563 22573
22533 22543 22553 22563 22573
22533 22543 22553 22563 22573
22533 22543 22553 22563 22573
22533 22543 22553 22563 22573
22533 22543 22553 22563 22573
22533 22543 22553 22563 22573
22533 22543 22553 22563 22573
22533 22543 22553 22563 22573
22533 22543 22553 22563 22573
22533 22543 22553 22563 22573
22533 22543 22553 22563 22573
22533 22543 22553 22563 22573
22533 22543 22553 22563 22573
22533 22543 22553 22563 22573
22533 22543 22553 22563 22573
22533 22543 22553 22563 22573
22533 22543 22553 22563 22573
22533 22543 22553 22563 22573
22533 22543 22553 22563 22573
22533 22543 22553 22563 22573
22533 22543 22553 22563 22573
22533 22543 22553 22563 22573
22533 22543 22553 22563 22573
22533 22543 22553 22563 22573
22533 22543 22553 22563 22573
22533 22543 22553 22563 22573
22533 22543 22553 22563 22573
22533 22543 22553 22563 22573
22533 22543 22553 22563 22573
22533 22543 22553 22563 22573
22533 22543 22553 22563 22573
22533 22543 22553 22563 22573
22533 22543 22553 22563 22573
22533 22543 22553 22563 22573
22533 22543 22553 22563 22573
22533 22543 22553 22563 22573
22533 22543 22553 22563 22573
22533 22543 22553 22563 22573
22533 22543 22583 22583 22583 22583
22533 22543 22583 22583 22583 22583
22533 22543 22583 22583 22583 22583
22533 22543 35073 35073 35073 35073
22533 22543 35073 35073 35073 35073
22533 22543 35073 35073 35073 35073
22533 22543 22593 22593 22593 22593
22533 22543 22593 22593 22593 22593
22533 22543 35083 35083 35083 35083
22533 22543 35083 35083 35083 35083
22533 22543 22553 22563 22573
22533 22543 22553 22563 22573
22533 22543 22553 22563 22573
22533 22543 22553 22563 22573
22533 22543 22553 22563 22573
22533 22543 22553 22563 22573
22533 22543 22553 22563 22573
22533 22543 22553 22563 22573
22533 22543 22553 22563 22573
22533 22543 22553 22563 22573
22533 22543 22553 22563 22573
22533 22543 22553 22563 22573
22533 22543 22553 22563 22573
64534
64534
64534
64534
64534
64534
64534
64534
64534
64534
64534
64534
64534
64534
64534
64534
64534
64534
64534
64534
64534
64534
64534
64534
64534
64534
64534
64534
