38791
38791
38791
38791
38791
38791
38791
38791
38791
38791
38791
38791
38791
38791
38791
38791
38791
38791
38791
38791
38791
38791
38791
38791
38791
38791
38791
38791
38791
38791
2592
2592
2592
2592
2592
2592
2592
2592
2592
2592
2592
2592
2592
2592
2592
2592
2592
2592
2592
2592
2592
2592
2592
2592
2592
2592
2592
2592
2592
2592
2592
2592
9153 9163 9173 9183 9193 9203 9213
9153 9163 9173 9183 9193 9203 9213
9153 9163 9173 9183 9193 9203 9213
9153 9163 9173 9183 9193 9203 9213
9153 9163 9173 9183 9193 9203 9213
9153 9163 9173 9183 9193 9203 9213
9153 9163 9173 9183 9193 9203 9213
9153 9163 9173 9183 9193 9203 9213
9153 9163 9173 9183 9193 9203 9213
9153 9163 9173 9183 9193 9203 9213
9153 9163 9173 9183 9193 9203 9213
9153 9163 9173 9183 9193 9203 9213
9153 9163 9173 9183 9193 9203 9213
9153 9163 9173 9183 9193 9203 9213
9153 9163 9173 9183 9193 9203 9213
9153 9163 9173 9183 9193 9203 9213
9153 9163 9173 9183 9193 9203 9213
9153 9163 9173 9183 9193 9203 9213
9153 9163 9173 9183 9193 9203 9213
9153 9163 9173 9183 9193 9203 9213
9153 9163 9173 9183 9193 9203 9213
9153 9163 9173 9183 9193 9203 9213
9153 9163 9173 9183 9193 9203 9213
9153 9163 9173 9183 9193 9203 9213
9153 9163 9173 9183 9193 9203 9213
9153 9163 9173 9183 9193 9203 9213
9153 9163 9173 9183 9193 9203 9213
9153 9163 9173 9183 9193 9203 9213
9153 9163 9173 9183 9193 9203 9213
9153 9163 9173 9183 9193 9203 9213
9153 9163 9173 9183 9193 9203 9213
9153 9163 9173 9183 9193 9203 9213
9153 9163 9173 9183 9193 9203 9213
9153 15683 9173 15683 15683 15683 9213
9153 15683 9173 15683 15683 15683 9213
9153 15683 9173 15683 15683 15683 9213
9153 15683 9173 15683 15683 15683 9213
9153 15683 9173 15683 15683 15683 9213
9153 15683 9173 15683 15683 15683 9213
9153 9163 9173 9183 9193 9203 9213
9153 9163 9173 9183 9193 9203 9213
9153 9163 9173 9183 9193 9203 9213
9153 9163 9173 9183 9193 9203 9213
9153 9163 9173 9183 9193 9203 9213
9153 9163 9173 9183 9193 9203 9213
9153 9163 9173 9183 9193 9203 9213
9153 9163 9173 9183 9193 9203 9213
9153 9163 9173 9183 9193 9203 9213
9153 9163 9173 9183 9193 9203 9213
9153 9163 9173 9183 9193 9203 9213
9153 9163 9173 9183 9193 9203 9213
9153 9163 9173 9183 9193 9203 9213
9153 9163 9173 9183 9193 9203 9213
9153 9163 9173 9183 9193 9203 9213
9153 9163 9173 9183 9193 9203 9213
9153 9163 9173 9183 9193 9203 9213
9153 9163 9173 9183 9193 9203 9213
9153 9163 9173 9183 9193 9203 9213
9153 9163 9173 9183 9193 9203 9213
9153 9163 9173 9183 9193 9203 9213
9153 9163 9173 9183 9193 9203 9213
9153 9163 9173 9183 9193 9203 9213
9153 9163 9173 9183 9193 9203 9213
9153 9163 9173 9183 9193 9203 9213
9153 9163 9173 9183 9193 9203 9213
9153 9163 9173 9183 9193 9203 9213
9153 9163 9173 9183 9193 9203 9213
9153 9163 9173 9183 9193 9203 9213
9153 9163 9173 9183 9193 9203 9213
9153 9163 9173 9183 9193 9203 9213
9153 9163 9173 9183 9193 9203 9213
9153 9163 9173 9183 9193 9203 9213
30824
30824
30824
30824
30824
30824
30824
30824
30824
30824
30824
30824
30824
30824
30824
30824
30824
30824
30824
30824
30824
30824
30824
30824
30824
30824
30824
30824
