0
0
0
0
0
0
0
0
0
0
0
0
0
0
0
0
0
0
0
0
0
0
0
0
0
0
0
0
0
0
0
0
0
0
0
0
0
1
1
1
1
1
1
1
4
4
4
4
4
4
9
9
9
14
14
14
7
7
7
12
12
12
32
32
32
28
28
28
35
35
35
0
0
0
0
0
0
0
0
0
0
0
0
0
0
0
0
0
0
0
0
0
0
0
0
0
0
0
0
0
0
0
0
0
0
0
0
0
0
0
0
0
0
0
0
0
0
0
0
0
0
0
0
0
0
0
0
0
0
0
0
0
0
0
0
0
0
0
0
0
0
0
0
0
0
0
0
0
0
0
3
3
3
4
4
4
55
65
41
46
75
75
8
8
8
44
64
64
10
10
10
42
63
63
63
78
74
25
25
36
36
36
49
59
39
39
39
56
83
83
44
44
44
63
63
63
78
84
84
67
67
67
80
80
80
76
76
76
82
82
88
88
71
71
71
84
84
77
86
86
86
73
73
73
84
84
76
76
79
79
53
53
0
0
0
0
0
