61581
61581
61581
61581
61581
61581
61581
61581
61581
61581
61581
61581
61581
61581
61581
61581
61581
61581
61581
61581
61581
61581
61581
61581
61581
61581
61581
61581
61581
61581
372 382 392 402 412
372 382 392 402 412
372 382 392 402 412
372 382 392 402 412
372 382 392 402 412
372 382 392 402 412
372 382 392 402 412
372 382 392 402 412
372 382 392 402 412
372 382 392 402 412
372 382 392 402 412
372 382 392 402 412
372 382 392 402 412
372 382 392 402 412
372 382 392 402 412
33502 33502 392 33502 412
33502 33502 392 33502 412
33502 33502 392 33502 412
372 382 392 402 412
372 382 392 402 412
372 382 392 402 412
372 382 392 402 412
372 382 392 402 412
372 382 392 402 412
372 382 392 402 412
372 382 392 402 412
372 382 392 402 412
372 382 392 402 412
372 382 392 402 412
372 382 392 402 412
372 382 392 402 412
372 382 392 402 412
372 382 392 402 412
372 382 392 402 412
372 382 392 402 412
372 382 392 402 412
372 382 392 402 412
372 382 392 402 412
372 382 392 402 412
372 382 392 402 412
372 382 392 402 412
372 382 392 402 412
372 382 392 402 412
372 382 392 402 412
372 382 392 402 412
372 382 392 402 412
372 382 392 402 412
902 902 902 902 902
372 382 392 402 412
912 912 912 912 912
922 922 922 922 922
932 932 932 932 932
932 932 932 932 932
932 932 932 932 932
372 382 392 402 412
372 382 392 402 412
372 382 392 402 412
942 942 942 942 942
372 382 392 402 412
372 382 392 402 412
372 382 33512 402 412
372 382 33512 402 412
372 382 33512 402 412
372 382 392 402 412
372 382 392 402 412
372 382 392 402 412
573 803 813 823 833 843 853
573 803 813 823 833 843 853
573 803 813 823 833 843 853
573 803 813 823 833 843 853
573 803 813 823 833 843 853
573 803 813 823 833 843 853
573 803 813 823 833 843 853
573 803 813 823 833 843 853
573 803 813 823 833 843 853
573 803 813 823 833 843 853
573 803 813 823 833 843 853
573 803 813 823 833 843 853
573 803 813 823 833 843 853
573 803 813 823 833 843 853
573 803 813 823 833 843 853
573 803 813 823 833 843 853
573 803 813 823 33163 843 853
573 803 813 823 33163 843 853
573 803 813 823 833 843 853
573 803 813 823 833 843 853
573 803 813 823 833 843 853
573 803 813 823 833 843 853
573 803 813 823 833 843 853
573 803 813 823 833 843 853
573 803 813 823 833 843 853
573 803 813 823 833 843 853
573 803 813 823 833 843 853
573 803 813 823 833 843 853
573 803 813 823 833 843 853
573 803 813 823 833 843 853
573 803 813 823 833 843 853
573 803 813 823 833 843 853
573 803 813 823 833 843 853
573 803 813 823 833 843 853
573 803 813 823 833 843 853
573 803 813 823 833 843 853
573 803 813 823 833 843 853
573 803 813 823 833 843 853
573 803 813 823 833 843 853
573 803 813 823 833 843 853
573 803 813 823 833 843 853
573 803 813 823 833 843 853
573 803 813 823 833 843 853
573 803 813 823 833 843 853
573 803 813 823 833 843 853
763 763 763 763 763 763 763
773 773 773 773 773 773 773
573 803 813 823 833 843 853
783 783 783 783 33163 783 783
783 783 783 783 783 783 783
573 803 813 823 833 843 853
573 803 813 823 833 843 853
573 803 813 823 833 843 853
573 803 813 823 833 843 853
573 803 813 823 833 843 853
793 793 793 793 793 793 793
793 793 793 793 793 793 793
793 793 793 793 793 793 793
573 803 813 823 833 843 853
573 803 813 823 833 843 853
573 803 813 823 833 843 853
573 803 813 823 833 843 853
573 803 813 823 833 843 853
573 803 813 823 833 843 853
573 803 813 823 833 843 853
573 803 813 823 833 843 853
573 803 813 823 833 843 853
3514 3514 3514
3514 3514 3514
3514 3514 3514
3514 3514 3514
3514 3514 3514
3514 3514 3514
3514 3514 3514
3514 3514 3514
3514 3514 3514
3514 3514 3514
3514 3514 3514
3514 3514 3514
3514 3514 3514
3514 3514 3514
3514 3514 3514
3514 3514 3514
3514 3514 3514
3514 3514 3514
3514 3514 3514
3514 3514 3514
3514 3514 3514
3514 3514 3514
3514 3514 3514
3514 3514 3514
3514 3514 3514
3514 3514 3514
3514 3514 3514
3514 3514 3514
3514 3514 3514
3514 3514 3514
3514 3514 3514
3514 3514 3514
4095 4115 4125 4135 4145
4095 4115 4125 4135 4145
4095 4115 4125 4135 4145
4095 4115 4125 4135 4145
4095 4115 4125 4135 4145
4095 4115 4125 4135 4145
4095 4115 4125 4135 4145
4095 4115 4125 4135 4145
4095 4115 4125 4135 4145
4095 4115 4125 4135 4145
4095 4115 4125 4135 4145
4095 4115 4125 4135 4145
4095 4115 4125 4135 4145
4095 4115 4125 4135 4145
4095 4115 4125 4135 4145
4095 4115 4125 4135 33595
4095 4115 4125 4135 33595
4095 4115 4125 4135 33595
4095 4115 4125 4135 4145
4095 4115 4125 4135 4145
4095 4115 4125 4135 4145
4095 4115 4125 4135 4145
4095 4115 4125 4135 4145
4095 4115 4125 4135 4145
4095 4115 4125 4135 4145
4095 4115 4125 4135 4145
4095 4115 4125 4135 4145
4095 4115 4125 4135 4145
4095 4115 4125 4135 4145
4095 4115 4125 4135 4145
4095 4115 4125 4135 4145
4095 4115 4125 4135 4145
4095 4115 4125 4135 4145
4095 4115 4125 4135 4145
4095 4115 4125 4135 4145
4095 4115 4125 4135 4145
4095 4115 4125 4135 4145
4095 4115 4125 4135 4145
4095 4115 4125 4135 4145
4095 4115 4125 4135 4145
4095 4115 4125 4135 4145
4095 4115 4125 4135 4145
4095 4115 4125 4135 4145
4095 4115 4125 4135 4145
4095 4115 4125 4135 4145
4095 4115 4125 4135 4145
4095 4115 4125 4135 4145
4105 4105 4105 4135 4145
4095 4115 4125 4135 4145
4095 4115 4125 4135 4145
4095 4115 4125 4135 4145
4095 4115 4125 4135 4145
4095 4115 4125 4135 4145
4095 4115 4125 4135 4145
4095 4115 4125 4135 4145
4095 4115 4125 4135 4145
4095 4175 4125 4135 4145
4095 4115 4125 4135 4145
4095 4115 4125 4135 4145
4185 4185 4185 4135 4145
4095 4115 4125 4135 4145
4095 4115 4125 4135 4145
28315 28315 28315 4135 4145
28325 28325 28325 28325 28325
28325 28325 28325 28325 28325
28325 28325 28325 28325 28325
4095 4115 4125 4135 4145
