29361
29361
29361
29361
29361
29361
29361
29361
29361
29361
29361
29361
29361
29361
29361
29361
29361
29361
29361
29361
29361
29361
29361
29361
29361
29361
29361
29361
29361
29361
122 132 142 152 162 172
122 132 142 152 162 172
122 132 142 152 162 172
122 132 142 152 162 172
122 132 142 152 162 172
122 132 142 152 162 172
122 132 142 152 162 172
122 132 142 152 162 172
122 132 142 152 162 172
122 132 142 152 162 172
122 132 142 152 162 172
122 132 142 152 162 172
122 132 142 152 162 172
122 132 142 152 162 172
122 132 142 152 162 172
122 132 142 152 162 172
122 132 142 152 162 172
122 132 142 152 162 172
122 132 142 152 162 172
122 132 142 152 162 172
122 132 142 152 162 172
122 132 142 152 162 172
122 132 142 152 162 172
122 132 142 152 162 172
122 132 142 152 162 172
122 132 142 152 162 172
122 132 142 152 162 172
122 132 142 152 162 172
122 132 142 152 162 172
122 132 142 152 162 172
122 132 142 152 162 172
122 132 142 152 162 172
122 132 142 152 162 172
122 132 142 152 162 172
122 132 142 152 162 172
122 132 142 152 162 172
122 132 142 152 162 172
122 132 142 152 162 172
122 132 142 152 162 172
122 132 142 152 162 172
122 132 142 152 162 172
122 132 142 152 162 172
122 132 142 152 162 172
122 132 142 152 162 172
122 132 142 152 162 172
122 132 142 152 162 172
122 132 142 152 162 172
122 132 142 152 162 172
122 132 142 152 162 172
122 132 142 152 162 172
122 132 142 152 162 172
122 132 142 152 162 172
122 132 142 152 162 172
122 132 142 152 162 172
122 132 142 152 162 172
122 132 142 152 162 172
122 132 142 152 162 172
122 132 142 152 162 172
122 132 142 152 162 172
122 132 142 152 162 172
122 132 142 152 162 172
122 132 142 152 162 172
122 132 142 152 162 172
122 132 142 152 162 172
122 132 142 152 162 172
122 132 142 152 162 172
183 12063 12073 12083 12093 12103 12113
183 12063 12073 12083 12093 12103 12113
183 12063 12073 12083 12093 12103 12113
183 12063 12073 12083 12093 12103 12113
183 12063 12073 12083 12093 12103 12113
183 12063 12073 12083 12093 12103 12113
183 12063 12073 12083 12093 12103 12113
183 12063 12073 12083 12093 12103 12113
183 12063 12073 12083 12093 12103 12113
183 12063 12073 12083 12093 12103 12113
183 12063 12073 12083 12093 12103 12113
183 12063 12073 12083 12093 12103 12113
183 12063 12073 12083 12093 12103 12113
183 12063 12073 12083 12093 12103 12113
183 12063 12073 12083 12093 12103 12113
183 12063 12073 12083 12093 12103 12113
183 12063 12073 12083 12093 12103 12113
183 12063 12073 12083 12093 12103 12113
183 12063 12073 12083 12093 12103 12113
183 12063 12073 12083 12093 12103 12113
183 12063 12073 12083 12093 12103 12113
183 12063 12073 12083 12093 12103 12113
183 12063 12073 12083 12093 12103 12113
183 12063 12073 12083 12093 12103 12113
183 12063 12073 12083 12093 12103 12113
183 12063 12073 12083 12093 12103 12113
183 12063 12073 12083 12093 12103 12113
183 12063 12073 12083 12093 12103 12113
183 12063 12073 12083 12093 12103 12113
183 12063 12073 12083 12093 12103 12113
183 12063 12073 12083 12093 12103 12113
183 12063 12073 12083 12093 12103 12113
183 12063 12073 12083 12093 12103 12113
183 12063 12073 12083 12093 12103 12113
183 12063 12073 12083 12093 12103 12113
183 12063 12073 12083 12093 12103 12113
183 12063 12073 12083 12093 12103 12113
183 12063 12073 12083 12093 12103 12113
183 12063 12073 12083 12093 12103 12113
183 12063 12073 12083 12093 12103 12113
183 12063 12073 12083 12093 12103 12113
183 12063 12073 12083 12093 12103 12113
183 12063 12073 12083 12093 12103 12113
183 12063 12073 12083 12093 12103 12113
183 12063 12073 12083 12093 12103 12113
183 12063 12073 12083 12093 12103 12113
183 12063 12073 12083 12093 12103 12113
183 12063 12073 12083 12093 12103 12113
183 12063 12073 12083 12093 12103 12113
183 12063 12073 12083 12093 12103 12113
183 12063 12073 12083 12093 12103 12113
183 12063 12073 12083 12093 12103 12113
183 12063 12073 12083 12093 12103 12113
183 12063 12073 12083 12093 12103 12113
183 12063 12073 12083 12093 12103 12113
183 12063 12073 12083 12093 12103 12113
183 12063 12073 12083 12093 12103 12113
183 12063 12073 12083 12093 12103 12113
183 12063 12073 12083 12093 12103 12113
183 12063 12073 12083 12093 12103 12113
183 12063 12073 12083 12093 12103 12113
183 12063 12073 12083 12093 12103 12113
183 12063 12073 12083 12093 12103 12113
183 12063 12073 12083 12093 12103 12113
183 12063 12073 12083 12093 12103 12113
183 12063 12073 12083 12093 12103 12113
183 12063 12073 12083 12093 12103 12113
1234
1234
1234
1234
1234
1234
1234
1234
1234
1234
1234
1234
1234
1234
1234
1234
1234
1234
1234
1234
1234
1234
1234
1234
1234
1234
1234
1234
1234
1234
1234
1234
1415 1425 1435 1445 1465 1455
1415 1425 1435 1445 1465 1455
1415 1425 1435 1445 1465 1455
1415 1425 1435 1445 1465 1455
1415 1425 1435 1445 1465 1455
1415 1425 1435 1445 1465 1455
1415 1425 1435 1445 1465 1455
1415 1425 1435 1445 1465 1455
1415 1425 1435 1445 1465 1455
1415 1425 1435 1445 1465 1455
1415 1425 1435 1445 1465 1455
1415 1425 1435 1445 1465 1455
1415 1425 1435 1445 1465 1455
1415 1425 1435 1445 1465 1455
1415 1425 1435 1445 1465 1455
1415 1425 1435 1445 1465 1455
1415 1425 1435 1445 1465 1455
1415 1425 1435 1445 1465 1455
1415 1425 1435 1445 1465 1455
1415 1425 1435 1445 1465 1455
1415 1425 1435 1445 1465 1455
1415 1425 1435 1445 1465 1455
1415 1425 1435 1445 1465 1455
1415 1425 1435 1445 1465 1455
1415 1425 1435 1445 1465 1455
1415 1425 1435 1445 1465 1455
1415 1425 1435 1445 1465 1455
1415 1425 1435 1445 1465 1455
1415 1425 1435 1445 1465 1455
1415 1425 1435 1445 1465 1455
1415 1425 1435 1445 1465 1455
1415 1425 1435 1445 1465 1455
1415 1425 1435 1445 1465 1455
1415 1425 1435 1445 1465 1455
1415 1425 1435 1445 1465 1455
1415 1425 1435 1445 1465 1455
1415 1425 1435 1445 1465 1455
1415 1425 1435 1445 1465 1455
1415 1425 1435 1445 1465 1455
1415 1425 1435 1445 1465 1455
1415 1425 1435 1445 1465 1455
1415 1425 1435 1445 1465 1455
1415 1425 1435 1445 1465 1455
1415 1425 1435 1445 1465 1455
1415 1425 1435 1445 1465 1455
1415 1425 1435 1445 1465 1455
1415 1425 1435 1445 1465 1455
1415 1425 1435 1445 1465 1455
1415 1425 1435 1445 1465 1455
1415 1425 1435 1445 1465 1455
1415 1425 1435 1445 1465 1455
1415 1425 1435 1445 1465 1455
1415 1425 1435 1445 1465 1455
1415 1425 1435 1445 1465 1455
1415 1425 1435 1445 1465 1455
1415 1425 1435 1445 1465 1455
1415 1425 1435 1445 1465 1455
1415 1425 1435 1445 1465 1455
1415 1425 1435 1445 1465 1455
1415 1425 1435 1445 1465 1455
1415 1425 1435 1445 1465 1455
1415 1425 1435 1445 1465 1455
1415 1425 1435 1445 1465 1455
1415 1425 1435 1445 1465 1455
1415 1425 1435 1445 1465 1455
1415 1425 1435 1445 1465 1455
1415 1425 1435 1445 1465 1455
