38791
38791
38791
38791
38791
38791
38791
38791
38791
38791
38791
38791
38791
38791
38791
38791
38791
38791
38791
38791
38791
38791
38791
38791
38791
38791
38791
38791
38791
38791
11332 11342 11352 11362 11372 11382 11392 14242
11332 11342 11352 11362 11372 11382 11392 14242
11332 11342 11352 11362 11372 11382 11392 14242
11332 11342 11352 11362 11372 11382 11392 14242
11332 11342 11352 11362 11372 11382 11392 14242
11332 11342 11352 11362 11372 11382 11392 14242
11332 11342 11352 11362 11372 11382 11392 14242
11332 11342 11352 11362 11372 11382 11392 14242
11332 11342 11352 11362 11372 11382 11392 14242
11332 11342 11352 11362 11372 11382 11392 14242
11332 11342 11352 11362 11372 11382 11392 14242
11332 11342 11352 11362 11372 11382 11392 14242
11332 11342 11352 11362 11372 11382 11392 14242
11332 11342 11352 11362 11372 11382 11392 14242
11332 11342 11352 11362 11372 11382 11392 14242
11332 11342 11352 11362 11372 11382 11392 14242
11332 11342 11352 11362 11372 11382 11392 14242
11332 11342 11352 11362 11372 11382 11392 14242
11332 11342 11352 11362 11372 11382 11392 14242
11332 11342 11352 11362 11372 11382 11392 14242
11332 11342 11352 11362 11372 11382 11392 14242
11332 11342 11352 11362 11372 11382 11392 14242
11332 11342 11352 11362 11372 11382 11392 14242
11332 11342 11352 11362 11372 11382 11392 14242
11332 11342 11352 11362 11372 11382 11392 14242
11332 11342 11352 11362 11372 11382 11392 14242
11332 11342 11352 11362 11372 11382 11392 14242
11332 11342 11352 11362 11372 11382 11392 14242
11332 11342 11352 11362 11372 11382 11392 14242
11332 11342 11352 11362 11372 11382 11392 14242
11332 11342 11352 11362 11372 11382 11392 14242
11332 11342 11352 11362 11372 11382 11392 14242
11332 11342 11352 11362 11372 11382 11392 14242
11332 11342 11352 11362 11372 11382 11392 14242
11332 11342 11352 11362 11372 11382 11392 14242
11332 11342 11352 11362 11372 11382 11392 14242
11332 11342 11352 11362 11372 11382 11392 14242
11332 11342 11352 11362 11372 11382 11392 14242
11332 11342 11352 11362 11372 11382 11392 14242
11332 11342 11352 11362 11372 11382 11392 14242
11332 11342 11352 11362 11372 11382 11392 14242
11332 11342 11352 11362 11372 11382 11392 14242
11332 11342 11352 11362 11372 11382 11392 14242
11332 11342 11352 11362 11372 11382 11392 14242
11332 11342 11352 11362 11372 11382 11392 14242
11332 11342 11352 11362 11372 11382 11392 14242
11332 11342 11352 11362 11372 11382 11392 14242
11332 11342 11352 11362 11372 11382 11392 14242
11332 11342 11352 11362 11372 11382 11392 14242
11332 11342 11352 11362 11372 11382 11392 14242
11332 11342 11352 11362 11372 11382 11392 14242
11332 11342 11352 11362 11372 11382 11392 14242
11332 11342 11352 11362 11372 11382 11392 14242
11332 11342 11352 11362 11372 11382 11392 14242
11332 11342 11352 11362 11372 11382 11392 14242
11332 11342 11352 11362 11372 11382 11392 14242
11332 11342 11352 11362 11372 11382 11392 14242
11332 11342 11352 11362 11372 11382 11392 14242
11332 11342 11352 11362 11372 11382 11392 14242
11332 11342 11352 11362 11372 11382 11392 14242
11332 11342 11352 11362 11372 11382 11392 14242
