84631
84631
84631
84631
84631
84631
84631
84631
84631
84631
84631
84631
84631
84631
84631
84631
84631
84631
84631
84631
84631
84631
84631
84631
84631
84631
84631
84631
84631
84631
27352 27362 27372 27382 27392
27352 27362 27372 27382 27392
27352 27362 34622 27382 34622
27352 27362 34622 27382 34622
27352 27362 34622 27382 34622
27352 27362 34622 27382 34622
27352 27362 27372 27382 27392
27352 27362 27372 27382 27392
27352 27362 27372 27382 27392
27352 27362 27372 27382 27392
27352 27362 27372 27382 27392
27352 27362 27372 27382 27392
27352 27362 27372 27382 27392
27352 27362 34622 27382 34622
27352 27362 34622 27382 34622
27352 27362 34622 27382 34622
27352 27362 34622 27382 34622
27352 27362 27372 27382 27392
27352 27362 27372 27382 27392
27352 27362 27372 27382 27392
27352 27362 27372 27382 27392
27352 27362 27372 27382 27392
27352 27362 27372 27382 27392
27352 27362 27372 27382 27392
27352 27362 27372 27382 27392
27352 27362 27372 27382 27392
27352 27362 27372 27382 27392
27352 27362 27372 27382 27392
27352 27362 27372 27382 27392
27352 27362 27372 27382 27392
27352 27362 27372 27382 27392
27352 27362 27372 27382 27392
27352 27362 27372 27382 27392
27352 27362 27372 27382 27392
27352 27362 27372 27382 27392
27352 27362 27372 27382 27392
27352 27362 27372 27382 27392
27402 27402 27402 27382 27402
27412 27362 27412 27412 27392
27352 27362 27372 27382 27392
27422 27362 27422 27422 27392
27422 27362 27422 27422 27392
27432 27362 27432 27432 27392
27432 27362 27432 27432 27392
27442 27362 27442 27442 27392
27452 27362 27452 27452 27392
27462 27362 27462 27382 27392
27472 27362 27472 27382 27392
27482 27362 27482 27382 27392
27492 27492 27492 27492 27492
27492 27492 27492 27492 27492
27492 27492 27492 27492 27492
27502 27502 27502 27502 27502
27502 27502 27502 27502 27502
27502 27502 27502 27502 27502
27352 27362 27372 27382 27392
27512 27512 27512 27512 27512
27512 27512 27512 27512 27512
27352 27362 27372 27382 27392
27522 27362 27522 27382 27392
27352 27362 27372 27382 27392
