84601
84601
84601
84601
84601
84601
84601
84601
84601
84601
84601
84601
84601
84601
84601
84601
84601
84601
84601
84601
84601
84601
84601
84601
84601
84601
84601
84601
84601
84601
19422 19432 19442 19452 19462 19472 19482 19492
19422 19432 19442 19452 19462 19472 19482 19492
19422 19432 19442 19452 19462 19472 19482 19492
19422 19432 19442 19452 19462 19472 19482 19492
19422 19432 19442 19452 19462 19472 19482 19492
19422 19432 19442 19452 19462 19472 19482 19492
19422 19432 19442 19452 19462 19472 19482 19492
19422 19432 19442 19452 19462 19472 19482 19492
19422 19432 19442 19452 19462 19472 19482 19492
19422 19432 19442 19452 19462 19472 19482 19492
19422 19432 19442 19452 19462 19472 19482 19492
19422 19432 19442 19452 19462 19472 19482 19492
19422 19432 19442 19452 19462 19472 19482 19492
19422 19432 19442 19452 19462 19472 19482 19492
19422 19432 19442 19452 19462 19472 19482 19492
19422 19432 19442 34192 34192 34192 19482 19492
19422 19432 19442 34192 34192 34192 19482 19492
19422 19432 19442 34192 34192 34192 19482 19492
19422 19432 19442 19452 19462 19472 19482 19492
19422 19432 19442 19452 19462 19472 19482 19492
19422 19432 19442 19452 19462 19472 19482 19492
19422 19432 19442 19452 19462 19472 19482 19492
19422 19432 19442 19452 19462 19472 19482 19492
19422 19432 19442 19452 19462 19472 19482 19492
19422 19432 19442 19452 19462 19472 19482 19492
19422 19432 19442 19452 19462 19472 19482 19492
19422 19432 19442 19452 19462 19472 19482 19492
19422 19432 19442 19452 19462 19472 19482 19492
19422 19432 19442 19452 19462 19472 19482 19492
19422 19432 19442 19452 19462 19472 19482 19492
19422 19432 19442 19452 19462 19472 19482 19492
19422 19432 19442 19452 19462 19472 19482 19492
19422 19432 19442 19452 19462 19472 19482 19492
19422 19432 19442 19452 19462 19472 19482 19492
19422 19432 19442 19452 19462 19472 19482 19492
19422 19432 19442 19452 19462 19472 19482 19492
19422 19432 19442 19452 19462 19472 19482 19492
19422 19432 19442 19452 19462 19472 19482 19492
19422 19432 19442 19452 19462 19472 19482 19492
19422 19432 19442 19452 19462 19472 19482 19492
19422 19432 19442 19452 19462 19472 19482 19492
19422 19432 19442 19452 19462 19472 19482 19492
19422 19432 19442 19452 19462 19472 19482 19492
19422 19432 19442 19452 19462 19472 19482 19492
19422 19432 19442 19452 19462 19472 19482 19492
19422 19432 19442 19452 19462 19472 19482 19492
19422 19432 19442 19452 19462 19472 19482 19492
19502 19432 19442 19502 19462 19472 19482 19502
19522 19432 19442 19522 19462 19472 19482 19522
19422 19432 19442 19452 19462 19472 19482 19492
19512 19512 19512 19512 19512 19512 19512 19512
19512 19512 19512 19512 19512 19512 19512 19512
19532 19532 19532 19532 19532 19472 19482 19492
19422 19432 19442 19452 19462 19472 19482 19492
19542 19542 19442 19542 19542 19472 19482 19492
19422 19432 19442 19452 19462 19472 19482 19492
19552 19432 19442 19552 19552 19552 19552 19552
19562 19432 19442 19562 19462 19472 19482 19562
19572 19432 19442 19452 19462 19472 19482 19572
19582 19432 19442 19582 19462 19472 19482 19492
19422 19432 19442 19452 19462 19472 19482 19492
19422 19432 19442 19452 19462 19472 19482 19492
19592 19432 19442 19592 19462 19472 19482 19492
19422 19432 19442 19452 19462 19472 19482 19492
19592 19592 19592 19592 19592 19592 19592 19592
19592 19592 19592 19592 19592 19592 19592 19592
19592 19592 19592 19592 19592 19592 19592 19592
19422 19432 19442 19452 19462 19472 19482 19492
19602 19432 19442 19602 19462 19472 19482 19492
19422 19432 19442 19452 19462 19472 19482 19492
19602 19432 19442 19452 19462 19472 19482 19602
19422 19432 19442 19452 19462 19472 19482 19492
19612 19432 19442 19612 19462 19472 19482 19492
19422 19432 19442 19452 19462 19472 19482 19492
19422 19432 19442 19452 19462 19472 19482 19492
19422 19432 19442 19452 19462 19472 19482 19492
19422 19432 19442 19452 19462 19472 19482 19492
19622 19432 19442 19622 19462 19472 19482 19492
19422 19432 19442 19452 19462 19472 19482 19492
19622 19432 19442 19622 19622 19622 19622 19622
19422 19432 19442 19452 19462 19472 19482 19492
19632 19632 19442 19632 19632 19472 19482 19492
19422 19432 19442 19452 19462 19472 19482 19492
19422 19432 19442 19452 19462 19472 19482 19492
21693 21703 21713 21723 21733
21693 21703 21713 21723 21733
21693 21703 21713 21723 21733
21693 21703 21713 21723 21733
21693 21703 21713 21723 21733
21693 21703 21713 21723 21733
21693 21703 21713 21723 21733
21693 21703 21713 21723 21733
21693 21703 21713 21723 21733
21693 21703 21713 21723 21733
21693 21703 21713 21723 21733
21693 21703 21713 21723 21733
21693 21703 21713 21723 21733
21693 21703 21713 21723 21733
21693 21703 21713 21723 21733
21693 21703 21713 21723 21733
21693 21703 21713 21723 21733
21693 21703 21713 21723 21733
21693 21703 21713 21723 21733
21693 21703 21713 21723 21733
21693 21703 21713 21723 21733
21693 21703 21713 21723 21733
21693 21703 21713 21723 21733
21693 21703 21713 21723 21733
21693 21703 21713 21723 21733
21693 21703 21713 21723 21733
21693 21703 21713 21723 21733
21693 21703 21713 21723 21733
21693 21703 21713 21723 21733
21693 21703 21713 21723 21733
21693 21703 21713 21723 21733
21693 21703 21713 21723 21733
21693 21703 21713 21723 21733
21693 21703 21713 21723 21733
21693 21703 21713 21723 21733
21693 21703 21713 21723 21733
21693 21703 21713 21723 21733
21693 21703 21713 21723 21733
21693 21703 21713 21723 21733
21693 21703 21713 21723 21733
21693 21703 21713 21723 21733
21693 21703 21713 21723 21733
21693 21703 21713 21723 21733
21693 21703 21713 21723 21733
21693 21703 21713 21723 21733
21693 21703 21713 21723 21733
21693 21703 21713 21723 21733
21693 21703 21713 21723 21733
21693 21703 21713 21723 21733
21693 21703 21743 21743 21743 21743
21693 21703 21743 21743 21743 21743
21693 21703 21743 21743 21743 21743
21693 21703 34833 34833 34833 34833
21693 21703 34833 34833 34833 34833
21693 21703 34833 34833 34833 34833
21693 21703 21753 21753 21753 21753
21693 21703 21753 21753 21753 21753
21693 21703 34843 34843 34843 34843
21693 21703 34843 34843 34843 34843
21693 21703 21713 21723 21733
21693 21703 21713 21723 21733
21693 21703 21713 21723 21733
21693 21703 21713 21723 21733
21693 21703 21713 21723 21733
21693 21703 21713 21723 21733
21693 21703 21713 21723 21733
21693 21703 21713 21723 21733
21693 21703 21713 21723 21733
21693 21703 21713 21723 21733
21693 21703 21713 21723 21733
21693 21703 21713 21723 21733
21693 21703 21713 21723 21733
