38761
38761
38761
38761
38761
38761
38761
38761
38761
38761
38761
38761
38761
38761
38761
38761
38761
38761
38761
38761
38761
38761
38761
38761
38761
38761
38761
38761
38761
38761
7342 7352 7362 7372 7382 7392 7402 7412
7342 7352 7362 7372 7382 7392 7402 7412
7342 7352 7362 7372 7382 7392 7402 7412
7342 7352 7362 7372 7382 7392 7402 7412
7342 7352 7362 7372 7382 7392 7402 7412
7342 7352 7362 7372 7382 7392 7402 7412
7342 7352 7362 7372 7382 7392 7402 7412
7342 7352 7362 7372 7382 7392 7402 7412
7342 7352 7362 7372 7382 7392 7402 7412
7342 7352 7362 7372 7382 7392 7402 7412
7342 7352 7362 7372 7382 7392 7402 7412
7342 7352 7362 7372 7382 7392 7402 7412
7342 7352 7362 7372 7382 7392 7402 7412
7342 7352 7362 7372 7382 7392 7402 7412
7342 7352 7362 7372 7382 7392 7402 7412
7342 7352 7362 7372 7382 7392 7402 7412
7342 7352 7362 7372 7382 7392 7402 7412
7342 7352 7362 7372 7382 7392 7402 7412
7342 7352 7362 7372 7382 7392 7402 7412
7342 7352 7362 7372 7382 7392 7402 7412
7342 7352 7362 7372 7382 7392 7402 7412
7342 7352 7362 7372 7382 7392 7402 7412
7342 7352 7362 7372 7382 7392 7402 7412
7342 7352 7362 7372 7382 7392 7402 7412
7342 7352 7362 7372 7382 7392 7402 7412
7342 7352 7362 7372 7382 7392 7402 7412
7342 7352 7362 7372 7382 7392 7402 7412
7342 7352 7362 7372 7382 7392 7402 7412
7342 7352 7362 7372 7382 7392 7402 7412
7342 7352 7362 7372 7382 7392 7402 7412
7342 7352 7362 7372 7382 7392 7402 7412
7342 7352 7362 7372 7382 7392 7402 7412
7342 7352 7362 7372 7382 7392 7402 7412
7342 7352 7362 7372 7382 7392 7402 7412
7342 7352 7362 7372 7382 7392 7402 7412
7342 7352 7362 7372 7382 7392 7402 7412
7342 7352 7362 7372 7382 7392 7402 7412
7342 7352 7362 7372 7382 7392 7402 7412
7342 7352 7362 7372 7382 7392 7402 7412
7342 7352 7362 7372 7382 7392 7402 7412
7342 7352 7362 7372 7382 7392 7402 7412
7342 7352 7362 7372 7382 7392 7402 7412
7342 7352 7362 7372 7382 7392 7402 7412
7342 7352 7362 7372 7382 7392 7402 7412
7342 7352 7362 7372 7382 7392 7402 7412
7342 7352 7362 7372 7382 7392 7402 7412
7342 7352 7362 7372 7382 7392 7402 7412
7342 7352 7362 7372 7382 7392 7402 7412
7342 7352 7362 7372 7382 7392 7402 7412
7342 7352 7362 7372 7382 7392 7402 7412
7342 7352 7362 7372 7382 7392 7402 7412
7342 7352 7362 7372 7382 7392 7402 7412
7342 7352 7362 7372 7382 7392 7402 7412
7342 7352 7362 7372 7382 7392 7402 7412
7342 7352 7362 7372 7382 7392 7402 7412
7342 7352 7362 7372 7382 7392 7402 7412
7342 7352 7362 7372 7382 7392 7402 7412
7342 7352 7362 7372 7382 7392 7402 7412
7342 7352 7362 7372 7382 7392 7402 7412
7342 7352 7362 7372 7382 7392 7402 7412
7422 7352 7362 7422 7382 7392 7402 7412
7342 7352 7362 7372 7382 7392 7402 7412
7342 7352 7362 7372 7382 7392 7402 7412
7422 7352 7362 7422 7382 7392 7402 7412
7422 7352 7362 7422 7382 7392 7402 7412
7422 7352 7362 7422 7382 7392 7402 7412
7422 7352 7362 7422 7382 7392 7402 7412
7342 7352 7362 7372 7382 7392 7402 7412
7342 7352 7362 7372 7382 7392 7402 7412
7422 7352 7362 7422 7382 7392 7402 7412
7422 7352 7362 7422 7382 7392 7402 7412
7342 7352 7362 7372 7382 7392 7402 7412
7342 7352 7362 7372 7382 7392 7402 7412
7422 7352 7362 7422 7382 7392 7402 7412
7422 7352 7362 7422 7382 7392 7402 7412
7422 7352 7362 7422 7382 7392 7402 7412
7342 7352 7362 7372 7382 7392 7402 7412
7342 7352 7362 7372 7382 7392 7402 7412
7422 7352 7362 7422 7382 7392 7402 7412
7422 7352 7362 7422 7382 7392 7402 7412
7342 7352 7362 7372 7382 7392 7402 7412
7342 7352 7362 7372 7382 7392 7402 7412
7342 7352 7362 7372 7382 7392 7402 7412
7342 7352 7362 7372 7382 7392 7402 7412
8313 8323 8333 8343 8353 8363 8373
8313 8323 8333 8343 8353 8363 8373
8313 8323 8333 8343 8353 8363 8373
8313 8323 8333 8343 8353 8363 8373
8313 8323 8333 8343 8353 8363 8373
8313 8323 8333 8343 8353 8363 8373
8313 8323 8333 8343 8353 8363 8373
8313 8323 8333 8343 8353 8363 8373
8313 8323 8333 8343 8353 8363 8373
8313 8323 8333 8343 8353 8363 8373
8313 8323 8333 8343 8353 8363 8373
8313 8323 8333 8343 8353 8363 8373
8313 8323 8333 8343 8353 8363 8373
8313 8323 8333 8343 8353 8363 8373
8313 8323 8333 8343 8353 8363 8373
8313 8323 8333 8343 8353 8363 8373
8313 8323 8333 8343 8353 8363 8373
8313 8323 8333 8343 8353 8363 8373
8313 8323 8333 8343 8353 8363 8373
8313 8323 8333 8343 8353 8363 8373
8313 8323 8333 8343 8353 8363 8373
8313 8323 8333 8343 8353 8363 8373
8313 8323 8333 8343 8353 8363 8373
8313 8323 8333 8343 8353 8363 8373
8313 8323 8333 8343 8353 8363 8373
8313 8323 8333 8343 8353 8363 8373
8313 8323 8333 8343 8353 8363 8373
8313 8323 8333 8343 8353 8363 8373
8313 8323 8333 8343 8353 8363 8373
8313 8323 8333 8343 8353 8363 8373
8313 8323 8333 8343 8353 8363 8373
8313 8323 8333 8343 8353 8363 8373
8313 8323 8333 8343 8353 8363 8373
8313 15563 8333 15563 15563 8363 8373 15563
8313 15563 8333 15563 15563 8363 8373 15563
8313 15563 8333 15563 15563 8363 8373 15563
8313 15563 8333 15563 15563 8363 8373 15563
8313 15563 8333 15563 15563 8363 8373 15563
8313 15563 8333 15563 15563 8363 8373 15563
8313 8323 8333 8343 8353 8363 8373
8313 8323 8333 8343 8353 8363 8373
8313 8323 8333 8343 8353 8363 8373
8313 8323 8333 8343 8353 8363 8373
8313 8323 8333 8343 8353 8363 8373
8313 8323 8333 8343 8353 8363 8373
8313 8323 8333 8343 8353 8363 8373
8313 8323 8333 8343 8353 8363 8373
8313 8323 8333 8343 8353 8363 8373
8313 8323 8333 8343 8353 8363 8373
8313 8323 8333 8343 8353 8363 8373
8313 8323 8333 8343 8353 8363 8373
8313 8323 8333 8343 8353 8363 8373
8313 8323 8333 8343 8353 8363 8373
8313 8323 8333 8343 8353 8363 8373
8313 8323 8333 8343 8353 8363 8373
8313 8323 8333 8343 8353 8363 8373
8313 8323 8333 8343 8353 8363 8373
8313 8323 8333 8343 8353 8363 8373
8313 8323 8333 8343 8353 8363 8373
8313 8323 8333 8343 8353 8363 8373
8313 8323 8333 8343 8353 8363 8373
8313 8323 8333 8343 8353 8363 8373
8313 8323 8333 8343 8353 8363 8373
8313 8323 8333 8343 8353 8363 8373
8313 8323 8333 8343 8353 8363 8373
8313 8323 8333 8343 8353 8363 8373
8313 8323 8333 8343 8353 8363 8373
8313 8323 8333 8343 8353 8363 8373
8313 8323 8333 8343 8353 8363 8373
8313 8323 8333 8343 8353 8363 8373
8313 8323 8333 8343 8353 8363 8373
8313 8323 8333 8343 8353 8363 8373
