120 240 360 480 600 720 840 240 360
84 84 84 72 108 84 72 84 84
60 95 100 70 90 90 90 90 90
90 90 60 70 90 90 90 80 60
120 120 120 120 120 120 120 120 120
90 40 90 50 90 90 70 60 90
80 90 60 50 90 90 70 90 40
40 90 90 60 90 90 70 80 80
90 90 90 60 90 90 90 90 40
90 90 90 40 80 60 60 90 90
35 40 35 30 80 60 30 55 70
85 85 85 60 95 80 60 95 95
35 20 40 30 80 60 30 65 50
35 20 40 30 80 60 30 65 50
90 90 95 80 95 90 80 95 95
95 95 95 95 95 95 95 95 95
40 40 40 40 80 60 40 65 50
85 85 85 60 95 80 60 95 95
35 35 35 35 35 35 35 35 35
