100 200 300 400 500 600 700 200 300
70 70 70 60 90 70 60 70 70
40 90 95 70 90 90 70 80 80
80 80 25 60 90 90 65 60 40
100 100 100 100 100 100 100 100 100
65 15 90 40 90 70 60 20 80
70 80 40 30 90 60 40 90 30
20 80 80 30 90 60 40 70 70
90 90 80 30 90 70 60 80 30
90 90 90 40 80 60 60 90 90
35 40 35 30 80 60 30 55 70
85 85 85 60 95 80 60 95 95
35 20 40 30 80 60 30 65 50
35 20 40 30 80 60 30 65 50
90 90 95 80 95 90 80 95 95
95 95 95 95 95 95 95 95 95
40 40 40 40 80 60 40 65 50
85 85 85 60 95 80 60 95 95
35 35 35 35 35 35 35 35 35
