38741
38741
38741
38741
38741
38741
38741
38741
38741
38741
38741
38741
38741
38741
38741
38741
38741
38741
38741
38741
38741
38741
38741
38741
38741
38741
38741
38741
38741
38741
852 862 872 882 892 902 912 922
852 862 872 882 892 902 912 922
852 862 872 882 892 902 912 922
852 862 872 882 892 902 912 922
852 862 872 882 892 902 912 922
852 862 872 882 892 902 912 922
852 862 872 882 892 902 912 922
852 862 872 882 892 902 912 922
852 862 872 882 892 902 912 922
852 862 872 882 892 902 912 922
852 862 872 882 892 902 912 922
852 862 872 882 892 902 912 922
852 862 872 882 892 902 912 922
852 862 872 882 892 902 912 922
852 862 872 882 892 902 912 922
852 862 872 882 892 902 912 922
852 862 872 882 892 902 912 922
852 862 872 882 892 902 912 922
852 862 872 882 892 902 912 922
852 862 872 882 892 902 912 922
852 862 872 882 892 902 912 922
852 862 872 882 892 902 912 922
852 862 872 882 892 902 912 922
852 862 872 882 892 902 912 922
852 862 872 882 892 902 912 922
852 862 872 882 892 902 912 922
852 862 872 882 892 902 912 922
852 862 872 882 892 902 912 922
852 862 872 882 892 902 912 922
852 862 872 882 892 902 912 922
852 862 872 882 892 902 912 922
852 862 872 882 892 902 912 922
852 862 872 882 892 902 912 922
852 862 872 882 892 902 912 922
852 862 872 882 892 902 912 922
852 862 872 882 892 902 912 922
852 862 872 882 892 902 912 922
852 862 872 882 892 902 912 922
852 862 872 882 892 902 912 922
852 862 872 882 892 902 912 922
852 862 872 882 892 902 912 922
852 862 872 882 892 902 912 922
852 862 872 882 892 902 912 922
852 862 872 882 892 902 912 922
852 862 872 882 892 902 912 922
852 862 872 882 892 902 912 922
852 862 872 882 892 902 912 922
852 862 872 882 892 902 912 922
852 862 872 882 892 902 912 922
852 862 872 882 892 902 912 922
852 862 872 882 892 902 912 922
852 862 872 882 892 902 912 922
852 862 872 882 892 902 912 922
852 862 872 882 892 902 912 922
852 862 872 882 892 902 912 922
852 862 872 882 892 902 912 922
852 862 872 882 892 902 912 922
852 862 872 882 892 902 912 922
852 862 872 882 892 902 912 922
852 862 872 882 892 902 912 922
932 862 872 932 892 902 912 922
852 862 872 882 892 902 912 922
852 862 872 882 892 902 912 922
932 862 872 932 892 902 912 922
932 862 872 932 892 902 912 922
932 862 872 932 892 902 912 922
932 862 872 932 892 902 912 922
852 862 872 882 892 902 912 922
852 862 872 882 892 902 912 922
932 862 872 932 892 902 912 922
932 862 872 932 892 902 912 922
852 862 872 882 892 902 912 922
852 862 872 882 892 902 912 922
932 862 872 932 892 902 912 922
932 862 872 932 892 902 912 922
932 862 872 932 892 902 912 922
852 862 872 882 892 902 912 922
852 862 872 882 892 902 912 922
932 862 872 932 892 902 912 922
932 862 872 932 892 902 912 922
852 862 872 882 892 902 912 922
852 862 872 882 892 902 912 922
852 862 872 882 892 902 912 922
852 862 872 882 892 902 912 922
30773
30773
30773
30773
30773
30773
30773
30773
30773
30773
30773
30773
30773
30773
30773
30773
30773
30773
30773
30773
30773
30773
30773
30773
30773
30773
30773
30773
