29361
29361
29361
29361
29361
29361
29361
29361
29361
29361
29361
29361
29361
29361
29361
29361
29361
29361
29361
29361
29361
29361
29361
29361
29361
29361
29361
29361
29361
29361
1202
1202
1202
1202
1202
1202
1202
1202
1202
1202
1202
1202
1202
1202
1202
1202
1202
1202
1202
1202
1202
1202
1202
1202
1202
1202
1202
1202
1202
1202
1202
1202
1202
1202
1202
1202
1202
1202
1202
1202
1202
1202
1202
1202
1202
1202
1202
1202
1202
1202
26063 26073 26083 26093 26103 26113
26063 26073 26083 26093 26103 26113
26063 26073 26083 26093 26103 26113
26063 26073 26083 26093 26103 26113
26063 26073 26083 26093 26103 26113
26063 26073 26083 26093 26103 26113
26063 26073 26083 26093 26103 26113
26063 26073 26083 26093 26103 26113
26063 26073 26083 26093 26103 26113
26063 26073 26083 26093 26103 26113
26063 26073 26083 26093 26103 26113
26063 26073 26083 26093 26103 26113
26063 26073 26083 26093 26103 26113
26063 26073 26083 26093 26103 26113
26063 26073 26083 26093 26103 26113
26063 26073 26083 26093 26103 26113
26063 26073 26083 26093 26103 26113
26063 26073 26083 26093 26103 26113
26063 26073 26083 26093 26103 26113
26063 26073 26083 26093 26103 26113
26063 26073 26083 26093 26103 26113
26063 26073 26083 26093 26103 26113
26063 26073 26083 26093 26103 26113
26063 26073 26083 26093 26103 26113
26063 26073 26083 26093 26103 26113
26063 26073 26083 26093 26103 26113
26063 26073 26083 26093 26103 26113
26063 26073 26083 26093 26103 26113
26063 26073 26083 26093 26103 26113
26063 26073 26083 26093 26103 26113
26063 26073 26083 26093 26103 26113
26063 26073 26083 26093 26103 26113
26063 26073 26083 26093 26103 26113
26063 26073 26083 26093 26103 26113
26063 26073 26083 26093 26103 26113
26063 26073 26083 26093 26103 26113
26063 26073 26083 26093 26103 26113
26063 26073 26083 26093 26103 26113
26063 26073 26083 26093 26103 26113
26063 26073 26083 26093 26103 26113
26063 26073 26083 26093 26103 26113
26063 26073 26083 26093 26103 26113
26063 26073 26083 26093 26103 26113
26063 26073 26083 26093 26103 26113
26063 26073 26083 26093 26103 26113
26063 26073 26083 26093 26103 26113
26063 26073 26083 26093 26103 26113
26063 26073 26083 26093 26103 26113
26063 26073 26083 26093 26103 26113
26063 26073 26083 26093 26103 26113
26063 26073 26083 26093 26103 26113
26063 26073 26083 26093 26103 26113
26063 26073 26083 26093 26103 26113
26063 26073 26083 26093 26103 26113
26063 26073 26083 26093 26103 26113
26063 26073 26083 26093 26103 26113
26063 26073 26083 26093 26103 26113
26063 26073 26083 26093 26103 26113
26063 26073 26083 26093 26103 26113
