61581
61581
61581
61581
61581
61581
61581
61581
61581
61581
61581
61581
61581
61581
61581
61581
61581
61581
61581
61581
61581
61581
61581
61581
61581
61581
61581
61581
61581
61581
3412 3462 3472 3482
3412 3462 3472 3482
3412 3462 3472 3482
3412 3462 3472 3482
3412 3462 3472 3482
3412 3462 3472 3482
3412 3462 3472 3482
3412 3462 3472 3482
3412 3462 3472 3482
3412 3462 3472 3482
3412 3462 3472 3482
3412 3462 3472 3482
3412 3462 3472 3482
3412 3462 3472 3482
3412 3462 3472 3482
3412 3462 3472 3482
3412 3462 3472 3482
3412 3462 3472 3482
3412 3462 3472 3482
3412 3462 3472 3482
3412 3462 3472 3482
3412 3462 3472 3482
3412 3462 3472 3482
3412 3462 3472 3482
3412 3462 3472 3482
3412 3462 3472 3482
3412 3462 3472 3482
3412 3462 3472 3482
3412 3462 3472 3482
3412 3462 3472 3482
3412 3462 3472 3482
3412 3462 3472 3482
3412 3462 3472 3482
3412 3462 3472 3482
3412 3462 3472 3482
3412 3462 3472 3482
3412 3462 3472 3482
3412 3462 3472 3482
3422 3422 3422 3422
3432 3432 3432 3432
3412 3462 3472 3482
3442 3442 3442 3442
3442 3442 3442 3442
3412 3462 3472 3482
3412 3462 3472 3482
3452 3452 3452 3452
3412 3462 3472 3482
3412 3462 3472 3482
3412 3462 3472 3482
3412 3462 3472 3482
54583 54593 54603 54613 54623 54633 54643
54583 54593 54603 54613 54623 54633 54643
54583 54593 54603 54613 54623 54633 54643
54583 54593 54603 54613 54623 54633 54643
54583 54593 54603 54613 54623 54633 54643
54583 54593 54603 54613 54623 54633 54643
54583 54593 54603 54613 54623 54633 54643
54583 54593 54603 54613 54623 54633 54643
54583 54593 54603 54613 54623 54633 54643
54583 54593 54603 54613 54623 54633 54643
54583 54593 54603 54613 54623 54633 54643
54583 54593 54603 54613 54623 54633 54643
54583 54593 54603 54613 54623 54633 54643
54583 54593 54603 54613 54623 54633 54643
54583 54593 54603 54613 54623 54633 54643
54583 54593 54603 54613 54623 54633 54643
54583 54593 54603 54613 54623 54633 54643
54583 54593 54603 54613 54623 54633 54643
54583 54593 54603 54613 54623 54633 54643
54583 54593 54603 54613 54623 54633 54643
54583 54593 54603 54613 54623 54633 54643
54583 54593 54603 54613 54623 54633 54643
54583 54593 54603 54613 54623 54633 54643
54583 54593 54603 54613 54623 54633 54643
54583 54593 54603 54613 54623 54633 54643
54583 54593 54603 54613 54623 54633 54643
54583 54593 54603 54613 54623 54633 54643
54583 54593 54603 54613 54623 54633 54643
54583 54593 54603 54613 54623 54633 54643
54583 54593 54603 54613 54623 54633 54643
54583 54593 54603 54613 54623 54633 54643
54583 54593 54603 54613 54623 54633 54643
54583 54593 54603 54613 54623 54633 54643
54583 54593 54603 54613 54623 54633 54643
54583 54593 54603 54613 54623 54633 54643
54583 54593 54603 54613 54623 54633 54643
54583 54593 54603 54613 54623 54633 54643
54583 54593 54603 54613 54623 54633 54643
54583 54593 54603 54613 54623 54633 54643
54583 54593 54603 54613 54623 54633 54643
54583 57763 54603 54613 54623 54633 54643
54583 54593 54603 57773 57773 57783 54643
54583 57793 54603 54613 54623 54633 54643
54583 57803 54603 54613 54623 54633 54643
54583 57813 54603 54613 54623 54633 54643
54583 57793 54603 54613 54623 54633 54643
54583 57803 54603 54613 54623 54633 54643
54583 57813 54603 54613 54623 54633 54643
54583 54593 54603 54613 54623 54633 54643
54583 54593 54603 54613 54623 54633 54643
54583 57833 54603 54613 54623 54633 54643
54583 57843 54603 54613 54623 54633 54643
54583 54593 54603 54613 54623 54633 54643
54583 54593 54603 54613 54623 54633 54643
54583 54593 54603 54613 54623 54633 54643
54583 57853 54603 57853 57853 54633 54643
54583 57883 54603 57863 57863 54633 54643
54583 57873 54603 57873 57873 54633 54643
54583 54593 54603 54613 54623 58583 54643
