38801
38801
38801
38801
38801
38801
38801
38801
38801
38801
38801
38801
38801
38801
38801
38801
38801
38801
38801
38801
38801
38801
38801
38801
38801
38801
38801
38801
38801
38801
11192 11202 11212 11222 11232 11242 11252
11192 11202 11212 11222 11232 11242 11252
11192 11202 11212 11222 11232 11242 11252
11192 11202 11212 11222 11232 11242 11252
11192 11202 11212 11222 11232 11242 11252
11192 11202 11212 11222 11232 11242 11252
11192 11202 11212 11222 11232 11242 11252
11192 11202 11212 11222 11232 11242 11252
11192 11202 11212 11222 11232 11242 11252
11192 11202 11212 11222 11232 11242 11252
11192 11202 11212 11222 11232 11242 11252
11192 11202 11212 11222 11232 11242 11252
11192 11202 11212 11222 11232 11242 11252
11192 11202 11212 11222 11232 11242 11252
11192 11202 11212 11222 11232 11242 11252
11192 11202 11212 11222 11232 11242 11252
11192 11202 11212 11222 11232 11242 11252
11192 11202 11212 11222 11232 11242 11252
11192 11202 11212 11222 11232 11242 11252
11192 11202 11212 11222 11232 11242 11252
11192 11202 11212 11222 11232 11242 11252
11192 11202 11212 11222 11232 11242 11252
11192 11202 11212 11222 11232 11242 11252
11192 11202 11212 11222 11232 11242 11252
11192 11202 11212 11222 11232 11242 11252
11192 11202 11212 11222 11232 11242 11252
11192 11202 11212 11222 11232 11242 11252
11192 11202 11212 11222 11232 11242 11252
11192 11202 11212 11222 11232 11242 11252
11192 11202 11212 11222 11232 11242 11252
11192 11202 11212 11222 11232 11242 11252
11192 11202 11212 11222 11232 11242 11252
11192 11202 11212 11222 11232 11242 11252
11192 11202 11212 11222 11232 11242 11252
11192 11202 11212 11222 11232 11242 11252
11192 11202 11212 11222 11232 11242 11252
11192 11202 11212 11222 11232 11242 11252
11192 11202 11212 11222 11232 11242 11252
11192 11202 11212 11222 11232 11242 11252
11192 11202 11212 11222 11232 11242 11252
11192 11202 11212 11222 11232 11242 11252
11192 11202 11212 11222 11232 11242 11252
11192 11202 11212 11222 11232 11242 11252
11192 11202 11212 11222 11232 11242 11252
11192 11202 11212 11222 11232 11242 11252
11192 11202 11212 11222 11232 11242 11252
11192 11202 11212 11222 11232 11242 11252
11192 11202 11212 11222 11232 11242 11252
11192 11202 11212 11222 11232 11242 11252
11192 11202 11212 11222 11232 11242 11252
11192 11202 11212 11222 11232 11242 11252
11192 11202 11212 11222 11232 11242 11252
11192 11202 11212 11222 11232 11242 11252
11192 11202 11212 11222 11232 11242 11252
11192 11202 11212 11222 11232 11242 11252
11192 11202 11212 11222 11232 11242 11252
11192 11202 11212 11222 11232 11242 11252
11192 11202 11212 11222 11232 11242 11252
11192 11202 11212 11222 11232 11242 11252
11192 11202 11212 11222 11232 11242 11252
11192 11202 11212 11222 11232 11242 11252
