84641
84641
84641
84641
84641
84641
84641
84641
84641
84641
84641
84641
84641
84641
84641
84641
84641
84641
84641
84641
84641
84641
84641
84641
84641
84641
84641
84641
84641
84641
26992 27002 27012 27022 27032
26992 27002 27012 27022 27032
26992 27002 34602 27022 34602
26992 27002 34602 27022 34602
26992 27002 34602 27022 34602
26992 27002 34602 27022 34602
26992 27002 27012 27022 27032
26992 27002 27012 27022 27032
26992 27002 27012 27022 27032
26992 27002 27012 27022 27032
26992 27002 27012 27022 27032
26992 27002 27012 27022 27032
26992 27002 27012 27022 27032
26992 27002 34602 27022 34602
26992 27002 34602 27022 34602
26992 27002 34602 27022 34602
26992 27002 34602 27022 34602
26992 27002 27012 27022 27032
26992 27002 27012 27022 27032
26992 27002 27012 27022 27032
26992 27002 27012 27022 27032
26992 27002 27012 27022 27032
26992 27002 27012 27022 27032
26992 27002 27012 27022 27032
26992 27002 27012 27022 27032
26992 27002 27012 27022 27032
26992 27002 27012 27022 27032
26992 27002 27012 27022 27032
26992 27002 27012 27022 27032
26992 27002 27012 27022 27032
26992 27002 27012 27022 27032
26992 27002 27012 27022 27032
26992 27002 27012 27022 27032
26992 27002 27012 27022 27032
26992 27002 27012 27022 27032
26992 27002 27012 27022 27032
26992 27002 27012 27022 27032
27042 27042 27042 27022 27042
27052 27002 27052 27052 27032
26992 27002 27012 27022 27032
27062 27002 27062 27062 27032
27062 27002 27062 27062 27032
27072 27002 27072 27072 27032
27072 27002 27072 27072 27032
27082 27002 27082 27082 27032
27092 27002 27092 27092 27032
27102 27002 27102 27022 27032
27112 27002 27112 27022 27032
27122 27002 27122 27022 27032
27132 27132 27132 27132 27132
27132 27132 27132 27132 27132
27132 27132 27132 27132 27132
27142 27142 27142 27142 27142
27142 27142 27142 27142 27142
27142 27142 27142 27142 27142
26992 27002 27012 27022 27032
27152 27152 27152 27152 27152
27152 27152 27152 27152 27152
26992 27002 27012 27022 27032
27162 27002 27162 27022 27032
26992 27002 27012 27022 27032
