40 60 30 90 20 50 90 30 30
30 30 30 90 30 60 90 30 30
90 90 35 40 90 90 90 90 30
50 50 50 10 80 80 80 40 50
90 35 90 40 90 90 90 90 35
75 75 75 60 90 90 90 90 90
70 90 15 30 90 90 90 10 10
10 90 90 30 90 90 90 90 90
60 10 90 90 30 90 90 5 90
80 90 45 90 40 90 90 90 35
70 90 5 90 30 90 90 80 80
90 90 90 90 40 90 90 30 80
80 90 70 90 40 60 90 90 10
30 90 90 90 50 90 90 80 70
80 20 90 30 90 90 90 90 15
100 100 100 25 25 25 25 30 30
100 100 100 25 25 25 25 15 15
100 100 100 70 70 70 70 65 65
100 100 100 25 25 25 25 5 5
100 100 100 50 50 50 50 50 50
100 100 100 25 25 25 25 15 15
100 100 100 70 70 70 70 65 65
100 100 100 15 15 15 15 5 5
35 35 35 35 35 35 35 35 35
