38751
38751
38751
38751
38751
38751
38751
38751
38751
38751
38751
38751
38751
38751
38751
38751
38751
38751
38751
38751
38751
38751
38751
38751
38751
38751
38751
38751
38751
38751
4492 4502 4512 4522 4542 4532
4492 4502 4512 4522 4542 4532
4492 4502 4512 4522 4542 4532
4492 4502 4512 4522 4542 4532
4492 4502 4512 4522 4542 4532
4492 4502 4512 4522 4542 4532
4492 4502 4512 4522 4542 4532
4492 4502 4512 4522 4542 4532
4492 4502 4512 4522 4542 4532
4492 4502 4512 4522 4542 4532
4492 4502 4512 4522 4542 4532
4492 4502 4512 4522 4542 4532
4492 4502 4512 4522 4542 4532
4492 4502 4512 4522 4542 4532
4492 4502 4512 4522 4542 4532
4492 4502 4512 4522 4542 4532
4492 4502 4512 4522 4542 4532
4492 4502 4512 4522 4542 4532
4492 4502 4512 4522 4542 4532
4492 4502 4512 4522 4542 4532
4492 4502 4512 4522 4542 4532
4492 4502 4512 4522 4542 4532
4492 4502 4512 4522 4542 4532
4492 4502 4512 4522 4542 4532
4492 4502 4512 4522 4542 4532
4492 4502 4512 4522 4542 4532
4492 4502 4512 4522 4542 4532
4492 4502 4512 4522 4542 4532
4492 4502 4512 4522 4542 4532
4492 4502 4512 4522 4542 4532
4492 4502 4512 4522 4542 4532
4492 4502 4512 4522 4542 4532
4492 4502 4512 4522 4542 4532
4492 4502 4512 4522 4542 4532
4492 4502 4512 4522 4542 4532
4492 4502 4512 4522 4542 4532
4492 4502 4512 4522 4542 4532
4492 4502 4512 4522 4542 4532
4492 4502 4512 4522 4542 4532
4492 4502 4512 4522 4542 4532
4492 4502 4512 4522 4542 4532
4492 4502 4512 4522 4542 4532
4492 4502 4512 4522 4542 4532
4492 4502 4512 4522 4542 4532
4492 4502 4512 4522 4542 4532
4492 4502 4512 4522 4542 4532
4492 4502 4512 4522 4542 4532
4492 4502 4512 4522 4542 4532
4492 4502 4512 4522 4542 4532
4492 4502 4512 4522 4542 4532
4492 4502 4512 4522 4542 4532
4492 4502 4512 4522 4542 4532
4492 4502 4512 4522 4542 4532
4492 4502 4512 4522 4542 4532
4492 4502 4512 4522 4542 4532
4492 4502 4512 4522 4542 4532
4492 4502 4512 4522 4542 4532
4492 4502 4512 4522 4542 4532
4492 4502 4512 4522 4542 4532
4492 4502 4512 4522 4542 4532
4492 4502 4512 4522 4542 4532
4492 4502 4512 4522 4542 4532
4492 4502 4512 4522 4542 4532
4492 4502 4512 4522 4542 4532
4492 4502 4512 4522 4542 4532
4492 4502 4512 4522 4542 4532
4492 4502 4512 4522 4542 4532
25213 25223 25233 25243 25253 25263 25273
25213 25223 25233 25243 25253 25263 25273
25213 25223 25233 25243 25253 25263 25273
25213 25223 25233 25243 25253 25263 25273
25213 25223 25233 25243 25253 25263 25273
25213 25223 25233 25243 25253 25263 25273
25213 25223 25233 25243 25253 25263 25273
25213 25223 25233 25243 25253 25263 25273
25213 25223 25233 25243 25253 25263 25273
25213 25223 25233 25243 25253 25263 25273
25213 25223 25233 25243 25253 25263 25273
25213 25223 25233 25243 25253 25263 25273
25213 25223 25233 25243 25253 25263 25273
25213 25223 25233 25243 25253 25263 25273
25213 25223 25233 25243 25253 25263 25273
25213 25223 25233 25243 25253 25263 25273
25213 25223 25233 25243 25253 25263 25273
25213 25223 25233 25243 25253 25263 25273
25213 25223 25233 25243 25253 25263 25273
25213 25223 25233 25243 25253 25263 25273
25213 25223 25233 25243 25253 25263 25273
25213 25223 25233 25243 25253 25263 25273
25213 25223 25233 25243 25253 25263 25273
25213 25223 25233 25243 25253 25263 25273
25213 25223 25233 25243 25253 25263 25273
25213 25223 25233 25243 25253 25263 25273
25213 25223 25233 25243 25253 25263 25273
25213 25223 25233 25243 25253 25263 25273
25213 25223 25233 25243 25253 25263 25273
25213 25223 25233 25243 25253 25263 25273
25213 25223 25233 25243 25253 25263 25273
25213 25223 25233 25243 25253 25263 25273
25213 25223 25233 25243 25253 25263 25273
25213 25223 25233 25243 25253 25263 25273
25213 25223 25233 25243 25253 25263 25273
25213 25223 25233 25243 25253 25263 25273
25213 25223 25233 25243 25253 25263 25273
25213 25223 25233 25243 25253 25263 25273
25213 25223 25233 25243 25253 25263 25273
25213 25223 25233 25243 25253 25263 25273
25213 25223 25233 25243 25253 25263 25273
25213 25223 25233 25243 25253 25263 25273
25213 25223 25233 25243 25253 25263 25273
25213 25223 25233 25243 25253 25263 25273
25213 25223 25233 25243 25253 25263 25273
25213 25223 25233 25243 25253 25263 25273
25213 25223 25233 25243 25253 25263 25273
25213 25223 25233 25243 25253 25263 25273
25213 25223 25233 25243 25253 25263 25273
25213 25223 25233 25243 25253 25263 25273
25213 25223 25233 25243 25253 25263 25273
25213 25223 25233 25243 25253 25263 25273
25213 25223 25233 25243 25253 25263 25273
25213 25223 25233 25243 25253 25263 25273
25213 25223 25233 25243 25253 25263 25273
25213 25223 25233 25243 25253 25263 25273
25213 25223 25233 25243 25253 25263 25273
25213 25223 25233 25243 25253 25263 25273
25213 25223 25233 25243 25253 25263 25273
25213 25223 25233 25243 25253 25263 25273
25213 25223 25233 25243 25253 25263 25273
25213 25223 25233 25243 25253 25263 25273
25213 25223 25233 25243 25253 25263 25273
25213 25223 25233 25243 25253 25263 25273
25213 25223 25233 25243 25253 25263 25273
25213 25223 25233 25243 25253 25263 25273
25213 25223 25233 25243 25253 25263 25273
25213 25223 25233 25243 25253 25263 25273
25213 25223 25233 25243 25253 25263 25273
25213 25223 25233 25243 25253 25263 25273
25213 25223 25233 25243 25253 25263 25273
25213 25223 25233 25243 25253 25263 25273
25213 25223 25233 25243 25253 25263 25273
25213 25223 25233 25243 25253 25263 25273
25213 25223 25233 25243 25253 25263 25273
25213 25223 25233 25243 25253 25263 25273
25213 25223 25233 25243 25253 25263 25273
25213 25223 25233 25243 25253 25263 25273
25213 25223 25233 25243 25253 25263 25273
25213 25223 25233 25243 25253 25263 25273
25213 25223 25233 25243 25253 25263 25273
25213 25223 25233 25243 25253 25263 25273
25213 25223 25233 25243 25253 25263 25273
25213 25223 25233 25243 25253 25263 25273
25213 25223 25233 25243 25253 25263 25273
29864
29864
29864
29864
29864
29864
29864
29864
29864
29864
29864
29864
29864
29864
29864
29864
29864
29864
29864
29864
29864
29864
29864
29864
29864
29864
29864
29864
29864
29864
29864
29864
29864
29864
29864
29864
29864
29864
29864
29864
29864
29864
29864
29864
29864
29864
29864
29864
29864
29864
