84591
84591
84591
84591
84591
84591
84591
84591
84591
84591
84591
84591
84591
84591
84591
84591
84591
84591
84591
84591
84591
84591
84591
84591
84591
84591
84591
84591
84591
84591
13542 13562 13572 13582 13592
13542 13562 13572 13582 13592
13542 13562 13572 13582 13592
13542 13562 13572 13582 13592
13542 13562 13572 13582 13592
13542 13562 13572 13582 13592
13542 13562 13572 13582 13592
13542 13562 13572 13582 13592
13542 13562 13572 13582 13592
13542 13562 13572 13582 13592
13542 13562 13572 13582 13592
13542 13562 13572 13582 13592
13542 13562 13572 13582 13592
13542 13562 13572 13582 13592
13542 13562 13572 13582 13592
13542 13562 13572 13582 34042
13542 13562 13572 13582 34042
13542 13562 13572 13582 34042
13542 13562 13572 13582 13592
13542 13562 13572 13582 13592
13542 13562 13572 13582 13592
13542 13562 13572 13582 13592
13542 13562 13572 13582 13592
13542 13562 13572 13582 13592
13542 13562 13572 13582 13592
13542 13562 13572 13582 13592
13542 13562 13572 13582 13592
13542 13562 13572 13582 13592
13542 13562 13572 13582 13592
13542 13562 13572 13582 13592
13542 13562 13572 13582 13592
13542 13562 13572 13582 13592
13542 13562 13572 13582 13592
13542 13562 13572 13582 13592
13542 13562 13572 13582 13592
13542 13562 13572 13582 13592
13542 13562 13572 13582 13592
13542 13562 13572 13582 13592
13542 13562 13572 13582 13592
13542 13562 13572 13582 13592
13542 13562 13572 13582 13592
13542 13562 13572 13582 13592
13542 13562 13572 13582 13592
13542 13562 13572 13582 13592
13542 13562 13572 13582 13592
13542 13562 13572 13582 13592
13542 13562 13572 13582 13592
13552 13552 13552 13582 13592
13542 13562 13572 13582 13592
13542 13562 13572 13582 13592
13542 13562 13572 13582 13592
13542 13562 13572 13582 13592
13542 13562 13572 13582 13592
13542 13562 13572 13582 13592
13542 13562 13572 13582 13592
13542 13562 13572 13582 13592
13542 13622 13572 13582 13592
13542 13562 13572 13582 13592
13542 13562 13572 13582 13592
13632 13632 13632 13582 13592
13542 13562 13572 13582 13592
13542 13562 13572 13582 13592
28602 28602 28602 13582 13592
28612 28612 28612 28612 28612
28612 28612 28612 28612 28612
28612 28612 28612 28612 28612
13542 13562 13572 13582 13592
52663 52673 52683 52693 52703 52713 52723 52733
52663 52673 52683 52693 52703 52713 52723 52733
52663 52673 52683 52693 52703 52713 52723 52733
52663 52673 52683 52693 52703 52713 52723 52733
52663 52673 52683 52693 52703 52713 52723 52733
52663 52673 52683 52693 52703 52713 52723 52733
52663 52673 52683 52693 52703 52713 52723 52733
52663 52673 52683 52693 52703 52713 52723 52733
52663 52673 52683 52693 52703 52713 52723 52733
52663 52673 52683 52693 52703 52713 52723 52733
52663 52673 52683 52693 52703 52713 52723 52733
52663 52673 52683 52693 52703 52713 52723 52733
52663 52673 52683 52693 52703 52713 52723 52733
52663 52673 52683 52693 52703 52713 52723 52733
52663 52673 52683 52693 52703 52713 52723 52733
52663 52673 52683 52693 52703 52713 52723 52733
52663 52673 52683 52693 52703 52713 52723 52733
52663 52673 52683 52693 52703 52713 52723 52733
52663 52673 52683 52693 52703 52713 52723 52733
52663 52673 52683 52693 52703 52713 52723 52733
52663 52673 52683 52693 52703 52713 52723 52733
52663 52673 52683 52693 52703 52713 52723 52733
52663 52673 52683 52693 52703 52713 52723 52733
52663 52673 52683 52693 52703 52713 52723 52733
52663 52673 52683 52693 52703 52713 52723 52733
52663 52673 52683 52693 52703 52713 52723 52733
52663 52673 52683 52693 52703 52713 52723 52733
52663 52673 52683 52693 52703 52713 52723 52733
52663 52673 52683 52693 52703 52713 52723 52733
52663 52673 52683 52693 52703 52713 52723 52733
52663 52673 52683 52693 52703 52713 52723 52733
52663 52673 52683 52693 52703 52713 52723 52733
52663 52673 52683 52693 52703 52713 52723 52733
52663 52673 52683 52693 52703 52713 52723 52733
52663 52673 52683 52693 52703 52713 52723 52733
52663 52673 52683 52693 52703 52713 52723 52733
52663 52673 52683 52693 52703 52713 52723 52733
52663 52673 52683 52693 52703 52713 52723 52733
52663 52673 52683 52693 52703 52713 52723 52733
52663 52673 52683 52693 52703 52713 52723 52733
52663 52673 52683 52693 52703 52713 52723 52733
52663 52673 52683 52693 52703 52713 52723 52733
52663 52673 52683 52693 52703 52713 52723 52733
52663 52673 52683 52693 52703 52713 52723 52733
52663 52673 52683 52693 52703 52713 52723 52733
52663 52673 52683 52693 52703 52713 52723 52733
52663 52673 52683 52693 52703 52713 52723 52733
52663 52673 52683 52693 52703 52713 52723 52733
52663 52673 52683 52693 52703 52713 52723 52733
52663 52673 52683 52693 52703 52713 52723 52733
52663 52673 52683 52693 52703 52713 52723 52733
52663 52673 52683 52693 52703 52713 52723 52733
52663 52673 52683 52693 52703 52713 52723 52733
52663 52673 52683 52693 52703 52713 52723 52733
52663 52673 52683 52693 52703 52713 52723 52733
52663 52673 52683 52693 52703 52713 52723 52733
52663 52673 52683 52693 52703 52713 52723 52733
52663 52673 52683 52693 52703 52713 52723 52733
52663 52673 52683 52693 52703 52713 52723 52733
52663 52673 52683 52693 52703 52713 52723 52733
52663 52673 52683 52693 52703 52713 52723 52733
52663 52673 52683 52693 52703 52713 52723 52733
52663 52673 52683 52693 52703 52713 52723 52733
52663 52673 52683 52693 52703 52713 52723 52733
52663 52673 52683 52693 52703 52713 52723 52733
52663 52673 52683 52693 52703 52713 52723 52733
52663 52673 52683 52693 52703 52713 52723 52733
52663 52673 52683 52693 52703 52713 52723 52733
52663 52673 52683 52693 52703 52713 52723 52733
52663 52673 52683 52693 52703 52713 52723 52733
52663 52673 52683 52693 52703 52713 52723 52733
52663 52673 52683 52693 52703 52713 52723 52733
52663 52673 52683 52693 52703 52713 52723 52733
52663 52673 52683 52693 52703 52713 52723 52733
52663 52673 52683 52693 52703 52713 52723 52733
52663 52673 52683 52693 52703 52713 52723 52733
52663 52673 52683 52693 52703 52713 52723 52733
52663 52673 52683 52693 52703 52713 52723 52733
52663 52673 52683 52693 52703 52713 52723 52733
52663 52673 52683 52693 52703 52713 52723 52733
52663 52673 52683 52693 52703 52713 52723 52733
52663 52673 52683 52693 52703 52713 52723 52733
52663 52673 52683 52693 52703 52713 52723 52733
52663 52673 52683 52693 52703 52713 52723 52733
52663 52673 52683 52693 52703 52713 52723 52733
62624 62674 62684 62694
62624 62674 62684 62694
62624 62674 62684 62694
62624 62674 62684 62694
62624 62674 62684 62694
62624 62674 62684 62694
62624 62674 62684 62694
62624 62674 62684 62694
62624 62674 62684 62694
62624 62674 62684 62694
62624 62674 62684 62694
62624 62674 62684 62694
62624 62674 62684 62694
62624 62674 62684 62694
62624 62674 62684 62694
62624 62674 62684 62694
62624 62674 62684 62694
62624 62674 62684 62694
62624 62674 62684 62694
62624 62674 62684 62694
62624 62674 62684 62694
62624 62674 62684 62694
62624 62674 62684 62694
62624 62674 62684 62694
62624 62674 62684 62694
62624 62674 62684 62694
62624 62674 62684 62694
62624 62674 62684 62694
62624 62674 62684 62694
62624 62674 62684 62694
62624 62674 62684 62694
62624 62674 62684 62694
62624 62674 62684 62694
62624 62674 62684 62694
62624 62674 62684 62694
62624 62674 62684 62694
62624 62674 62684 62694
62624 62674 62684 62694
62634 62634 62634 62634
62644 62644 62644 62644
62624 62674 62684 62694
62654 62654 62654 62654
62654 62654 62654 62654
62624 62674 62684 62694
62624 62674 62684 62694
62664 62664 62664 62664
62624 62674 62684 62694
62624 62674 62684 62694
62624 62674 62684 62694
62624 62674 62684 62694
