38761
38761
38761
38761
38761
38761
38761
38761
38761
38761
38761
38761
38761
38761
38761
38761
38761
38761
38761
38761
38761
38761
38761
38761
38761
38761
38761
38761
38761
38761
2562
2562
2562
2562
2562
2562
2562
2562
2562
2562
2562
2562
2562
2562
2562
2562
2562
2562
2562
2562
2562
2562
2562
2562
2562
2562
2562
2562
2562
2562
2562
2562
3783 3773 3793 3803 3813 3823 13953
3783 3773 3793 3803 3813 3823 13953
3783 3773 3793 3803 3813 3823 13953
3783 3773 3793 3803 3813 3823 13953
3783 3773 3793 3803 3813 3823 13953
3783 3773 3793 3803 3813 3823 13953
3783 3773 3793 3803 3813 3823 13953
3783 3773 3793 3803 3813 3823 13953
3783 3773 3793 3803 3813 3823 13953
3783 3773 3793 3803 3813 3823 13953
3783 3773 3793 3803 3813 3823 13953
3783 3773 3793 3803 3813 3823 13953
3783 3773 3793 3803 3813 3823 13953
3783 3773 3793 3803 3813 3823 13953
3783 3773 3793 3803 3813 3823 13953
3783 3773 3793 3803 3813 3823 13953
3783 3773 3793 3803 3813 3823 13953
3783 3773 3793 3803 3813 3823 13953
3783 3773 3793 3803 3813 3823 13953
3783 3773 3793 3803 3813 3823 13953
3783 3773 3793 3803 3813 3823 13953
3783 3773 3793 3803 3813 3823 13953
3783 3773 3793 3803 3813 3823 13953
3783 3773 3793 3803 3813 3823 13953
3783 3773 3793 3803 3813 3823 13953
3783 3773 3793 3803 3813 3823 13953
3783 3773 3793 3803 3813 3823 13953
3783 3773 3793 3803 3813 3823 13953
3783 3773 3793 3803 3813 3823 13953
3783 3773 3793 3803 3813 3823 13953
3783 3773 3793 3803 3813 3823 13953
3783 3773 3793 3803 3813 3823 13953
3783 3773 3793 3803 3813 3823 13953
3783 3773 3793 3803 3813 3823 13953
3783 3773 3793 3803 3813 3823 13953
3783 3773 3793 3803 3813 3823 13953
3783 3773 3793 3803 3813 3823 13953
3783 3773 3793 3803 3813 3823 13953
3783 3773 3793 3803 3813 3823 13953
3783 3773 3793 3803 3813 3823 13953
3783 3773 3793 3803 3813 3823 13953
3783 3773 3793 3803 3813 3823 13953
3783 3773 3793 3803 3813 3823 13953
3783 3773 3793 3803 3813 3823 13953
3783 3773 3793 3803 3813 3823 13953
3783 3773 3793 3803 3813 3823 13953
3783 3773 3793 3803 3813 3823 13953
3783 3773 3793 3803 3813 3823 13953
3783 3773 3793 3803 3813 3823 13953
3783 3773 3793 3803 3813 3823 13953
3783 3773 3793 3803 3813 3823 13953
3783 3773 3793 3803 3813 3823 13953
3783 3773 3793 3803 3813 3823 13953
3783 3773 3793 3803 3813 3823 13953
3783 3773 3793 3803 3813 3823 13953
3783 3773 3793 3803 3813 3823 13953
3783 3773 3793 3803 3813 3823 13953
3783 3773 3793 3803 3813 3823 13953
3783 3773 3793 3803 3813 3823 13953
3783 3773 3793 3803 3813 3823 13953
3783 3773 3793 3803 3813 3823 13953
3783 3773 3793 3803 3813 3823 13953
3783 3773 3793 3803 3813 3823 13953
3783 3773 3793 3803 3813 3823 13953
3783 3773 3793 3803 3813 3823 13953
3783 3773 3793 3803 3813 3823 13953
9564 9574 9584 9594 9604 9614 9624 9634 9644
9564 9574 9584 9594 9604 9614 9624 9634 9644
9564 9574 9584 9594 9604 9614 9624 9634 9644
9564 9574 9584 9594 9604 9614 9624 9634 9644
9564 9574 9584 9594 9604 9614 9624 9634 9644
9564 9574 9584 9594 9604 9614 9624 9634 9644
9564 9574 9584 9594 9604 9614 9624 9634 9644
9564 9574 9584 9594 9604 9614 9624 9634 9644
9564 9574 9584 9594 9604 9614 9624 9634 9644
9564 9574 9584 9594 9604 9614 9624 9634 9644
9564 9574 9584 9594 9604 9614 9624 9634 9644
9564 9574 9584 9594 9604 9614 9624 9634 9644
9564 9574 9584 9594 9604 9614 9624 9634 9644
9564 9574 9584 9594 9604 9614 9624 9634 9644
9564 9574 9584 9594 9604 9614 9624 9634 9644
9564 9574 9584 9594 9604 9614 9624 9634 9644
9564 9574 9584 9594 9604 9614 9624 9634 9644
9564 9574 9584 9594 9604 9614 9624 9634 9644
9564 9574 9584 9594 9604 9614 9624 9634 9644
9564 9574 9584 9594 9604 9614 9624 9634 9644
9564 9574 9584 9594 9604 9614 9624 9634 9644
9564 9574 9584 9594 9604 9614 9624 9634 9644
9564 9574 9584 9594 9604 9614 9624 9634 9644
9564 9574 9584 9594 9604 9614 9624 9634 9644
9564 9574 9584 9594 9604 9614 9624 9634 9644
9564 9574 9584 9594 9604 9614 9624 9634 9644
9564 9574 9584 9594 9604 9614 9624 9634 9644
9564 9574 9584 9594 9604 9614 9624 9634 9644
9564 9574 9584 9594 9604 9614 9624 9634 9644
9564 9574 9584 9594 9604 9614 9624 9634 9644
9564 9574 9584 9594 9604 9614 9624 9634 9644
9564 9574 9584 14134 9604 9614 9624 14824 9644
9564 9574 9584 14134 9604 9614 9624 14824 9644
9564 9574 9584 14134 9604 9614 9624 14824 9644
9564 9574 9584 9594 9604 9614 9624 9634 9644
9564 9574 9584 9594 9604 9614 9624 9634 9644
9564 9574 9584 9594 9604 9614 9624 9634 9644
9564 9574 9584 9594 9604 9614 9624 9634 9644
9564 9574 9584 9594 9604 9614 9624 9634 9644
9564 9574 9584 9594 9604 9614 9624 9634 9644
9564 9574 9584 9594 9604 9614 9624 9634 9644
9564 9574 9584 9594 9604 9614 9624 9634 9644
9564 9574 9584 9594 9604 9614 9624 9634 9644
9564 9574 9584 9594 9604 9614 9624 9634 9644
9564 9574 9584 9594 9604 9614 9624 9634 9644
9564 9574 9584 9594 9604 9614 9624 9634 9644
9564 9574 9584 9594 9604 9614 9624 9634 9644
9564 9574 9584 9594 9604 9614 9624 9634 9644
9564 9574 9584 9594 9604 9614 9624 9634 9644
9564 9574 9584 9594 9604 9614 9624 9634 9644
9564 9574 9584 9594 9604 9614 9624 9634 9644
9564 9574 9584 9594 9604 9614 9624 9634 9644
9564 9574 9584 9594 9604 9614 9624 9634 9644
9564 9574 9584 9594 9604 9614 9624 9634 9644
9564 9574 9584 9594 9604 9614 9624 9634 9644
9564 9574 9584 9594 9604 9614 9624 9634 9644
9564 9574 9584 9594 9604 9614 9624 9634 9644
9564 9574 9584 9594 9604 9614 9624 9634 9644
9564 9574 9584 9594 9604 9614 9624 9634 9644
9564 9574 9584 9594 9604 9614 9624 9634 9644
9564 9574 9584 9594 9604 9614 9624 9634 9644
9564 9574 9584 9594 9604 9614 9624 9634 9644
9564 9574 9584 9594 9604 9614 9624 9634 9644
9564 9574 9584 9594 9604 9614 9624 9634 9644
9564 9574 9584 9594 9604 9614 9624 9634 9644
9564 9574 9584 9594 9604 9614 9624 9634 9644
9564 9574 9584 9594 9604 9614 9624 9634 9644
9564 9574 9584 14134 9604 9614 9624 14824 9644
9564 9574 9584 14134 9604 9614 9624 14824 9644
9564 9574 9584 9594 9604 9614 9624 9634 9644
9564 9574 9584 9594 9604 9614 9624 9634 9644
9564 9574 9584 9594 9604 9614 9624 9634 9644
9564 9574 9584 9594 9604 9614 9624 9634 9644
9564 9574 9584 9594 9604 9614 9624 9634 9644
9564 9574 9584 9594 9604 9614 9624 9634 9644
9564 9574 9584 14134 9604 9614 9624 14824 9644
9564 9574 9584 14134 9604 9614 9624 14824 9644
9564 9574 9584 9594 9604 9614 9624 9634 9644
9564 9574 9584 9594 9604 9614 9624 9634 9644
9564 9574 9584 9594 9604 9614 9624 9634 9644
9564 9574 9584 9594 9604 9614 9624 9634 9644
9564 9574 9584 9594 9604 9614 9624 9634 9644
9564 9574 9584 9594 9604 9614 9624 9634 9644
