84601
84601
84601
84601
84601
84601
84601
84601
84601
84601
84601
84601
84601
84601
84601
84601
84601
84601
84601
84601
84601
84601
84601
84601
84601
84601
84601
84601
84601
84601
7832 7832 7832
7832 7832 7832
7832 7832 7832
7832 7832 7832
7832 7832 7832
7832 7832 7832
7832 7832 7832
7832 7832 7832
7832 7832 7832
7832 7832 7832
7832 7832 7832
7832 7832 7832
7832 7832 7832
7832 7832 7832
7832 7832 7832
7832 7832 7832
7832 7832 7832
7832 7832 7832
7832 7832 7832
7832 7832 7832
7832 7832 7832
7832 7832 7832
7832 7832 7832
7832 7832 7832
7832 7832 7832
7832 7832 7832
7832 7832 7832
7832 7832 7832
7832 7832 7832
7832 7832 7832
7832 7832 7832
7832 7832 7832
12343 12353 12363 12373 12383 29663
12343 12353 12363 12373 12383 29663
12343 12353 12363 12373 12383 29663
12343 12353 12363 12373 12383 29663
12343 12353 12363 12373 12383 29663
12343 12353 12363 12373 12383 29663
12343 12353 12363 12373 12383 29663
12343 12353 12363 12373 12383 29663
12343 12353 12363 12373 12383 29663
12343 12353 12363 12373 12383 29663
12343 12353 12363 12373 12383 29663
12343 12353 12363 12373 12383 29663
12343 12353 12363 12373 12383 29663
12343 12353 12363 12373 12383 29663
12343 12353 12363 12373 12383 29663
12343 33823 12363 33823 12383 29663
12343 33823 12363 33823 12383 29663
12343 33823 12363 33823 12383 29663
12343 12353 12363 12373 12383 29663
12343 12353 12363 12373 12383 29663
12343 12353 12363 12373 12383 29663
12343 12353 12363 12373 12383 29663
12343 12353 12363 12373 12383 29663
12343 12353 12363 12373 12383 29663
12343 12353 12363 12373 12383 29663
12343 12353 12363 12373 12383 29663
12343 12353 12363 12373 12383 29663
12343 12353 12363 12373 12383 29663
12343 12353 12363 12373 12383 29663
12343 12353 12363 12373 12383 29663
12343 12353 12363 12373 12383 29663
12343 12353 12363 12373 12383 29663
12343 12353 12363 12373 12383 29663
12343 12353 12363 12373 12383 29663
12343 12353 12363 12373 12383 29663
12343 12353 12363 12373 12383 29663
12343 12353 12363 12373 12383 29663
12343 12353 12363 12373 12383 29663
12343 12353 12363 12373 12383 29663
12343 12353 12363 12373 12383 29663
12343 12353 12363 12373 12383 29663
12343 12353 12363 12373 12383 29663
12343 12353 12363 12373 12383 29663
12343 12353 12363 12373 12383 29663
12343 12353 12363 12373 12383 29663
12343 12353 12363 12373 12383 29663
12343 12353 12363 12373 12383 29663
12393 12393 12393 12393 12393 29663
12343 12353 12363 12373 12383 29663
12403 12403 12403 12403 12403 29663
12413 12413 12413 12413 12413 29663
12423 12423 12423 12423 12423 29663
12423 12423 12423 12423 12423 29663
12423 12423 12423 12423 12423 29663
12343 12353 12363 12373 12383 29663
12343 12353 12363 12373 12383 29663
12343 12353 12363 12373 12383 29663
12433 12433 12433 12433 12433 29663
12343 12353 12363 12373 12383 29663
12343 12353 12363 12373 12383 29663
12343 12353 33833 12373 12383 29663
12343 12353 33833 12373 12383 29663
12343 12353 33833 12373 12383 29663
12343 12353 12363 12373 12383 29663
12343 12353 12363 12373 12383 29663
12343 12353 12363 12373 12383 29663
23274 23284 23294 23304 23314 23324 23334
23274 23284 23294 23304 23314 23324 23334
23274 23284 23294 23304 23314 23324 23334
23274 23284 23294 23304 23314 23324 23334
23274 23284 23294 23304 23314 23324 23334
23274 23284 23294 23304 23314 23324 23334
23274 23284 23294 23304 23314 23324 23334
23274 23284 23294 23304 23314 23324 23334
23274 23284 23294 23304 23314 23324 23334
23274 23284 23294 23304 23314 23324 23334
23274 23284 23294 23304 23314 23324 23334
23274 23284 23294 23304 23314 23324 23334
23274 23284 23294 23304 23314 23324 23334
23274 23284 23294 23304 23314 23324 23334
23274 23284 23294 23304 23314 23324 23334
34324 34324 34324 34324 34324 34324 34324
34324 34324 34324 34324 34324 34324 34324
34324 34324 34324 34324 34324 34324 34324
23274 23284 23294 23304 23314 23324 23334
23274 23284 23294 23304 23314 23324 23334
23274 23284 23294 23304 23314 23324 23334
23274 23284 23294 23304 23314 23324 23334
23274 23284 23294 23304 23314 23324 23334
23274 23284 23294 23304 23314 23324 23334
23274 23284 23294 23304 23314 23324 23334
23274 23284 23294 23304 23314 23324 23334
23274 23284 23294 23304 23314 23324 23334
23274 23284 23294 23304 23314 23324 23334
23274 23284 23294 23304 23314 23324 23334
23274 23284 23294 23304 23314 23324 23334
23274 23284 23294 23304 23314 23324 23334
23274 23284 23294 23304 23314 23324 23334
23274 23284 23294 23304 23314 23324 23334
23274 23284 23294 23304 23314 23324 23334
23274 23284 23294 23304 23314 23324 23334
23274 23284 23294 23304 23314 23324 23334
23274 23284 23294 23304 23314 23324 23334
23274 23284 23294 23304 23314 23324 23334
23274 23284 23294 23304 23314 23324 23334
23274 23284 23294 23304 23314 23324 23334
23274 23284 23294 23304 23314 23324 23334
23274 23284 23294 23304 23314 23324 23334
23274 23284 23294 23304 23314 23324 23334
23274 23284 23294 23304 23314 23324 23334
23274 23284 23294 23304 23314 23324 23334
23274 23284 23294 23304 23314 23324 23334
23274 23284 23294 23304 23314 23324 23334
23344 23344 23344 23344 23344 23344 23344 23344
23354 23354 23354 23354 23354 23354 23354 23354
23274 23284 23294 23304 23314 23324 23334
23274 23284 23294 23304 23314 23324 23334
23274 23284 23294 23304 23314 23324 23334
23274 23284 23294 23304 23314 23324 23334
23364 23364 23364 23364 23364 23364 23364 23364
23374 23374 23374 23374 23374 23374 23374 23374
23374 23374 23374 23374 23374 23374 23374 23374
23374 23374 23374 23374 23374 23374 23374 23374
23384 23384 23384 23384 23384 23384 23384 23384
23384 23384 23384 23384 23384 23384 23384 23384
23384 23384 23384 23384 23384 23384 23384 23384
23394 23284 23394 23304 23394 23324 23334
23404 23404 23404 23404 23404 23404 23404 23404
23404 23404 23404 23404 23404 23404 23404 23404
23404 23404 23404 23404 23404 23404 23404 23404
23414 23414 23414 23414 23414 23414 23414 23414
23414 23414 23414 23414 23414 23414 23414 23414
23414 23414 23414 23414 23414 23414 23414 23414
23424 23284 23294 23424 23314 23324 23334
23274 23284 23294 23304 23314 23324 23334
23434 23434 23294 23304 23434 23324 23334
23274 23284 23294 23304 23314 23324 23334
23444 23444 23294 23304 23444 23324 23334
23274 23284 23294 23304 23314 23324 23334
23274 23284 23294 23304 23314 23324 23334
23274 23284 23294 23304 23314 23324 23334
23454 23284 23294 23454 23314 23324 23334
23274 23284 23294 23304 23314 23324 23334
23274 23284 23294 23304 23314 23324 23334
23464 23464 23294 23304 23464 23324 23334
23274 23284 23294 23304 23314 23324 23334
23274 23284 23294 23304 23314 23324 23334
23274 23284 23294 23304 23314 23324 23334
23274 23284 23294 23304 23314 23324 23334
