252 255 255 255 31 252 1 0 0 0 0 0 240 255 255 255
252 255 255 255 31 252 1 0 0 0 0 0 240 255 255 255
252 255 255 127 254 255 255 255 255 255 255 255 255 255 255 255
252 255 255 127 254 255 255 255 255 255 255 255 255 255 255 255
192 255 255 253 255 255 255 255 255 255 255 255 255 255 255 255
192 255 255 253 255 255 255 255 255 255 255 255 255 255 255 255
0 252 255 255 255 255 255 255 255 255 255 255 255 255 255 255
0 252 255 255 255 255 255 255 255 255 255 255 255 255 255 255
248 255 255 255 127 252 0 0 0 0 0 0 240 255 255 255
248 255 255 255 127 252 0 0 0 0 0 0 240 255 255 255
0 0 240 251 255 255 255 255 255 255 255 255 255 255 255 255
0 0 240 255 255 255 255 255 255 255 255 255 255 255 255 255
0 0 0 0 240 255 255 255 255 255 255 255 255 255 255 255
0 0 0 0 0 0 0 0 0 240 255 255 255 255 255 255
0 0 0 254 255 255 255 255 255 255 255 255 255 255 255 255
0 0 0 192 255 255 255 255 255 255 255 255 255 255 255 255
128 3 240 255 255 255 255 255 255 255 255 255 255 255 255 255
0 0 0 0 0 0 0 0 0 192 255 255 255 255 255 255
0 0 0 0 0 0 0 0 0 0 252 255 255 255 255 255
0 0 192 255 255 255 255 255 255 255 255 255 255 255 255 255
0 0 0 0 0 0 0 0 0 0 0 0 240 255 255 255
0 0 0 0 0 0 0 0 0 0 0 0 240 255 255 255
0 0 0 0 0 0 0 0 0 0 0 0 240 255 255 255
0 0 0 0 0 0 0 0 0 0 0 0 240 255 255 255
254 255 255 255 255 255 255 255 255 255 255 255 255 255 255 255
254 255 255 255 255 255 255 255 255 255 255 255 255 255 255 255
254 255 255 255 255 255 255 255 255 255 255 255 255 255 255 255
254 255 255 255 255 255 255 255 255 255 255 255 255 255 255 255
254 255 255 255 255 255 255 255 255 255 255 255 255 255 255 255
1
