38731
38731
38731
38731
38731
38731
38731
38731
38731
38731
38731
38731
38731
38731
38731
38731
38731
38731
38731
38731
38731
38731
38731
38731
38731
38731
38731
38731
38731
38731
2532
2532
2532
2532
2532
2532
2532
2532
2532
2532
2532
2532
2532
2532
2532
2532
2532
2532
2532
2532
2532
2532
2532
2532
2532
2532
2532
2532
2532
2532
2532
2532
4373 4383 4393 4403 4423 4413
4373 4383 4393 4403 4423 4413
4373 4383 4393 4403 4423 4413
4373 4383 4393 4403 4423 4413
4373 4383 4393 4403 4423 4413
4373 4383 4393 4403 4423 4413
4373 4383 4393 4403 4423 4413
4373 4383 4393 4403 4423 4413
4373 4383 4393 4403 4423 4413
4373 4383 4393 4403 4423 4413
4373 4383 4393 4403 4423 4413
4373 4383 4393 4403 4423 4413
4373 4383 4393 4403 4423 4413
4373 4383 4393 4403 4423 4413
4373 4383 4393 4403 4423 4413
4373 4383 4393 4403 4423 4413
4373 4383 4393 4403 4423 4413
4373 4383 4393 4403 4423 4413
4373 4383 4393 4403 4423 4413
4373 4383 4393 4403 4423 4413
4373 4383 4393 4403 4423 4413
4373 4383 4393 4403 4423 4413
4373 4383 4393 4403 4423 4413
4373 4383 4393 4403 4423 4413
4373 4383 4393 4403 4423 4413
4373 4383 4393 4403 4423 4413
4373 4383 4393 4403 4423 4413
4373 4383 4393 4403 4423 4413
4373 4383 4393 4403 4423 4413
4373 4383 4393 4403 4423 4413
4373 4383 4393 4403 4423 4413
4373 4383 4393 4403 4423 4413
4373 4383 4393 4403 4423 4413
4373 4383 4393 4403 4423 4413
4373 4383 4393 4403 4423 4413
4373 4383 4393 4403 4423 4413
4373 4383 4393 4403 4423 4413
4373 4383 4393 4403 4423 4413
4373 4383 4393 4403 4423 4413
4373 4383 4393 4403 4423 4413
4373 4383 4393 4403 4423 4413
4373 4383 4393 4403 4423 4413
4373 4383 4393 4403 4423 4413
4373 4383 4393 4403 4423 4413
4373 4383 4393 4403 4423 4413
4373 4383 4393 4403 4423 4413
4373 4383 4393 4403 4423 4413
4373 4383 4393 4403 4423 4413
4373 4383 4393 4403 4423 4413
4373 4383 4393 4403 4423 4413
4373 4383 4393 4403 4423 4413
4373 4383 4393 4403 4423 4413
4373 4383 4393 4403 4423 4413
4373 4383 4393 4403 4423 4413
4373 4383 4393 4403 4423 4413
4373 4383 4393 4403 4423 4413
4373 4383 4393 4403 4423 4413
4373 4383 4393 4403 4423 4413
4373 4383 4393 4403 4423 4413
4373 4383 4393 4403 4423 4413
4373 4383 4393 4403 4423 4413
4373 4383 4393 4403 4423 4413
4373 4383 4393 4403 4423 4413
4373 4383 4393 4403 4423 4413
4373 4383 4393 4403 4423 4413
4373 4383 4393 4403 4423 4413
4373 4383 4393 4403 4423 4413
30764
30764
30764
30764
30764
30764
30764
30764
30764
30764
30764
30764
30764
30764
30764
30764
30764
30764
30764
30764
30764
30764
30764
30764
30764
30764
30764
30764
