84571
84571
84571
84571
84571
84571
84571
84571
84571
84571
84571
84571
84571
84571
84571
84571
84571
84571
84571
84571
84571
84571
84571
84571
84571
84571
84571
84571
84571
84571
7802 7802 7802
7802 7802 7802
7802 7802 7802
7802 7802 7802
7802 7802 7802
7802 7802 7802
7802 7802 7802
7802 7802 7802
7802 7802 7802
7802 7802 7802
7802 7802 7802
7802 7802 7802
7802 7802 7802
7802 7802 7802
7802 7802 7802
7802 7802 7802
7802 7802 7802
7802 7802 7802
7802 7802 7802
7802 7802 7802
7802 7802 7802
7802 7802 7802
7802 7802 7802
7802 7802 7802
7802 7802 7802
7802 7802 7802
7802 7802 7802
7802 7802 7802
7802 7802 7802
7802 7802 7802
7802 7802 7802
7802 7802 7802
13343 13363 13373 13383 13393
13343 13363 13373 13383 13393
13343 13363 13373 13383 13393
13343 13363 13373 13383 13393
13343 13363 13373 13383 13393
13343 13363 13373 13383 13393
13343 13363 13373 13383 13393
13343 13363 13373 13383 13393
13343 13363 13373 13383 13393
13343 13363 13373 13383 13393
13343 13363 13373 13383 13393
13343 13363 13373 13383 13393
13343 13363 13373 13383 13393
13343 13363 13373 13383 13393
13343 13363 13373 13383 13393
13343 13363 13373 13383 34023
13343 13363 13373 13383 34023
13343 13363 13373 13383 34023
13343 13363 13373 13383 13393
13343 13363 13373 13383 13393
13343 13363 13373 13383 13393
13343 13363 13373 13383 13393
13343 13363 13373 13383 13393
13343 13363 13373 13383 13393
13343 13363 13373 13383 13393
13343 13363 13373 13383 13393
13343 13363 13373 13383 13393
13343 13363 13373 13383 13393
13343 13363 13373 13383 13393
13343 13363 13373 13383 13393
13343 13363 13373 13383 13393
13343 13363 13373 13383 13393
13343 13363 13373 13383 13393
13343 13363 13373 13383 13393
13343 13363 13373 13383 13393
13343 13363 13373 13383 13393
13343 13363 13373 13383 13393
13343 13363 13373 13383 13393
13343 13363 13373 13383 13393
13343 13363 13373 13383 13393
13343 13363 13373 13383 13393
13343 13363 13373 13383 13393
13343 13363 13373 13383 13393
13343 13363 13373 13383 13393
13343 13363 13373 13383 13393
13343 13363 13373 13383 13393
13343 13363 13373 13383 13393
13353 13353 13353 13383 13393
13343 13363 13373 13383 13393
13343 13363 13373 13383 13393
13343 13363 13373 13383 13393
13343 13363 13373 13383 13393
13343 13363 13373 13383 13393
13343 13363 13373 13383 13393
13343 13363 13373 13383 13393
13343 13363 13373 13383 13393
13343 13423 13373 13383 13393
13343 13363 13373 13383 13393
13343 13363 13373 13383 13393
13433 13433 13433 13383 13393
13343 13363 13373 13383 13393
13343 13363 13373 13383 13393
28303 28303 28303 13383 13393
28293 28293 28293 28293 28293
28293 28293 28293 28293 28293
28293 28293 28293 28293 28293
13343 13363 13373 13383 13393
64474
64474
64474
64474
64474
64474
64474
64474
64474
64474
64474
64474
64474
64474
64474
64474
64474
64474
64474
64474
64474
64474
64474
64474
64474
64474
64474
64474
