84621
84621
84621
84621
84621
84621
84621
84621
84621
84621
84621
84621
84621
84621
84621
84621
84621
84621
84621
84621
84621
84621
84621
84621
84621
84621
84621
84621
84621
84621
8702 8712 8722
8702 8712 8722
8702 8712 8722
8702 8712 8722
8702 8712 8722
8702 8712 8722
8702 8712 8722
8702 8712 8722
8702 8712 8722
8702 8712 8722
8702 8712 8722
8702 8712 8722
8702 8712 8722
8702 8712 8722
8702 8712 8722
8702 8712 8722
8702 8712 8722
8702 8712 8722
8702 8712 8722
8702 8712 8722
8702 8712 8722
8702 8712 8722
8702 8712 8722
8702 8712 8722
8702 8712 8722
8702 8712 8722
8702 8712 8722
8702 8712 8722
8702 8712 8722
8702 8712 8722
8702 8712 8722
8702 8712 8722
8702 8712 8722
8702 8712 8722
8702 8712 8722
8702 8712 8722
8702 8712 8722
8732 8732 8732
8742 8742 8742
8702 8712 8722
8702 8712 8722
8702 8712 8722
8702 8712 8722
8702 8712 8722
8702 8712 8722
8702 8712 8722
8702 8712 8722
8702 8712 8722
8702 8712 8722
13843 13863 13873 13883 13893
13843 13863 13873 13883 13893
13843 13863 13873 13883 13893
13843 13863 13873 13883 13893
13843 13863 13873 13883 13893
13843 13863 13873 13883 13893
13843 13863 13873 13883 13893
13843 13863 13873 13883 13893
13843 13863 13873 13883 13893
13843 13863 13873 13883 13893
13843 13863 13873 13883 13893
13843 13863 13873 13883 13893
13843 13863 13873 13883 13893
13843 13863 13873 13883 13893
13843 13863 13873 13883 13893
13843 13863 13873 13883 34073
13843 13863 13873 13883 34073
13843 13863 13873 13883 34073
13843 13863 13873 13883 13893
13843 13863 13873 13883 13893
13843 13863 13873 13883 13893
13843 13863 13873 13883 13893
13843 13863 13873 13883 13893
13843 13863 13873 13883 13893
13843 13863 13873 13883 13893
13843 13863 13873 13883 13893
13843 13863 13873 13883 13893
13843 13863 13873 13883 13893
13843 13863 13873 13883 13893
13843 13863 13873 13883 13893
13843 13863 13873 13883 13893
13843 13863 13873 13883 13893
13843 13863 13873 13883 13893
13843 13863 13873 13883 13893
13843 13863 13873 13883 13893
13843 13863 13873 13883 13893
13843 13863 13873 13883 13893
13843 13863 13873 13883 13893
13843 13863 13873 13883 13893
13843 13863 13873 13883 13893
13843 13863 13873 13883 13893
13843 13863 13873 13883 13893
13843 13863 13873 13883 13893
13843 13863 13873 13883 13893
13843 13863 13873 13883 13893
13843 13863 13873 13883 13893
13843 13863 13873 13883 13893
13853 13853 13853 13883 13893
13843 13863 13873 13883 13893
13843 13863 13873 13883 13893
13843 13863 13873 13883 13893
13843 13863 13873 13883 13893
13843 13863 13873 13883 13893
13843 13863 13873 13883 13893
13843 13863 13873 13883 13893
13843 13863 13873 13883 13893
13843 13923 13873 13883 13893
13843 13863 13873 13883 13893
13843 13863 13873 13883 13893
13933 13933 13933 13883 13893
13843 13863 13873 13883 13893
13843 13863 13873 13883 13893
28663 28663 28663 13883 13893
28673 28673 28673 28673 28673
28673 28673 28673 28673 28673
28673 28673 28673 28673 28673
13843 13863 13873 13883 13893
16674 16684 16694 16704 16714 16724 16734 16744
16674 16684 16694 16704 16714 16724 16734 16744
16674 16684 16694 16704 16714 16724 16734 16744
16674 16684 16694 16704 16714 16724 16734 16744
16674 16684 16694 16704 16714 16724 16734 16744
16674 16684 16694 16704 16714 16724 16734 16744
16674 16684 16694 16704 16714 16724 16734 16744
16674 16684 16694 16704 16714 16724 16734 16744
16674 16684 16694 16704 16714 16724 16734 16744
16674 16684 16694 16704 16714 16724 16734 16744
16674 16684 16694 16704 16714 16724 16734 16744
16674 16684 16694 16704 16714 16724 16734 16744
16674 16684 16694 16704 16714 16724 16734 16744
16674 16684 16694 16704 16714 16724 16734 16744
16674 16684 16694 16704 16714 16724 16734 16744
16674 16684 16694 16704 16714 16724 16734 16744
16674 16684 16694 16704 16714 16724 16734 16744
16674 16684 16694 16704 16714 16724 16734 16744
16674 16684 16694 16704 16714 16724 16734 16744
16674 16684 16694 16704 16714 16724 16734 16744
16674 16684 16694 16704 16714 16724 16734 16744
16674 16684 16694 16704 16714 16724 16734 16744
16674 16684 16694 16704 16714 16724 16734 16744
16674 16684 16694 16704 16714 16724 16734 16744
16674 16684 16694 16704 16714 16724 16734 16744
16674 16684 16694 16704 16714 16724 16734 16744
16674 16684 16694 16704 16714 16724 16734 16744
16674 16684 16694 16704 16714 16724 16734 16744
16674 16684 16694 16704 16714 16724 16734 16744
16674 16684 16694 16704 16714 16724 16734 16744
16674 16684 16694 16704 16714 16724 16734 16744
16674 16684 16694 16704 16714 16724 16734 16744
16674 16684 16694 16704 16714 16724 16734 16744
16674 16684 16694 16704 16714 16724 16734 16744
16674 16684 16694 16704 16714 16724 16734 16744
16674 16684 16694 16704 16714 16724 16734 16744
16674 16684 16694 16704 16714 16724 16734 16744
16674 16684 16694 16704 16714 16724 16734 16744
16674 16684 16694 16704 16714 16724 16734 16744
16674 16684 16694 16704 16714 16724 16734 16744
16674 16684 16694 16704 16714 16724 16734 16744
16674 16684 16694 16704 16714 16724 16734 16744
16674 16684 16694 16704 16714 16724 16734 16744
16674 16684 16694 16704 16714 16724 16734 16744
16674 16684 16694 16704 16714 16724 16734 16744
16674 16684 16694 16704 16714 16724 16734 16744
16674 16684 16694 16704 16714 16724 16734 16744
16674 16684 16694 16704 16714 16724 16734 16744
16674 16684 16694 16704 16714 16724 16734 16744
16674 16684 16694 16704 16714 16724 16734 16744
16674 16684 16694 16704 16714 16724 16734 16744
16674 16764 16694 16704 16714 16724 16734 16744
16674 16754 16694 16704 16714 16724 16734 16744
16674 16684 16694 16774 16714 16724 16734 16744
16674 16684 16694 16704 16714 16724 16734 16744
16674 16784 16784 16784 16784 16724 16784 16744
16674 16784 16784 16784 16784 16724 16784 16744
16674 16784 16784 16784 16784 16724 16784 16744
16674 16784 16784 16784 16784 16724 16784 16744
16674 16794 16794 16794 16794 16724 16794 16744
16674 16794 16794 16794 16794 16724 16794 16744
16674 16784 16784 16784 16784 16724 16784 16744
16674 16784 16784 16784 16784 16724 16784 16744
16674 16804 16804 16804 16804 16724 16804 16744
16674 16804 16804 16804 16804 16724 16804 16744
16674 16784 16784 16784 16784 16724 16784 16744
16674 16784 16784 16784 16784 16724 16784 16744
16674 16814 16814 16814 16814 16724 16814 16744
16674 16814 16814 16814 16814 16724 16814 16744
16674 16684 16694 16704 16714 16724 16734 16744
16674 16684 16694 16704 16714 16724 16734 16744
16674 16824 16824 16824 16824 16824 16824 16824
16674 16834 16834 16834 16834 16834 16834 16834
16674 16834 16834 16834 16834 16834 16834 16834
16674 16684 16694 16704 16714 16724 16734 16744
16674 16684 16694 16704 16714 16724 16734 16744
16674 16684 16694 16704 16714 16724 16734 16744
16674 16684 16694 16704 16714 16724 16734 16744
16674 16684 16694 16704 16714 16724 16734 16744
16674 16684 16694 16704 16714 16724 16734 16744
16674 16684 16694 16704 16714 16724 16734 16744
16674 16684 16694 16704 16714 16724 16734 16744
16674 16684 16694 16704 16714 16724 16734 16744
16674 16684 16694 16704 16714 16724 16734 16744
16674 16684 16694 16704 16714 16724 16734 16744
16674 16684 16694 16704 16714 16724 16734 16744
16674 16684 16694 16704 16714 16724 16734 16744
16674 16684 16694 16704 16714 16724 16734 16744
16674 16684 16694 16704 16714 16724 16734 16744
16674 16684 16694 16704 16714 16724 16734 16744
16674 16684 16694 16704 16714 16724 16734 16744
