38781
38781
38781
38781
38781
38781
38781
38781
38781
38781
38781
38781
38781
38781
38781
38781
38781
38781
38781
38781
38781
38781
38781
38781
38781
38781
38781
38781
38781
38781
2912
2912
2912
2912
2912
2912
2912
2912
2912
2912
2912
2912
2912
2912
2912
2912
2912
2912
2912
2912
2912
2912
2912
2912
2912
2912
2912
2912
2912
2912
2912
2912
2912
2912
2912
2912
2912
2912
2912
2912
2912
2912
2912
2912
2912
2912
2912
2912
2912
4673 4683 4693 4703 4723 4713
4673 4683 4693 4703 4723 4713
4673 4683 4693 4703 4723 4713
4673 4683 4693 4703 4723 4713
4673 4683 4693 4703 4723 4713
4673 4683 4693 4703 4723 4713
4673 4683 4693 4703 4723 4713
4673 4683 4693 4703 4723 4713
4673 4683 4693 4703 4723 4713
4673 4683 4693 4703 4723 4713
4673 4683 4693 4703 4723 4713
4673 4683 4693 4703 4723 4713
4673 4683 4693 4703 4723 4713
4673 4683 4693 4703 4723 4713
4673 4683 4693 4703 4723 4713
4673 4683 4693 4703 4723 4713
4673 4683 4693 4703 4723 4713
4673 4683 4693 4703 4723 4713
4673 4683 4693 4703 4723 4713
4673 4683 4693 4703 4723 4713
4673 4683 4693 4703 4723 4713
4673 4683 4693 4703 4723 4713
4673 4683 4693 4703 4723 4713
4673 4683 4693 4703 4723 4713
4673 4683 4693 4703 4723 4713
4673 4683 4693 4703 4723 4713
4673 4683 4693 4703 4723 4713
4673 4683 4693 4703 4723 4713
4673 4683 4693 4703 4723 4713
4673 4683 4693 4703 4723 4713
4673 4683 4693 4703 4723 4713
4673 4683 4693 4703 4723 4713
4673 4683 4693 4703 4723 4713
4673 4683 4693 4703 4723 4713
4673 4683 4693 4703 4723 4713
4673 4683 4693 4703 4723 4713
4673 4683 4693 4703 4723 4713
4673 4683 4693 4703 4723 4713
4673 4683 4693 4703 4723 4713
4673 4683 4693 4703 4723 4713
4673 4683 4693 4703 4723 4713
4673 4683 4693 4703 4723 4713
4673 4683 4693 4703 4723 4713
4673 4683 4693 4703 4723 4713
4673 4683 4693 4703 4723 4713
4673 4683 4693 4703 4723 4713
4673 4683 4693 4703 4723 4713
4673 4683 4693 4703 4723 4713
4673 4683 4693 4703 4723 4713
4673 4683 4693 4703 4723 4713
4673 4683 4693 4703 4723 4713
4673 4683 4693 4703 4723 4713
4673 4683 4693 4703 4723 4713
4673 4683 4693 4703 4723 4713
4673 4683 4693 4703 4723 4713
4673 4683 4693 4703 4723 4713
4673 4683 4693 4703 4723 4713
4673 4683 4693 4703 4723 4713
4673 4683 4693 4703 4723 4713
4673 4683 4693 4703 4723 4713
4673 4683 4693 4703 4723 4713
4673 4683 4693 4703 4723 4713
4673 4683 4693 4703 4723 4713
4673 4683 4693 4703 4723 4713
4673 4683 4693 4703 4723 4713
4673 4683 4693 4703 4723 4713
4673 4683 4693 4703 4723 4713
6144 6154 6164 6174 6184 6194 6204 6214
6144 6154 6164 6174 6184 6194 6204 6214
6144 6154 6164 6174 6184 6194 6204 6214
6144 6154 6164 6174 6184 6194 6204 6214
6144 6154 6164 6174 6184 6194 6204 6214
6144 6154 6164 6174 6184 6194 6204 6214
6144 6154 6164 6174 6184 6194 6204 6214
6144 6154 6164 6174 6184 6194 6204 6214
6144 6154 6164 6174 6184 6194 6204 6214
6144 6154 6164 6174 6184 6194 6204 6214
6144 6154 6164 6174 6184 6194 6204 6214
6144 6154 6164 6174 6184 6194 6204 6214
6144 6154 6164 6174 6184 6194 6204 6214
6144 6154 6164 6174 6184 6194 6204 6214
6144 6154 6164 6174 6184 6194 6204 6214
6144 6154 6164 6174 6184 6194 6204 6214
6144 6154 6164 6174 6184 6194 6204 6214
6144 6154 6164 6174 6184 6194 6204 6214
6144 6154 6164 6174 6184 6194 6204 6214
6144 6154 6164 6174 6184 6194 6204 6214
6144 6154 6164 6174 6184 6194 6204 6214
6144 6154 6164 6174 6184 6194 6204 6214
6144 6154 6164 6174 6184 6194 6204 6214
6144 6154 6164 6174 6184 6194 6204 6214
6144 6154 6164 6174 6184 6194 6204 6214
6144 6154 6164 6174 6184 6194 6204 6214
6144 6154 6164 6174 6184 6194 6204 6214
6144 6154 6164 6174 6184 6194 6204 6214
6144 6154 6164 6174 6184 6194 6204 6214
6144 6154 6164 6174 6184 6194 6204 6214
6144 6154 6164 6174 6184 6194 6204 6214
6144 6154 6164 6174 6184 6194 6204 6214
6144 6154 6164 6174 6184 6194 6204 6214
6144 6154 6164 6174 6184 6194 6204 6214
6144 6154 6164 6174 6184 6194 6204 6214
6144 6154 6164 6174 6184 6194 6204 6214
6144 6154 6164 6174 6184 6194 6204 6214
6144 6154 6164 6174 6184 6194 6204 6214
6144 6154 6164 6174 6184 6194 6204 6214
6144 6154 6164 6174 6184 6194 6204 6214
6144 6154 6164 6174 6184 6194 6204 6214
6144 6154 6164 6174 6184 6194 6204 6214
6144 6154 6164 6174 6184 6194 6204 6214
6144 6154 6164 6174 6184 6194 6204 6214
6144 6154 6164 6174 6184 6194 6204 6214
6144 6154 6164 6174 6184 6194 6204 6214
6144 6154 6164 6174 6184 6194 6204 6214
6144 6154 6164 6174 6184 6194 6204 6214
6144 6154 6164 6174 6184 6194 6204 6214
6144 6154 6164 6174 6184 6194 6204 6214
6144 6154 6164 6174 6184 6194 6204 6214
6144 6154 6164 6174 6184 6194 6204 6214
6144 6154 6164 6174 6184 6194 6204 6214
6144 6154 6164 6174 6184 6194 6204 6214
6144 6154 6164 6174 6184 6194 6204 6214
6144 6154 6164 6174 6184 6194 6204 6214
6144 6154 6164 6174 6184 6194 6204 6214
6144 6154 6164 6174 6184 6194 6204 6214
6144 6154 6164 6174 6184 6194 6204 6214
6144 6154 6164 6174 6184 6194 6204 6214
6144 6154 6164 6174 6184 6194 6204 6214
6144 6154 6164 6174 6184 6194 6204 6214
6144 6154 6164 6174 6184 6194 6204 6214
6144 6154 6164 6174 6184 6194 6204 6214
6144 6154 6164 6174 6184 6194 6204 6214
6144 6154 6164 6174 6184 6194 6204 6214
6144 6154 6164 6174 6184 6194 6204 6214
6144 6154 6164 6174 6184 6194 6204 6214
6144 6154 6164 6174 6184 6194 6204 6214
6144 6154 6164 6174 6184 6194 6204 6214
6144 6154 6164 6174 6184 6194 6204 6214
6144 6154 6164 6174 6184 6194 6204 6214
6144 6154 6164 6174 6184 6194 6204 6214
6144 6154 6164 6174 6184 6194 6204 6214
6144 6154 6164 6174 6184 6194 6204 6214
6144 6154 6164 6174 6184 6194 6204 6214
6144 6154 6164 6174 6184 6194 6204 6214
6144 6154 6164 6174 6184 6194 6204 6214
6144 6154 6164 6174 6184 6194 6204 6214
6144 6154 6164 6174 6184 6194 6204 6214
6144 6154 6164 6174 6184 6194 6204 6214
6144 6154 6164 6174 6184 6194 6204 6214
6144 6154 6164 6174 6184 6194 6204 6214
6144 6154 6164 6174 6184 6194 6204 6214
6144 6154 6164 6174 6184 6194 6204 6214
6144 6154 6164 6174 6184 6194 6204 6214
6144 6154 6164 6174 6184 6194 6204 6214
6144 6154 6164 6174 6184 6194 6204 6214
6144 6154 6164 6174 6184 6194 6204 6214
6144 6154 6164 6174 6184 6194 6204 6214
6144 6154 6164 6174 6184 6194 6204 6214
