











115
174











50
51
52
53
54
55
56
57
















26
27
28
29
30
31
32
33
















89
90
91
92
93
94
95
96





88
87
74
75
76
77
78
79
80
81
100
101
102
97
98
99
106
107
108
103
104
105
112
113
114
109
110
111
13
119
117
121
120
123
122
125
124
127
126


131
130

134
133
136
135

139
138
141
140
143
142
145
144










157
156
159
158
161
160
163
162

166
165
168
167
170
169
172
171

14
176
175
185
186
187
188




177
178
179
180
190
189
192
191
194
193
196
195
198
197
200
199
202
201
204
203





211
210
213
212























