86
89
92
87
90
93
88
91
94
143
117
155
203
201
129
188
191
185
144
146
145
179
180
130
175
36
38
40
42
44
46
48
50
177
178
6
7
1
2
4
5
12
8
9
3
10
11
13
14
37
39
41
43
45
47
49
51
15
16
17
18
19
20
21
23
24
25
26
27
28
29
30
31
52
54
56
58
60
62
64
66
32
33
34
35
22
118
119
53
55
57
59
61
63
65
67
68
70
72
69
71
73
74
76
78
75
77
79
80
82
84
81
83
85
202
141
142
122
123
120
121
124
125
139
140
131
171
173
174
157
158
159
163
164
160
161
162
107
108
137
138
127
128
126
132
133
135
136
134
147
148
149
150
115
116
111
112
113
114
168
167
172
165
166
169
170
156
154
152
153
176
200
181
182
99
100
101
102
95
96
97
98
103
104
105
106
183
184
189
190
192
193
198
199
186
187
194
195
109
110
196
197
151
204
205
249




























