60 60 60 50 90 90 60 60 60
90 90 40 40 90 90 60 80 10
90 90 80 40 90 90 60 80 5
40 20 40 60 90 90 70 10 90
90 90 90 80 90 90 90 90 90
90 90 90 80 90 90 90 60 90
55 80 90 70 90 90 70 90 90
90 10 90 50 90 90 70 90 10
70 40 70 90 90 90 90 30 90
60 60 60 90 90 90 50 60 60
90 90 40 90 90 90 40 40 10
90 90 30 90 90 90 40 15 5
25 35 45 90 90 90 50 20 90
80 90 40 90 90 90 80 90 90
80 30 90 90 90 90 80 50 90
70 70 70 90 90 90 70 70 70
25 20 30 90 90 90 20 15 15
25 35 45 90 90 90 50 20 90
35 35 35 35 35 35 35 35 35
