38801
38801
38801
38801
38801
38801
38801
38801
38801
38801
38801
38801
38801
38801
38801
38801
38801
38801
38801
38801
38801
38801
38801
38801
38801
38801
38801
38801
38801
38801
7252 7262 7272 7282 7292 7302 7312 7322
7252 7262 7272 7282 7292 7302 7312 7322
7252 7262 7272 7282 7292 7302 7312 7322
7252 7262 7272 7282 7292 7302 7312 7322
7252 7262 7272 7282 7292 7302 7312 7322
7252 7262 7272 7282 7292 7302 7312 7322
7252 7262 7272 7282 7292 7302 7312 7322
7252 7262 7272 7282 7292 7302 7312 7322
7252 7262 7272 7282 7292 7302 7312 7322
7252 7262 7272 7282 7292 7302 7312 7322
7252 7262 7272 7282 7292 7302 7312 7322
7252 7262 7272 7282 7292 7302 7312 7322
7252 7262 7272 7282 7292 7302 7312 7322
7252 7262 7272 7282 7292 7302 7312 7322
7252 7262 7272 7282 7292 7302 7312 7322
7252 7262 7272 7282 7292 7302 7312 7322
7252 7262 7272 7282 7292 7302 7312 7322
7252 7262 7272 7282 7292 7302 7312 7322
7252 7262 7272 7282 7292 7302 7312 7322
7252 7262 7272 7282 7292 7302 7312 7322
7252 7262 7272 7282 7292 7302 7312 7322
7252 7262 7272 7282 7292 7302 7312 7322
7252 7262 7272 7282 7292 7302 7312 7322
7252 7262 7272 7282 7292 7302 7312 7322
7252 7262 7272 7282 7292 7302 7312 7322
7252 7262 7272 7282 7292 7302 7312 7322
7252 7262 7272 7282 7292 7302 7312 7322
7252 7262 7272 7282 7292 7302 7312 7322
7252 7262 7272 7282 7292 7302 7312 7322
7252 7262 7272 7282 7292 7302 7312 7322
7252 7262 7272 7282 7292 7302 7312 7322
7252 7262 7272 7282 7292 7302 7312 7322
7252 7262 7272 7282 7292 7302 7312 7322
7252 7262 7272 7282 7292 7302 7312 7322
7252 7262 7272 7282 7292 7302 7312 7322
7252 7262 7272 7282 7292 7302 7312 7322
7252 7262 7272 7282 7292 7302 7312 7322
7252 7262 7272 7282 7292 7302 7312 7322
7252 7262 7272 7282 7292 7302 7312 7322
7252 7262 7272 7282 7292 7302 7312 7322
7252 7262 7272 7282 7292 7302 7312 7322
7252 7262 7272 7282 7292 7302 7312 7322
7252 7262 7272 7282 7292 7302 7312 7322
7252 7262 7272 7282 7292 7302 7312 7322
7252 7262 7272 7282 7292 7302 7312 7322
7252 7262 7272 7282 7292 7302 7312 7322
7252 7262 7272 7282 7292 7302 7312 7322
7252 7262 7272 7282 7292 7302 7312 7322
7252 7262 7272 7282 7292 7302 7312 7322
7252 7262 7272 7282 7292 7302 7312 7322
7252 7262 7272 7282 7292 7302 7312 7322
7252 7262 7272 7282 7292 7302 7312 7322
7252 7262 7272 7282 7292 7302 7312 7322
7252 7262 7272 7282 7292 7302 7312 7322
7252 7262 7272 7282 7292 7302 7312 7322
7252 7262 7272 7282 7292 7302 7312 7322
7252 7262 7272 7282 7292 7302 7312 7322
7252 7262 7272 7282 7292 7302 7312 7322
7252 7262 7272 7282 7292 7302 7312 7322
7252 7262 7272 7282 7292 7302 7312 7322
7332 7262 7272 7332 7292 7302 7312 7322
7252 7262 7272 7282 7292 7302 7312 7322
7252 7262 7272 7282 7292 7302 7312 7322
7332 7262 7272 7332 7292 7302 7312 7322
7332 7262 7272 7332 7292 7302 7312 7322
7332 7262 7272 7332 7292 7302 7312 7322
7332 7262 7272 7332 7292 7302 7312 7322
7252 7262 7272 7282 7292 7302 7312 7322
7252 7262 7272 7282 7292 7302 7312 7322
7332 7262 7272 7332 7292 7302 7312 7322
7332 7262 7272 7332 7292 7302 7312 7322
7252 7262 7272 7282 7292 7302 7312 7322
7252 7262 7272 7282 7292 7302 7312 7322
7332 7262 7272 7332 7292 7302 7312 7322
7332 7262 7272 7332 7292 7302 7312 7322
7332 7262 7272 7332 7292 7302 7312 7322
7252 7262 7272 7282 7292 7302 7312 7322
7252 7262 7272 7282 7292 7302 7312 7322
7332 7262 7272 7332 7292 7302 7312 7322
7332 7262 7272 7332 7292 7302 7312 7322
7252 7262 7272 7282 7292 7302 7312 7322
7252 7262 7272 7282 7292 7302 7312 7322
7252 7262 7272 7282 7292 7302 7312 7322
7252 7262 7272 7282 7292 7302 7312 7322
7703 7713 7723 7733 7743 7753 7763 7773
7703 7713 7723 7733 7743 7753 7763 7773
7703 7713 7723 7733 7743 7753 7763 7773
7703 7713 7723 7733 7743 7753 7763 7773
7703 7713 7723 7733 7743 7753 7763 7773
7703 7713 7723 7733 7743 7753 7763 7773
7703 7713 7723 7733 7743 7753 7763 7773
7703 7713 7723 7733 7743 7753 7763 7773
7703 7713 7723 7733 7743 7753 7763 7773
7703 7713 7723 7733 7743 7753 7763 7773
7703 7713 7723 7733 7743 7753 7763 7773
7703 7713 7723 7733 7743 7753 7763 7773
7703 7713 7723 7733 7743 7753 7763 7773
7703 7713 7723 7733 7743 7753 7763 7773
7703 7713 7723 7733 7743 7753 7763 7773
7703 7713 7723 7733 7743 7753 7763 7773
7703 7713 7723 7733 7743 7753 7763 7773
7703 7713 7723 7733 7743 7753 7763 7773
7703 7713 7723 7733 7743 7753 7763 7773
7703 7713 7723 7733 7743 7753 7763 7773
7703 7713 7723 7733 7743 7753 7763 7773
7703 7713 7723 7733 7743 7753 7763 7773
7703 7713 7723 7733 7743 7753 7763 7773
7703 7713 7723 7733 7743 7753 7763 7773
7703 7713 7723 7733 7743 7753 7763 7773
7703 7713 7723 7733 7743 7753 7763 7773
7703 7713 7723 7733 7743 7753 7763 7773
7703 7713 7723 7733 7743 7753 7763 7773
7703 7713 7723 7733 7743 7753 7763 7773
7703 7713 7723 7733 7743 7753 7763 7773
7703 7713 7723 7733 7743 7753 7763 7773
7703 7713 7723 7733 7743 7753 7763 7773
7703 7713 7723 7733 7743 7753 7763 7773
7703 7713 7723 7733 7743 7753 7763 7773
7703 7713 7723 7733 7743 7753 7763 7773
7703 7713 7723 7733 7743 7753 7763 7773
7703 7713 7723 7733 7743 7753 7763 7773
7703 7713 7723 7733 7743 7753 7763 7773
7703 7713 7723 7733 7743 7753 7763 7773
7703 7713 7723 7733 7743 7753 7763 7773
7703 7713 7723 7733 7743 7753 7763 7773
7703 7713 7723 7733 7743 7753 7763 7773
7703 7713 7723 7733 7743 7753 7763 7773
7703 7713 7723 7733 7743 7753 7763 7773
7703 7713 7723 7733 7743 7753 7763 7773
7703 7713 7723 7733 7743 7753 7763 7773
7703 7713 7723 7733 7743 7753 7763 7773
7703 7713 7723 7733 7743 7753 7763 7773
7703 7713 7723 7733 7743 7753 7763 7773
7703 7713 7723 7733 7743 7753 7763 7773
7703 7713 7723 7733 7743 7753 7763 7773
7703 7713 7723 7733 7743 7753 7763 7773
7703 7713 7723 7733 7743 7753 7763 7773
7703 7713 7723 7733 7743 7753 7763 7773
7703 7713 7723 7733 7743 7753 7763 7773
7703 7713 7723 7733 7743 7753 7763 7773
7703 7713 7723 7733 7743 7753 7763 7773
7703 7713 7723 7733 7743 7753 7763 7773
7703 7713 7723 7733 7743 7753 7763 7773
7703 7713 7723 7733 7743 7753 7763 7773
7783 7713 7723 7783 7743 7753 7763 7773
7703 7713 7723 7733 7743 7753 7763 7773
7703 7713 7723 7733 7743 7753 7763 7773
7783 7713 7723 7783 7743 7753 7763 7773
7783 7713 7723 7783 7743 7753 7763 7773
7783 7713 7723 7783 7743 7753 7763 7773
7783 7713 7723 7783 7743 7753 7763 7773
7703 7713 7723 7733 7743 7753 7763 7773
7703 7713 7723 7733 7743 7753 7763 7773
7783 7713 7723 7783 7743 7753 7763 7773
7783 7713 7723 7783 7743 7753 7763 7773
7703 7713 7723 7733 7743 7753 7763 7773
7703 7713 7723 7733 7743 7753 7763 7773
7783 7713 7723 7783 7743 7753 7763 7773
7783 7713 7723 7783 7743 7753 7763 7773
7783 7713 7723 7783 7743 7753 7763 7773
7703 7713 7723 7733 7743 7753 7763 7773
7703 7713 7723 7733 7743 7753 7763 7773
7783 7713 7723 7783 7743 7753 7763 7773
7783 7713 7723 7783 7743 7753 7763 7773
7703 7713 7723 7733 7743 7753 7763 7773
7703 7713 7723 7733 7743 7753 7763 7773
7703 7713 7723 7733 7743 7753 7763 7773
7703 7713 7723 7733 7743 7753 7763 7773
8154 8164 8174 8184 8194 8204 8214 8224
8154 8164 8174 8184 8194 8204 8214 8224
8154 8164 8174 8184 8194 8204 8214 8224
8154 8164 8174 8184 8194 8204 8214 8224
8154 8164 8174 8184 8194 8204 8214 8224
8154 8164 8174 8184 8194 8204 8214 8224
8154 8164 8174 8184 8194 8204 8214 8224
8154 8164 8174 8184 8194 8204 8214 8224
8154 8164 8174 8184 8194 8204 8214 8224
8154 8164 8174 8184 8194 8204 8214 8224
8154 8164 8174 8184 8194 8204 8214 8224
8154 8164 8174 8184 8194 8204 8214 8224
8154 8164 8174 8184 8194 8204 8214 8224
8154 8164 8174 8184 8194 8204 8214 8224
8154 8164 8174 8184 8194 8204 8214 8224
8154 8164 8174 8184 8194 8204 8214 8224
8154 8164 8174 8184 8194 8204 8214 8224
8154 8164 8174 8184 8194 8204 8214 8224
8154 8164 8174 8184 8194 8204 8214 8224
8154 8164 8174 8184 8194 8204 8214 8224
8154 8164 8174 8184 8194 8204 8214 8224
8154 8164 8174 8184 8194 8204 8214 8224
8154 8164 8174 8184 8194 8204 8214 8224
8154 8164 8174 8184 8194 8204 8214 8224
8154 8164 8174 8184 8194 8204 8214 8224
8154 8164 8174 8184 8194 8204 8214 8224
8154 8164 8174 8184 8194 8204 8214 8224
8154 8164 8174 8184 8194 8204 8214 8224
8154 8164 8174 8184 8194 8204 8214 8224
8154 8164 8174 8184 8194 8204 8214 8224
8154 8164 8174 8184 8194 8204 8214 8224
8154 8164 8174 8184 8194 8204 8214 8224
8154 8164 8174 8184 8194 8204 8214 8224
8154 8164 8174 8184 8194 8204 8214 8224
8154 8164 8174 8184 8194 8204 8214 8224
8154 8164 8174 8184 8194 8204 8214 8224
8154 8164 8174 8184 8194 8204 8214 8224
8154 8164 8174 8184 8194 8204 8214 8224
8154 8164 8174 8184 8194 8204 8214 8224
8154 8164 8174 8184 8194 8204 8214 8224
8154 8164 8174 8184 8194 8204 8214 8224
8154 8164 8174 8184 8194 8204 8214 8224
8154 8164 8174 8184 8194 8204 8214 8224
8154 8164 8174 8184 8194 8204 8214 8224
8154 8164 8174 8184 8194 8204 8214 8224
8154 8164 8174 8184 8194 8204 8214 8224
8154 8164 8174 8184 8194 8204 8214 8224
8154 8164 8174 8184 8194 8204 8214 8224
8154 8164 8174 8184 8194 8204 8214 8224
8154 8164 8174 8184 8194 8204 8214 8224
8154 8164 8174 8184 8194 8204 8214 8224
8154 8164 8174 8184 8194 8204 8214 8224
8154 8164 8174 8184 8194 8204 8214 8224
8154 8164 8174 8184 8194 8204 8214 8224
8154 8164 8174 8184 8194 8204 8214 8224
8154 8164 8174 8184 8194 8204 8214 8224
8154 8164 8174 8184 8194 8204 8214 8224
8154 8164 8174 8184 8194 8204 8214 8224
8154 8164 8174 8184 8194 8204 8214 8224
8154 8164 8174 8184 8194 8204 8214 8224
8234 8164 8174 8234 8194 8204 8214 8224
8154 8164 8174 8184 8194 8204 8214 8224
8154 8164 8174 8184 8194 8204 8214 8224
8234 8164 8174 8234 8194 8204 8214 8224
8234 8164 8174 8234 8194 8204 8214 8224
8234 8164 8174 8234 8194 8204 8214 8224
8234 8164 8174 8234 8194 8204 8214 8224
8154 8164 8174 8184 8194 8204 8214 8224
8154 8164 8174 8184 8194 8204 8214 8224
8234 8164 8174 8234 8194 8204 8214 8224
8234 8164 8174 8234 8194 8204 8214 8224
8154 8164 8174 8184 8194 8204 8214 8224
8154 8164 8174 8184 8194 8204 8214 8224
8234 8164 8174 8234 8194 8204 8214 8224
8234 8164 8174 8234 8194 8204 8214 8224
8234 8164 8174 8234 8194 8204 8214 8224
8154 8164 8174 8184 8194 8204 8214 8224
8154 8164 8174 8184 8194 8204 8214 8224
8234 8164 8174 8234 8194 8204 8214 8224
8234 8164 8174 8234 8194 8204 8214 8224
8154 8164 8174 8184 8194 8204 8214 8224
8154 8164 8174 8184 8194 8204 8214 8224
8154 8164 8174 8184 8194 8204 8214 8224
8154 8164 8174 8184 8194 8204 8214 8224
16995 17005 17015 17025 17035 17045 17055 17065
16995 17005 17015 17025 17035 17045 17055 17065
16995 17005 17015 17025 17035 17045 17055 17065
16995 17005 17015 17025 17035 17045 17055 17065
16995 17005 17015 17025 17035 17045 17055 17065
16995 17005 17015 17025 17035 17045 17055 17065
16995 17005 17015 17025 17035 17045 17055 17065
16995 17005 17015 17025 17035 17045 17055 17065
16995 17005 17015 17025 17035 17045 17055 17065
16995 17005 17015 17025 17035 17045 17055 17065
16995 17005 17015 17025 17035 17045 17055 17065
16995 17005 17015 17025 17035 17045 17055 17065
16995 17005 17015 17025 17035 17045 17055 17065
16995 17005 17015 17025 17035 17045 17055 17065
16995 17005 17015 17025 17035 17045 17055 17065
16995 17005 17015 17025 17035 17045 17055 17065
16995 17005 17015 17025 17035 17045 17055 17065
16995 17005 17015 17025 17035 17045 17055 17065
16995 17005 17015 17025 17035 17045 17055 17065
16995 17005 17015 17025 17035 17045 17055 17065
16995 17005 17015 17025 17035 17045 17055 17065
16995 17005 17015 17025 17035 17045 17055 17065
16995 17005 17015 17025 17035 17045 17055 17065
16995 17005 17015 17025 17035 17045 17055 17065
16995 17005 17015 17025 17035 17045 17055 17065
16995 17005 17015 17025 17035 17045 17055 17065
16995 17005 17015 17025 17035 17045 17055 17065
16995 17005 17015 17025 17035 17045 17055 17065
16995 17005 17015 17025 17035 17045 17055 17065
16995 17005 17015 17025 17035 17045 17055 17065
16995 17005 17015 17025 17035 17045 17055 17065
16995 17005 17015 17025 17035 17045 17055 17065
16995 17005 17015 17025 17035 17045 17055 17065
16995 17005 17015 17025 17035 17045 17055 17065
16995 17005 17015 17025 17035 17045 17055 17065
16995 17005 17015 17025 17035 17045 17055 17065
16995 17005 17015 17025 17035 17045 17055 17065
16995 17005 17015 17025 17035 17045 17055 17065
16995 17005 17015 17025 17035 17045 17055 17065
16995 17005 17015 17025 17035 17045 17055 17065
16995 17005 17015 17025 17035 17045 17055 17065
16995 17005 17015 17025 17035 17045 17055 17065
16995 17005 17015 17025 17035 17045 17055 17065
16995 17005 17015 17025 17035 17045 17055 17065
16995 17005 17015 17025 17035 17045 17055 17065
16995 17005 17015 17025 17035 17045 17055 17065
16995 17005 17015 17025 17035 17045 17055 17065
16995 17005 17015 17025 17035 17045 17055 17065
16995 17005 17015 17025 17035 17045 17055 17065
16995 17005 17015 17025 17035 17045 17055 17065
16995 17005 17015 17025 17035 17045 17055 17065
16995 17005 17015 17025 17035 17045 17055 17065
16995 17005 17015 17025 17035 17045 17055 17065
16995 17005 17015 17025 17035 17045 17055 17065
16995 17005 17015 17025 17035 17045 17055 17065
16995 17005 17015 17025 17035 17045 17055 17065
16995 17005 17015 17025 17035 17045 17055 17065
16995 17005 17015 17025 17035 17045 17055 17065
16995 17005 17015 17025 17035 17045 17055 17065
16995 17005 17015 17025 17035 17045 17055 17065
17075 17005 17015 17075 17035 17045 17055 17065
16995 17005 17015 17025 17035 17045 17055 17065
16995 17005 17015 17025 17035 17045 17055 17065
17075 17005 17015 17075 17035 17045 17055 17065
17075 17005 17015 17075 17035 17045 17055 17065
17075 17005 17015 17075 17035 17045 17055 17065
17075 17005 17015 17075 17035 17045 17055 17065
16995 17005 17015 17025 17035 17045 17055 17065
16995 17005 17015 17025 17035 17045 17055 17065
17075 17005 17015 17075 17035 17045 17055 17065
17075 17005 17015 17075 17035 17045 17055 17065
16995 17005 17015 17025 17035 17045 17055 17065
16995 17005 17015 17025 17035 17045 17055 17065
17075 17005 17015 17075 17035 17045 17055 17065
17075 17005 17015 17075 17035 17045 17055 17065
17075 17005 17015 17075 17035 17045 17055 17065
16995 17005 17015 17025 17035 17045 17055 17065
16995 17005 17015 17025 17035 17045 17055 17065
17075 17005 17015 17075 17035 17045 17055 17065
17075 17005 17015 17075 17035 17045 17055 17065
16995 17005 17015 17025 17035 17045 17055 17065
16995 17005 17015 17025 17035 17045 17055 17065
16995 17005 17015 17025 17035 17045 17055 17065
16995 17005 17015 17025 17035 17045 17055 17065
16995 17005 17015 17025 17035 17045 17055 17065
16995 17005 17015 17025 17035 17045 17055 17065
16995 17005 17015 17025 17035 17045 17055 17065
16995 17005 17015 17025 17035 17045 17055 17065
16995 17005 17015 17025 17035 17045 17055 17065
16995 17005 17015 17025 17035 17045 17055 17065
