84641
84641
84641
84641
84641
84641
84641
84641
84641
84641
84641
84641
84641
84641
84641
84641
84641
84641
84641
84641
84641
84641
84641
84641
84641
84641
84641
84641
84641
84641
19202 19212 19222 19232 19242 19252 19262 19272
19202 19212 19222 19232 19242 19252 19262 19272
19202 19212 19222 19232 19242 19252 19262 19272
19202 19212 19222 19232 19242 19252 19262 19272
19202 19212 19222 19232 19242 19252 19262 19272
19202 19212 19222 19232 19242 19252 19262 19272
19202 19212 19222 19232 19242 19252 19262 19272
19202 19212 19222 19232 19242 19252 19262 19272
19202 19212 19222 19232 19242 19252 19262 19272
19202 19212 19222 19232 19242 19252 19262 19272
19202 19212 19222 19232 19242 19252 19262 19272
19202 19212 19222 19232 19242 19252 19262 19272
19202 19212 19222 19232 19242 19252 19262 19272
19202 19212 19222 19232 19242 19252 19262 19272
19202 19212 19222 19232 19242 19252 19262 19272
19202 19212 19222 33482 33482 33482 19262 19272
19202 19212 19222 33482 33482 33482 19262 19272
19202 19212 19222 33482 33482 33482 19262 19272
19202 19212 19222 19232 19242 19252 19262 19272
19202 19212 19222 19232 19242 19252 19262 19272
19202 19212 19222 19232 19242 19252 19262 19272
19202 19212 19222 19232 19242 19252 19262 19272
19202 19212 19222 19232 19242 19252 19262 19272
19202 19212 19222 19232 19242 19252 19262 19272
19202 19212 19222 19232 19242 19252 19262 19272
19202 19212 19222 19232 19242 19252 19262 19272
19202 19212 19222 19232 19242 19252 19262 19272
19202 19212 19222 19232 19242 19252 19262 19272
19202 19212 19222 19232 19242 19252 19262 19272
19202 19212 19222 19232 19242 19252 19262 19272
19202 19212 19222 19232 19242 19252 19262 19272
19202 19212 19222 19232 19242 19252 19262 19272
19202 19212 19222 19232 19242 19252 19262 19272
19202 19212 19222 19232 19242 19252 19262 19272
19202 19212 19222 19232 19242 19252 19262 19272
19202 19212 19222 19232 19242 19252 19262 19272
19202 19212 19222 19232 19242 19252 19262 19272
19202 19212 19222 19232 19242 19252 19262 19272
19202 19212 19222 19232 19242 19252 19262 19272
19202 19212 19222 19232 19242 19252 19262 19272
19202 19212 19222 19232 19242 19252 19262 19272
19202 19212 19222 19232 19242 19252 19262 19272
19202 19212 19222 19232 19242 19252 19262 19272
19202 19212 19222 19232 19242 19252 19262 19272
19202 19212 19222 19232 19242 19252 19262 19272
19202 19212 19222 19232 19242 19252 19262 19272
19202 19212 19222 19232 19242 19252 19262 19272
19282 19212 19222 19282 19242 19252 19262 19282
19302 19212 19222 19302 19242 19252 19262 19302
19202 19212 19222 19232 19242 19252 19262 19272
19292 19292 19292 19292 19292 19292 19292 19292
19292 19292 19292 19292 19292 19292 19292 19292
19312 19312 19312 19312 19312 19252 19262 19272
19202 19212 19222 19232 19242 19252 19262 19272
19322 19322 19222 19322 19322 19252 19262 19272
19202 19212 19222 19232 19242 19252 19262 19272
19332 19212 19222 19332 19332 19332 19332 19332
19342 19212 19222 19342 19242 19252 19262 19342
19352 19212 19222 19232 19242 19252 19262 19352
19362 19212 19222 19362 19242 19252 19262 19272
19202 19212 19222 19232 19242 19252 19262 19272
19202 19212 19222 19232 19242 19252 19262 19272
19372 19212 19222 19372 19242 19252 19262 19272
19202 19212 19222 19232 19242 19252 19262 19272
19372 19372 19372 19372 19372 19372 19372 19372
19372 19372 19372 19372 19372 19372 19372 19372
19372 19372 19372 19372 19372 19372 19372 19372
19202 19212 19222 19232 19242 19252 19262 19272
19382 19212 19222 19382 19242 19252 19262 19272
19202 19212 19222 19232 19242 19252 19262 19272
19382 19212 19222 19232 19242 19252 19262 19382
19202 19212 19222 19232 19242 19252 19262 19272
19392 19212 19222 19392 19242 19252 19262 19272
19202 19212 19222 19232 19242 19252 19262 19272
19202 19212 19222 19232 19242 19252 19262 19272
19202 19212 19222 19232 19242 19252 19262 19272
19202 19212 19222 19232 19242 19252 19262 19272
19402 19212 19222 19402 19242 19252 19262 19272
19202 19212 19222 19232 19242 19252 19262 19272
19402 19212 19222 19402 19402 19402 19402 19402
19202 19212 19222 19232 19242 19252 19262 19272
19412 19412 19222 19412 19412 19252 19262 19272
19202 19212 19222 19232 19242 19252 19262 19272
19202 19212 19222 19232 19242 19252 19262 19272
20303 20313 20323 20333 20343 20353 20363 20373
20303 20313 20323 20333 20343 20353 20363 20373
20303 20313 20323 20333 20343 20353 20363 20373
20303 20313 20323 20333 20343 20353 20363 20373
20303 20313 20323 20333 20343 20353 20363 20373
20303 20313 20323 20333 20343 20353 20363 20373
20303 20313 20323 20333 20343 20353 20363 20373
20303 20313 20323 20333 20343 20353 20363 20373
20303 20313 20323 20333 20343 20353 20363 20373
20303 20313 20323 20333 20343 20353 20363 20373
20303 20313 20323 20333 20343 20353 20363 20373
20303 20313 20323 20333 20343 20353 20363 20373
20303 20313 20323 20333 20343 20353 20363 20373
20303 20313 20323 20333 20343 20353 20363 20373
20303 20313 20323 20333 20343 20353 20363 20373
20303 20313 20323 34233 34233 34233 20363 20373
20303 20313 20323 34233 34233 34233 20363 20373
20303 20313 20323 34233 34233 34233 20363 20373
20303 20313 20323 20333 20343 20353 20363 20373
20303 20313 20323 20333 20343 20353 20363 20373
20303 20313 20323 20333 20343 20353 20363 20373
20303 20313 20323 20333 20343 20353 20363 20373
20303 20313 20323 20333 20343 20353 20363 20373
20303 20313 20323 20333 20343 20353 20363 20373
20303 20313 20323 20333 20343 20353 20363 20373
20303 20313 20323 20333 20343 20353 20363 20373
20303 20313 20323 20333 20343 20353 20363 20373
20303 20313 20323 20333 20343 20353 20363 20373
20303 20313 20323 20333 20343 20353 20363 20373
20303 20313 20323 20333 20343 20353 20363 20373
20303 20313 20323 20333 20343 20353 20363 20373
20303 20313 20323 20333 20343 20353 20363 20373
20303 20313 20323 20333 20343 20353 20363 20373
20303 20313 20323 20333 20343 20353 20363 20373
20303 20313 20323 20333 20343 20353 20363 20373
20303 20313 20323 20333 20343 20353 20363 20373
20303 20313 20323 20333 20343 20353 20363 20373
20303 20313 20323 20333 20343 20353 20363 20373
20303 20313 20323 20333 20343 20353 20363 20373
20303 20313 20323 20333 20343 20353 20363 20373
20303 20313 20323 20333 20343 20353 20363 20373
20303 20313 20323 20333 20343 20353 20363 20373
20303 20313 20323 20333 20343 20353 20363 20373
20303 20313 20323 20333 20343 20353 20363 20373
20303 20313 20323 20333 20343 20353 20363 20373
20303 20313 20323 20333 20343 20353 20363 20373
20303 20313 20323 20333 20343 20353 20363 20373
20383 20313 20323 20383 20343 20353 20363 20383
20403 20313 20323 20403 20343 20353 20363 20403
20303 20313 20323 20333 20343 20353 20363 20373
20393 20393 20393 20393 20393 20393 20393 20393
20393 20393 20393 20393 20393 20393 20393 20393
20413 20413 20413 20413 20413 20353 20363 20373
20303 20313 20323 20333 20343 20353 20363 20373
20423 20423 20323 20423 20423 20353 20363 20373
20303 20313 20323 20333 20343 20353 20363 20373
20433 20313 20323 20433 20433 20433 20433 20433
20443 20313 20323 20443 20343 20353 20363 20443
20453 20313 20323 20333 20343 20353 20363 20453
20463 20313 20323 20463 20343 20353 20363 20373
20303 20313 20323 20333 20343 20353 20363 20373
20303 20313 20323 20333 20343 20353 20363 20373
20473 20313 20323 20473 20343 20353 20363 20373
20303 20313 20323 20333 20343 20353 20363 20373
20473 20473 20473 20473 20473 20473 20473 20473
20473 20473 20473 20473 20473 20473 20473 20473
20473 20473 20473 20473 20473 20473 20473 20473
20303 20313 20323 20333 20343 20353 20363 20373
20483 20313 20323 20483 20343 20353 20363 20373
20303 20313 20323 20333 20343 20353 20363 20373
20483 20313 20323 20333 20343 20353 20363 20483
20303 20313 20323 20333 20343 20353 20363 20373
20493 20313 20323 20493 20343 20353 20363 20373
20303 20313 20323 20333 20343 20353 20363 20373
20303 20313 20323 20333 20343 20353 20363 20373
20303 20313 20323 20333 20343 20353 20363 20373
20303 20313 20323 20333 20343 20353 20363 20373
20503 20313 20323 20503 20343 20353 20363 20373
20303 20313 20323 20333 20343 20353 20363 20373
20503 20313 20323 20503 20503 20503 20503 20503
20303 20313 20323 20333 20343 20353 20363 20373
20513 20513 20323 20513 20513 20353 20363 20373
20303 20313 20323 20333 20343 20353 20363 20373
20303 20313 20323 20333 20343 20353 20363 20373
21404 21414 21424 21434 21444 21454 21464 21474
21404 21414 21424 21434 21444 21454 21464 21474
21404 21414 21424 21434 21444 21454 21464 21474
21404 21414 21424 21434 21444 21454 21464 21474
21404 21414 21424 21434 21444 21454 21464 21474
21404 21414 21424 21434 21444 21454 21464 21474
21404 21414 21424 21434 21444 21454 21464 21474
21404 21414 21424 21434 21444 21454 21464 21474
21404 21414 21424 21434 21444 21454 21464 21474
21404 21414 21424 21434 21444 21454 21464 21474
21404 21414 21424 21434 21444 21454 21464 21474
21404 21414 21424 21434 21444 21454 21464 21474
21404 21414 21424 21434 21444 21454 21464 21474
21404 21414 21424 21434 21444 21454 21464 21474
21404 21414 21424 21434 21444 21454 21464 21474
21404 21414 21424 34284 34284 34284 21464 21474
21404 21414 21424 34284 34284 34284 21464 21474
21404 21414 21424 34284 34284 34284 21464 21474
21404 21414 21424 21434 21444 21454 21464 21474
21404 21414 21424 21434 21444 21454 21464 21474
21404 21414 21424 21434 21444 21454 21464 21474
21404 21414 21424 21434 21444 21454 21464 21474
21404 21414 21424 21434 21444 21454 21464 21474
21404 21414 21424 21434 21444 21454 21464 21474
21404 21414 21424 21434 21444 21454 21464 21474
21404 21414 21424 21434 21444 21454 21464 21474
21404 21414 21424 21434 21444 21454 21464 21474
21404 21414 21424 21434 21444 21454 21464 21474
21404 21414 21424 21434 21444 21454 21464 21474
21404 21414 21424 21434 21444 21454 21464 21474
21404 21414 21424 21434 21444 21454 21464 21474
21404 21414 21424 21434 21444 21454 21464 21474
21404 21414 21424 21434 21444 21454 21464 21474
21404 21414 21424 21434 21444 21454 21464 21474
21404 21414 21424 21434 21444 21454 21464 21474
21404 21414 21424 21434 21444 21454 21464 21474
21404 21414 21424 21434 21444 21454 21464 21474
21404 21414 21424 21434 21444 21454 21464 21474
21404 21414 21424 21434 21444 21454 21464 21474
21404 21414 21424 21434 21444 21454 21464 21474
21404 21414 21424 21434 21444 21454 21464 21474
21404 21414 21424 21434 21444 21454 21464 21474
21404 21414 21424 21434 21444 21454 21464 21474
21404 21414 21424 21434 21444 21454 21464 21474
21404 21414 21424 21434 21444 21454 21464 21474
21404 21414 21424 21434 21444 21454 21464 21474
21404 21414 21424 21434 21444 21454 21464 21474
21484 21414 21424 21484 21444 21454 21464 21484
21504 21414 21424 21504 21444 21454 21464 21504
21404 21414 21424 21434 21444 21454 21464 21474
21494 21494 21494 21494 21494 21494 21494 21494
21494 21494 21494 21494 21494 21494 21494 21494
21514 21514 21514 21514 21514 21454 21464 21474
21404 21414 21424 21434 21444 21454 21464 21474
21524 21524 21424 21524 21524 21454 21464 21474
21404 21414 21424 21434 21444 21454 21464 21474
21534 21414 21424 21534 21534 21534 21534 21534
21544 21414 21424 21544 21444 21454 21464 21544
21554 21414 21424 21434 21444 21454 21464 21554
21564 21414 21424 21564 21444 21454 21464 21474
21404 21414 21424 21434 21444 21454 21464 21474
21404 21414 21424 21434 21444 21454 21464 21474
21574 21414 21424 21574 21444 21454 21464 21474
21404 21414 21424 21434 21444 21454 21464 21474
21574 21574 21574 21574 21574 21574 21574 21574
21574 21574 21574 21574 21574 21574 21574 21574
21574 21574 21574 21574 21574 21574 21574 21574
21404 21414 21424 21434 21444 21454 21464 21474
21584 21414 21424 21584 21444 21454 21464 21474
21404 21414 21424 21434 21444 21454 21464 21474
21584 21414 21424 21434 21444 21454 21464 21584
21404 21414 21424 21434 21444 21454 21464 21474
21594 21414 21424 21594 21444 21454 21464 21474
21404 21414 21424 21434 21444 21454 21464 21474
21404 21414 21424 21434 21444 21454 21464 21474
21404 21414 21424 21434 21444 21454 21464 21474
21404 21414 21424 21434 21444 21454 21464 21474
21604 21414 21424 21604 21444 21454 21464 21474
21404 21414 21424 21434 21444 21454 21464 21474
21604 21414 21424 21604 21604 21604 21604 21604
21404 21414 21424 21434 21444 21454 21464 21474
21614 21614 21424 21614 21614 21454 21464 21474
21404 21414 21424 21434 21444 21454 21464 21474
21404 21414 21424 21434 21444 21454 21464 21474
35765 35775 35785 35795 35805 35815 35825 35835
35765 35775 35785 35795 35805 35815 35825 35835
35765 35775 35785 35795 35805 35815 35825 35835
35765 35775 35785 35795 35805 35815 35825 35835
35765 35775 35785 35795 35805 35815 35825 35835
35765 35775 35785 35795 35805 35815 35825 35835
35765 35775 35785 35795 35805 35815 35825 35835
35765 35775 35785 35795 35805 35815 35825 35835
35765 35775 35785 35795 35805 35815 35825 35835
35765 35775 35785 35795 35805 35815 35825 35835
35765 35775 35785 35795 35805 35815 35825 35835
35765 35775 35785 35795 35805 35815 35825 35835
35765 35775 35785 35795 35805 35815 35825 35835
35765 35775 35785 35795 35805 35815 35825 35835
35765 35775 35785 35795 35805 35815 35825 35835
35765 35775 35785 35795 36005 36005 35825 35835
35765 35775 35785 35795 36005 36005 35825 35835
35765 35775 35785 35795 36005 36005 35825 35835
35765 35775 35785 35795 35805 35815 35825 35835
35765 35775 35785 35795 35805 35815 35825 35835
35765 35775 35785 35795 35805 35815 35825 35835
35765 35775 35785 35795 35805 35815 35825 35835
35765 35775 35785 35795 35805 35815 35825 35835
35765 35775 35785 35795 35805 35815 35825 35835
35765 35775 35785 35795 35805 35815 35825 35835
35765 35775 35785 35795 35805 35815 35825 35835
35765 35775 35785 35795 35805 35815 35825 35835
35765 35775 35785 35795 35805 35815 35825 35835
35765 35775 35785 35795 35805 35815 35825 35835
35765 35775 35785 35795 35805 35815 35825 35835
35765 35775 35785 35795 35805 35815 35825 35835
35765 35775 35785 35795 35805 35815 35825 35835
35765 35775 35785 35795 35805 35815 35825 35835
35765 35775 35785 35795 35805 35815 35825 35835
35765 35775 35785 35795 35805 35815 35825 35835
35765 35775 35785 35795 35805 35815 35825 35835
35765 35775 35785 35795 35805 35815 35825 35835
35765 35775 35785 35795 35805 35815 35825 35835
35765 35775 35785 35795 35805 35815 35825 35835
35765 35775 35785 35795 35805 35815 35825 35835
35765 35775 35785 35795 35805 35815 35825 35835
35765 35775 35785 35795 35805 35815 35825 35835
35765 35775 35785 35795 35805 35815 35825 35835
35765 35775 35785 35795 35805 35815 35825 35835
35765 35775 35785 35795 35805 35815 35825 35835
35765 35775 35785 35795 35805 35815 35825 35835
35765 35775 35785 35795 35805 35815 35825 35835
35845 35775 35785 35845 35805 35815 35825 35845
35865 35775 35785 35865 35805 35815 35825 35865
35765 35775 35785 35795 35805 35815 35825 35835
35855 35855 35855 35855 35855 35855 35855 35855
35855 35855 35855 35855 35855 35855 35855 35855
35845 35845 35845 35845 35845 35815 35825 35835
35765 35775 35785 35795 35805 35815 35825 35835
35845 35845 35785 35845 35845 35815 35825 35835
35765 35775 35785 35795 35805 35815 35825 35835
35895 35775 35785 35895 35895 35895 35895 35895
35905 35775 35785 35905 35805 35815 35825 35905
35915 35775 35785 35795 35805 35815 35825 35915
35925 35775 35785 35925 35805 35815 35825 35835
35765 35775 35785 35795 35805 35815 35825 35835
35765 35775 35785 35795 35805 35815 35825 35835
35935 35775 35785 35935 35805 35815 35825 35835
35765 35775 35785 35795 35805 35815 35825 35835
35935 35935 35935 35935 35935 35935 35935 35935
35935 35935 35935 35935 35935 35935 35935 35935
35935 35935 35935 35935 35935 35935 35935 35935
35765 35775 35785 35795 35805 35815 35825 35835
35945 35775 35785 35945 35805 35815 35825 35835
35765 35775 35785 35795 35805 35815 35825 35835
35945 35775 35785 35795 35805 35815 35825 35945
35765 35775 35785 35795 35805 35815 35825 35835
35845 35775 35785 35845 35805 35815 35825 35835
35765 35775 35785 35795 35805 35815 35825 35835
35765 35775 35785 35795 35805 35815 35825 35835
35765 35775 35785 35795 35805 35815 35825 35835
35765 35775 35785 35795 35805 35815 35825 35835
35965 35775 35785 35965 35805 35815 35825 35835
35765 35775 35785 35795 35805 35815 35825 35835
35965 35775 35785 35965 35965 35965 35965 35965
35765 35775 35785 35795 35805 35815 35825 35835
35845 35845 35785 35845 35845 35815 35825 35835
35765 35775 35785 35795 35805 35815 35825 35835
35765 35775 35785 35795 35805 35815 35825 35835
35975 35775 35785 35975 35975 35975 35975 35975
35955 35775 35785 35955 35955 35955 35955 35955
35875 35775 35785 35795 35805 35815 35825 35835
35885 35775 35785 35795 35805 35815 35825 35835
35985 35775 36005 35985 36005 36005 36005 36005
35995 35775 35785 35795 35805 35815 35825 35835
