84601
84601
84601
84601
84601
84601
84601
84601
84601
84601
84601
84601
84601
84601
84601
84601
84601
84601
84601
84601
84601
84601
84601
84601
84601
84601
84601
84601
84601
84601
8002 8002 8002
8002 8002 8002
8002 8002 8002
8002 8002 8002
8002 8002 8002
8002 8002 8002
8002 8002 8002
8002 8002 8002
8002 8002 8002
8002 8002 8002
8002 8002 8002
8002 8002 8002
8002 8002 8002
8002 8002 8002
8002 8002 8002
8002 8002 8002
8002 8002 8002
8002 8002 8002
8002 8002 8002
8002 8002 8002
8002 8002 8002
8002 8002 8002
8002 8002 8002
8002 8002 8002
8002 8002 8002
8002 8002 8002
8002 8002 8002
8002 8002 8002
8002 8002 8002
8002 8002 8002
8002 8002 8002
8002 8002 8002
8003 8003 8003
8003 8003 8003
8003 8003 8003
8003 8003 8003
8003 8003 8003
8003 8003 8003
8003 8003 8003
8003 8003 8003
8003 8003 8003
8003 8003 8003
8003 8003 8003
8003 8003 8003
8003 8003 8003
8003 8003 8003
8003 8003 8003
8003 8003 8003
8003 8003 8003
8003 8003 8003
8003 8003 8003
8003 8003 8003
8003 8003 8003
8003 8003 8003
8003 8003 8003
8003 8003 8003
8003 8003 8003
8003 8003 8003
8003 8003 8003
8003 8003 8003
8003 8003 8003
8003 8003 8003
8003 8003 8003
8003 8003 8003
12844 12854 12864 12874 29714
12844 12854 12864 12874 29714
12844 12854 12864 12874 29714
12844 12854 12864 12874 29714
12844 12854 12864 12874 29714
12844 12854 12864 12874 29714
12844 12854 12864 12874 29714
12844 12854 12864 12874 29714
12844 12854 12864 12874 29714
12844 12854 12864 12874 29714
12844 12854 12864 12874 29714
12844 12854 12864 12874 29714
12844 12854 12864 12874 29714
12844 12854 12864 12874 29714
12844 12854 12864 12874 29714
12844 33924 12864 33924 29714
12844 33924 12864 33924 29714
12844 33924 12864 33924 29714
12844 12854 12864 12874 29714
12844 12854 12864 12874 29714
12844 12854 12864 12874 29714
12844 12854 12864 12874 29714
12844 12854 12864 12874 29714
12844 12854 12864 12874 29714
12844 12854 12864 12874 29714
12844 12854 12864 12874 29714
12844 12854 12864 12874 29714
12844 12854 12864 12874 29714
12844 12854 12864 12874 29714
12844 12854 12864 12874 29714
12844 12854 12864 12874 29714
12844 12854 12864 12874 29714
12844 12854 12864 12874 29714
12844 12854 12864 12874 29714
12844 12854 12864 12874 29714
12844 12854 12864 12874 29714
12844 12854 12864 12874 29714
12844 12854 12864 12874 29714
12844 12854 12864 12874 29714
12844 12854 12864 12874 29714
12844 12854 12864 12874 29714
12844 12854 12864 12874 29714
12844 12854 12864 12874 29714
12844 12854 12864 12874 29714
12844 12854 12864 12874 29714
12844 12854 12864 12874 29714
12844 12854 12864 12874 29714
12894 12894 12894 12894 12894
12844 12854 12864 12874 29714
12904 12904 12904 12904 12904
12914 12914 12914 12914 12914
12924 12924 12924 12924 12924
12924 12924 12924 12924 12924
12924 12924 12924 12924 12924
12844 12854 12864 12874 29714
12844 12854 12864 12874 29714
12844 12854 12864 12874 29714
12934 12934 12934 12934 12934
12844 12854 12864 12874 29714
12844 12854 12864 12874 29714
12844 12854 33934 12874 29714
12844 12854 33934 12874 29714
12844 12854 33934 12874 29714
12844 12854 12864 12874 29714
12844 12854 12864 12874 29714
12844 12854 12864 12874 29714
