38761
38761
38761
38761
38761
38761
38761
38761
38761
38761
38761
38761
38761
38761
38761
38761
38761
38761
38761
38761
38761
38761
38761
38761
38761
38761
38761
38761
38761
38761
2732
2732
2732
2732
2732
2732
2732
2732
2732
2732
2732
2732
2732
2732
2732
2732
2732
2732
2732
2732
2732
2732
2732
2732
2732
2732
2732
2732
2732
2732
2732
2732
2733
2733
2733
2733
2733
2733
2733
2733
2733
2733
2733
2733
2733
2733
2733
2733
2733
2733
2733
2733
2733
2733
2733
2733
2733
2733
2733
2733
2733
2733
2733
2733
4084 4074 4094 4104 4114 14004 14014
4084 4074 4094 4104 4114 14004 14014
4084 4074 4094 4104 4114 14004 14014
4084 4074 4094 4104 4114 14004 14014
4084 4074 4094 4104 4114 14004 14014
4084 4074 4094 4104 4114 14004 14014
4084 4074 4094 4104 4114 14004 14014
4084 4074 4094 4104 4114 14004 14014
4084 4074 4094 4104 4114 14004 14014
4084 4074 4094 4104 4114 14004 14014
4084 4074 4094 4104 4114 14004 14014
4084 4074 4094 4104 4114 14004 14014
4084 4074 4094 4104 4114 14004 14014
4084 4074 4094 4104 4114 14004 14014
4084 4074 4094 4104 4114 14004 14014
4084 4074 4094 4104 4114 14004 14014
4084 4074 4094 4104 4114 14004 14014
4084 4074 4094 4104 4114 14004 14014
4084 4074 4094 4104 4114 14004 14014
4084 4074 4094 4104 4114 14004 14014
4084 4074 4094 4104 4114 14004 14014
4084 4074 4094 4104 4114 14004 14014
4084 4074 4094 4104 4114 14004 14014
4084 4074 4094 4104 4114 14004 14014
4084 4074 4094 4104 4114 14004 14014
4084 4074 4094 4104 4114 14004 14014
4084 4074 4094 4104 4114 14004 14014
4084 4074 4094 4104 4114 14004 14014
4084 4074 4094 4104 4114 14004 14014
4084 4074 4094 4104 4114 14004 14014
4084 4074 4094 4104 4114 14004 14014
4084 4074 4094 4104 4114 14004 14014
4084 4074 4094 4104 4114 14004 14014
4084 4074 4094 4104 4114 14004 14014
4084 4074 4094 4104 4114 14004 14014
4084 4074 4094 4104 4114 14004 14014
4084 4074 4094 4104 4114 14004 14014
4084 4074 4094 4104 4114 14004 14014
4084 4074 4094 4104 4114 14004 14014
4084 4074 4094 4104 4114 14004 14014
4084 4074 4094 4104 4114 14004 14014
4084 4074 4094 4104 4114 14004 14014
4084 4074 4094 4104 4114 14004 14014
4084 4074 4094 4104 4114 14004 14014
4084 4074 4094 4104 4114 14004 14014
4084 4074 4094 4104 4114 14004 14014
4084 4074 4094 4104 4114 14004 14014
4084 4074 4094 4104 4114 14004 14014
4084 4074 4094 4104 4114 14004 14014
4084 4074 4094 4104 4114 14004 14014
4084 4074 4094 4104 4114 14004 14014
4084 4074 4094 4104 4114 14004 14014
4084 4074 4094 4104 4114 14004 14014
4084 4074 4094 4104 4114 14004 14014
4084 4074 4094 4104 4114 14004 14014
4084 4074 4094 4104 4114 14004 14014
4084 4074 4094 4104 4114 14004 14014
4084 4074 4094 4104 4114 14004 14014
4084 4074 4094 4104 4114 14004 14014
4084 4074 4094 4104 4114 14004 14014
4084 4074 4094 4104 4114 14004 14014
4084 4074 4094 4104 4114 14004 14014
4084 4074 4094 4104 4114 14004 14014
4084 4074 4094 4104 4114 14004 14014
4084 4074 4094 4104 4114 14004 14014
4084 4074 4094 4104 4114 14004 14014
