84631
84631
84631
84631
84631
84631
84631
84631
84631
84631
84631
84631
84631
84631
84631
84631
84631
84631
84631
84631
84631
84631
84631
84631
84631
84631
84631
84631
84631
84631
13142 13152 13162 13172 29742
13142 13152 13162 13172 29742
13142 13152 13162 13172 29742
13142 13152 13162 13172 29742
13142 13152 13162 13172 29742
13142 13152 13162 13172 29742
13142 13152 13162 13172 29742
13142 13152 13162 13172 29742
13142 13152 13162 13172 29742
13142 13152 13162 13172 29742
13142 13152 13162 13172 29742
13142 13152 13162 13172 29742
13142 13152 13162 13172 29742
13142 13152 13162 13172 29742
13142 13152 13162 13172 29742
13142 33982 13162 33982 29742
13142 33982 13162 33982 29742
13142 33982 13162 33982 29742
13142 13152 13162 13172 29742
13142 13152 13162 13172 29742
13142 13152 13162 13172 29742
13142 13152 13162 13172 29742
13142 13152 13162 13172 29742
13142 13152 13162 13172 29742
13142 13152 13162 13172 29742
13142 13152 13162 13172 29742
13142 13152 13162 13172 29742
13142 13152 13162 13172 29742
13142 13152 13162 13172 29742
13142 13152 13162 13172 29742
13142 13152 13162 13172 29742
13142 13152 13162 13172 29742
13142 13152 13162 13172 29742
13142 13152 13162 13172 29742
13142 13152 13162 13172 29742
13142 13152 13162 13172 29742
13142 13152 13162 13172 29742
13142 13152 13162 13172 29742
13142 13152 13162 13172 29742
13142 13152 13162 13172 29742
13142 13152 13162 13172 29742
13142 13152 13162 13172 29742
13142 13152 13162 13172 29742
13142 13152 13162 13172 29742
13142 13152 13162 13172 29742
13142 13152 13162 13172 29742
13142 13152 13162 13172 29742
13192 13192 13192 13192 13192
13142 13152 13162 13172 29742
13202 13202 13202 13202 13202
13212 13212 13212 13212 13212
13222 13222 13222 13222 13222
13222 13222 13222 13222 13222
13222 13222 13222 13222 13222
13142 13152 13162 13172 29742
13142 13152 13162 13172 29742
13142 13152 13162 13172 29742
13232 13232 13232 13232 13232
13142 13152 13162 13172 29742
13142 13152 13162 13172 29742
13142 13152 33992 13172 29742
13142 13152 33992 13172 29742
13142 13152 33992 13172 29742
13142 13152 13162 13172 29742
13142 13152 13162 13172 29742
13142 13152 13162 13172 29742
68023 68033 68043 68053 68063 68073 68083 68093
68023 68033 68043 68053 68063 68073 68083 68093
68023 68033 68043 68053 68063 68073 68083 68093
68023 68033 68043 68053 68063 68073 68083 68093
68023 68033 68043 68053 68063 68073 68083 68093
68023 68033 68043 68053 68063 68073 68083 68093
68023 68033 68043 68053 68063 68073 68083 68093
68023 68033 68043 68053 68063 68073 68083 68093
68023 68033 68043 68053 68063 68073 68083 68093
68023 68033 68043 68053 68063 68073 68083 68093
68023 68033 68043 68053 68063 68073 68083 68093
68023 68033 68043 68053 68063 68073 68083 68093
68023 68033 68043 68053 68063 68073 68083 68093
68023 68033 68043 68053 68063 68073 68083 68093
68023 68033 68043 68053 68063 68073 68083 68093
68023 68033 68043 68053 68063 68073 68083 68093
68023 68033 68043 68053 68063 68073 68083 68093
68023 68033 68043 68053 68063 68073 68083 68093
68023 68033 68043 68053 68063 68073 68083 68093
68023 68033 68043 68053 68063 68073 68083 68093
68023 68033 68043 68053 68063 68073 68083 68093
68023 68033 68043 68053 68063 68073 68083 68093
68023 68033 68043 68053 68063 68073 68083 68093
68023 68033 68043 68053 68063 68073 68083 68093
68023 68033 68043 68053 68063 68073 68083 68093
68023 68033 68043 68053 68063 68073 68083 68093
68023 68033 68043 68053 68063 68073 68083 68093
68023 68033 68043 68053 68063 68073 68083 68093
68023 68033 68043 68053 68063 68073 68083 68093
68023 68033 68043 68053 68063 68073 68083 68093
68023 68033 68043 68053 68063 68073 68083 68093
68023 68033 68043 68053 68063 68073 68083 68093
68023 68033 68043 68053 68063 68073 68083 68093
68023 68033 68043 68053 68063 68073 68083 68093
68023 68033 68043 68053 68063 68073 68083 68093
68023 68033 68043 68053 68063 68073 68083 68093
68023 68033 68043 68053 68063 68073 68083 68093
68023 68033 68043 68053 68063 68073 68083 68093
68023 68033 68043 68053 68063 68073 68083 68093
68023 68033 68043 68053 68063 68073 68083 68093
68023 68033 68043 68053 68063 68073 68083 68093
68023 68033 68043 68053 68063 68073 68083 68093
68023 68033 68043 68053 68063 68073 68083 68093
68023 68033 68043 68053 68063 68073 68083 68093
68023 68033 68103 68053 68103 68073 68083 68093
68023 68033 68103 68053 68103 68073 68083 68093
68023 68033 68203 68053 68063 68073 68083 68093
68023 68033 68203 68053 68063 68073 68083 68093
68023 68033 68113 68053 68113 68073 68083 68093
68023 68033 68203 68053 68063 68073 68083 68093
68023 68033 68043 68053 68063 68073 68083 68093
68023 68033 68113 68053 68113 68073 68083 68093
68023 68033 68123 68053 68123 68073 68083 68093
68023 68213 68213 68053 68063 68213 68083 68093
68023 68213 68213 68053 68063 68213 68083 68093
68023 68213 68213 68053 68063 68213 68083 68093
68023 68223 68223 68053 68063 68223 68083 68093
68023 68223 68223 68053 68063 68223 68083 68093
68023 68133 68133 68053 68063 68133 68083 68093
68023 68133 68133 68053 68063 68133 68083 68093
68023 68213 68213 68053 68063 68213 68083 68093
68023 68213 68213 68053 68063 68213 68083 68093
68023 68223 68223 68053 68063 68223 68083 68093
68023 68133 68133 68053 68063 68133 68083 68093
68023 68133 68133 68053 68063 68133 68083 68093
68023 68143 68143 68053 68063 68143 68083 68093
68023 68143 68143 68053 68063 68143 68083 68093
68023 68143 68143 68053 68063 68143 68083 68093
68023 68143 68143 68053 68063 68143 68083 68093
68023 68143 68143 68053 68063 68143 68083 68093
68023 68143 68143 68053 68063 68143 68083 68093
68023 68033 68163 68053 68063 68223 68083 68093
68023 68033 68163 68053 68063 68223 68083 68093
68023 68033 68163 68053 68063 68223 68083 68093
68023 68033 68163 68053 68063 68223 68083 68093
68023 68033 68163 68053 68063 68223 68083 68093
68023 68033 68163 68053 68063 68223 68083 68093
68023 68033 68173 68053 68063 68073 68083 68093
68023 68033 68173 68053 68063 68073 68083 68093
68023 68183 68043 68053 68063 68073 68083 68093
68023 68183 68043 68053 68063 68073 68083 68093
68023 68183 68043 68053 68063 68073 68083 68093
68023 68183 68043 68053 68063 68073 68083 68093
68023 68183 68043 68053 68063 68073 68083 68093
68023 68033 68193 68053 68193 68073 68083 68093
68023 68033 68193 68053 68193 68073 68083 68093
68023 68033 68193 68053 68193 68073 68083 68093
68023 68033 68043 68053 68063 68073 68083 68093
68023 68033 68043 68053 68063 68073 68083 68093
