38791
38791
38791
38791
38791
38791
38791
38791
38791
38791
38791
38791
38791
38791
38791
38791
38791
38791
38791
38791
38791
38791
38791
38791
38791
38791
38791
38791
38791
38791
4262 4252 4272 4282 4292 14062 14072
4262 4252 4272 4282 4292 14062 14072
4262 4252 4272 4282 4292 14062 14072
4262 4252 4272 4282 4292 14062 14072
4262 4252 4272 4282 4292 14062 14072
4262 4252 4272 4282 4292 14062 14072
4262 4252 4272 4282 4292 14062 14072
4262 4252 4272 4282 4292 14062 14072
4262 4252 4272 4282 4292 14062 14072
4262 4252 4272 4282 4292 14062 14072
4262 4252 4272 4282 4292 14062 14072
4262 4252 4272 4282 4292 14062 14072
4262 4252 4272 4282 4292 14062 14072
4262 4252 4272 4282 4292 14062 14072
4262 4252 4272 4282 4292 14062 14072
4262 4252 4272 4282 4292 14062 14072
4262 4252 4272 4282 4292 14062 14072
4262 4252 4272 4282 4292 14062 14072
4262 4252 4272 4282 4292 14062 14072
4262 4252 4272 4282 4292 14062 14072
4262 4252 4272 4282 4292 14062 14072
4262 4252 4272 4282 4292 14062 14072
4262 4252 4272 4282 4292 14062 14072
4262 4252 4272 4282 4292 14062 14072
4262 4252 4272 4282 4292 14062 14072
4262 4252 4272 4282 4292 14062 14072
4262 4252 4272 4282 4292 14062 14072
4262 4252 4272 4282 4292 14062 14072
4262 4252 4272 4282 4292 14062 14072
4262 4252 4272 4282 4292 14062 14072
4262 4252 4272 4282 4292 14062 14072
4262 4252 4272 4282 4292 14062 14072
4262 4252 4272 4282 4292 14062 14072
4262 4252 4272 4282 4292 14062 14072
4262 4252 4272 4282 4292 14062 14072
4262 4252 4272 4282 4292 14062 14072
4262 4252 4272 4282 4292 14062 14072
4262 4252 4272 4282 4292 14062 14072
4262 4252 4272 4282 4292 14062 14072
4262 4252 4272 4282 4292 14062 14072
4262 4252 4272 4282 4292 14062 14072
4262 4252 4272 4282 4292 14062 14072
4262 4252 4272 4282 4292 14062 14072
4262 4252 4272 4282 4292 14062 14072
4262 4252 4272 4282 4292 14062 14072
4262 4252 4272 4282 4292 14062 14072
4262 4252 4272 4282 4292 14062 14072
4262 4252 4272 4282 4292 14062 14072
4262 4252 4272 4282 4292 14062 14072
4262 4252 4272 4282 4292 14062 14072
4262 4252 4272 4282 4292 14062 14072
4262 4252 4272 4282 4292 14062 14072
4262 4252 4272 4282 4292 14062 14072
4262 4252 4272 4282 4292 14062 14072
4262 4252 4272 4282 4292 14062 14072
4262 4252 4272 4282 4292 14062 14072
4262 4252 4272 4282 4292 14062 14072
4262 4252 4272 4282 4292 14062 14072
4262 4252 4272 4282 4292 14062 14072
4262 4252 4272 4282 4292 14062 14072
4262 4252 4272 4282 4292 14062 14072
4262 4252 4272 4282 4292 14062 14072
4262 4252 4272 4282 4292 14062 14072
4262 4252 4272 4282 4292 14062 14072
4262 4252 4272 4282 4292 14062 14072
4262 4252 4272 4282 4292 14062 14072
32013 32023 32033 32043 32053 32063 32073
32013 32023 32033 32043 32053 32063 32073
32013 32023 32033 32043 32053 32063 32073
32013 32023 32033 32043 32053 32063 32073
32013 32023 32033 32043 32053 32063 32073
32013 32023 32033 32043 32053 32063 32073
32013 32023 32033 32043 32053 32063 32073
32013 32023 32033 32043 32053 32063 32073
32013 32023 32033 32043 32053 32063 32073
32013 32023 32033 32043 32053 32063 32073
32013 32023 32033 32043 32053 32063 32073
32013 32023 32033 32043 32053 32063 32073
32013 32023 32033 32043 32053 32063 32073
32013 32023 32033 32043 32053 32063 32073
32013 32023 32033 32043 32053 32063 32073
32013 32023 32033 32043 32053 32063 32073
32013 32023 32033 32043 32053 32063 32073
32013 32023 32033 32043 32053 32063 32073
32013 32023 32033 32043 32053 32063 32073
32013 32023 32033 32043 32053 32063 32073
32013 32023 32033 32043 32053 32063 32073
32013 32023 32033 32043 32053 32063 32073
32013 32023 32033 32043 32053 32063 32073
32013 32023 32033 32043 32053 32063 32073
32013 32023 32033 32043 32053 32063 32073
32013 32023 32033 32043 32053 32063 32073
32013 32023 32033 32043 32053 32063 32073
32013 32023 32033 32043 32053 32063 32073
32013 32023 32033 32043 32053 32063 32073
32013 32023 32033 32043 32053 32063 32073
32013 32023 32033 32043 32053 32063 32073
32013 32023 32033 32043 32053 32063 32073
32013 32023 32033 32043 32053 32063 32073
32013 32023 32033 32043 32053 32063 32073
32013 32023 32033 32043 32053 32063 32073
32013 32023 32033 32043 32053 32063 32073
32013 32023 32033 32043 32053 32063 32073
32013 32023 32033 32043 32053 32063 32073
32013 32023 32033 32043 32053 32063 32073
32013 32023 32033 32043 32053 32063 32073
32013 32023 32033 32043 32053 32063 32073
32013 32023 32033 32043 32053 32063 32073
32013 32023 32033 32043 32053 32063 32073
32013 32023 32033 32043 32053 32063 32073
32013 32023 32033 32043 32053 32063 32073
32013 32023 32033 32043 32053 32063 32073
32013 32023 32033 32043 32053 32063 32073
32013 32023 32033 32043 32053 32063 32073
32013 32023 32033 32043 32053 32063 32073
32013 32023 32033 32043 32053 32063 32073
32013 32023 32033 32043 32053 32063 32073
32013 32023 32033 32043 32053 32063 32073
32013 32023 32033 32043 32053 32063 32073
32013 32023 32033 32043 32053 32063 32073
32013 32023 32033 32043 32053 32063 32073
32013 32023 32033 32043 32053 32063 32073
32013 32023 32033 32043 32053 32063 32073
32013 32023 32033 32043 32053 32063 32073
32013 32023 32033 32043 32053 32063 32073
32013 32023 32033 32043 32053 32063 32073
32013 32023 32033 32043 32053 32063 32073
32013 32023 32033 32043 32053 32063 32073
32013 32023 32033 32043 32053 32063 32073
32013 32023 32033 32043 32053 32063 32073
32013 32023 32033 32043 32053 32063 32073
32013 32023 32033 32043 32053 32063 32073
32013 32023 32033 32043 32053 32063 32073
32013 32023 32033 32043 32053 32063 32073
32013 32023 32033 32043 32053 32063 32073
32013 32023 32033 32043 32053 32063 32073
32013 32023 32033 32043 32053 32063 32073
32013 32023 32033 32043 32053 32063 32073
32013 32023 32033 32043 32053 32063 32073
32013 32023 32033 32043 32053 32063 32073
32013 32023 32033 32043 32053 32063 32073
32013 32023 32033 32043 32053 32063 32073
32013 32023 32033 32043 32053 32063 32073
32013 32023 32033 32043 32053 32063 32073
32013 32023 32033 32043 32053 32063 32073
32013 32023 32033 32043 32053 32063 32073
32013 32023 32033 32043 32053 32063 32073
32013 32023 32033 32043 32053 32063 32073
32013 32023 32033 32043 32053 32063 32073
32013 32023 32033 32043 32053 32063 32073
32013 32023 32033 32043 32053 32063 32073
32013 32023 32033 32043 32053 32063 32073
32013 32023 32033 32043 32053 32063 32073
32013 32023 32033 32043 32053 32063 32073
32013 32023 32033 32043 32053 32063 32073
