38761
38761
38761
38761
38761
38761
38761
38761
38761
38761
38761
38761
38761
38761
38761
38761
38761
38761
38761
38761
38761
38761
38761
38761
38761
38761
38761
38761
38761
38761
2472
2472
2472
2472
2472
2472
2472
2472
2472
2472
2472
2472
2472
2472
2472
2472
2472
2472
2472
2472
2472
2472
2472
2472
2472
2472
2472
2472
2472
2472
2472
2472
2472
2472
2472
2472
2472
2472
2472
2472
2472
2472
2472
2472
2472
2472
2472
2472
2472
2472
6983 6993 7003 7013 7023 7033 7043 7053
6983 6993 7003 7013 7023 7033 7043 7053
6983 6993 7003 7013 7023 7033 7043 7053
6983 6993 7003 7013 7023 7033 7043 7053
6983 6993 7003 7013 7023 7033 7043 7053
6983 6993 7003 7013 7023 7033 7043 7053
6983 6993 7003 7013 7023 7033 7043 7053
6983 6993 7003 7013 7023 7033 7043 7053
6983 6993 7003 7013 7023 7033 7043 7053
6983 6993 7003 7013 7023 7033 7043 7053
6983 6993 7003 7013 7023 7033 7043 7053
6983 6993 7003 7013 7023 7033 7043 7053
6983 6993 7003 7013 7023 7033 7043 7053
6983 6993 7003 7013 7023 7033 7043 7053
6983 6993 7003 7013 7023 7033 7043 7053
6983 6993 7003 7013 7023 7033 7043 7053
6983 6993 7003 7013 7023 7033 7043 7053
6983 6993 7003 7013 7023 7033 7043 7053
6983 6993 7003 7013 7023 7033 7043 7053
6983 6993 7003 7013 7023 7033 7043 7053
6983 6993 7003 7013 7023 7033 7043 7053
6983 6993 7003 7013 7023 7033 7043 7053
6983 6993 7003 7013 7023 7033 7043 7053
6983 6993 7003 7013 7023 7033 7043 7053
6983 6993 7003 7013 7023 7033 7043 7053
6983 6993 7003 7013 7023 7033 7043 7053
6983 6993 7003 7013 7023 7033 7043 7053
6983 6993 7003 7013 7023 7033 7043 7053
6983 6993 7003 7013 7023 7033 7043 7053
6983 6993 7003 7013 7023 7033 7043 7053
6983 6993 7003 7013 7023 7033 7043 7053
6983 6993 7003 7013 7023 7033 7043 7053
6983 6993 7003 7013 7023 7033 7043 7053
6983 6993 7003 7013 7023 7033 7043 7053
6983 6993 7003 7013 7023 7033 7043 7053
6983 6993 7003 7013 7023 7033 7043 7053
6983 6993 7003 7013 7023 7033 7043 7053
6983 6993 7003 7013 7023 7033 7043 7053
6983 6993 7003 7013 7023 7033 7043 7053
6983 6993 7003 7013 7023 7033 7043 7053
6983 6993 7003 7013 7023 7033 7043 7053
6983 6993 7003 7013 7023 7033 7043 7053
6983 6993 7003 7013 7023 7033 7043 7053
6983 6993 7003 7013 7023 7033 7043 7053
6983 6993 7003 7013 7023 7033 7043 7053
6983 6993 7003 7013 7023 7033 7043 7053
6983 6993 7003 7013 7023 7033 7043 7053
6983 6993 7003 7013 7023 7033 7043 7053
6983 6993 7003 7013 7023 7033 7043 7053
6983 6993 7003 7013 7023 7033 7043 7053
6983 6993 7003 7013 7023 7033 7043 7053
6983 6993 7003 7013 7023 7033 7043 7053
6983 6993 7003 7013 7023 7033 7043 7053
6983 6993 7003 7013 7023 7033 7043 7053
6983 6993 7003 7013 7023 7033 7043 7053
6983 6993 7003 7013 7023 7033 7043 7053
6983 6993 7003 7013 7023 7033 7043 7053
6983 6993 7003 7013 7023 7033 7043 7053
6983 6993 7003 7013 7023 7033 7043 7053
6983 6993 7003 7013 7023 7033 7043 7053
7063 6993 7003 7063 7023 7033 7043 7053
6983 6993 7003 7013 7023 7033 7043 7053
6983 6993 7003 7013 7023 7033 7043 7053
7063 6993 7003 7063 7023 7033 7043 7053
7063 6993 7003 7063 7023 7033 7043 7053
7063 6993 7003 7063 7023 7033 7043 7053
7063 6993 7003 7063 7023 7033 7043 7053
6983 6993 7003 7013 7023 7033 7043 7053
6983 6993 7003 7013 7023 7033 7043 7053
7063 6993 7003 7063 7023 7033 7043 7053
7063 6993 7003 7063 7023 7033 7043 7053
6983 6993 7003 7013 7023 7033 7043 7053
6983 6993 7003 7013 7023 7033 7043 7053
7063 6993 7003 7063 7023 7033 7043 7053
7063 6993 7003 7063 7023 7033 7043 7053
7063 6993 7003 7063 7023 7033 7043 7053
6983 6993 7003 7013 7023 7033 7043 7053
6983 6993 7003 7013 7023 7033 7043 7053
7063 6993 7003 7063 7023 7033 7043 7053
7063 6993 7003 7063 7023 7033 7043 7053
6983 6993 7003 7013 7023 7033 7043 7053
6983 6993 7003 7013 7023 7033 7043 7053
6983 6993 7003 7013 7023 7033 7043 7053
6983 6993 7003 7013 7023 7033 7043 7053
