84601
84601
84601
84601
84601
84601
84601
84601
84601
84601
84601
84601
84601
84601
84601
84601
84601
84601
84601
84601
84601
84601
84601
84601
84601
84601
84601
84601
84601
84601
7392 7442 7452 7462
7392 7442 7452 7462
7392 7442 7452 7462
7392 7442 7452 7462
7392 7442 7452 7462
7392 7442 7452 7462
7392 7442 7452 7462
7392 7442 7452 7462
7392 7442 7452 7462
7392 7442 7452 7462
7392 7442 7452 7462
7392 7442 7452 7462
7392 7442 7452 7462
7392 7442 7452 7462
7392 7442 7452 7462
7392 7442 7452 7462
7392 7442 7452 7462
7392 7442 7452 7462
7392 7442 7452 7462
7392 7442 7452 7462
7392 7442 7452 7462
7392 7442 7452 7462
7392 7442 7452 7462
7392 7442 7452 7462
7392 7442 7452 7462
7392 7442 7452 7462
7392 7442 7452 7462
7392 7442 7452 7462
7392 7442 7452 7462
7392 7442 7452 7462
7392 7442 7452 7462
7392 7442 7452 7462
7392 7442 7452 7462
7392 7442 7452 7462
7392 7442 7452 7462
7392 7442 7452 7462
7392 7442 7452 7462
7392 7442 7452 7462
7402 7402 7402 7402
7412 7412 7412 7412
7392 7442 7452 7462
7422 7422 7422 7422
7422 7422 7422 7422
7392 7442 7452 7462
7392 7442 7452 7462
7432 7432 7432 7432
7392 7442 7452 7462
7392 7442 7452 7462
7392 7442 7452 7462
7392 7442 7452 7462
18543 18553 18563 18573 18583 18593 18603 18613
18543 18553 18563 18573 18583 18593 18603 18613
18543 18553 18563 18573 18583 18593 18603 18613
18543 18553 18563 18573 18583 18593 18603 18613
18543 18553 18563 18573 18583 18593 18603 18613
18543 18553 18563 18573 18583 18593 18603 18613
18543 18553 18563 18573 18583 18593 18603 18613
18543 18553 18563 18573 18583 18593 18603 18613
18543 18553 18563 18573 18583 18593 18603 18613
18543 18553 18563 18573 18583 18593 18603 18613
18543 18553 18563 18573 18583 18593 18603 18613
18543 18553 18563 18573 18583 18593 18603 18613
18543 18553 18563 18573 18583 18593 18603 18613
18543 18553 18563 18573 18583 18593 18603 18613
18543 18553 18563 18573 18583 18593 18603 18613
18543 18553 18563 33443 33443 33443 18603 18613
18543 18553 18563 33443 33443 33443 18603 18613
18543 18553 18563 33443 33443 33443 18603 18613
18543 18553 18563 18573 18583 18593 18603 18613
18543 18553 18563 18573 18583 18593 18603 18613
18543 18553 18563 18573 18583 18593 18603 18613
18543 18553 18563 18573 18583 18593 18603 18613
18543 18553 18563 18573 18583 18593 18603 18613
18543 18553 18563 18573 18583 18593 18603 18613
18543 18553 18563 18573 18583 18593 18603 18613
18543 18553 18563 18573 18583 18593 18603 18613
18543 18553 18563 18573 18583 18593 18603 18613
18543 18553 18563 18573 18583 18593 18603 18613
18543 18553 18563 18573 18583 18593 18603 18613
18543 18553 18563 18573 18583 18593 18603 18613
18543 18553 18563 18573 18583 18593 18603 18613
18543 18553 18563 18573 18583 18593 18603 18613
18543 18553 18563 18573 18583 18593 18603 18613
18543 18553 18563 18573 18583 18593 18603 18613
18543 18553 18563 18573 18583 18593 18603 18613
18543 18553 18563 18573 18583 18593 18603 18613
18543 18553 18563 18573 18583 18593 18603 18613
18543 18553 18563 18573 18583 18593 18603 18613
18543 18553 18563 18573 18583 18593 18603 18613
18543 18553 18563 18573 18583 18593 18603 18613
18543 18553 18563 18573 18583 18593 18603 18613
18543 18553 18563 18573 18583 18593 18603 18613
18543 18553 18563 18573 18583 18593 18603 18613
18543 18553 18563 18573 18583 18593 18603 18613
18543 18553 18563 18573 18583 18593 18603 18613
18543 18553 18563 18573 18583 18593 18603 18613
18543 18553 18563 18573 18583 18593 18603 18613
18623 18553 18563 18623 18583 18593 18603 18623
18643 18553 18563 18643 18583 18593 18603 18643
18543 18553 18563 18573 18583 18593 18603 18613
18633 18633 18633 18633 18633 18633 18633 18633
18633 18633 18633 18633 18633 18633 18633 18633
18653 18653 18653 18653 18653 18593 18603 18613
18543 18553 18563 18573 18583 18593 18603 18613
18663 18663 18563 18663 18663 18593 18603 18613
18543 18553 18563 18573 18583 18593 18603 18613
18673 18553 18563 18673 18673 18673 18673 18673
18683 18553 18563 18683 18583 18593 18603 18683
18693 18553 18563 18573 18583 18593 18603 18693
18703 18553 18563 18703 18583 18593 18603 18613
18543 18553 18563 18573 18583 18593 18603 18613
18543 18553 18563 18573 18583 18593 18603 18613
18713 18553 18563 18713 18583 18593 18603 18613
18543 18553 18563 18573 18583 18593 18603 18613
18713 18713 18713 18713 18713 18713 18713 18713
18713 18713 18713 18713 18713 18713 18713 18713
18713 18713 18713 18713 18713 18713 18713 18713
18543 18553 18563 18573 18583 18593 18603 18613
18723 18553 18563 18723 18583 18593 18603 18613
18543 18553 18563 18573 18583 18593 18603 18613
18723 18553 18563 18573 18583 18593 18603 18723
18543 18553 18563 18573 18583 18593 18603 18613
18733 18553 18563 18733 18583 18593 18603 18613
18543 18553 18563 18573 18583 18593 18603 18613
18543 18553 18563 18573 18583 18593 18603 18613
18543 18553 18563 18573 18583 18593 18603 18613
18543 18553 18563 18573 18583 18593 18603 18613
18743 18553 18563 18743 18583 18593 18603 18613
18543 18553 18563 18573 18583 18593 18603 18613
18743 18553 18563 18743 18743 18743 18743 18743
18543 18553 18563 18573 18583 18593 18603 18613
18753 18753 18563 18753 18753 18593 18603 18613
18543 18553 18563 18573 18583 18593 18603 18613
18543 18553 18563 18573 18583 18593 18603 18613
