38791
38791
38791
38791
38791
38791
38791
38791
38791
38791
38791
38791
38791
38791
38791
38791
38791
38791
38791
38791
38791
38791
38791
38791
38791
38791
38791
38791
38791
38791
4732 4742 4752 4762 4782 4772
4732 4742 4752 4762 4782 4772
4732 4742 4752 4762 4782 4772
4732 4742 4752 4762 4782 4772
4732 4742 4752 4762 4782 4772
4732 4742 4752 4762 4782 4772
4732 4742 4752 4762 4782 4772
4732 4742 4752 4762 4782 4772
4732 4742 4752 4762 4782 4772
4732 4742 4752 4762 4782 4772
4732 4742 4752 4762 4782 4772
4732 4742 4752 4762 4782 4772
4732 4742 4752 4762 4782 4772
4732 4742 4752 4762 4782 4772
4732 4742 4752 4762 4782 4772
4732 4742 4752 4762 4782 4772
4732 4742 4752 4762 4782 4772
4732 4742 4752 4762 4782 4772
4732 4742 4752 4762 4782 4772
4732 4742 4752 4762 4782 4772
4732 4742 4752 4762 4782 4772
4732 4742 4752 4762 4782 4772
4732 4742 4752 4762 4782 4772
4732 4742 4752 4762 4782 4772
4732 4742 4752 4762 4782 4772
4732 4742 4752 4762 4782 4772
4732 4742 4752 4762 4782 4772
4732 4742 4752 4762 4782 4772
4732 4742 4752 4762 4782 4772
4732 4742 4752 4762 4782 4772
4732 4742 4752 4762 4782 4772
4732 4742 4752 4762 4782 4772
4732 4742 4752 4762 4782 4772
4732 4742 4752 4762 4782 4772
4732 4742 4752 4762 4782 4772
4732 4742 4752 4762 4782 4772
4732 4742 4752 4762 4782 4772
4732 4742 4752 4762 4782 4772
4732 4742 4752 4762 4782 4772
4732 4742 4752 4762 4782 4772
4732 4742 4752 4762 4782 4772
4732 4742 4752 4762 4782 4772
4732 4742 4752 4762 4782 4772
4732 4742 4752 4762 4782 4772
4732 4742 4752 4762 4782 4772
4732 4742 4752 4762 4782 4772
4732 4742 4752 4762 4782 4772
4732 4742 4752 4762 4782 4772
4732 4742 4752 4762 4782 4772
4732 4742 4752 4762 4782 4772
4732 4742 4752 4762 4782 4772
4732 4742 4752 4762 4782 4772
4732 4742 4752 4762 4782 4772
4732 4742 4752 4762 4782 4772
4732 4742 4752 4762 4782 4772
4732 4742 4752 4762 4782 4772
4732 4742 4752 4762 4782 4772
4732 4742 4752 4762 4782 4772
4732 4742 4752 4762 4782 4772
4732 4742 4752 4762 4782 4772
4732 4742 4752 4762 4782 4772
4732 4742 4752 4762 4782 4772
4732 4742 4752 4762 4782 4772
4732 4742 4752 4762 4782 4772
4732 4742 4752 4762 4782 4772
4732 4742 4752 4762 4782 4772
4732 4742 4752 4762 4782 4772
5803 5813 5823 5833 5843 5853 5863
5803 5813 5823 5833 5843 5853 5863
5803 5813 5823 5833 5843 5853 5863
5803 5813 5823 5833 5843 5853 5863
5803 5813 5823 5833 5843 5853 5863
5803 5813 5823 5833 5843 5853 5863
5803 5813 5823 5833 5843 5853 5863
5803 5813 5823 5833 5843 5853 5863
5803 5813 5823 5833 5843 5853 5863
5803 5813 5823 5833 5843 5853 5863
5803 5813 5823 5833 5843 5853 5863
5803 5813 5823 5833 5843 5853 5863
5803 5813 5823 5833 5843 5853 5863
5803 5813 5823 5833 5843 5853 5863
5803 5813 5823 5833 5843 5853 5863
5803 5813 5823 5833 5843 5853 5863
5803 5813 5823 5833 5843 5853 5863
5803 5813 5823 5833 5843 5853 5863
5803 5813 5823 5833 5843 5853 5863
5803 5813 5823 5833 5843 5853 5863
5803 5813 5823 5833 5843 5853 5863
5803 5813 5823 5833 5843 5853 5863
5803 5813 5823 5833 5843 5853 5863
5803 5813 5823 5833 5843 5853 5863
5803 5813 5823 5833 5843 5853 5863
5803 5813 5823 5833 5843 5853 5863
5803 5813 5823 5833 5843 5853 5863
5803 5813 5823 5833 5843 5853 5863
5803 5813 5823 5833 5843 5853 5863
5803 5813 5823 5833 5843 5853 5863
5803 5813 5823 5833 5843 5853 5863
5803 5813 5823 5833 5843 5853 5863
5803 5813 5823 5833 5843 5853 5863
5803 5813 5823 5833 5843 5853 5863
5803 5813 5823 5833 5843 5853 5863
5803 5813 5823 5833 5843 5853 5863
5803 5813 5823 5833 5843 5853 5863
5803 5813 5823 5833 5843 5853 5863
5803 5813 5823 5833 5843 5853 5863
5803 5813 5823 5833 5843 5853 5863
5803 5813 5823 5833 5843 5853 5863
5803 5813 5823 5833 5843 5853 5863
5803 5813 5823 5833 5843 5853 5863
5803 5813 5823 5833 5843 5853 5863
5803 5813 5823 5833 5843 5853 5863
5803 5813 5823 5833 5843 5853 5863
5803 5813 5823 5833 5843 5853 5863
5803 5813 5823 5833 5843 5853 5863
5803 5813 5823 5833 5843 5853 5863
5803 5813 5823 5833 5843 5853 5863
5803 5813 5823 5833 5843 5853 5863
5803 5813 5823 5833 5843 5853 5863
5803 5813 5823 5833 5843 5853 5863
5803 5813 5823 5833 5843 5853 5863
5803 5813 5823 5833 5843 5853 5863
5803 5813 5823 5833 5843 5853 5863
5803 5813 5823 5833 5843 5853 5863
5803 5813 5823 5833 5843 5853 5863
5803 5813 5823 5833 5843 5853 5863
5803 5813 5823 5833 5843 5853 5863
5803 5813 5823 5833 5843 5853 5863
5803 5813 5823 5833 5843 5853 5863
5803 5813 5823 5833 5843 5853 5863
5803 5813 5823 5833 5843 5853 5863
5803 5813 5823 5833 5843 5853 5863
5803 5813 5823 5833 5843 5853 5863
5803 5813 5823 5833 5843 5853 5863
5803 5813 5823 5833 5843 5853 5863
5803 5813 5823 5833 5843 5853 5863
5803 5813 5823 5833 5843 5853 5863
5803 5813 5823 5833 5843 5853 5863
5803 5813 5823 5833 5843 5853 5863
5803 5813 5823 5833 5843 5853 5863
5803 5813 5823 5833 5843 5853 5863
5803 5813 5823 5833 5843 5853 5863
5803 5813 5823 5833 5843 5853 5863
5803 5813 5823 5833 5843 5853 5863
5803 5813 5823 5833 5843 5853 5863
5803 5813 5823 5833 5843 5853 5863
5803 5813 5823 5833 5843 5853 5863
5803 5813 5823 5833 5843 5853 5863
5803 5813 5823 5833 5843 5853 5863
5803 5813 5823 5833 5843 5853 5863
5803 5813 5823 5833 5843 5853 5863
5803 5813 5823 5833 5843 5853 5863
5803 5813 5823 5833 5843 5853 5863
5803 5813 5823 5833 5843 5853 5863
5803 5813 5823 5833 5843 5853 5863
5803 5813 5823 5833 5843 5853 5863
5803 5813 5823 5833 5843 5853 5863
5803 5813 5823 5833 5843 5853 5863
10284 10294 10304 10314 10324 10334 10344 10354 10364
10284 10294 10304 10314 10324 10334 10344 10354 10364
10284 10294 10304 10314 10324 10334 10344 10354 10364
10284 10294 10304 10314 10324 10334 10344 10354 10364
10284 10294 10304 10314 10324 10334 10344 10354 10364
10284 10294 10304 10314 10324 10334 10344 10354 10364
10284 10294 10304 10314 10324 10334 10344 10354 10364
10284 10294 10304 10314 10324 10334 10344 10354 10364
10284 10294 10304 10314 10324 10334 10344 10354 10364
10284 10294 10304 10314 10324 10334 10344 10354 10364
10284 10294 10304 10314 10324 10334 10344 10354 10364
10284 10294 10304 10314 10324 10334 10344 10354 10364
10284 10294 10304 10314 10324 10334 10344 10354 10364
10284 10294 10304 10314 10324 10334 10344 10354 10364
10284 10294 10304 10314 10324 10334 10344 10354 10364
10284 10294 10304 10314 10324 10334 10344 10354 10364
10284 10294 10304 10314 10324 10334 10344 10354 10364
10284 10294 10304 10314 10324 10334 10344 10354 10364
10284 10294 10304 10314 10324 10334 10344 10354 10364
10284 10294 10304 10314 10324 10334 10344 10354 10364
10284 10294 10304 10314 10324 10334 10344 10354 10364
10284 10294 10304 10314 10324 10334 10344 10354 10364
10284 10294 10304 10314 10324 10334 10344 10354 10364
10284 10294 10304 10314 10324 10334 10344 10354 10364
10284 10294 10304 10314 10324 10334 10344 10354 10364
10284 10294 10304 10314 10324 10334 10344 10354 10364
10284 10294 10304 10314 10324 10334 10344 10354 10364
10284 10294 10304 10314 10324 10334 10344 10354 10364
10284 10294 10304 10314 10324 10334 10344 10354 10364
10284 10294 10304 10314 10324 10334 10344 10354 10364
10284 10294 10304 10314 10324 10334 10344 10354 10364
10284 10294 10304 14454 10324 10334 10344 14904 10364
10284 10294 10304 14454 10324 10334 10344 14904 10364
10284 10294 10304 14454 10324 10334 10344 14904 10364
10284 10294 10304 10314 10324 10334 10344 10354 10364
10284 10294 10304 10314 10324 10334 10344 10354 10364
10284 10294 10304 10314 10324 10334 10344 10354 10364
10284 10294 10304 10314 10324 10334 10344 10354 10364
10284 10294 10304 10314 10324 10334 10344 10354 10364
10284 10294 10304 10314 10324 10334 10344 10354 10364
10284 10294 10304 10314 10324 10334 10344 10354 10364
10284 10294 10304 10314 10324 10334 10344 10354 10364
10284 10294 10304 10314 10324 10334 10344 10354 10364
10284 10294 10304 10314 10324 10334 10344 10354 10364
10284 10294 10304 10314 10324 10334 10344 10354 10364
10284 10294 10304 10314 10324 10334 10344 10354 10364
10284 10294 10304 10314 10324 10334 10344 10354 10364
10284 10294 10304 10314 10324 10334 10344 10354 10364
10284 10294 10304 10314 10324 10334 10344 10354 10364
10284 10294 10304 10314 10324 10334 10344 10354 10364
10284 10294 10304 10314 10324 10334 10344 10354 10364
10284 10294 10304 10314 10324 10334 10344 10354 10364
10284 10294 10304 10314 10324 10334 10344 10354 10364
10284 10294 10304 10314 10324 10334 10344 10354 10364
10284 10294 10304 10314 10324 10334 10344 10354 10364
10284 10294 10304 10314 10324 10334 10344 10354 10364
10284 10294 10304 10314 10324 10334 10344 10354 10364
10284 10294 10304 10314 10324 10334 10344 10354 10364
10284 10294 10304 10314 10324 10334 10344 10354 10364
10284 10294 10304 10314 10324 10334 10344 10354 10364
10284 10294 10304 10314 10324 10334 10344 10354 10364
10284 10294 10304 10314 10324 10334 10344 10354 10364
10284 10294 10304 10314 10324 10334 10344 10354 10364
10284 10294 10304 10314 10324 10334 10344 10354 10364
10284 10294 10304 10314 10324 10334 10344 10354 10364
10284 10294 10304 10314 10324 10334 10344 10354 10364
10284 10294 10304 10314 10324 10334 10344 10354 10364
10284 10294 10304 14454 10324 10334 10344 14904 10364
10284 10294 10304 14454 10324 10334 10344 14904 10364
10284 10294 10304 10314 10324 10334 10344 10354 10364
10284 10294 10304 10314 10324 10334 10344 10354 10364
10284 10294 10304 10314 10324 10334 10344 10354 10364
10284 10294 10304 10314 10324 10334 10344 10354 10364
10284 10294 10304 10314 10324 10334 10344 10354 10364
10284 10294 10304 10314 10324 10334 10344 10354 10364
10284 10294 10304 14454 10324 10334 10344 14904 10364
10284 10294 10304 14454 10324 10334 10344 14904 10364
10284 10294 10304 10314 10324 10334 10344 10354 10364
10284 10294 10304 10314 10324 10334 10344 10354 10364
10284 10294 10304 10314 10324 10334 10344 10354 10364
10284 10294 10304 10314 10324 10334 10344 10354 10364
10284 10294 10304 10314 10324 10334 10344 10354 10364
10284 10294 10304 10314 10324 10334 10344 10354 10364
