84631
84631
84631
84631
84631
84631
84631
84631
84631
84631
84631
84631
84631
84631
84631
84631
84631
84631
84631
84631
84631
84631
84631
84631
84631
84631
84631
84631
84631
84631
13942 13962 13972 13982 13992
13942 13962 13972 13982 13992
13942 13962 13972 13982 13992
13942 13962 13972 13982 13992
13942 13962 13972 13982 13992
13942 13962 13972 13982 13992
13942 13962 13972 13982 13992
13942 13962 13972 13982 13992
13942 13962 13972 13982 13992
13942 13962 13972 13982 13992
13942 13962 13972 13982 13992
13942 13962 13972 13982 13992
13942 13962 13972 13982 13992
13942 13962 13972 13982 13992
13942 13962 13972 13982 13992
13942 13962 13972 13982 34082
13942 13962 13972 13982 34082
13942 13962 13972 13982 34082
13942 13962 13972 13982 13992
13942 13962 13972 13982 13992
13942 13962 13972 13982 13992
13942 13962 13972 13982 13992
13942 13962 13972 13982 13992
13942 13962 13972 13982 13992
13942 13962 13972 13982 13992
13942 13962 13972 13982 13992
13942 13962 13972 13982 13992
13942 13962 13972 13982 13992
13942 13962 13972 13982 13992
13942 13962 13972 13982 13992
13942 13962 13972 13982 13992
13942 13962 13972 13982 13992
13942 13962 13972 13982 13992
13942 13962 13972 13982 13992
13942 13962 13972 13982 13992
13942 13962 13972 13982 13992
13942 13962 13972 13982 13992
13942 13962 13972 13982 13992
13942 13962 13972 13982 13992
13942 13962 13972 13982 13992
13942 13962 13972 13982 13992
13942 13962 13972 13982 13992
13942 13962 13972 13982 13992
13942 13962 13972 13982 13992
13942 13962 13972 13982 13992
13942 13962 13972 13982 13992
13942 13962 13972 13982 13992
13952 13952 13952 13982 13992
13942 13962 13972 13982 13992
13942 13962 13972 13982 13992
13942 13962 13972 13982 13992
13942 13962 13972 13982 13992
13942 13962 13972 13982 13992
13942 13962 13972 13982 13992
13942 13962 13972 13982 13992
13942 13962 13972 13982 13992
13942 14022 13972 13982 13992
13942 13962 13972 13982 13992
13942 13962 13972 13982 13992
14032 14032 14032 13982 13992
13942 13962 13972 13982 13992
13942 13962 13972 13982 13992
28682 28682 28682 13982 13992
28692 28692 28692 28692 28692
28692 28692 28692 28692 28692
28692 28692 28692 28692 28692
13942 13962 13972 13982 13992
15953 15963 15973 15983 15993 16003 16013 16023
15953 15963 15973 15983 15993 16003 16013 16023
15953 15963 15973 15983 15993 16003 16013 16023
15953 15963 15973 15983 15993 16003 16013 16023
15953 15963 15973 15983 15993 16003 16013 16023
15953 15963 15973 15983 15993 16003 16013 16023
15953 15963 15973 15983 15993 16003 16013 16023
15953 15963 15973 15983 15993 16003 16013 16023
15953 15963 15973 15983 15993 16003 16013 16023
15953 15963 15973 15983 15993 16003 16013 16023
15953 15963 15973 15983 15993 16003 16013 16023
15953 15963 15973 15983 15993 16003 16013 16023
15953 15963 15973 15983 15993 16003 16013 16023
15953 15963 15973 15983 15993 16003 16013 16023
15953 15963 15973 15983 15993 16003 16013 16023
15953 15963 15973 15983 15993 16003 16013 16023
15953 15963 15973 15983 15993 16003 16013 16023
15953 15963 15973 15983 15993 16003 16013 16023
15953 15963 15973 15983 15993 16003 16013 16023
15953 15963 15973 15983 15993 16003 16013 16023
15953 15963 15973 15983 15993 16003 16013 16023
15953 15963 15973 15983 15993 16003 16013 16023
15953 15963 15973 15983 15993 16003 16013 16023
15953 15963 15973 15983 15993 16003 16013 16023
15953 15963 15973 15983 15993 16003 16013 16023
15953 15963 15973 15983 15993 16003 16013 16023
15953 15963 15973 15983 15993 16003 16013 16023
15953 15963 15973 15983 15993 16003 16013 16023
15953 15963 15973 15983 15993 16003 16013 16023
15953 15963 15973 15983 15993 16003 16013 16023
15953 15963 15973 15983 15993 16003 16013 16023
15953 15963 15973 15983 15993 16003 16013 16023
15953 15963 15973 15983 15993 16003 16013 16023
15953 15963 15973 15983 15993 16003 16013 16023
15953 15963 15973 15983 15993 16003 16013 16023
15953 15963 15973 15983 15993 16003 16013 16023
15953 15963 15973 15983 15993 16003 16013 16023
15953 15963 15973 15983 15993 16003 16013 16023
15953 15963 15973 15983 15993 16003 16013 16023
15953 15963 15973 15983 15993 16003 16013 16023
15953 15963 15973 15983 15993 16003 16013 16023
15953 15963 15973 15983 15993 16003 16013 16023
15953 15963 15973 15983 15993 16003 16013 16023
15953 15963 15973 15983 15993 16003 16013 16023
15953 15963 15973 15983 15993 16003 16013 16023
15953 15963 15973 15983 15993 16003 16013 16023
15953 15963 15973 15983 15993 16003 16013 16023
15953 15963 15973 15983 15993 16003 16013 16023
15953 15963 15973 15983 15993 16003 16013 16023
15953 15963 15973 15983 15993 16003 16013 16023
15953 15963 15973 15983 15993 16003 16013 16023
15953 16043 15973 15983 15993 16003 16013 16023
15953 16033 15973 15983 15993 16003 16013 16023
15953 15963 15973 16053 15993 16003 16013 16023
15953 15963 15973 15983 15993 16003 16013 16023
15953 16063 16063 16063 16063 16003 16063 16023
15953 16063 16063 16063 16063 16003 16063 16023
15953 16063 16063 16063 16063 16003 16063 16023
15953 16063 16063 16063 16063 16003 16063 16023
15953 16073 16073 16073 16073 16003 16073 16023
15953 16073 16073 16073 16073 16003 16073 16023
15953 16063 16063 16063 16063 16003 16063 16023
15953 16063 16063 16063 16063 16003 16063 16023
15953 16083 16083 16083 16083 16003 16083 16023
15953 16083 16083 16083 16083 16003 16083 16023
15953 16063 16063 16063 16063 16003 16063 16023
15953 16063 16063 16063 16063 16003 16063 16023
15953 16093 16093 16093 16093 16003 16093 16023
15953 16093 16093 16093 16093 16003 16093 16023
15953 15963 15973 15983 15993 16003 16013 16023
15953 15963 15973 15983 15993 16003 16013 16023
15953 16103 16103 16103 16103 16103 16103 16103
15953 16113 16113 16113 16113 16113 16113 16113
15953 15963 15973 15983 15993 16003 16013 16023
15953 15963 15973 15983 15993 16003 16013 16023
15953 15963 15973 15983 15993 16003 16013 16023
15953 15963 15973 15983 15993 16003 16013 16023
15953 15963 15973 15983 15993 16003 16013 16023
15953 15963 15973 15983 15993 16003 16013 16023
15953 15963 15973 15983 15993 16003 16013 16023
15953 15963 15973 15983 15993 16003 16013 16023
15953 15963 15973 15983 15993 16003 16013 16023
15953 15963 15973 15983 15993 16003 16013 16023
15953 15963 15973 15983 15993 16003 16013 16023
15953 15963 15973 15983 15993 16003 16013 16023
15953 15963 15973 15983 15993 16003 16013 16023
15953 15963 15973 15983 15993 16003 16013 16023
15953 15963 15973 15983 15993 16003 16013 16023
15953 15963 15973 15983 15993 16003 16013 16023
15953 15963 15973 15983 15993 16003 16013 16023
15953 15963 15973 15983 15993 16003 16013 16023
24874 24884 24894 24904 24914 24924 24934
24874 24884 24894 24904 24914 24924 24934
24874 24884 24894 24904 24914 24924 24934
24874 24884 24894 24904 24914 24924 24934
24874 24884 24894 24904 24914 24924 24934
24874 24884 24894 24904 24914 24924 24934
24874 24884 24894 24904 24914 24924 24934
24874 24884 24894 24904 24914 24924 24934
24874 24884 24894 24904 24914 24924 24934
24874 24884 24894 24904 24914 24924 24934
24874 24884 24894 24904 24914 24924 24934
24874 24884 24894 24904 24914 24924 24934
24874 24884 24894 24904 24914 24924 24934
24874 24884 24894 24904 24914 24924 24934
24874 24884 24894 24904 24914 24924 24934
34404 34404 34404 34404 34404 34404 34404
34404 34404 34404 34404 34404 34404 34404
34404 34404 34404 34404 34404 34404 34404
24874 24884 24894 24904 24914 24924 24934
24874 24884 24894 24904 24914 24924 24934
24874 24884 24894 24904 24914 24924 24934
24874 24884 24894 24904 24914 24924 24934
24874 24884 24894 24904 24914 24924 24934
24874 24884 24894 24904 24914 24924 24934
24874 24884 24894 24904 24914 24924 24934
24874 24884 24894 24904 24914 24924 24934
24874 24884 24894 24904 24914 24924 24934
24874 24884 24894 24904 24914 24924 24934
24874 24884 24894 24904 24914 24924 24934
24874 24884 24894 24904 24914 24924 24934
24874 24884 24894 24904 24914 24924 24934
24874 24884 24894 24904 24914 24924 24934
24874 24884 24894 24904 24914 24924 24934
24874 24884 24894 24904 24914 24924 24934
24874 24884 24894 24904 24914 24924 24934
24874 24884 24894 24904 24914 24924 24934
24874 24884 24894 24904 24914 24924 24934
24874 24884 24894 24904 24914 24924 24934
24874 24884 24894 24904 24914 24924 24934
24874 24884 24894 24904 24914 24924 24934
24874 24884 24894 24904 24914 24924 24934
24874 24884 24894 24904 24914 24924 24934
24874 24884 24894 24904 24914 24924 24934
24874 24884 24894 24904 24914 24924 24934
24874 24884 24894 24904 24914 24924 24934
24874 24884 24894 24904 24914 24924 24934
24874 24884 24894 24904 24914 24924 24934
24944 24944 24944 24944 24944 24944 24944 24944
24954 24954 24954 24954 24954 24954 24954 24954
24874 24884 24894 24904 24914 24924 24934
24874 24884 24894 24904 24914 24924 24934
24874 24884 24894 24904 24914 24924 24934
24874 24884 24894 24904 24914 24924 24934
24964 24964 24964 24964 24964 24964 24964 24964
24974 24974 24974 24974 24974 24974 24974 24974
24974 24974 24974 24974 24974 24974 24974 24974
24974 24974 24974 24974 24974 24974 24974 24974
24984 24984 24984 24984 24984 24984 24984 24984
24984 24984 24984 24984 24984 24984 24984 24984
24984 24984 24984 24984 24984 24984 24984 24984
24994 24884 24994 24904 24994 24924 24934
25004 25004 25004 25004 25004 25004 25004 25004
25004 25004 25004 25004 25004 25004 25004 25004
25004 25004 25004 25004 25004 25004 25004 25004
25014 25014 25014 25014 25014 25014 25014 25014
25014 25014 25014 25014 25014 25014 25014 25014
25014 25014 25014 25014 25014 25014 25014 25014
25024 24884 24894 25024 24914 24924 24934
24874 24884 24894 24904 24914 24924 24934
25034 25034 24894 24904 25034 24924 24934
24874 24884 24894 24904 24914 24924 24934
25044 25044 24894 24904 25044 24924 24934
24874 24884 24894 24904 24914 24924 24934
24874 24884 24894 24904 24914 24924 24934
24874 24884 24894 24904 24914 24924 24934
25054 24884 24894 25054 24914 24924 24934
24874 24884 24894 24904 24914 24924 24934
24874 24884 24894 24904 24914 24924 24934
25064 25064 24894 24904 25064 24924 24934
24874 24884 24894 24904 24914 24924 24934
24874 24884 24894 24904 24914 24924 24934
24874 24884 24894 24904 24914 24924 24934
24874 24884 24894 24904 24914 24924 24934
