38801
38801
38801
38801
38801
38801
38801
38801
38801
38801
38801
38801
38801
38801
38801
38801
38801
38801
38801
38801
38801
38801
38801
38801
38801
38801
38801
38801
38801
38801
2772
2772
2772
2772
2772
2772
2772
2772
2772
2772
2772
2772
2772
2772
2772
2772
2772
2772
2772
2772
2772
2772
2772
2772
2772
2772
2772
2772
2772
2772
2772
2772
5093 5103 5113 5123 5143 5133
5093 5103 5113 5123 5143 5133
5093 5103 5113 5123 5143 5133
5093 5103 5113 5123 5143 5133
5093 5103 5113 5123 5143 5133
5093 5103 5113 5123 5143 5133
5093 5103 5113 5123 5143 5133
5093 5103 5113 5123 5143 5133
5093 5103 5113 5123 5143 5133
5093 5103 5113 5123 5143 5133
5093 5103 5113 5123 5143 5133
5093 5103 5113 5123 5143 5133
5093 5103 5113 5123 5143 5133
5093 5103 5113 5123 5143 5133
5093 5103 5113 5123 5143 5133
5093 5103 5113 5123 5143 5133
5093 5103 5113 5123 5143 5133
5093 5103 5113 5123 5143 5133
5093 5103 5113 5123 5143 5133
5093 5103 5113 5123 5143 5133
5093 5103 5113 5123 5143 5133
5093 5103 5113 5123 5143 5133
5093 5103 5113 5123 5143 5133
5093 5103 5113 5123 5143 5133
5093 5103 5113 5123 5143 5133
5093 5103 5113 5123 5143 5133
5093 5103 5113 5123 5143 5133
5093 5103 5113 5123 5143 5133
5093 5103 5113 5123 5143 5133
5093 5103 5113 5123 5143 5133
5093 5103 5113 5123 5143 5133
5093 5103 5113 5123 5143 5133
5093 5103 5113 5123 5143 5133
5093 5103 5113 5123 5143 5133
5093 5103 5113 5123 5143 5133
5093 5103 5113 5123 5143 5133
5093 5103 5113 5123 5143 5133
5093 5103 5113 5123 5143 5133
5093 5103 5113 5123 5143 5133
5093 5103 5113 5123 5143 5133
5093 5103 5113 5123 5143 5133
5093 5103 5113 5123 5143 5133
5093 5103 5113 5123 5143 5133
5093 5103 5113 5123 5143 5133
5093 5103 5113 5123 5143 5133
5093 5103 5113 5123 5143 5133
5093 5103 5113 5123 5143 5133
5093 5103 5113 5123 5143 5133
5093 5103 5113 5123 5143 5133
5093 5103 5113 5123 5143 5133
5093 5103 5113 5123 5143 5133
5093 5103 5113 5123 5143 5133
5093 5103 5113 5123 5143 5133
5093 5103 5113 5123 5143 5133
5093 5103 5113 5123 5143 5133
5093 5103 5113 5123 5143 5133
5093 5103 5113 5123 5143 5133
5093 5103 5113 5123 5143 5133
5093 5103 5113 5123 5143 5133
5093 5103 5113 5123 5143 5133
5093 5103 5113 5123 5143 5133
5093 5103 5113 5123 5143 5133
5093 5103 5113 5123 5143 5133
5093 5103 5113 5123 5143 5133
5093 5103 5113 5123 5143 5133
5093 5103 5113 5123 5143 5133
5093 5103 5113 5123 5143 5133
16484 16494 16504 16514 16524 16534 16544
16484 16494 16504 16514 16524 16534 16544
16484 16494 16504 16514 16524 16534 16544
16484 16494 16504 16514 16524 16534 16544
16484 16494 16504 16514 16524 16534 16544
16484 16494 16504 16514 16524 16534 16544
16484 16494 16504 16514 16524 16534 16544
16484 16494 16504 16514 16524 16534 16544
16484 16494 16504 16514 16524 16534 16544
16484 16494 16504 16514 16524 16534 16544
16484 16494 16504 16514 16524 16534 16544
16484 16494 16504 16514 16524 16534 16544
16484 16494 16504 16514 16524 16534 16544
16484 16494 16504 16514 16524 16534 16544
16484 16494 16504 16514 16524 16534 16544
16484 16494 16504 16514 16524 16534 16544
16484 16494 16504 16514 16524 16534 16544
16484 16494 16504 16514 16524 16534 16544
16484 16494 16504 16514 16524 16534 16544
16484 16494 16504 16514 16524 16534 16544
16484 16494 16504 16514 16524 16534 16544
16484 16604 16594 16584 16554 16564 16574
16484 16604 16594 16584 16554 16564 16574
16484 16604 16594 16584 16554 16564 16574
16484 16604 16594 16584 16554 16564 16574
16484 16604 16594 16584 16554 16564 16574
16484 16604 16594 16584 16554 16564 16574
16484 16604 16594 16584 16554 16564 16574
16484 16604 16594 16584 16554 16564 16574
16484 16604 16594 16584 16554 16564 16574
16484 16494 16504 16514 16524 16534 16544
16484 16494 16504 16514 16524 16534 16544
16484 16494 16504 16514 16524 16534 16544
16484 16494 16504 16514 16524 16534 16544
16484 16604 16594 16584 16554 16564 16574
16484 16604 16594 16584 16554 16564 16574
16484 16604 16594 16584 16554 16564 16574
16484 16604 16594 16584 16554 16564 16574
16484 16604 16594 16584 16554 16564 16574
16484 16604 16594 16584 16554 16564 16574
16484 16604 16594 16584 16554 16564 16574
16484 16604 16594 16584 16554 16564 16574
16484 16604 16594 16584 16554 16564 16574
16484 16604 16594 16584 16554 16564 16574
16484 16604 16594 16584 16554 16564 16574
16484 16604 16594 16584 16554 16564 16574
16484 16604 16594 16584 16554 16564 16574
16484 16604 16594 16584 16554 16564 16574
16484 16604 16594 16584 16554 16564 16574
16484 16604 16594 16584 16554 16564 16574
16484 16604 16594 16584 16554 16564 16574
16484 16604 16594 16584 16554 16564 16574
16484 16604 16594 16584 16554 16564 16574
16484 16604 16594 16584 16554 16564 16574
16484 16604 16594 16584 16554 16564 16574
16484 16604 16594 16584 16554 16564 16574
16484 16604 16594 16584 16554 16564 16574
16484 16604 16594 16584 16554 16564 16574
16484 16604 16594 16584 16554 16564 16574
16484 16604 16594 16584 16554 16564 16574
16484 16604 16594 16584 16554 16564 16574
16484 16604 16594 16584 16554 16564 16574
16484 16604 16594 16584 16554 16564 16574
16484 16604 16594 16584 16554 16564 16574
16484 16604 16594 16584 16554 16564 16574
16484 16604 16594 16584 16554 16564 16574
16484 16604 16594 16584 16554 16564 16574
16484 16604 16594 16584 16554 16564 16574
16484 16604 16594 16584 16554 16564 16574
16484 16604 16594 16584 16554 16564 16574
16484 16604 16594 16584 16554 16564 16574
16484 16604 16594 16584 16554 16564 16574
16484 16604 16594 16584 16554 16564 16574
16484 16604 16594 16584 16554 16564 16574
16484 16604 16594 16584 16554 16564 16574
16484 16604 16594 16584 16554 16564 16574
16484 16604 16594 16584 16554 16564 16574
16484 16604 16594 16584 16554 16564 16574
16484 16604 16594 16584 16554 16564 16574
