84641
84641
84641
84641
84641
84641
84641
84641
84641
84641
84641
84641
84641
84641
84641
84641
84641
84641
84641
84641
84641
84641
84641
84641
84641
84641
84641
84641
84641
84641
8042 8042 8042
8042 8042 8042
8042 8042 8042
8042 8042 8042
8042 8042 8042
8042 8042 8042
8042 8042 8042
8042 8042 8042
8042 8042 8042
8042 8042 8042
8042 8042 8042
8042 8042 8042
8042 8042 8042
8042 8042 8042
8042 8042 8042
8042 8042 8042
8042 8042 8042
8042 8042 8042
8042 8042 8042
8042 8042 8042
8042 8042 8042
8042 8042 8042
8042 8042 8042
8042 8042 8042
8042 8042 8042
8042 8042 8042
8042 8042 8042
8042 8042 8042
8042 8042 8042
8042 8042 8042
8042 8042 8042
8042 8042 8042
14543 14563 14573 14583 14593
14543 14563 14573 14583 14593
14543 14563 14573 14583 14593
14543 14563 14573 14583 14593
14543 14563 14573 14583 14593
14543 14563 14573 14583 14593
14543 14563 14573 14583 14593
14543 14563 14573 14583 14593
14543 14563 14573 14583 14593
14543 14563 14573 14583 14593
14543 14563 14573 14583 14593
14543 14563 14573 14583 14593
14543 14563 14573 14583 14593
14543 14563 14573 14583 14593
14543 14563 14573 14583 14593
14543 14563 14573 14583 34143
14543 14563 14573 14583 34143
14543 14563 14573 14583 34143
14543 14563 14573 14583 14593
14543 14563 14573 14583 14593
14543 14563 14573 14583 14593
14543 14563 14573 14583 14593
14543 14563 14573 14583 14593
14543 14563 14573 14583 14593
14543 14563 14573 14583 14593
14543 14563 14573 14583 14593
14543 14563 14573 14583 14593
14543 14563 14573 14583 14593
14543 14563 14573 14583 14593
14543 14563 14573 14583 14593
14543 14563 14573 14583 14593
14543 14563 14573 14583 14593
14543 14563 14573 14583 14593
14543 14563 14573 14583 14593
14543 14563 14573 14583 14593
14543 14563 14573 14583 14593
14543 14563 14573 14583 14593
14543 14563 14573 14583 14593
14543 14563 14573 14583 14593
14543 14563 14573 14583 14593
14543 14563 14573 14583 14593
14543 14563 14573 14583 14593
14543 14563 14573 14583 14593
14543 14563 14573 14583 14593
14543 14563 14573 14583 14593
14543 14563 14573 14583 14593
14543 14563 14573 14583 14593
14553 14553 14553 14583 14593
14543 14563 14573 14583 14593
14543 14563 14573 14583 14593
14543 14563 14573 14583 14593
14543 14563 14573 14583 14593
14543 14563 14573 14583 14593
14543 14563 14573 14583 14593
14543 14563 14573 14583 14593
14543 14563 14573 14583 14593
14543 14623 14573 14583 14593
14543 14563 14573 14583 14593
14543 14563 14573 14583 14593
14633 14633 14633 14583 14593
14543 14563 14573 14583 14593
14543 14563 14573 14583 14593
28803 28803 28803 14583 14593
28813 28813 28813 28813 28813
28813 28813 28813 28813 28813
28813 28813 28813 28813 28813
14543 14563 14573 14583 14593
32404 32414 32424 32434 32444 32454 32464
32404 32414 32424 32434 32444 32454 32464
32404 32414 32424 32434 32444 32454 32464
32404 32414 32424 32434 32444 32454 32464
32404 32414 32424 32434 32444 32454 32464
32404 32414 32424 32434 32444 32454 32464
32404 32414 32424 32434 32444 32454 32464
32404 32414 32424 32434 32444 32454 32464
32404 32414 32424 32434 32444 32454 32464
32404 32414 32424 32434 32444 32454 32464
32404 32414 32424 32434 32444 32454 32464
32404 32414 32424 32434 32444 32454 32464
32404 32414 32424 32434 32444 32454 32464
32404 32414 32424 32434 32444 32454 32464
32404 32414 32424 32434 32444 32454 32464
32404 32414 32424 32434 32444 32454 32464
32404 32414 32424 32434 32444 32454 32464
32404 32414 32424 32434 32444 32454 32464
32404 32414 32424 32434 32444 32454 32464
32404 32414 32424 32434 32444 32454 32464
32404 32414 32424 32434 32444 32454 32464
32404 32414 32424 32434 32444 32454 32464
32404 32414 32424 32434 32444 32454 32464
32404 32414 32424 32434 32444 32454 32464
32404 32414 32424 32434 32444 32454 32464
32404 32414 32424 32434 32444 32454 32464
32404 32414 32424 32434 32444 32454 32464
32404 32414 32424 32434 32444 32454 32464
32404 32414 32424 32434 32444 32454 32464
32404 32414 32424 32434 32444 32454 32464
32404 32414 32424 32434 32444 32454 32464
32404 32414 32424 32434 32444 32454 32464
32404 32414 32424 32434 32444 32454 32464
32404 32414 32424 32434 32444 32454 32464
32404 32414 32424 32434 32444 32454 32464
32404 32414 32424 32434 32444 32454 32464
32404 32414 32424 32434 32444 32454 32464
32404 32414 32424 32434 32444 32454 32464
32404 32414 32424 32434 32444 32454 32464
32404 32414 32424 32434 32444 32454 32464
32404 32414 32424 32434 32444 32454 32464
32404 32414 32424 32434 32444 32454 32464
32404 32414 32424 32434 32444 32454 32464
32404 32414 32424 32434 32444 32454 32464
32404 32414 32424 32434 32444 32454 32464
32404 32414 32424 32434 32444 32454 32464
32404 32414 32424 32434 32444 32454 32464
32404 32414 32424 32434 32444 32454 32464
32404 32414 32424 32434 32444 32454 32464
32404 32414 32424 32434 32444 32454 32464
32404 32414 32424 32434 32444 32454 32464
32404 32414 32424 32434 32444 32454 32464
32404 32414 32424 32434 32444 32454 32464
32404 32414 32424 32434 32444 32454 32464
32404 32414 32424 32434 32444 32454 32464
32404 32414 32424 32434 32444 32454 32464
32404 32414 32424 32434 32444 32564 32564
32404 32414 32424 32434 32444 32574 32574
32404 32414 32424 32434 32444 32584 32584
32404 32414 32594 32434 32444 32454 32464
32404 32604 32604 32604 32604 32604 32604
32404 32604 32604 32604 32604 32604 32604
32404 32604 32604 32604 32604 32604 32604
32404 32614 32614 32614 32614 32614 32614
32404 32614 32614 32614 32614 32614 32614
32404 32614 32614 32614 32614 32614 32614
32404 32414 32424 32434 32444 32454 32464
32404 32414 32424 32434 32444 32454 32464
32404 32414 32424 32434 32444 32454 32464
32404 32604 32604 32604 32604 32604 32604
32404 32604 32604 32604 32604 32604 32604
32404 32604 32594 32604 32604 32604 32604
32404 32414 32424 32434 32444 32454 32464
32404 32414 32424 32434 32444 32454 32464
32404 32414 32424 32434 32444 32644 32644
32404 32604 32604 32604 32604 32604 32604
32404 32604 32604 32604 32604 32604 32604
32404 32604 32604 32604 32604 32604 32604
32404 32414 32424 32434 32444 32454 32464
