0 0 0
1 0 1
2 0 2
3 0 3
4 0 4
5 0 5
6 0 6
7 0 7
8 0 8
9 0 9
10 0 10
11 0 11
0 0 0
12 0 12
13 1 13
14 1 14
15 1 15
16 1 16
17 1 17
18 1 18
19 1 19
20 1 20
21 1 21
13 1 13
22 1 22
23 1 23
24 1 24
25 1 25
26 1 26
27 1 27
0 0 0
1 0 1
2 0 2
3 0 3
4 0 4
5 0 5
6 1 6
7 1 7
8 1 8
9 1 9
10 1 10
11 1 11
12 1 12
13 1 13
14 1 14
15 1 15
16 1 16
17 1 17
18 1 18
19 1 19
17 1 17
18 1 18
19 1 19
20 1 20
21 1 21
22 1 22
23 1 23
24 2 24
25 3 25
26 4 26
27 5 27
29 1 28
0 0 0
1 0 1
2 0 2
3 1 3
4 2 4
5 0 5
6 3 6
7 4 7
8 0 8
9 0 9
10 0 10
11 0 11
12 0 12
13 0 13
14 5 14
15 6 15
16 7 16
17 8 17
18 9 18
19 10 19
20 11 20
21 12 21
22 13 22
23 5 23
24 5 24
25 5 25
26 5 26
27 5 27
28 5 28
29 5 29
30 5 30
31 5 31
32 5 32
33 5 33
34 5 34
35 5 35
36 5 36
37 5 37
38 5 38
39 5 39
37 5 37
38 5 38
39 5 39
40 5 40
41 5 41
42 5 42
43 5 43
44 14 44
45 15 45
46 16 46
47 17 47
48 15 45
49 18 48
50 17 47
51 15 45
52 19 49
53 20 50
54 21 51
55 22 52
56 23 53
57 15 45
58 24 54
59 25 55
60 26 56
61 27 57
62 28 58
63 5 59
0 0 0
1 0 1
2 0 2
3 0 3
4 0 4
5 0 5
6 0 6
7 1 7
8 2 8
9 3 9
10 4 10
11 5 11
12 6 12
13 1 13
14 1 14
15 1 15
16 1 16
17 1 17
18 1 18
19 1 19
20 1 20
21 1 21
22 1 22
23 1 23
24 1 24
25 1 25
26 1 26
27 1 27
28 1 28
29 1 29
30 1 30
31 1 31
32 1 32
33 1 33
34 7 34
35 8 35
36 9 36
37 10 37
38 11 38
39 12 39
40 13 40
41 14 41
42 15 42
43 16 43
44 17 44
45 18 45
46 19 46
47 20 47
48 21 48
49 22 49
50 23 50
51 24 51
52 25 52
53 26 53
54 27 54
55 28 55
56 7 34
57 8 35
58 9 36
59 10 37
60 11 38
61 12 39
62 13 40
63 14 41
64 15 42
65 16 43
66 20 47
67 29 56
68 23 50
69 24 51
70 25 52
71 26 53
72 27 54
73 28 55
74 30 57
75 31 58
76 32 59
77 33 60
78 34 61
