38761
38761
38761
38761
38761
38761
38761
38761
38761
38761
38761
38761
38761
38761
38761
38761
38761
38761
38761
38761
38761
38761
38761
38761
38761
38761
38761
38761
38761
38761
32762 32772 32782 32792 32802 32812 32822 32832
32762 32772 32782 32792 32802 32812 32822 32832
32762 32772 32782 32792 32802 32812 32822 32832
32762 32772 32782 32792 32802 32812 32822 32832
32762 32772 32782 32792 32802 32812 32822 32832
32762 32772 32782 32792 32802 32812 32822 32832
32762 32772 32782 32792 32802 32812 32822 32832
32762 32772 32782 32792 32802 32812 32822 32832
32762 32772 32782 32792 32802 32812 32822 32832
32762 32772 32782 32792 32802 32812 32822 32832
32762 32772 32782 32792 32802 32812 32822 32832
32762 32772 32782 32792 32802 32812 32822 32832
32762 32772 32782 32792 32802 32812 32822 32832
32762 32772 32782 32792 32802 32812 32822 32832
32762 32772 32782 32792 32802 32812 32822 32832
32762 32772 32782 32792 32802 32812 32822 32832
32762 32772 32782 32792 32802 32812 32822 32832
32762 32772 32782 32792 32802 32812 32822 32832
32762 32772 32782 32792 32802 32812 32822 32832
32762 32772 32782 32792 32802 32812 32822 32832
32762 32772 32782 32792 32802 32812 32822 32832
32762 32772 32782 32792 32802 32812 32822 32832
32762 32772 32782 32792 32802 32812 32822 32832
32762 32772 32782 32792 32802 32812 32822 32832
32762 32772 32782 32792 32802 32812 32822 32832
32762 32772 32782 32792 32802 32812 32822 32832
32762 32772 32782 32792 32802 32812 32822 32832
32762 32772 32782 32792 32802 32812 32822 32832
32762 32772 32782 32792 32802 32812 32822 32832
32762 32772 32782 32792 32802 32812 32822 32832
32762 32772 32782 32792 32802 32812 32822 32832
32762 32772 32782 32792 32802 32812 32822 32832
32762 32772 32782 32792 32802 32812 32822 32832
32762 32772 32782 32792 32802 32812 32822 32832
32762 32772 32782 32792 32802 32812 32822 32832
32762 32772 32782 32792 32802 32812 32822 32832
32762 32772 32782 32792 32802 32812 32822 32832
32762 32772 32782 32792 32802 32812 32822 32832
32762 32772 32782 32792 32802 32812 32822 32832
32762 32772 32782 32792 32802 32812 32822 32832
32762 32772 32782 32792 32802 32812 32822 32832
32762 32772 32782 32792 32802 32812 32822 32832
32762 32772 32782 32792 32802 32812 32822 32832
32762 32772 32782 32792 32802 32812 32822 32832
32762 32772 32782 32792 32802 32812 32822 32832
32762 32772 32782 32792 32802 32812 32822 32832
32762 32772 32782 32792 32802 32812 32822 32832
32762 32772 32782 32792 32802 32812 32822 32832
32762 32772 32782 32792 32802 32812 32822 32832
32762 32772 32782 32792 32802 32812 32822 32832
32762 32772 32782 32792 32802 32812 32822 32832
32762 32772 32782 32792 32802 32812 32822 32832
32762 32772 32782 32792 32802 32812 32822 32832
32762 32772 32782 32792 32802 32812 32822 32832
32762 32772 32782 32792 32802 32812 32822 32832
32762 32772 32782 32792 32802 32812 32822 32832
32762 32772 32782 32792 32802 32812 32822 32832
32762 32772 32782 32792 32802 32812 32822 32832
32762 32772 32782 32792 32802 32812 32822 32832
32762 32772 32782 32792 32802 32812 32822 32832
32762 32772 32782 32792 32802 32812 32822 32832
32762 32772 32782 32792 32802 32812 32822 32832
32762 32772 32782 32792 32802 32812 32822 32832
32762 32772 32782 32792 32802 32812 32822 32832
32762 32772 32782 32792 32802 32812 32822 32832
32762 32772 32782 32792 32802 32812 32822 32832
32762 32772 32782 32792 32802 32812 32822 32832
33243 33253 33263 33273 33283 33293 33303 33313
33243 33253 33263 33273 33283 33293 33303 33313
33243 33253 33263 33273 33283 33293 33303 33313
33243 33253 33263 33273 33283 33293 33303 33313
33243 33253 33263 33273 33283 33293 33303 33313
33243 33253 33263 33273 33283 33293 33303 33313
33243 33253 33263 33273 33283 33293 33303 33313
33243 33253 33263 33273 33283 33293 33303 33313
33243 33253 33263 33273 33283 33293 33303 33313
33243 33253 33263 33273 33283 33293 33303 33313
33243 33253 33263 33273 33283 33293 33303 33313
33243 33253 33263 33273 33283 33293 33303 33313
33243 33253 33263 33273 33283 33293 33303 33313
33243 33253 33263 33273 33283 33293 33303 33313
33243 33253 33263 33273 33283 33293 33303 33313
33243 33253 33263 33273 33283 33293 33303 33313
33243 33253 33263 33273 33283 33293 33303 33313
33243 33253 33263 33273 33283 33293 33303 33313
33243 33253 33263 33273 33283 33293 33303 33313
33243 33253 33263 33273 33283 33293 33303 33313
33243 33253 33263 33273 33283 33293 33303 33313
33243 33253 33263 33273 33283 33293 33303 33313
33243 33253 33263 33273 33283 33293 33303 33313
33243 33253 33263 33273 33283 33293 33303 33313
33243 33253 33263 33273 33283 33293 33303 33313
33243 33253 33263 33273 33283 33293 33303 33313
33243 33253 33263 33273 33283 33293 33303 33313
33243 33253 33263 33273 33283 33293 33303 33313
33243 33253 33263 33273 33283 33293 33303 33313
33243 33253 33263 33273 33283 33293 33303 33313
33243 33253 33263 33273 33283 33293 33303 33313
33243 33253 33263 33273 33283 33293 33303 33313
33243 33253 33263 33273 33283 33293 33303 33313
33243 33253 33263 33273 33283 33293 33303 33313
33243 33253 33263 33273 33283 33293 33303 33313
33243 33253 33263 33273 33283 33293 33303 33313
33243 33253 33263 33273 33283 33293 33303 33313
33243 33253 33263 33273 33283 33293 33303 33313
33243 33253 33263 33273 33283 33293 33303 33313
33243 33253 33263 33273 33283 33293 33303 33313
33243 33253 33263 33273 33283 33293 33303 33313
33243 33253 33263 33273 33283 33293 33303 33313
33243 33253 33263 33273 33283 33293 33303 33313
33243 33253 33263 33273 33283 33293 33303 33313
33243 33253 33263 33273 33283 33293 33303 33313
33243 33253 33263 33273 33283 33293 33303 33313
33243 33253 33263 33273 33283 33293 33303 33313
33243 33253 33263 33273 33283 33293 33303 33313
33243 33253 33263 33273 33283 33293 33303 33313
33243 33253 33263 33273 33283 33293 33303 33313
33243 33253 33263 33273 33283 33293 33303 33313
33243 33253 33263 33273 33283 33293 33303 33313
33243 33253 33263 33273 33283 33293 33303 33313
33243 33253 33263 33273 33283 33293 33303 33313
33243 33253 33263 33273 33283 33293 33303 33313
33243 33253 33263 33273 33283 33293 33303 33313
33243 33253 33263 33273 33283 33293 33303 33313
33243 33253 33263 33273 33283 33293 33303 33313
33243 33253 33263 33273 33283 33293 33303 33313
33243 33253 33263 33273 33283 33293 33303 33313
33243 33253 33263 33273 33283 33293 33303 33313
33243 33253 33263 33273 33283 33293 33303 33313
33243 33253 33263 33273 33283 33293 33303 33313
33243 33253 33263 33273 33283 33293 33303 33313
33243 33253 33263 33273 33283 33293 33303 33313
33243 33253 33263 33273 33283 33293 33303 33313
33243 33253 33263 33273 33283 33293 33303 33313
33243 33253 33263 33273 33283 33293 33303 33313
33243 33253 33263 33273 33283 33293 33303 33313
33243 33253 33263 33273 33283 33293 33303 33313
33243 33253 33263 33273 33283 33293 33303 33313
33243 33253 33263 33273 33283 33293 33303 33313
33243 33253 33263 33273 33283 33293 33303 33313
33243 33253 33263 33273 33283 33293 33303 33313
33243 33253 33263 33273 33283 33293 33303 33313
33243 33253 33263 33273 33283 33293 33303 33313
