84601
84601
84601
84601
84601
84601
84601
84601
84601
84601
84601
84601
84601
84601
84601
84601
84601
84601
84601
84601
84601
84601
84601
84601
84601
84601
84601
84601
84601
84601
69792 69802 69812 69822 69832 69842 69852 69862 69872
69792 69802 69812 69822 69832 69842 69852 69862 69872
69792 69802 69812 69822 69832 69842 69852 69862 69872
69792 69802 69812 69822 69832 69842 69852 69862 69872
69792 69802 69812 69822 69832 69842 69852 69862 69872
69792 69802 69812 69822 69832 69842 69852 69862 69872
69792 69802 69812 69822 69832 69842 69852 69862 69872
69792 69802 69812 69822 69832 69842 69852 69862 69872
69792 69802 69812 69822 69832 69842 69852 69862 69872
69792 69802 69812 69822 69832 69842 69852 69862 69872
69792 69802 69812 69822 69832 69842 69852 69862 69872
69792 69802 69812 69822 69832 69842 69852 69862 69872
69792 69802 69812 69822 69832 69842 69852 69862 69872
69792 69802 69812 69822 69832 69842 69852 69862 69872
69792 69802 69812 69822 69832 69842 69852 69862 69872
69792 69802 69812 69822 69832 69842 69852 69862 69872
69792 69802 69812 69822 69832 69842 69852 69862 69872
69792 69802 69812 69822 69832 69842 69852 69862 69872
69792 69802 69812 69822 69832 69842 69852 69862 69872
69792 69802 69812 69822 69832 69842 69852 69862 69872
69792 69802 69812 69822 69832 69842 69852 69862 69872
69792 69802 69812 69822 69832 69842 69852 69862 69872
69792 69802 69812 69822 69832 69842 69852 69862 69872
69792 69802 69812 69822 69832 69842 69852 69862 69872
69792 69802 69812 69822 69832 69842 69852 69862 69872
69792 69802 69812 69822 69832 69842 69852 69862 69872
69792 69802 69812 69822 69832 69842 69852 69862 69872
69792 69802 69812 69822 69832 69842 69852 69862 69872
69792 69802 69812 69822 69832 69842 69852 69862 69872
69792 69802 69812 69822 69832 69842 69852 69862 69872
69792 69802 69812 69822 69832 69842 69852 69862 69872
69792 69802 69812 69822 69832 69842 69852 69862 69872
69792 69802 69812 69822 69832 69842 69852 69862 69872
69792 69802 69812 69822 69832 69842 69852 69862 69872
69792 69802 69812 69822 69832 69842 69852 69862 69872
69792 69802 69812 69822 69832 69842 69852 69862 69872
69792 69802 69812 69822 69832 69842 69852 69862 69872
69792 69802 69812 69822 69832 69842 69852 69862 69872
69792 69802 69812 69822 69832 69842 69852 69862 69872
69792 69802 69812 69822 69832 69842 69852 69862 69872
69792 69802 69812 69822 69832 69842 69852 69862 69872
69792 69802 69812 69822 69832 69842 69852 69862 69872
69792 69802 69812 69822 69832 69842 69852 69862 69872
69792 69802 69812 69822 69832 69842 69852 69862 69872
69792 69802 69812 69822 69832 69842 69852 69862 69872
69792 69802 69812 69822 69832 69842 69852 69862 69872
69792 69802 69812 69822 69832 69842 69852 69862 69872
69792 69802 69812 69822 69832 69842 69852 69882 69872
69792 69802 69812 69822 69832 69842 69852 69882 69872
69792 69802 69812 69822 69832 69842 69852 69862 69872
69792 69802 69902 69822 69902 69902 69902 69902 69872
69792 69802 69902 69822 69902 69902 69902 69902 69872
69792 69802 69812 69822 69832 69842 69852 69862 69872
69792 69802 69812 69822 69832 69842 69852 69862 69872
69792 69802 69812 69822 69832 69842 69852 69912 69872
69792 69802 69812 69822 69832 69842 69922 69862 69872
69792 69802 69812 69822 69832 69842 69922 69862 69872
69792 69802 69812 69822 69832 69842 69852 69862 69872
69792 69802 69812 69822 69832 69842 69852 69862 69872
69792 69802 69812 69822 69832 69842 69852 69932 69872
69792 69802 69812 69822 69832 69842 69852 69862 69872
69792 69802 69812 69822 69832 69842 69852 69942 69872
69792 69802 69812 69822 69832 69842 69852 69952 69872
69792 69802 69812 69822 69832 69842 69852 69982 69872
69792 69802 69812 69822 69832 69842 69852 69992 69872
69792 69802 69812 69822 69832 69842 69852 70002 69872
69792 69802 69812 69822 69832 69842 69852 70012 69872
71173 71183 71193 71203 71213 71223 71233 71243 71253
71173 71183 71193 71203 71213 71223 71233 71243 71253
71173 71183 71193 71203 71213 71223 71233 71243 71253
71173 71183 71193 71203 71213 71223 71233 71243 71253
71173 71183 71193 71203 71213 71223 71233 71243 71253
71173 71183 71193 71203 71213 71223 71233 71243 71253
71173 71183 71193 71203 71213 71223 71233 71243 71253
71173 71183 71193 71203 71213 71223 71233 71243 71253
71173 71183 71193 71203 71213 71223 71233 71243 71253
71173 71183 71193 71203 71213 71223 71233 71243 71253
71173 71183 71193 71203 71213 71223 71233 71243 71253
71173 71183 71193 71203 71213 71223 71233 71243 71253
71173 71183 71193 71203 71213 71223 71233 71243 71253
71173 71183 71193 71203 71213 71223 71233 71243 71253
71173 71183 71193 71203 71213 71223 71233 71243 71253
71173 71183 71193 71203 71213 71223 71233 71243 71253
71173 71183 71193 71203 71213 71223 71233 71243 71253
71173 71183 71193 71203 71213 71223 71233 71243 71253
71173 71183 71193 71203 71213 71223 71233 71243 71253
71173 71183 71193 71203 71213 71223 71233 71243 71253
71173 71183 71193 71203 71213 71223 71233 71243 71253
71173 71183 71193 71203 71213 71223 71233 71243 71253
71173 71183 71193 71203 71213 71223 71233 71243 71253
71173 71183 71193 71203 71213 71223 71233 71243 71253
71173 71183 71193 71203 71213 71223 71233 71243 71253
71173 71183 71193 71203 71213 71223 71233 71243 71253
71173 71183 71193 71203 71213 71223 71233 71243 71253
71173 71183 71193 71203 71213 71223 71233 71243 71253
71173 71183 71193 71203 71213 71223 71233 71243 71253
71173 71183 71193 71203 71213 71223 71233 71243 71253
71173 71183 71193 71203 71213 71223 71233 71243 71253
71173 71183 71193 71203 71213 71223 71233 71243 71253
71173 71183 71193 71203 71213 71223 71233 71243 71253
71173 71183 71193 71203 71213 71223 71233 71243 71253
71173 71183 71193 71203 71213 71223 71233 71243 71253
71173 71183 71193 71203 71213 71223 71233 71243 71253
71173 71183 71193 71203 71213 71223 71233 71243 71253
71173 71183 71193 71203 71213 71223 71233 71243 71253
71173 71183 71193 71203 71213 71223 71233 71243 71253
71173 71183 71193 71203 71213 71223 71233 71243 71253
71173 71183 71193 71203 71213 71223 71233 71243 71253
71173 71183 71193 71203 71213 71223 71233 71243 71253
71173 71183 71193 71203 71213 71223 71233 71243 71253
71173 71183 71193 71203 71213 71223 71233 71243 71253
71173 71183 71193 71203 71213 71223 71233 71243 71253
71173 71183 71193 71203 71213 71223 71233 71243 71253
71173 71183 71193 71203 71213 71223 71233 71243 71253
71173 71183 71193 71203 71213 71223 71233 71263 71253
71173 71183 71193 71203 71213 71223 71233 71263 71253
71173 71183 71193 71203 71213 71223 71233 71243 71253
71173 71183 71283 71203 71283 71283 71283 71283 71253
71173 71183 71283 71203 71283 71283 71283 71283 71253
71173 71183 71193 71203 71213 71223 71233 71243 71253
71173 71183 71193 71203 71213 71223 71233 71243 71253
71173 71183 71193 71203 71213 71223 71233 71293 71253
71173 71183 71193 71203 71213 71223 71303 71243 71253
71173 71183 71193 71203 71213 71223 71303 71243 71253
71173 71183 71193 71203 71213 71223 71233 71243 71253
71173 71183 71193 71203 71213 71223 71233 71243 71253
71173 71183 71193 71203 71213 71223 71233 71243 71253
71173 71183 71193 71203 71213 71223 71233 71243 71253
71173 71183 71193 71203 71343 71223 71233 71313 71253
71173 71183 71193 71203 71213 71223 71233 71243 71253
71173 71183 71193 71203 71343 71223 71233 71323 71253
71173 71183 71193 71203 71213 71223 71233 71243 71253
71173 71183 71193 71203 71343 71223 71233 71333 71253
71173 71183 71193 71203 71213 71223 71233 71243 71253
71173 71183 71353 71353 71213 71353 71233 71353 71253
71173 71183 71193 71203 71213 71223 71233 71363 71253
71173 71183 71353 71353 71213 71353 71233 71353 71253
71173 71183 71193 71203 71213 71223 71233 71363 71253
71173 71183 71193 71203 71213 71223 71233 71393 71253
71173 71183 71193 71203 71213 71223 71233 71403 71253
71173 71183 71193 71203 71213 71223 71233 71413 71253
71173 71183 71193 71203 71213 71223 71233 71423 71253
71173 71183 71193 71203 71213 71223 71233 71433 71253
