40 65 40 70 60 90 20 35 35
100 200 300 400 500 600 700 200 300
70 70 70 70 70 90 60 70 70
40 90 95 70 70 90 70 80 80
80 80 25 70 70 90 65 60 40
100 100 100 100 100 100 100 100 100
65 15 65 50 50 90 30 20 70
60 80 20 30 30 90 20 90 15
20 80 40 30 30 90 20 70 70
60 60 60 50 90 90 60 60 60
90 90 40 40 90 90 80 80 40
90 90 80 40 90 90 60 80 5
90 90 90 80 90 90 80 15 90
80 90 40 80 90 90 90 90 90
80 40 90 80 90 90 90 60 90
20 80 90 70 90 90 70 90 90
90 10 90 40 90 90 60 90 90
90 90 90 80 90 90 80 30 90
80 80 80 60 50 100 80 80 80
40 40 40 60 50 100 80 80 80
60 60 60 60 50 100 80 50 50
80 80 80 60 50 100 80 80 80
70 70 70 60 50 100 80 50 50
70 70 70 60 50 100 80 50 50
35 35 35 35 35 35 35 35 35
