40 65 40 70 60 90 20 35 35
100 200 300 400 500 600 700 200 300
70 70 70 70 70 90 60 70 70
15 80 85 60 60 90 60 50 50
80 80 25 70 70 90 65 60 40
100 100 100 100 100 100 100 100 100
30 10 30 40 40 90 20 10 40
60 80 20 30 30 90 20 90 15
10 60 20 30 30 90 20 40 40
60 60 60 50 90 90 60 60 60
90 90 40 40 90 90 80 80 40
90 90 80 40 90 90 60 80 5
40 20 40 60 90 90 70 10 90
80 90 40 80 90 90 90 90 90
80 40 90 80 90 90 90 60 90
20 80 90 70 90 90 70 90 90
90 10 90 50 90 90 70 90 10
40 40 70 80 90 90 80 15 90
80 80 80 60 50 100 80 80 80
30 30 30 60 50 100 80 60 60
30 30 30 60 50 100 80 30 30
80 80 80 60 50 100 80 80 80
70 70 70 60 50 100 80 50 50
50 50 50 60 50 100 80 50 50
35 35 35 35 35 35 35 35 35
