84641
84641
84641
84641
84641
84641
84641
84641
84641
84641
84641
84641
84641
84641
84641
84641
84641
84641
84641
84641
84641
84641
84641
84641
84641
84641
84641
84641
84641
84641
36642 36652 36662 36672 36682 36692 36702 36712 36722 43212
36642 36652 36662 36672 36682 36692 36702 36712 36722 43212
36642 36652 36662 36672 36682 36692 36702 36712 36722 43212
36642 36652 36662 36672 36682 36692 36702 36712 36722 43212
36642 36652 36662 42972 36682 36692 36702 42972 36722 43212
36642 36652 36662 36672 36682 36692 36702 36712 36722 43212
36642 36652 36662 36672 36682 36692 36702 36712 36722 43212
36642 36652 36662 42972 36682 36692 36702 42972 36722 43212
36642 36652 36662 36672 36682 36692 36702 36712 36722 43212
36642 36652 36662 36672 36682 36692 36702 36712 36722 43212
36642 36652 36662 36672 36682 36692 36702 36712 36722 43212
36642 36652 36662 36672 36682 36692 36702 36712 36722 43212
36642 36652 36662 36672 36682 36692 36702 36712 36722 43212
36642 36652 36662 36672 36682 36692 36702 36712 36722 43212
36642 36652 36662 36672 36682 36692 36702 36712 36722 43212
36642 36652 36662 36672 36682 36692 36702 36712 36722 43212
36642 42972 42972 42972 42972 42972 36702 42972 36722 43212
36642 36652 36662 36672 36682 36692 36702 36712 36722 43212
36642 36652 36662 36672 36682 36692 36702 36712 36722 43212
36642 36652 36662 42972 42972 36692 36702 42972 36722 43212
36642 36652 36662 36672 36682 36692 36702 36712 36722 43212
36642 36652 36662 36672 36682 36692 36702 36712 36722 43212
36642 36652 36662 42972 36682 36692 36702 42972 36722 43212
36642 36652 36662 36672 36682 36692 36702 36712 36722 43212
36642 36652 36662 36672 36682 36692 36702 36712 36722 43212
36642 36652 36662 36672 36682 36692 36702 36712 36722 43212
36642 36652 36662 36672 36682 36692 36702 36712 36722 43212
36642 36652 36662 36672 36682 36692 36702 36712 36722 43212
36642 36652 36662 36672 36682 36692 36702 36712 36722 43212
36642 36652 36662 36672 36682 36692 36702 36712 36722 43212
36642 36652 36662 36672 36682 36692 36702 36712 36722 43212
36642 36652 36662 36672 36682 36692 36702 36712 36722 43212
36642 36652 36662 36672 36682 36692 36702 36712 36722 43212
36642 36652 36662 36672 36682 36692 36702 36712 36722 43212
36642 36652 36662 36672 36682 36692 36702 36712 36722 43212
36642 36652 36662 36672 36682 36692 36702 36712 36722 43212
36642 36652 36662 36672 36682 36692 36702 36712 36722 43212
36642 36652 36662 36672 36682 36692 36702 36712 36722 43212
36642 36652 36662 36672 36682 36692 36702 36712 36722 43212
36642 36652 36662 36672 36682 36692 36702 36712 36722 43212
36642 36652 36662 36672 36682 36692 36702 36712 36722 43212
36642 36652 36662 36672 36682 36692 36702 36712 36722 43212
36642 36652 36662 36672 36682 36692 36702 36712 36722 43212
36642 36652 36662 36672 36682 36692 36702 36712 36722 43212
36642 36652 36662 36672 36682 36692 36702 36712 36722 43212
36642 36652 36662 36672 36682 36692 36702 36712 36722 43212
36642 36652 36662 36672 36682 36692 36702 36712 36722 43212
36642 36652 36662 36672 42852 36692 36702 36712 36722 42852
36642 36652 36662 36672 42852 36692 36702 36712 36722 42852
36642 36652 36662 42862 42862 42872 36702 42872 36722 42862
36642 36652 36662 42862 42862 42872 36702 42872 36722 42862
36642 36652 36662 42862 42862 42872 36702 42872 36722 42862
36642 36652 36662 42862 42862 42872 36702 42872 36722 42862
36642 36652 36662 36672 36682 36692 36702 36712 36722 43212
36642 36652 36662 42882 36682 36692 36702 36712 36722 43212
36642 36652 36662 42882 36682 42912 36702 42912 36722 43212
36642 36652 36662 36672 36682 36692 36702 36712 36722 43212
36642 36652 36662 36672 36682 36692 36702 36712 36722 43212
36642 36652 36662 36672 36682 42912 36702 42912 36722 43212
36642 42892 42892 42892 42892 42892 36702 42892 36722 43212
36642 42892 42892 42892 42892 42892 36702 42892 36722 43212
36642 43202 43202 43202 43202 43202 36702 43202 36722 43212
36642 43202 43202 43202 43202 43202 36702 43202 36722 43212
36642 36652 36662 36672 36682 36692 36702 36712 36722 43212
36642 42902 42902 42902 42902 42902 36702 42902 42902 42902
36642 36652 36662 36672 36682 36692 36702 36712 36722 43212
36642 36652 36662 36672 36682 36692 36702 36712 36722 43212
36642 36652 36662 36672 36682 36692 36702 36712 36722 43212
36642 36652 36662 42912 42912 36692 36702 42912 36722 43212
36642 36652 36662 42912 42912 36692 36702 42912 36722 43212
36642 36652 36662 36672 36682 36692 36702 36712 36722 43212
36642 36652 36662 42912 42912 36692 36702 42912 36722 43212
36642 36652 36662 42912 42912 36692 36702 42912 36722 43212
36642 36652 36662 36672 36682 36692 36702 42922 36722 43212
36642 36652 36662 36672 36682 36692 36702 42922 36722 43212
36642 36652 36662 42932 42932 42942 36702 42942 36722 42932
36642 36652 36662 42932 42932 42942 36702 42942 36722 42932
36642 36652 36662 42932 42932 42942 36702 42942 36722 42932
36642 36652 36662 42932 42932 42942 36702 42942 36722 42932
36642 36652 36662 42932 42932 42942 36702 42942 36722 42932
36642 36652 36662 36672 36682 36692 36702 36712 36722 43212
36642 36652 36662 36672 36682 36692 36702 36712 36722 43212
36642 36652 36662 36672 36682 36692 36702 36712 36722 43212
36642 36652 36662 36672 36682 36692 36702 36712 36722 43212
36642 36652 36662 36672 36682 36692 36702 36712 36722 43212
36642 36652 36662 42952 36682 42952 36702 42952 36722 43212
36642 36652 36662 42952 36682 42952 36702 42952 36722 43212
36642 36652 36662 36672 42962 36692 36702 36712 36722 43212
43873 43883 43893 43903 43913 43923 43933 43943 43953 44103
43873 43883 43893 43903 43913 43923 43933 43943 43953 44103
43873 43883 43893 43903 43913 43923 43933 43943 43953 44103
43873 43883 43893 43903 43913 43923 43933 43943 43953 44103
43873 43883 43893 44083 43913 43923 43933 44083 43953 44103
43873 43883 43893 43903 43913 43923 43933 43943 43953 44103
43873 43883 43893 43903 43913 43923 43933 43943 43953 44103
43873 43883 43893 44083 43913 43923 43933 44083 43953 44103
43873 43883 43893 43903 43913 43923 43933 43943 43953 44103
43873 43883 43893 43903 43913 43923 43933 43943 43953 44103
43873 43883 43893 43903 43913 43923 43933 43943 43953 44103
43873 43883 43893 43903 43913 43923 43933 43943 43953 44103
43873 43883 43893 43903 43913 43923 43933 43943 43953 44103
43873 43883 43893 43903 43913 43923 43933 43943 43953 44103
43873 43883 43893 43903 43913 43923 43933 43943 43953 44103
43873 43883 43893 43903 43913 43923 43933 43943 43953 44103
43873 44083 44083 44083 44083 44083 43933 44083 43953 44103
43873 43883 43893 43903 43913 43923 43933 43943 43953 44103
43873 43883 43893 43903 43913 43923 43933 43943 43953 44103
43873 43883 43893 44083 44083 43923 43933 44083 43953 44103
43873 43883 43893 43903 43913 43923 43933 43943 43953 44103
43873 43883 43893 43903 43913 43923 43933 43943 43953 44103
43873 43883 43893 44083 43913 43923 43933 44083 43953 44103
43873 43883 43893 43903 43913 43923 43933 43943 43953 44103
43873 43883 43893 43903 43913 43923 43933 43943 43953 44103
43873 43883 43893 43903 43913 43923 43933 43943 43953 44103
43873 43883 43893 43903 43913 43923 43933 43943 43953 44103
43873 43883 43893 43903 43913 43923 43933 43943 43953 44103
43873 43883 43893 43903 43913 43923 43933 43943 43953 44103
43873 43883 43893 43903 43913 43923 43933 43943 43953 44103
43873 43883 43893 43903 43913 43923 43933 43943 43953 44103
43873 43883 43893 43903 43913 43923 43933 43943 43953 44103
43873 43883 43893 43903 43913 43923 43933 43943 43953 44103
43873 43883 43893 43903 43913 43923 43933 43943 43953 44103
43873 43883 43893 43903 43913 43923 43933 43943 43953 44103
43873 43883 43893 43903 43913 43923 43933 43943 43953 44103
43873 43883 43893 43903 43913 43923 43933 43943 43953 44103
43873 43883 43893 43903 43913 43923 43933 43943 43953 44103
43873 43883 43893 43903 43913 43923 43933 43943 43953 44103
43873 43883 43893 43903 43913 43923 43933 43943 43953 44103
43873 43883 43893 43903 43913 43923 43933 43943 43953 44103
43873 43883 43893 43903 43913 43923 43933 43943 43953 44103
43873 43883 43893 43903 43913 43923 43933 43943 43953 44103
43873 43883 43893 43903 43913 43923 43933 43943 43953 44103
43873 43883 43893 43903 43913 43923 43933 43943 43953 44103
43873 43883 43893 43903 43913 43923 43933 43943 43953 44103
43873 43883 43893 43903 43913 43923 43933 43943 43953 44103
43873 43883 43893 43903 43963 43923 43933 43943 43953 43963
43873 43883 43893 43903 43963 43923 43933 43943 43953 43963
43873 43883 43893 43973 43973 43983 43933 43983 43953 43973
43873 43883 43893 43973 43973 43983 43933 43983 43953 43973
43873 43883 43893 43973 43973 43983 43933 43983 43953 43973
43873 43883 43893 43973 43973 43983 43933 43983 43953 43973
43873 43883 43893 43903 43913 43923 43933 43943 43953 44103
43873 43883 43893 43993 43913 43923 43933 43943 43953 44103
43873 43883 43893 43993 43913 44023 43933 44023 43953 44103
43873 43883 43893 43903 43913 43923 43933 43943 43953 44103
43873 43883 43893 43903 43913 43923 43933 43943 43953 44103
43873 43883 43893 43903 43913 44023 43933 44023 43953 44103
43873 44003 44003 44003 44003 44003 43933 44003 43953 44103
43873 44003 44003 44003 44003 44003 43933 44003 43953 44103
43873 44093 44093 44093 44093 44093 43933 44093 43953 44103
43873 44093 44093 44093 44093 44093 43933 44093 43953 44103
43873 43883 43893 43903 43913 43923 43933 43943 43953 44103
43873 44013 44013 44013 44013 44013 43933 44013 44013 44013
43873 43883 43893 43903 43913 43923 43933 43943 43953 44103
43873 43883 43893 43903 43913 43923 43933 43943 43953 44103
43873 43883 43893 43903 43913 43923 43933 43943 43953 44103
43873 43883 43893 44023 44023 43923 43933 44023 43953 44103
43873 43883 43893 44023 44023 43923 43933 44023 43953 44103
43873 43883 43893 43903 43913 43923 43933 43943 43953 44103
43873 43883 43893 44023 44023 43923 43933 44023 43953 44103
43873 43883 43893 44023 44023 43923 43933 44023 43953 44103
43873 43883 43893 43903 43913 43923 43933 44033 43953 44103
43873 43883 43893 43903 43913 43923 43933 44033 43953 44103
43873 43883 43893 44043 44043 44053 43933 44053 43953 44043
43873 43883 43893 44043 44043 44053 43933 44053 43953 44043
43873 43883 43893 44043 44043 44053 43933 44053 43953 44043
43873 43883 43893 44043 44043 44053 43933 44053 43953 44043
43873 43883 43893 44043 44043 44053 43933 44053 43953 44043
43873 43883 43893 43903 43913 43923 43933 43943 43953 44103
43873 43883 43893 43903 43913 43923 43933 43943 43953 44103
43873 43883 43893 43903 43913 43923 43933 43943 43953 44103
43873 43883 43893 43903 43913 43923 43933 43943 43953 44103
43873 43883 43893 43903 43913 43923 43933 43943 43953 44103
43873 43883 43893 44063 43913 44063 43933 44063 43953 44103
43873 43883 43893 44063 43913 44063 43933 44063 43953 44103
43873 43883 43893 43903 44073 43923 43933 43943 43953 44103
43873 43883 43893 43903 44073 43923 43933 43943 43953 44103
