60 60 60 90 90 90 50 60 60
90 90 40 90 90 90 40 80 40
90 90 30 90 90 90 40 15 5
25 35 45 90 90 90 50 20 90
80 90 40 90 90 90 80 90 90
80 30 90 90 90 90 80 50 90
70 70 70 90 90 90 70 40 40
25 20 30 90 90 90 20 15 15
25 35 45 90 90 90 50 20 90
40 40 40 30 30 30 90 40 40
15 15 15 25 25 25 90 20 20
70 70 70 70 70 70 90 70 70
50 50 50 90 90 90 90 90 90
70 70 70 50 50 50 90 45 45
55 55 55 60 60 60 90 55 55
40 40 40 70 70 70 90 65 65
80 80 80 60 50 100 80 80 80
30 30 30 60 50 100 80 60 60
30 30 30 60 50 100 80 30 30
80 80 80 60 50 100 80 80 80
70 70 70 60 50 100 80 50 50
50 50 50 60 50 100 80 50 50
35 35 35 35 35 35 35 35 35
