30 50 30 20 20 20 90 30 30
40 40 40 30 30 30 90 40 40
15 15 15 25 25 25 90 20 20
70 70 70 70 70 70 90 70 70
50 50 50 90 90 90 90 90 90
70 70 70 50 50 50 90 45 45
55 55 55 60 60 60 90 55 55
40 40 40 70 70 70 90 65 65
50 50 50 15 15 15 15 15 15
75 75 75 90 75 75 90 75 75
20 20 20 30 90 90 90 45 45
75 75 75 75 90 90 90 75 75
70 50 50 55 90 90 90 45 45
70 50 50 55 90 90 90 45 45
75 75 75 75 90 90 90 75 75
50 75 75 55 90 90 90 70 70
90 90 90 75 90 90 90 90 90
75 75 75 75 90 90 90 75 75
35 35 35 35 35 35 35 35 35
