38791
38791
38791
38791
38791
38791
38791
38791
38791
38791
38791
38791
38791
38791
38791
38791
38791
38791
38791
38791
38791
38791
38791
38791
38791
38791
38791
38791
38791
38791
2502
2502
2502
2502
2502
2502
2502
2502
2502
2502
2502
2502
2502
2502
2502
2502
2502
2502
2502
2502
2502
2502
2502
2502
2502
2502
2502
2502
2502
2502
2502
2502
2502
2502
2502
2502
2502
2502
2502
2502
2502
2502
2502
2502
2502
2502
2502
2502
2502
2502
2593
2593
2593
2593
2593
2593
2593
2593
2593
2593
2593
2593
2593
2593
2593
2593
2593
2593
2593
2593
2593
2593
2593
2593
2593
2593
2593
2593
2593
2593
2593
2593
6654 6664 6674 6684 6694 6704 6714 14304
6654 6664 6674 6684 6694 6704 6714 14304
6654 6664 6674 6684 6694 6704 6714 14304
6654 6664 6674 6684 6694 6704 6714 14304
6654 6664 6674 6684 6694 6704 6714 14304
6654 6664 6674 6684 6694 6704 6714 14304
6654 6664 6674 6684 6694 6704 6714 14304
6654 6664 6674 6684 6694 6704 6714 14304
6654 6664 6674 6684 6694 6704 6714 14304
6654 6664 6674 6684 6694 6704 6714 14304
6654 6664 6674 6684 6694 6704 6714 14304
6654 6664 6674 6684 6694 6704 6714 14304
6654 6664 6674 6684 6694 6704 6714 14304
6654 6664 6674 6684 6694 6704 6714 14304
6654 6664 6674 6684 6694 6704 6714 14304
6654 6664 6674 6684 6694 6704 6714 14304
6654 6664 6674 6684 6694 6704 6714 14304
6654 6664 6674 6684 6694 6704 6714 14304
6654 6664 6674 6684 6694 6704 6714 14304
6654 6664 6674 6684 6694 6704 6714 14304
6654 6664 6674 6684 6694 6704 6714 14304
6654 6664 6674 6684 6694 6704 6714 14304
6654 6664 6674 6684 6694 6704 6714 14304
6654 6664 6674 6684 6694 6704 6714 14304
6654 6664 6674 6684 6694 6704 6714 14304
6654 6664 6674 6684 6694 6704 6714 14304
6654 6664 6674 6684 6694 6704 6714 14304
6654 6664 6674 6684 6694 6704 6714 14304
6654 6664 6674 6684 6694 6704 6714 14304
6654 6664 6674 6684 6694 6704 6714 14304
6654 6664 6674 6684 6694 6704 6714 14304
6654 6664 6674 6684 6694 6704 6714 14304
6654 6664 6674 6684 6694 6704 6714 14304
6654 6664 6674 6684 6694 6704 6714 14304
6654 6664 6674 6684 6694 6704 6714 14304
6654 6664 6674 6684 6694 6704 6714 14304
6654 6664 6674 6684 6694 6704 6714 14304
6654 6664 6674 6684 6694 6704 6714 14304
6654 6664 6674 6684 6694 6704 6714 14304
6654 6664 6674 6684 6694 6704 6714 14304
6654 6664 6674 6684 6694 6704 6714 14304
6654 6664 6674 6684 6694 6704 6714 14304
6654 6664 6674 6684 6694 6704 6714 14304
6654 6664 6674 6684 6694 6704 6714 14304
6654 6664 6674 6684 6694 6704 6714 14304
6654 6664 6674 6684 6694 6704 6714 14304
6654 6664 6674 6684 6694 6704 6714 14304
6654 6664 6674 6684 6694 6704 6714 14304
6654 6664 6674 6684 6694 6704 6714 14304
6654 6664 6674 6684 6694 6704 6714 14304
6654 6664 6674 6684 6694 6704 6714 14304
6654 6664 6674 6684 6694 6704 6714 14304
6654 6664 6674 6684 6694 6704 6714 14304
6654 6664 6674 6684 6694 6704 6714 14304
6654 6664 6674 6684 6694 6704 6714 14304
6654 6664 6674 6684 6694 6704 6714 14304
6654 6664 6674 6684 6694 6704 6714 14304
6654 6664 6674 6684 6694 6704 6714 14304
6654 6664 6674 6684 6694 6704 6714 14304
6654 6664 6674 6684 6694 6704 6714 14304
6654 6664 6674 6684 6694 6704 6714 14304
6654 6664 6674 6684 6694 6704 6714 14304
6654 6664 6674 6684 6694 6704 6714 14304
6654 6664 6674 6684 6694 6704 6714 14304
6654 6664 6674 6684 6694 6704 6714 14304
6654 6664 6674 6684 6694 6704 6714 14304
6654 6664 6674 6684 6694 6704 6714 14304
6654 6664 6674 6684 6694 6704 6714 14304
6654 6664 6674 6684 6694 6704 6714 14304
6654 6664 6674 6684 6694 6704 6714 14304
6654 6664 6674 6684 6694 6704 6714 14304
6654 6664 6674 6684 6694 6704 6714 14304
6654 6664 6674 6684 6694 6704 6714 14304
6654 6664 6674 6684 6694 6704 6714 14304
6654 6664 6674 6684 6694 6704 6714 14304
6654 6664 6674 6684 6694 6704 6714 14304
6654 6664 6674 6684 6694 6704 6714 14304
6654 6664 6674 6684 6694 6704 6714 14304
6654 6664 6674 6684 6694 6704 6714 14304
6654 6664 6674 6684 6694 6704 6714 14304
6654 6664 6674 6684 6694 6704 6714 14304
6654 6664 6674 6684 6694 6704 6714 14304
6654 6664 6674 6684 6694 6704 6714 14304
6654 6664 6674 6684 6694 6704 6714 14304
6654 6664 6674 6684 6694 6704 6714 14304
6654 6664 6674 6684 6694 6704 6714 14304
6654 6664 6674 6684 6694 6704 6714 14304
6654 6664 6674 6684 6694 6704 6714 14304
6654 6664 6674 6684 6694 6704 6714 14304
6654 6664 6674 6684 6694 6704 6714 14304
6654 6664 6674 6684 6694 6704 6714 14304
30825
30825
30825
30825
30825
30825
30825
30825
30825
30825
30825
30825
30825
30825
30825
30825
30825
30825
30825
30825
30825
30825
30825
30825
30825
30825
30825
30825
32496 32506 32516 32526 32536 32546 32556 32566 32576
32496 32506 32516 32526 32536 32546 32556 32566 32576
32496 32506 32516 32526 32536 32546 32556 32566 32576
32496 32506 32516 32526 32536 32546 32556 32566 32576
32496 32506 32516 32526 32536 32546 32556 32566 32576
32496 32506 32516 32526 32536 32546 32556 32566 32576
32496 32506 32516 32526 32536 32546 32556 32566 32576
32496 32506 32516 32526 32536 32546 32556 32566 32576
32496 32506 32516 32526 32536 32546 32556 32566 32576
32496 32506 32516 32526 32536 32546 32556 32566 32576
32496 32506 32516 32526 32536 32546 32556 32566 32576
32496 32506 32516 32526 32536 32546 32556 32566 32576
32496 32506 32516 32526 32536 32546 32556 32566 32576
32496 32506 32516 32526 32536 32546 32556 32566 32576
32496 32506 32516 32526 32536 32546 32556 32566 32576
32496 32506 32516 32526 32536 32546 32556 32566 32576
32496 32506 32516 32526 32536 32546 32556 32566 32576
32496 32506 32516 32526 32536 32546 32556 32566 32576
32496 32506 32516 32526 32536 32546 32556 32566 32576
32496 32506 32516 32526 32536 32546 32556 32566 32576
32496 32506 32516 32526 32536 32546 32556 32566 32576
32496 32506 32516 32526 32536 32546 32556 32566 32576
32496 32506 32516 32526 32536 32546 32556 32566 32576
32496 32506 32516 32526 32536 32546 32556 32566 32576
32496 32506 32516 32526 32536 32546 32556 32566 32576
32496 32506 32516 32526 32536 32546 32556 32566 32576
32496 32506 32516 32526 32536 32546 32556 32566 32576
32496 32506 32516 32526 32536 32546 32556 32566 32576
32496 32506 32516 32526 32536 32546 32556 32566 32576
32496 32506 32516 32526 32536 32546 32556 32566 32576
32496 32506 32516 32526 32536 32546 32556 32566 32576
32496 32506 32516 32526 32536 32546 32556 32566 32576
32496 32506 32516 32526 32536 32546 32556 32566 32576
32496 32506 32516 32526 32536 32546 32556 32566 32576
32496 32506 32516 32526 32536 32546 32556 32566 32576
32496 32506 32516 32526 32536 32546 32556 32566 32576
32496 32506 32516 32526 32536 32546 32556 32566 32576
32496 32506 32516 32526 32536 32546 32556 32566 32576
32496 32506 32516 32526 32536 32546 32556 32566 32576
32496 32506 32516 32526 32536 32546 32556 32566 32576
32496 32506 32516 32526 32536 32546 32556 32566 32576
32496 32506 32516 32526 32536 32546 32556 32566 32576
32496 32506 32516 32526 32536 32546 32556 32566 32576
32496 32506 32516 32526 32536 32546 32556 32566 32576
32496 32506 32516 32526 32536 32546 32556 32566 32576
32496 32506 32516 32526 32536 32546 32556 32566 32576
32496 32506 32516 32526 32536 32546 32556 32566 32576
32496 32506 32516 32526 32536 32546 32556 32566 32576
32496 32506 32516 32526 32536 32546 32556 32566 32576
32496 32506 32516 32526 32536 32546 32556 32566 32576
32496 32506 32516 32526 32536 32546 32556 32566 32576
32496 32506 32516 32526 32536 32546 32556 32566 32576
32496 32506 32516 32526 32536 32546 32556 32566 32576
32496 32506 32516 32526 32536 32546 32556 32566 32576
32496 32506 32516 32526 32536 32546 32556 32566 32576
32496 32506 32516 32526 32536 32546 32556 32566 32576
32496 32506 32516 32526 32536 32546 32556 32566 32576
32496 32506 32516 32526 32536 32546 32556 32566 32576
32496 32506 32516 32526 32536 32546 32556 32566 32576
32496 32506 32516 32526 32536 32546 32556 32566 32576
32496 32506 32516 32526 32536 32546 32556 32566 32576
32496 32506 32516 32526 32536 32546 32556 32566 32576
32496 32506 32516 32526 32536 32546 32556 32566 32576
32496 32506 32516 32526 32536 32546 32556 32566 32576
32496 32506 32516 32526 32536 32546 32556 32566 32576
32496 32506 32516 32526 32536 32546 32556 32566 32576
32496 32506 32516 32526 32536 32546 32556 32566 32576
32496 32506 32516 32526 32536 32546 32556 32566 32576
