84631
84631
84631
84631
84631
84631
84631
84631
84631
84631
84631
84631
84631
84631
84631
84631
84631
84631
84631
84631
84631
84631
84631
84631
84631
84631
84631
84631
84631
84631
7632 7682 7692 7702
7632 7682 7692 7702
7632 7682 7692 7702
7632 7682 7692 7702
7632 7682 7692 7702
7632 7682 7692 7702
7632 7682 7692 7702
7632 7682 7692 7702
7632 7682 7692 7702
7632 7682 7692 7702
7632 7682 7692 7702
7632 7682 7692 7702
7632 7682 7692 7702
7632 7682 7692 7702
7632 7682 7692 7702
7632 7682 7692 7702
7632 7682 7692 7702
7632 7682 7692 7702
7632 7682 7692 7702
7632 7682 7692 7702
7632 7682 7692 7702
7632 7682 7692 7702
7632 7682 7692 7702
7632 7682 7692 7702
7632 7682 7692 7702
7632 7682 7692 7702
7632 7682 7692 7702
7632 7682 7692 7702
7632 7682 7692 7702
7632 7682 7692 7702
7632 7682 7692 7702
7632 7682 7692 7702
7632 7682 7692 7702
7632 7682 7692 7702
7632 7682 7692 7702
7632 7682 7692 7702
7632 7682 7692 7702
7632 7682 7692 7702
7642 7642 7642 7642
7652 7652 7652 7652
7632 7682 7692 7702
7662 7662 7662 7662
7662 7662 7662 7662
7632 7682 7692 7702
7632 7682 7692 7702
7672 7672 7672 7672
7632 7682 7692 7702
7632 7682 7692 7702
7632 7682 7692 7702
7632 7682 7692 7702
7863 7863 7863
7863 7863 7863
7863 7863 7863
7863 7863 7863
7863 7863 7863
7863 7863 7863
7863 7863 7863
7863 7863 7863
7863 7863 7863
7863 7863 7863
7863 7863 7863
7863 7863 7863
7863 7863 7863
7863 7863 7863
7863 7863 7863
7863 7863 7863
7863 7863 7863
7863 7863 7863
7863 7863 7863
7863 7863 7863
7863 7863 7863
7863 7863 7863
7863 7863 7863
7863 7863 7863
7863 7863 7863
7863 7863 7863
7863 7863 7863
7863 7863 7863
7863 7863 7863
7863 7863 7863
7863 7863 7863
7863 7863 7863
17754 17764 17774 17784 17794 17804 17814 17824
17754 17764 17774 17784 17794 17804 17814 17824
17754 17764 17774 17784 17794 17804 17814 17824
17754 17764 17774 17784 17794 17804 17814 17824
17754 17764 17774 17784 17794 17804 17814 17824
17754 17764 17774 17784 17794 17804 17814 17824
17754 17764 17774 17784 17794 17804 17814 17824
17754 17764 17774 17784 17794 17804 17814 17824
17754 17764 17774 17784 17794 17804 17814 17824
17754 17764 17774 17784 17794 17804 17814 17824
17754 17764 17774 17784 17794 17804 17814 17824
17754 17764 17774 17784 17794 17804 17814 17824
17754 17764 17774 17784 17794 17804 17814 17824
17754 17764 17774 17784 17794 17804 17814 17824
17754 17764 17774 17784 17794 17804 17814 17824
17754 17764 17774 17784 17794 17804 17814 17824
17754 17764 17774 17784 17794 17804 17814 17824
17754 17764 17774 17784 17794 17804 17814 17824
17754 17764 17774 17784 17794 17804 17814 17824
17754 17764 17774 17784 17794 17804 17814 17824
17754 17764 17774 17784 17794 17804 17814 17824
17754 17764 17774 17784 17794 17804 17814 17824
17754 17764 17774 17784 17794 17804 17814 17824
17754 17764 17774 17784 17794 17804 17814 17824
17754 17764 17774 17784 17794 17804 17814 17824
17754 17764 17774 17784 17794 17804 17814 17824
17754 17764 17774 17784 17794 17804 17814 17824
17754 17764 17774 17784 17794 17804 17814 17824
17754 17764 17774 17784 17794 17804 17814 17824
17754 17764 17774 17784 17794 17804 17814 17824
17754 17764 17774 17784 17794 17804 17814 17824
17754 17764 17774 17784 17794 17804 17814 17824
17754 17764 17774 17784 17794 17804 17814 17824
17754 17764 17774 17784 17794 17804 17814 17824
17754 17764 17774 17784 17794 17804 17814 17824
17754 17764 17774 17784 17794 17804 17814 17824
17754 17764 17774 17784 17794 17804 17814 17824
17754 17764 17774 17784 17794 17804 17814 17824
17754 17764 17774 17784 17794 17804 17814 17824
17754 17764 17774 17784 17794 17804 17814 17824
17754 17764 17774 17784 17794 17804 17814 17824
17754 17764 17774 17784 17794 17804 17814 17824
17754 17764 17774 17784 17794 17804 17814 17824
17754 17764 17774 17784 17794 17804 17814 17824
17754 17764 17774 17784 17794 17804 17814 17824
17754 17764 17774 17784 17794 17804 17814 17824
17754 17764 17774 17784 17794 17804 17814 17824
17754 17764 17774 17784 17794 17804 17814 17824
17754 17764 17774 17784 17794 17804 17814 17824
17754 17764 17774 17784 17794 17804 17814 17824
17754 17764 17774 17784 17794 17804 17814 17824
17754 17844 17774 17784 17794 17804 17814 17824
17754 17834 17774 17784 17794 17804 17814 17824
17754 17764 17774 17854 17794 17804 17814 17824
17754 17764 17774 17784 17794 17804 17814 17824
17754 17864 17864 17864 17864 17804 17864 17824
17754 17864 17864 17864 17864 17804 17864 17824
17754 17864 17864 17864 17864 17804 17864 17824
17754 17864 17864 17864 17864 17804 17864 17824
17754 17874 17874 17874 17874 17804 17874 17824
17754 17874 17874 17874 17874 17804 17874 17824
17754 17864 17864 17864 17864 17804 17864 17824
17754 17864 17864 17864 17864 17804 17864 17824
17754 17884 17884 17884 17884 17804 17884 17824
17754 17884 17884 17884 17884 17804 17884 17824
17754 17864 17864 17864 17864 17804 17864 17824
17754 17864 17864 17864 17864 17804 17864 17824
17754 17894 17894 17894 17894 17804 17894 17824
17754 17894 17894 17894 17894 17804 17894 17824
17754 17764 17774 17784 17794 17804 17814 17824
17754 17764 17774 17784 17794 17804 17814 17824
17754 17904 17904 17904 17904 17904 17904 17904
17754 17914 17914 17914 17914 17914 17914 17914
17754 17914 17914 17914 17914 17914 17914 17914
17754 17764 17774 17784 17794 17804 17814 17824
17754 17764 17774 17784 17794 17804 17814 17824
17754 17764 17774 17784 17794 17804 17814 17824
17754 17764 17774 17784 17794 17804 17814 17824
17754 17764 17774 17784 17794 17804 17814 17824
17754 17764 17774 17784 17794 17804 17814 17824
17754 17764 17774 17784 17794 17804 17814 17824
17754 17764 17774 17784 17794 17804 17814 17824
17754 17764 17774 17784 17794 17804 17814 17824
17754 17764 17774 17784 17794 17804 17814 17824
17754 17764 17774 17784 17794 17804 17814 17824
17754 17764 17774 17784 17794 17804 17814 17824
17754 17764 17774 17784 17794 17804 17814 17824
17754 17764 17774 17784 17794 17804 17814 17824
17754 17764 17774 17784 17794 17804 17814 17824
17754 17764 17774 17784 17794 17804 17814 17824
17754 17764 17774 17784 17794 17804 17814 17824
64535
64535
64535
64535
64535
64535
64535
64535
64535
64535
64535
64535
64535
64535
64535
64535
64535
64535
64535
64535
64535
64535
64535
64535
64535
64535
64535
64535
69226 69236 69246 69256 69266 69276 69286 69296 69306 69316
69226 69236 69246 69256 69266 69276 69286 69296 69306 69316
69226 69236 69246 69256 69266 69276 69286 69296 69306 69316
69226 69236 69246 69256 69266 69276 69286 69296 69306 69316
69226 69236 69246 69256 69266 69276 69286 69296 69306 69316
69226 69236 69246 69256 69266 69276 69286 69296 69306 69316
69226 69236 69246 69256 69266 69276 69286 69296 69306 69316
69226 69236 69246 69256 69266 69276 69286 69296 69306 69316
69226 69236 69246 69256 69266 69276 69286 69296 69306 69316
69226 69236 69246 69256 69266 69276 69286 69296 69306 69316
69226 69236 69246 69256 69266 69276 69286 69296 69306 69316
69226 69236 69246 69256 69266 69276 69286 69296 69306 69316
69226 69236 69246 69256 69266 69276 69286 69296 69306 69316
69226 69236 69246 69256 69266 69276 69286 69296 69306 69316
69226 69236 69246 69256 69266 69276 69286 69296 69306 69316
69226 69236 69246 69256 69266 69276 69286 69296 69306 69316
69226 69236 69246 69406 69406 69276 69286 69406 69406 69316
69226 69236 69246 69256 69266 69276 69286 69296 69306 69316
69226 69236 69246 69256 69266 69276 69286 69296 69306 69316
69226 69236 69246 69256 69266 69276 69286 69296 69306 69316
69226 69236 69246 69256 69266 69276 69286 69296 69306 69316
69226 69236 69246 69256 69266 69276 69286 69296 69306 69316
69226 69236 69246 69256 69266 69276 69286 69296 69306 69316
69226 69236 69246 69256 69266 69276 69286 69296 69306 69316
69226 69236 69246 69256 69266 69276 69286 69296 69306 69316
69226 69236 69246 69256 69266 69276 69286 69296 69306 69316
69226 69236 69246 69256 69266 69276 69286 69296 69306 69316
69226 69236 69246 69256 69266 69276 69286 69296 69306 69316
69226 69236 69246 69256 69266 69276 69286 69296 69306 69316
69226 69236 69246 69256 69266 69276 69286 69296 69306 69316
69226 69236 69246 69256 69266 69276 69286 69296 69306 69316
69226 69236 69246 69256 69266 69276 69286 69296 69306 69316
69226 69236 69246 69256 69266 69276 69286 69296 69306 69316
69226 69236 69246 69256 69266 69276 69286 69296 69306 69316
69226 69236 69246 69256 69266 69276 69286 69296 69306 69316
69226 69236 69246 69256 69266 69276 69286 69296 69306 69316
69226 69236 69246 69256 69266 69276 69286 69296 69306 69316
69226 69236 69246 69256 69266 69276 69286 69296 69306 69316
69226 69236 69246 69256 69266 69276 69286 69296 69306 69316
69226 69236 69246 69256 69266 69276 69286 69296 69306 69316
69226 69236 69246 69256 69266 69276 69286 69296 69306 69316
69226 69236 69246 69256 69266 69276 69286 69296 69306 69316
69226 69236 69246 69256 69266 69276 69286 69296 69306 69316
69226 69236 69246 69256 69266 69276 69286 69296 69306 69316
69226 69236 69246 69326 69266 69276 69286 69296 69326 69316
69226 69236 69246 69256 69336 69336 69286 69296 69336 69316
69226 69236 69246 69256 69346 69276 69286 69296 69346 69316
69226 69236 69246 69256 69266 69276 69286 69296 69306 69316
69226 69236 69246 69356 69356 69356 69286 69356 69356 69316
69226 69236 69246 69256 69266 69276 69286 69296 69306 69316
69226 69366 69366 69366 69366 69366 69366 69366 69366 69316
69226 69366 69366 69366 69366 69366 69366 69366 69366 69316
69226 69236 69246 69256 69266 69276 69286 69296 69306 69316
69226 69236 69246 69376 69376 69276 69286 69296 69376 69316
69226 69236 69246 69256 69266 69276 69286 69296 69306 69316
69226 69236 69246 69256 69266 69276 69286 69296 69306 69316
69226 69236 69246 69256 69266 69276 69286 69296 69306 69316
69226 69236 69246 69256 69266 69276 69286 69296 69306 69316
69226 69236 69246 69256 69266 69276 69286 69296 69306 69316
69226 69236 69246 69256 69266 69276 69286 69296 69306 69316
69226 69236 69246 69256 69266 69276 69286 69296 69306 69316
69226 69236 69246 69256 69266 69276 69286 69296 69306 69316
69226 69236 69246 69256 69266 69276 69286 69296 69306 69316
69226 69236 69246 69386 69386 69276 69286 69296 69386 69316
69226 69236 69246 69396 69396 69396 69286 69396 69396 69316
69226 69236 69246 69396 69396 69396 69286 69396 69396 69316
69226 69236 69246 69396 69396 69396 69286 69396 69396 69316
69226 69236 69246 69256 69266 69276 69286 69296 69306 69316
