84611
84611
84611
84611
84611
84611
84611
84611
84611
84611
84611
84611
84611
84611
84611
84611
84611
84611
84611
84611
84611
84611
84611
84611
84611
84611
84611
84611
84611
84611
23472 23482 23492 23502 23512 23522 23532
23472 23482 23492 23502 23512 23522 23532
23472 23482 23492 23502 23512 23522 23532
23472 23482 23492 23502 23512 23522 23532
23472 23482 23492 23502 23512 23522 23532
23472 23482 23492 23502 23512 23522 23532
23472 23482 23492 23502 23512 23522 23532
23472 23482 23492 23502 23512 23522 23532
23472 23482 23492 23502 23512 23522 23532
23472 23482 23492 23502 23512 23522 23532
23472 23482 23492 23502 23512 23522 23532
23472 23482 23492 23502 23512 23522 23532
23472 23482 23492 23502 23512 23522 23532
23472 23482 23492 23502 23512 23522 23532
23472 23482 23492 23502 23512 23522 23532
34332 34332 34332 34332 34332 34332 34332
34332 34332 34332 34332 34332 34332 34332
34332 34332 34332 34332 34332 34332 34332
23472 23482 23492 23502 23512 23522 23532
23472 23482 23492 23502 23512 23522 23532
23472 23482 23492 23502 23512 23522 23532
23472 23482 23492 23502 23512 23522 23532
23472 23482 23492 23502 23512 23522 23532
23472 23482 23492 23502 23512 23522 23532
23472 23482 23492 23502 23512 23522 23532
23472 23482 23492 23502 23512 23522 23532
23472 23482 23492 23502 23512 23522 23532
23472 23482 23492 23502 23512 23522 23532
23472 23482 23492 23502 23512 23522 23532
23472 23482 23492 23502 23512 23522 23532
23472 23482 23492 23502 23512 23522 23532
23472 23482 23492 23502 23512 23522 23532
23472 23482 23492 23502 23512 23522 23532
23472 23482 23492 23502 23512 23522 23532
23472 23482 23492 23502 23512 23522 23532
23472 23482 23492 23502 23512 23522 23532
23472 23482 23492 23502 23512 23522 23532
23472 23482 23492 23502 23512 23522 23532
23472 23482 23492 23502 23512 23522 23532
23472 23482 23492 23502 23512 23522 23532
23472 23482 23492 23502 23512 23522 23532
23472 23482 23492 23502 23512 23522 23532
23472 23482 23492 23502 23512 23522 23532
23472 23482 23492 23502 23512 23522 23532
23472 23482 23492 23502 23512 23522 23532
23472 23482 23492 23502 23512 23522 23532
23472 23482 23492 23502 23512 23522 23532
23542 23542 23542 23542 23542 23542 23542 23542
23552 23552 23552 23552 23552 23552 23552 23552
23472 23482 23492 23502 23512 23522 23532
23472 23482 23492 23502 23512 23522 23532
23472 23482 23492 23502 23512 23522 23532
23472 23482 23492 23502 23512 23522 23532
23562 23562 23562 23562 23562 23562 23562 23562
23572 23572 23572 23572 23572 23572 23572 23572
23572 23572 23572 23572 23572 23572 23572 23572
23572 23572 23572 23572 23572 23572 23572 23572
23582 23582 23582 23582 23582 23582 23582 23582
23582 23582 23582 23582 23582 23582 23582 23582
23582 23582 23582 23582 23582 23582 23582 23582
23592 23482 23592 23502 23592 23522 23532
23602 23602 23602 23602 23602 23602 23602 23602
23602 23602 23602 23602 23602 23602 23602 23602
23602 23602 23602 23602 23602 23602 23602 23602
23612 23612 23612 23612 23612 23612 23612 23612
23612 23612 23612 23612 23612 23612 23612 23612
23612 23612 23612 23612 23612 23612 23612 23612
23622 23482 23492 23622 23512 23522 23532
23472 23482 23492 23502 23512 23522 23532
23632 23632 23492 23502 23632 23522 23532
23472 23482 23492 23502 23512 23522 23532
23642 23642 23492 23502 23642 23522 23532
23472 23482 23492 23502 23512 23522 23532
23472 23482 23492 23502 23512 23522 23532
23472 23482 23492 23502 23512 23522 23532
23652 23482 23492 23652 23512 23522 23532
23472 23482 23492 23502 23512 23522 23532
23472 23482 23492 23502 23512 23522 23532
23662 23662 23492 23502 23662 23522 23532
23472 23482 23492 23502 23512 23522 23532
23472 23482 23492 23502 23512 23522 23532
23472 23482 23492 23502 23512 23522 23532
23472 23482 23492 23502 23512 23522 23532
81593 81603 81613 81623 81633 81643 81653 81663 81673
81593 81603 81613 81623 81633 81643 81653 81663 81673
81593 81603 81613 81623 81633 81643 81653 81663 81673
81593 81603 81613 81623 81633 81643 81653 81663 81673
81593 81603 81613 81623 81633 81643 81653 81663 81673
81593 81603 81613 81623 81633 81643 81653 81663 81673
81593 81603 81613 81623 81633 81643 81653 81663 81673
81593 81603 81613 81623 81633 81643 81653 81663 81673
81593 81603 81613 81623 81633 81643 81653 81663 81673
81593 81603 81613 81623 81633 81643 81653 81663 81673
81593 81603 81613 81623 81633 81643 81653 81663 81673
81593 81603 81613 81623 81633 81643 81653 81663 81673
81593 81603 81613 81623 81633 81643 81653 81663 81673
81593 81603 81613 81623 81633 81643 81653 81663 81673
81593 81603 81613 81623 81633 81643 81653 81663 81673
81593 81603 81613 81623 81633 81643 81653 81663 81673
81593 81603 81613 81623 81633 81643 81653 81663 81673
81593 81603 81613 81623 81633 81643 81653 81663 81673
81593 81603 81613 81623 81633 81643 81653 81663 81673
81593 81603 81613 81623 81633 81643 81653 81663 81673
81593 81603 81613 81623 81633 81643 81653 81663 81673
81593 81603 81613 81623 81633 81643 81653 81663 81673
81593 81603 81613 81623 81633 81643 81653 81663 81673
81593 81603 81613 81623 81633 81643 81653 81663 81673
81593 81603 81613 81623 81633 81643 81653 81663 81673
81593 81603 81613 81623 81633 81643 81653 81663 81673
81593 81603 81613 81623 81633 81643 81653 81663 81673
81593 81603 81613 81623 81633 81643 81653 81663 81673
81593 81603 81613 81623 81633 81643 81653 81663 81673
81593 81603 81613 81623 81633 81643 81653 81663 81673
81593 81603 81613 81623 81633 81643 81653 81663 81673
81593 81603 81613 81623 81633 81643 81653 81663 81673
81593 81603 81613 81623 81633 81643 81653 81663 81673
81593 81603 81613 81623 81633 81643 81653 81663 81673
81593 81603 81613 81623 81633 81643 81653 81663 81673
81593 81603 81613 81623 81633 81643 81653 81663 81673
81593 81603 81613 81623 81633 81643 81653 81663 81673
81593 81603 81613 81623 81633 81643 81653 81663 81673
81593 81603 81613 81623 81633 81643 81653 81663 81673
81593 81603 81613 81623 81633 81643 81653 81663 81673
81593 81603 81613 81623 81633 81643 81653 81663 81673
81593 81603 81613 81623 81633 81643 81653 81663 81673
81593 81603 81613 81623 81633 81643 81653 81663 81673
81593 81603 81613 81623 81633 81643 81653 81663 81673
81593 81603 81613 81623 81633 81643 81653 81663 81673
81593 81603 81613 81623 81633 81643 81653 81663 81673
81593 81603 81613 81623 81633 81643 81653 81663 81673
81593 81603 81613 81623 81633 81643 81653 81683 81673
81593 81603 81613 81623 81633 81643 81653 81683 81673
81593 81603 81613 81623 81633 81643 81653 81663 81673
81593 81603 81703 81623 81703 81703 81703 81703 81673
81593 81603 81703 81623 81703 81703 81703 81703 81673
81593 81603 81613 81623 81633 81643 81653 81663 81673
81593 81603 81613 81623 81633 81643 81653 81663 81673
81593 81603 81613 81623 81633 81643 81653 81713 81673
81593 81603 81613 81623 81633 81643 81723 81663 81673
81593 81603 81613 81623 81633 81643 81723 81663 81673
81593 81603 81613 81623 81633 81643 81653 81663 81673
81593 81603 81613 81623 81633 81643 81653 81663 81673
81593 81603 81613 81623 81633 81643 81653 81733 81673
81593 81603 81613 81623 81633 81643 81653 81663 81673
81593 81603 81613 81623 81633 81643 81653 81743 81673
81593 81603 81613 81623 81633 81643 81653 81753 81673
81593 81603 81613 81623 81633 81643 81653 81783 81673
81593 81603 81613 81623 81633 81643 81653 81793 81673
81593 81603 81613 81623 81633 81643 81653 81803 81673
81593 81603 81613 81623 81633 81643 81653 81813 81673
83014 83024 83034 83044 83054 83064 83074 83084 83094
83014 83024 83034 83044 83054 83064 83074 83084 83094
83014 83024 83034 83044 83054 83064 83074 83084 83094
83014 83024 83034 83044 83054 83064 83074 83084 83094
83014 83024 83034 83044 83054 83064 83074 83084 83094
83014 83024 83034 83044 83054 83064 83074 83084 83094
83014 83024 83034 83044 83054 83064 83074 83084 83094
83014 83024 83034 83044 83054 83064 83074 83084 83094
83014 83024 83034 83044 83054 83064 83074 83084 83094
83014 83024 83034 83044 83054 83064 83074 83084 83094
83014 83024 83034 83044 83054 83064 83074 83084 83094
83014 83024 83034 83044 83054 83064 83074 83084 83094
83014 83024 83034 83044 83054 83064 83074 83084 83094
83014 83024 83034 83044 83054 83064 83074 83084 83094
83014 83024 83034 83044 83054 83064 83074 83084 83094
83014 83024 83034 83044 83054 83064 83074 83084 83094
83014 83024 83034 83044 83054 83064 83074 83084 83094
83014 83024 83034 83044 83054 83064 83074 83084 83094
83014 83024 83034 83044 83054 83064 83074 83084 83094
83014 83024 83034 83044 83054 83064 83074 83084 83094
83014 83024 83034 83044 83054 83064 83074 83084 83094
83014 83024 83034 83044 83054 83064 83074 83084 83094
83014 83024 83034 83044 83054 83064 83074 83084 83094
83014 83024 83034 83044 83054 83064 83074 83084 83094
83014 83024 83034 83044 83054 83064 83074 83084 83094
83014 83024 83034 83044 83054 83064 83074 83084 83094
83014 83024 83034 83044 83054 83064 83074 83084 83094
83014 83024 83034 83044 83054 83064 83074 83084 83094
83014 83024 83034 83044 83054 83064 83074 83084 83094
83014 83024 83034 83044 83054 83064 83074 83084 83094
83014 83024 83034 83044 83054 83064 83074 83084 83094
83014 83024 83034 83044 83054 83064 83074 83084 83094
83014 83024 83034 83044 83054 83064 83074 83084 83094
83014 83024 83034 83044 83054 83064 83074 83084 83094
83014 83024 83034 83044 83054 83064 83074 83084 83094
83014 83024 83034 83044 83054 83064 83074 83084 83094
83014 83024 83034 83044 83054 83064 83074 83084 83094
83014 83024 83034 83044 83054 83064 83074 83084 83094
83014 83024 83034 83044 83054 83064 83074 83084 83094
83014 83024 83034 83044 83054 83064 83074 83084 83094
83014 83024 83034 83044 83054 83064 83074 83084 83094
83014 83024 83034 83044 83054 83064 83074 83084 83094
83014 83024 83034 83044 83054 83064 83074 83084 83094
83014 83024 83034 83044 83054 83064 83074 83084 83094
83014 83024 83034 83044 83054 83064 83074 83084 83094
83014 83024 83034 83044 83054 83064 83074 83084 83094
83014 83024 83034 83044 83054 83064 83074 83084 83094
83014 83024 83034 83044 83054 83064 83074 83104 83094
83014 83024 83034 83044 83054 83064 83074 83104 83094
83014 83024 83034 83044 83054 83064 83074 83084 83094
83014 83024 83124 83044 83124 83124 83124 83124 83094
83014 83024 83124 83044 83124 83124 83124 83124 83094
83014 83024 83034 83044 83054 83064 83074 83084 83094
83014 83024 83034 83044 83054 83064 83074 83084 83094
83014 83024 83034 83044 83054 83064 83074 83134 83094
83014 83024 83034 83044 83054 83064 83144 83084 83094
83014 83024 83034 83044 83054 83064 83144 83084 83094
83014 83024 83034 83044 83054 83064 83074 83084 83094
83014 83024 83034 83044 83054 83064 83074 83084 83094
83014 83024 83034 83044 83054 83064 83074 83084 83094
83014 83024 83034 83044 83054 83064 83074 83084 83094
83014 83024 83034 83044 83184 83064 83074 83154 83094
83014 83024 83034 83044 83054 83064 83074 83084 83094
83014 83024 83034 83044 83184 83064 83074 83164 83094
83014 83024 83034 83044 83054 83064 83074 83084 83094
83014 83024 83034 83044 83184 83064 83074 83174 83094
83014 83024 83034 83044 83054 83064 83074 83084 83094
83014 83024 83194 83194 83054 83194 83074 83194 83094
83014 83024 83034 83044 83054 83064 83074 83204 83094
83014 83024 83194 83194 83054 83194 83074 83194 83094
83014 83024 83034 83044 83054 83064 83074 83204 83094
83014 83024 83034 83044 83054 83064 83074 83234 83094
83014 83024 83034 83044 83054 83064 83074 83244 83094
83014 83024 83034 83044 83054 83064 83074 83254 83094
83014 83024 83034 83044 83054 83064 83074 83264 83094
83014 83024 83034 83044 83054 83064 83074 83274 83094
