0 0 0
1 0 1
2 0 2
3 0 3
4 0 4
5 0 5
6 0 6
7 0 7
8 0 8
9 0 9
10 0 10
11 0 11
0 0 0
12 0 12
13 1 13
14 1 14
15 1 15
16 1 16
17 1 17
18 1 18
19 1 19
20 1 20
21 1 21
13 1 13
22 1 22
23 1 23
24 1 24
25 1 25
26 1 26
27 1 27
0 0 0
1 0 1
2 0 2
3 1 3
4 2 4
5 0 5
6 3 6
7 4 7
8 0 8
9 0 9
10 0 10
11 0 11
12 0 12
13 0 13
14 5 14
15 6 15
16 7 16
17 8 17
18 9 18
19 10 19
20 11 20
21 12 21
22 13 22
23 5 23
24 5 24
25 5 25
26 5 26
27 5 27
28 5 28
29 5 29
30 5 30
31 5 31
32 5 32
33 5 33
34 5 34
35 5 35
36 5 36
37 5 37
38 5 38
39 5 39
37 5 37
38 5 38
39 5 39
40 5 40
41 5 41
42 5 42
43 5 43
44 14 44
45 14 44
23 5 23
24 5 24
25 5 25
26 5 26
46 14 44
47 15 45
48 16 46
49 17 47
50 18 48
51 19 49
52 20 50
53 21 51
54 22 52
55 23 53
56 24 54
57 25 55
58 26 56
59 27 57
60 28 58
61 29 59
62 30 60
63 31 61
64 30 60
65 31 71
66 32 62
67 33 63
68 34 64
69 35 65
70 36 66
71 30 60
72 37 67
73 5 68
74 5 69
75 5 70
16 0 16
21 0 21
22 0 22
4 0 4
5 0 5
6 0 6
7 0 7
8 0 8
9 0 9
17 0 17
18 0 18
19 0 19
20 0 20
41 0 41
42 0 42
0 0 0
15 0 15
1 0 1
2 0 2
3 0 3
10 0 10
11 0 11
12 0 12
13 0 13
14 0 14
23 0 23
24 0 24
25 0 25
26 0 26
44 0 44
45 0 45
46 0 46
27 0 27
28 0 28
29 0 29
30 0 30
31 0 31
32 0 32
33 0 33
38 0 38
39 0 39
40 0 40
37 0 37
34 0 34
35 0 35
36 0 36
43 0 43
47 1 47
48 1 47
49 2 48
50 3 49
51 4 50
52 5 51
53 6 52
54 7 53
55 8 54
56 9 55
57 10 56
58 11 57
59 12 58
60 13 59
61 14 60
62 15 61
63 16 62
64 17 63
65 16 62
66 17 63
16 0 16
21 0 21
22 0 22
4 0 4
5 0 5
6 0 6
7 0 7
8 0 8
9 0 9
17 0 17
18 0 18
19 0 19
20 0 20
41 0 41
42 0 42
0 0 0
15 0 15
1 0 1
2 0 2
3 0 3
10 0 10
11 0 11
12 0 12
13 0 13
14 0 14
23 0 23
24 0 24
25 0 25
26 0 26
44 0 44
45 0 45
46 0 46
27 0 27
28 0 28
29 0 29
30 0 30
31 0 31
32 0 32
33 0 33
38 0 38
39 0 39
40 0 40
37 0 37
34 0 34
35 0 35
36 0 36
43 0 43
47 1 47
48 1 47
49 2 48
50 3 49
51 4 50
52 5 51
53 6 52
54 7 53
55 8 54
56 9 55
57 10 56
58 11 57
59 12 58
60 13 59
61 14 60
62 13 59
63 14 60
64 13 59
65 14 60
66 15 61
67 16 62
68 17 63
69 16 62
70 17 63
71 18 64
72 19 65
73 20 66
74 21 67
75 22 68
