38771
38771
38771
38771
38771
38771
38771
38771
38771
38771
38771
38771
38771
38771
38771
38771
38771
38771
38771
38771
38771
38771
38771
38771
38771
38771
38771
38771
38771
38771
9652 9662 9672 9682 9692 9702 9712 9722 9732
9652 9662 9672 9682 9692 9702 9712 9722 9732
9652 9662 9672 9682 9692 9702 9712 9722 9732
9652 9662 9672 9682 9692 9702 9712 9722 9732
9652 9662 9672 9682 9692 9702 9712 9722 9732
9652 9662 9672 9682 9692 9702 9712 9722 9732
9652 9662 9672 9682 9692 9702 9712 9722 9732
9652 9662 9672 9682 9692 9702 9712 9722 9732
9652 9662 9672 9682 9692 9702 9712 9722 9732
9652 9662 9672 9682 9692 9702 9712 9722 9732
9652 9662 9672 9682 9692 9702 9712 9722 9732
9652 9662 9672 9682 9692 9702 9712 9722 9732
9652 9662 9672 9682 9692 9702 9712 9722 9732
9652 9662 9672 9682 9692 9702 9712 9722 9732
9652 9662 9672 9682 9692 9702 9712 9722 9732
9652 9662 9672 9682 9692 9702 9712 9722 9732
9652 9662 9672 9682 9692 9702 9712 9722 9732
9652 9662 9672 9682 9692 9702 9712 9722 9732
9652 9662 9672 9682 9692 9702 9712 9722 9732
9652 9662 9672 9682 9692 9702 9712 9722 9732
9652 9662 9672 9682 9692 9702 9712 9722 9732
9652 9662 9672 9682 9692 9702 9712 9722 9732
9652 9662 9672 9682 9692 9702 9712 9722 9732
9652 9662 9672 9682 9692 9702 9712 9722 9732
9652 9662 9672 9682 9692 9702 9712 9722 9732
9652 9662 9672 9682 9692 9702 9712 9722 9732
9652 9662 9672 9682 9692 9702 9712 9722 9732
9652 9662 9672 9682 9692 9702 9712 9722 9732
9652 9662 9672 9682 9692 9702 9712 9722 9732
9652 9662 9672 9682 9692 9702 9712 9722 9732
9652 9662 9672 9682 9692 9702 9712 9722 9732
9652 9662 9672 14142 9692 9702 9712 14832 9732
9652 9662 9672 14142 9692 9702 9712 14832 9732
9652 9662 9672 14142 9692 9702 9712 14832 9732
9652 9662 9672 9682 9692 9702 9712 9722 9732
9652 9662 9672 9682 9692 9702 9712 9722 9732
9652 9662 9672 9682 9692 9702 9712 9722 9732
9652 9662 9672 9682 9692 9702 9712 9722 9732
9652 9662 9672 9682 9692 9702 9712 9722 9732
9652 9662 9672 9682 9692 9702 9712 9722 9732
9652 9662 9672 9682 9692 9702 9712 9722 9732
9652 9662 9672 9682 9692 9702 9712 9722 9732
9652 9662 9672 9682 9692 9702 9712 9722 9732
9652 9662 9672 9682 9692 9702 9712 9722 9732
9652 9662 9672 9682 9692 9702 9712 9722 9732
9652 9662 9672 9682 9692 9702 9712 9722 9732
9652 9662 9672 9682 9692 9702 9712 9722 9732
9652 9662 9672 9682 9692 9702 9712 9722 9732
9652 9662 9672 9682 9692 9702 9712 9722 9732
9652 9662 9672 9682 9692 9702 9712 9722 9732
9652 9662 9672 9682 9692 9702 9712 9722 9732
9652 9662 9672 9682 9692 9702 9712 9722 9732
9652 9662 9672 9682 9692 9702 9712 9722 9732
9652 9662 9672 9682 9692 9702 9712 9722 9732
9652 9662 9672 9682 9692 9702 9712 9722 9732
9652 9662 9672 9682 9692 9702 9712 9722 9732
9652 9662 9672 9682 9692 9702 9712 9722 9732
9652 9662 9672 9682 9692 9702 9712 9722 9732
9652 9662 9672 9682 9692 9702 9712 9722 9732
9652 9662 9672 9682 9692 9702 9712 9722 9732
9652 9662 9672 9682 9692 9702 9712 9722 9732
9652 9662 9672 9682 9692 9702 9712 9722 9732
9652 9662 9672 9682 9692 9702 9712 9722 9732
9652 9662 9672 9682 9692 9702 9712 9722 9732
9652 9662 9672 9682 9692 9702 9712 9722 9732
9652 9662 9672 9682 9692 9702 9712 9722 9732
9652 9662 9672 9682 9692 9702 9712 9722 9732
9652 9662 9672 14142 9692 9702 9712 14832 9732
9652 9662 9672 14142 9692 9702 9712 14832 9732
9652 9662 9672 9682 9692 9702 9712 9722 9732
9652 9662 9672 9682 9692 9702 9712 9722 9732
9652 9662 9672 9682 9692 9702 9712 9722 9732
9652 9662 9672 9682 9692 9702 9712 9722 9732
9652 9662 9672 9682 9692 9702 9712 9722 9732
9652 9662 9672 9682 9692 9702 9712 9722 9732
9652 9662 9672 14142 9692 9702 9712 14832 9732
9652 9662 9672 14142 9692 9702 9712 14832 9732
9652 9662 9672 9682 9692 9702 9712 9722 9732
9652 9662 9672 9682 9692 9702 9712 9722 9732
9652 9662 9672 9682 9692 9702 9712 9722 9732
9652 9662 9672 9682 9692 9702 9712 9722 9732
9652 9662 9672 9682 9692 9702 9712 9722 9732
9652 9662 9672 9682 9692 9702 9712 9722 9732
37663 37673 37683 37693 37703 37713 37723 37733
37663 37673 37683 37693 37703 37713 37723 37733
37663 37673 37683 37693 37703 37713 37723 37733
37663 37673 37683 37693 37703 37713 37723 37733
37663 37673 37683 37693 37703 37713 37723 37733
37663 37673 37683 37693 37703 37713 37723 37733
37663 37673 37683 37693 37703 37713 37723 37733
37663 37673 37683 37693 37703 37713 37723 37733
37663 37673 37683 37693 37703 37713 37723 37733
37663 37673 37683 37693 37703 37713 37723 37733
37663 37673 37683 37693 37703 37713 37723 37733
37663 37673 37683 37693 37703 37713 37723 37733
37663 37673 37683 37693 37703 37713 37723 37733
37663 37673 37683 37693 37703 37713 37723 37733
37663 37673 37683 37693 37703 37713 37723 37733
37663 37673 37683 37693 37703 37713 37723 37733
37663 37673 37683 37693 37703 37713 37723 37733
37663 37673 37683 37693 37703 37713 37723 37733
37663 37673 37683 37693 37703 37713 37723 37733
37663 37673 37683 37693 37703 37713 37723 37733
37663 37673 37683 37693 37703 37713 37723 37733
37663 37673 37683 37693 37703 37713 37723 37733
37663 37673 37683 37693 37703 37713 37723 37733
37663 37673 37683 37693 37703 37713 37723 37733
37663 37673 37683 37693 37703 37713 37723 37733
37663 37673 37683 37693 37703 37713 37723 37733
37663 37673 37683 37693 37703 37713 37723 37733
37663 37673 37683 37693 37703 37713 37723 37733
37663 37673 37683 37693 37703 37713 37723 37733
37663 37673 37683 37693 37703 37713 37723 37733
37663 37673 37683 37693 37703 37713 37723 37733
37663 37673 37683 37693 37703 37713 37723 37733
37663 37673 37683 37693 37703 37713 37723 37733
37663 37673 37683 37693 37703 37713 37723 37733
37663 37673 37683 37693 37703 37713 37723 37733
37663 37673 37683 37693 37703 37713 37723 37733
37663 37673 37683 37693 37703 37713 37723 37733
37663 37673 37683 37693 37703 37713 37723 37733
37663 37673 37683 37693 37703 37713 37723 37733
37663 37673 37683 37693 37703 37713 37723 37733
37663 37673 37683 37693 37703 37713 37723 37733
37663 37673 37683 37693 37703 37713 37723 37733
37663 37673 37683 37693 37703 37713 37723 37733
37663 37673 37683 37693 37703 37713 37723 37733
37663 37673 37683 37693 37703 37713 37723 37733
37663 37673 37683 37693 37703 37713 37723 37733
37663 37673 37683 37693 37703 37713 37723 37733
37663 37673 37683 37693 37703 37713 37723 37733
37663 37673 37683 37693 37703 37713 37723 37733
37663 37673 37683 37693 37703 37713 37723 37733
37663 37673 37683 37693 37703 37713 37723 37733
37663 37673 37683 37693 37703 37713 37723 37733
37663 37673 37683 37693 37703 37713 37723 37733
37663 37673 37683 37693 37703 37713 37723 37733
37663 37673 37683 37693 37703 37713 37723 37733
37663 37673 37683 37693 37703 37713 37723 37733
37663 37673 37683 37693 37703 37713 37723 37733
37663 37673 37683 37693 37703 37713 37723 37733
37663 37673 37683 37693 37703 37713 37723 37733
37663 37673 37683 37693 37703 37713 37723 37733
37663 37673 37683 37693 37703 37713 37723 37733
37663 37673 37683 37693 37703 37713 37723 37733
37663 37673 37683 37693 37703 37713 37723 37733
37663 37673 37683 37693 37703 37713 37723 37733
37663 37673 37683 37693 37703 37713 37723 37733
37663 37673 37683 37693 37703 37713 37723 37733
37663 37673 37683 37693 37703 37713 37723 37733
38144 38154 38164 38174 38184 38194 38204 38214
38144 38154 38164 38174 38184 38194 38204 38214
38144 38154 38164 38174 38184 38194 38204 38214
38144 38154 38164 38174 38184 38194 38204 38214
38144 38154 38164 38174 38184 38194 38204 38214
38144 38154 38164 38174 38184 38194 38204 38214
38144 38154 38164 38174 38184 38194 38204 38214
38144 38154 38164 38174 38184 38194 38204 38214
38144 38154 38164 38174 38184 38194 38204 38214
38144 38154 38164 38174 38184 38194 38204 38214
38144 38154 38164 38174 38184 38194 38204 38214
38144 38154 38164 38174 38184 38194 38204 38214
38144 38154 38164 38174 38184 38194 38204 38214
38144 38154 38164 38174 38184 38194 38204 38214
38144 38154 38164 38174 38184 38194 38204 38214
38144 38154 38164 38174 38184 38194 38204 38214
38144 38154 38164 38174 38184 38194 38204 38214
38144 38154 38164 38174 38184 38194 38204 38214
38144 38154 38164 38174 38184 38194 38204 38214
38144 38154 38164 38174 38184 38194 38204 38214
38144 38154 38164 38174 38184 38194 38204 38214
38144 38154 38164 38174 38184 38194 38204 38214
38144 38154 38164 38174 38184 38194 38204 38214
38144 38154 38164 38174 38184 38194 38204 38214
38144 38154 38164 38174 38184 38194 38204 38214
38144 38154 38164 38174 38184 38194 38204 38214
38144 38154 38164 38174 38184 38194 38204 38214
38144 38154 38164 38174 38184 38194 38204 38214
38144 38154 38164 38174 38184 38194 38204 38214
38144 38154 38164 38174 38184 38194 38204 38214
38144 38154 38164 38174 38184 38194 38204 38214
38144 38154 38164 38174 38184 38194 38204 38214
38144 38154 38164 38174 38184 38194 38204 38214
38144 38154 38164 38174 38184 38194 38204 38214
38144 38154 38164 38174 38184 38194 38204 38214
38144 38154 38164 38174 38184 38194 38204 38214
38144 38154 38164 38174 38184 38194 38204 38214
38144 38154 38164 38174 38184 38194 38204 38214
38144 38154 38164 38174 38184 38194 38204 38214
38144 38154 38164 38174 38184 38194 38204 38214
38144 38154 38164 38174 38184 38194 38204 38214
38144 38154 38164 38174 38184 38194 38204 38214
38144 38154 38164 38174 38184 38194 38204 38214
38144 38154 38164 38174 38184 38194 38204 38214
38144 38154 38164 38174 38184 38194 38204 38214
38144 38154 38164 38174 38184 38194 38204 38214
38144 38154 38164 38174 38184 38194 38204 38214
38144 38154 38164 38174 38184 38194 38204 38214
38144 38154 38164 38174 38184 38194 38204 38214
38144 38154 38164 38174 38184 38194 38204 38214
38144 38154 38164 38174 38184 38194 38204 38214
38144 38154 38164 38174 38184 38194 38204 38214
38144 38154 38164 38174 38184 38194 38204 38214
38144 38154 38164 38174 38184 38194 38204 38214
38144 38154 38164 38174 38184 38194 38204 38214
38144 38154 38164 38174 38184 38194 38204 38214
38144 38154 38164 38174 38184 38194 38204 38214
38144 38154 38164 38174 38184 38194 38204 38214
38144 38154 38164 38174 38184 38194 38204 38214
38144 38154 38164 38174 38184 38194 38204 38214
38144 38154 38164 38174 38184 38194 38204 38214
38144 38154 38164 38174 38184 38194 38204 38214
38144 38154 38164 38174 38184 38194 38204 38214
38144 38154 38164 38174 38184 38194 38204 38214
38144 38154 38164 38174 38184 38194 38204 38214
38144 38154 38164 38174 38184 38194 38204 38214
38144 38154 38164 38174 38184 38194 38204 38214
38144 38154 38164 38174 38184 38194 38204 38214
38144 38154 38164 38174 38184 38194 38204 38214
38144 38154 38164 38174 38184 38194 38204 38214
38144 38154 38164 38174 38184 38194 38204 38214
38144 38154 38164 38174 38184 38194 38204 38214
38144 38154 38164 38174 38184 38194 38204 38214
38144 38154 38164 38174 38184 38194 38204 38214
38144 38154 38164 38174 38184 38194 38204 38214
38144 38154 38164 38174 38184 38194 38204 38214
