38731
38731
38731
38731
38731
38731
38731
38731
38731
38731
38731
38731
38731
38731
38731
38731
38731
38731
38731
38731
38731
38731
38731
38731
38731
38731
38731
38731
38731
38731
4372 4382 4392 4402 4422 4412
4372 4382 4392 4402 4422 4412
4372 4382 4392 4402 4422 4412
4372 4382 4392 4402 4422 4412
4372 4382 4392 4402 4422 4412
4372 4382 4392 4402 4422 4412
4372 4382 4392 4402 4422 4412
4372 4382 4392 4402 4422 4412
4372 4382 4392 4402 4422 4412
4372 4382 4392 4402 4422 4412
4372 4382 4392 4402 4422 4412
4372 4382 4392 4402 4422 4412
4372 4382 4392 4402 4422 4412
4372 4382 4392 4402 4422 4412
4372 4382 4392 4402 4422 4412
4372 4382 4392 4402 4422 4412
4372 4382 4392 4402 4422 4412
4372 4382 4392 4402 4422 4412
4372 4382 4392 4402 4422 4412
4372 4382 4392 4402 4422 4412
4372 4382 4392 4402 4422 4412
4372 4382 4392 4402 4422 4412
4372 4382 4392 4402 4422 4412
4372 4382 4392 4402 4422 4412
4372 4382 4392 4402 4422 4412
4372 4382 4392 4402 4422 4412
4372 4382 4392 4402 4422 4412
4372 4382 4392 4402 4422 4412
4372 4382 4392 4402 4422 4412
4372 4382 4392 4402 4422 4412
4372 4382 4392 4402 4422 4412
4372 4382 4392 4402 4422 4412
4372 4382 4392 4402 4422 4412
4372 4382 4392 4402 4422 4412
4372 4382 4392 4402 4422 4412
4372 4382 4392 4402 4422 4412
4372 4382 4392 4402 4422 4412
4372 4382 4392 4402 4422 4412
4372 4382 4392 4402 4422 4412
4372 4382 4392 4402 4422 4412
4372 4382 4392 4402 4422 4412
4372 4382 4392 4402 4422 4412
4372 4382 4392 4402 4422 4412
4372 4382 4392 4402 4422 4412
4372 4382 4392 4402 4422 4412
4372 4382 4392 4402 4422 4412
4372 4382 4392 4402 4422 4412
4372 4382 4392 4402 4422 4412
4372 4382 4392 4402 4422 4412
4372 4382 4392 4402 4422 4412
4372 4382 4392 4402 4422 4412
4372 4382 4392 4402 4422 4412
4372 4382 4392 4402 4422 4412
4372 4382 4392 4402 4422 4412
4372 4382 4392 4402 4422 4412
4372 4382 4392 4402 4422 4412
4372 4382 4392 4402 4422 4412
4372 4382 4392 4402 4422 4412
4372 4382 4392 4402 4422 4412
4372 4382 4392 4402 4422 4412
4372 4382 4392 4402 4422 4412
4372 4382 4392 4402 4422 4412
4372 4382 4392 4402 4422 4412
4372 4382 4392 4402 4422 4412
4372 4382 4392 4402 4422 4412
4372 4382 4392 4402 4422 4412
4372 4382 4392 4402 4422 4412
29853
29853
29853
29853
29853
29853
29853
29853
29853
29853
29853
29853
29853
29853
29853
29853
29853
29853
29853
29853
29853
29853
29853
29853
29853
29853
29853
29853
29853
29853
29853
29853
29853
29853
29853
29853
29853
29853
29853
29853
29853
29853
29853
29853
29853
29853
29853
29853
29853
29853
