84571
84571
84571
84571
84571
84571
84571
84571
84571
84571
84571
84571
84571
84571
84571
84571
84571
84571
84571
84571
84571
84571
84571
84571
84571
84571
84571
84571
84571
84571
13342 13362 13372 13382 13392
13342 13362 13372 13382 13392
13342 13362 13372 13382 13392
13342 13362 13372 13382 13392
13342 13362 13372 13382 13392
13342 13362 13372 13382 13392
13342 13362 13372 13382 13392
13342 13362 13372 13382 13392
13342 13362 13372 13382 13392
13342 13362 13372 13382 13392
13342 13362 13372 13382 13392
13342 13362 13372 13382 13392
13342 13362 13372 13382 13392
13342 13362 13372 13382 13392
13342 13362 13372 13382 13392
13342 13362 13372 13382 34022
13342 13362 13372 13382 34022
13342 13362 13372 13382 34022
13342 13362 13372 13382 13392
13342 13362 13372 13382 13392
13342 13362 13372 13382 13392
13342 13362 13372 13382 13392
13342 13362 13372 13382 13392
13342 13362 13372 13382 13392
13342 13362 13372 13382 13392
13342 13362 13372 13382 13392
13342 13362 13372 13382 13392
13342 13362 13372 13382 13392
13342 13362 13372 13382 13392
13342 13362 13372 13382 13392
13342 13362 13372 13382 13392
13342 13362 13372 13382 13392
13342 13362 13372 13382 13392
13342 13362 13372 13382 13392
13342 13362 13372 13382 13392
13342 13362 13372 13382 13392
13342 13362 13372 13382 13392
13342 13362 13372 13382 13392
13342 13362 13372 13382 13392
13342 13362 13372 13382 13392
13342 13362 13372 13382 13392
13342 13362 13372 13382 13392
13342 13362 13372 13382 13392
13342 13362 13372 13382 13392
13342 13362 13372 13382 13392
13342 13362 13372 13382 13392
13342 13362 13372 13382 13392
13352 13352 13352 13382 13392
13342 13362 13372 13382 13392
13342 13362 13372 13382 13392
13342 13362 13372 13382 13392
13342 13362 13372 13382 13392
13342 13362 13372 13382 13392
13342 13362 13372 13382 13392
13342 13362 13372 13382 13392
13342 13362 13372 13382 13392
13342 13422 13372 13382 13392
13342 13362 13372 13382 13392
13342 13362 13372 13382 13392
13432 13432 13432 13382 13392
13342 13362 13372 13382 13392
13342 13362 13372 13382 13392
28302 28302 28302 13382 13392
28292 28292 28292 28292 28292
28292 28292 28292 28292 28292
28292 28292 28292 28292 28292
13342 13362 13372 13382 13392
62543 62593 62603 62613
62543 62593 62603 62613
62543 62593 62603 62613
62543 62593 62603 62613
62543 62593 62603 62613
62543 62593 62603 62613
62543 62593 62603 62613
62543 62593 62603 62613
62543 62593 62603 62613
62543 62593 62603 62613
62543 62593 62603 62613
62543 62593 62603 62613
62543 62593 62603 62613
62543 62593 62603 62613
62543 62593 62603 62613
62543 62593 62603 62613
62543 62593 62603 62613
62543 62593 62603 62613
62543 62593 62603 62613
62543 62593 62603 62613
62543 62593 62603 62613
62543 62593 62603 62613
62543 62593 62603 62613
62543 62593 62603 62613
62543 62593 62603 62613
62543 62593 62603 62613
62543 62593 62603 62613
62543 62593 62603 62613
62543 62593 62603 62613
62543 62593 62603 62613
62543 62593 62603 62613
62543 62593 62603 62613
62543 62593 62603 62613
62543 62593 62603 62613
62543 62593 62603 62613
62543 62593 62603 62613
62543 62593 62603 62613
62543 62593 62603 62613
62553 62553 62553 62553
62563 62563 62563 62563
62543 62593 62603 62613
62573 62573 62573 62573
62573 62573 62573 62573
62543 62593 62603 62613
62543 62593 62603 62613
62583 62583 62583 62583
62543 62593 62603 62613
62543 62593 62603 62613
62543 62593 62603 62613
62543 62593 62603 62613
