80 60 80 90 90 90 35 40 90
80 80 80 90 90 90 40 80 80
65 90 90 90 90 90 30 90 90
90 80 90 90 90 90 40 90 90
20 20 20 90 90 90 30 90 10
120 45 37 75 135 60 135 45 37
60 60 60 80 80 80 90 60 60
10 5 15 40 40 40 90 90 10
90 90 90 70 70 70 90 90 90
55 55 55 40 40 40 90 5 5
25 40 40 90 90 90 90 90 90
90 90 90 90 90 90 90 90 90
90 90 90 70 70 70 90 90 90
70 70 60 90 90 90 25 10 90
55 55 40 90 90 90 30 90 25
10 10 10 60 60 60 90 10 10
40 40 40 30 30 30 90 40 40
15 15 15 10 10 10 90 20 20
70 70 70 65 65 65 90 70 70
50 50 50 60 60 60 90 90 90
70 70 70 20 20 20 90 45 45
55 55 55 40 40 40 90 55 55
40 40 40 50 50 50 90 65 65
35 35 35 35 35 35 35 35 35
