80 70 90 90 90 90 35 40 90
80 80 80 90 90 90 40 80 80
65 90 90 90 90 90 30 90 90
90 80 90 90 90 90 40 90 90
20 20 20 90 90 90 30 90 10
80 30 25 50 90 40 90 30 25
60 60 60 80 80 80 90 60 60
10 5 15 60 60 60 90 90 90
90 90 90 70 70 70 90 90 90
80 80 80 40 40 40 90 5 5
80 90 90 90 90 90 90 90 90
90 30 90 60 60 60 90 10 90
90 90 90 70 70 70 90 90 90
80 80 70 90 90 90 30 40 90
80 90 55 90 90 90 35 40 30
10 10 10 60 60 60 90 10 10
40 40 40 30 30 30 90 40 40
15 15 15 25 25 25 90 20 20
70 70 70 70 70 70 90 70 70
50 50 50 90 90 90 90 90 90
70 70 70 50 50 50 90 45 45
55 55 55 60 60 60 90 55 55
40 40 40 70 70 70 90 65 65
35 35 35 35 35 35 35 35 35
