84621
84621
84621
84621
84621
84621
84621
84621
84621
84621
84621
84621
84621
84621
84621
84621
84621
84621
84621
84621
84621
84621
84621
84621
84621
84621
84621
84621
84621
84621
8952 8962 8972
8952 8962 8972
8952 8962 8972
8952 8962 8972
8952 8962 8972
8952 8962 8972
8952 8962 8972
8952 8962 8972
8952 8962 8972
8952 8962 8972
8952 8962 8972
8952 8962 8972
8952 8962 8972
8952 8962 8972
8952 8962 8972
8952 8962 8972
8952 8962 8972
8952 8962 8972
8952 8962 8972
8952 8962 8972
8952 8962 8972
8952 8962 8972
8952 8962 8972
8952 8962 8972
8952 8962 8972
8952 8962 8972
8952 8962 8972
8952 8962 8972
8952 8962 8972
8952 8962 8972
8952 8962 8972
8952 8962 8972
8952 8962 8972
8952 8962 8972
8952 8962 8972
8952 8962 8972
8952 8962 8972
8982 8982 8982
8992 8992 8992
8952 8962 8972
8952 8962 8972
8952 8962 8972
8952 8962 8972
8952 8962 8972
8952 8962 8972
8952 8962 8972
8952 8962 8972
8952 8962 8972
8952 8962 8972
13843 13863 13873 13883 13893
13843 13863 13873 13883 13893
13843 13863 13873 13883 13893
13843 13863 13873 13883 13893
13843 13863 13873 13883 13893
13843 13863 13873 13883 13893
13843 13863 13873 13883 13893
13843 13863 13873 13883 13893
13843 13863 13873 13883 13893
13843 13863 13873 13883 13893
13843 13863 13873 13883 13893
13843 13863 13873 13883 13893
13843 13863 13873 13883 13893
13843 13863 13873 13883 13893
13843 13863 13873 13883 13893
13843 13863 13873 13883 34073
13843 13863 13873 13883 34073
13843 13863 13873 13883 34073
13843 13863 13873 13883 13893
13843 13863 13873 13883 13893
13843 13863 13873 13883 13893
13843 13863 13873 13883 13893
13843 13863 13873 13883 13893
13843 13863 13873 13883 13893
13843 13863 13873 13883 13893
13843 13863 13873 13883 13893
13843 13863 13873 13883 13893
13843 13863 13873 13883 13893
13843 13863 13873 13883 13893
13843 13863 13873 13883 13893
13843 13863 13873 13883 13893
13843 13863 13873 13883 13893
13843 13863 13873 13883 13893
13843 13863 13873 13883 13893
13843 13863 13873 13883 13893
13843 13863 13873 13883 13893
13843 13863 13873 13883 13893
13843 13863 13873 13883 13893
13843 13863 13873 13883 13893
13843 13863 13873 13883 13893
13843 13863 13873 13883 13893
13843 13863 13873 13883 13893
13843 13863 13873 13883 13893
13843 13863 13873 13883 13893
13843 13863 13873 13883 13893
13843 13863 13873 13883 13893
13843 13863 13873 13883 13893
13853 13853 13853 13883 13893
13843 13863 13873 13883 13893
13843 13863 13873 13883 13893
13843 13863 13873 13883 13893
13843 13863 13873 13883 13893
13843 13863 13873 13883 13893
13843 13863 13873 13883 13893
13843 13863 13873 13883 13893
13843 13863 13873 13883 13893
13843 13923 13873 13883 13893
13843 13863 13873 13883 13893
13843 13863 13873 13883 13893
13933 13933 13933 13883 13893
13843 13863 13873 13883 13893
13843 13863 13873 13883 13893
28663 28663 28663 13883 13893
28673 28673 28673 28673 28673
28673 28673 28673 28673 28673
28673 28673 28673 28673 28673
13843 13863 13873 13883 13893
14344 14364 14374 14384 14394
14344 14364 14374 14384 14394
14344 14364 14374 14384 14394
14344 14364 14374 14384 14394
14344 14364 14374 14384 14394
14344 14364 14374 14384 14394
14344 14364 14374 14384 14394
14344 14364 14374 14384 14394
14344 14364 14374 14384 14394
14344 14364 14374 14384 14394
14344 14364 14374 14384 14394
14344 14364 14374 14384 14394
14344 14364 14374 14384 14394
14344 14364 14374 14384 14394
14344 14364 14374 14384 14394
14344 14364 14374 14384 34124
14344 14364 14374 14384 34124
14344 14364 14374 14384 34124
14344 14364 14374 14384 14394
14344 14364 14374 14384 14394
14344 14364 14374 14384 14394
14344 14364 14374 14384 14394
14344 14364 14374 14384 14394
14344 14364 14374 14384 14394
14344 14364 14374 14384 14394
14344 14364 14374 14384 14394
14344 14364 14374 14384 14394
14344 14364 14374 14384 14394
14344 14364 14374 14384 14394
14344 14364 14374 14384 14394
14344 14364 14374 14384 14394
14344 14364 14374 14384 14394
14344 14364 14374 14384 14394
14344 14364 14374 14384 14394
14344 14364 14374 14384 14394
14344 14364 14374 14384 14394
14344 14364 14374 14384 14394
14344 14364 14374 14384 14394
14344 14364 14374 14384 14394
14344 14364 14374 14384 14394
14344 14364 14374 14384 14394
14344 14364 14374 14384 14394
14344 14364 14374 14384 14394
14344 14364 14374 14384 14394
14344 14364 14374 14384 14394
14344 14364 14374 14384 14394
14344 14364 14374 14384 14394
14354 14354 14354 14384 14394
14344 14364 14374 14384 14394
14344 14364 14374 14384 14394
14344 14364 14374 14384 14394
14344 14364 14374 14384 14394
14344 14364 14374 14384 14394
14344 14364 14374 14384 14394
14344 14364 14374 14384 14394
14344 14364 14374 14384 14394
14344 14424 14374 14384 14394
14344 14364 14374 14384 14394
14344 14364 14374 14384 14394
14434 14434 14434 14384 14394
14344 14364 14374 14384 14394
14344 14364 14374 14384 14394
28764 28764 28764 14384 14394
28774 28774 28774 28774 28774
28774 28774 28774 28774 28774
28774 28774 28774 28774 28774
14344 14364 14374 14384 14394
67815 67825 67835 67845 67855 67865 67875 67885
67815 67825 67835 67845 67855 67865 67875 67885
67815 67825 67835 67845 67855 67865 67875 67885
67815 67825 67835 67845 67855 67865 67875 67885
67815 67825 67835 67845 67855 67865 67875 67885
67815 67825 67835 67845 67855 67865 67875 67885
67815 67825 67835 67845 67855 67865 67875 67885
67815 67825 67835 67845 67855 67865 67875 67885
67815 67825 67835 67845 67855 67865 67875 67885
67815 67825 67835 67845 67855 67865 67875 67885
67815 67825 67835 67845 67855 67865 67875 67885
67815 67825 67835 67845 67855 67865 67875 67885
67815 67825 67835 67845 67855 67865 67875 67885
67815 67825 67835 67845 67855 67865 67875 67885
67815 67825 67835 67845 67855 67865 67875 67885
67815 67825 67835 67845 67855 67865 67875 67885
67815 67825 67835 67845 67855 67865 67875 67885
67815 67825 67835 67845 67855 67865 67875 67885
67815 67825 67835 67845 67855 67865 67875 67885
67815 67825 67835 67845 67855 67865 67875 67885
67815 67825 67835 67845 67855 67865 67875 67885
67815 67825 67835 67845 67855 67865 67875 67885
67815 67825 67835 67845 67855 67865 67875 67885
67815 67825 67835 67845 67855 67865 67875 67885
67815 67825 67835 67845 67855 67865 67875 67885
67815 67825 67835 67845 67855 67865 67875 67885
67815 67825 67835 67845 67855 67865 67875 67885
67815 67825 67835 67845 67855 67865 67875 67885
67815 67825 67835 67845 67855 67865 67875 67885
67815 67825 67835 67845 67855 67865 67875 67885
67815 67825 67835 67845 67855 67865 67875 67885
67815 67825 67835 67845 67855 67865 67875 67885
67815 67825 67835 67845 67855 67865 67875 67885
67815 67825 67835 67845 67855 67865 67875 67885
67815 67825 67835 67845 67855 67865 67875 67885
67815 67825 67835 67845 67855 67865 67875 67885
67815 67825 67835 67845 67855 67865 67875 67885
67815 67825 67835 67845 67855 67865 67875 67885
67815 67825 67835 67845 67855 67865 67875 67885
67815 67825 67835 67845 67855 67865 67875 67885
67815 67825 67835 67845 67855 67865 67875 67885
67815 67825 67835 67845 67855 67865 67875 67885
67815 67825 67835 67845 67855 67865 67875 67885
67815 67825 67835 67845 67855 67865 67875 67885
67815 67825 67895 67845 67895 67865 67875 67885
67815 67825 67895 67845 67895 67865 67875 67885
67815 67825 67995 67845 67855 67865 67875 67885
67815 67825 67995 67845 67855 67865 67875 67885
67815 67825 67905 67845 67905 67865 67875 67885
67815 67825 67995 67845 67855 67865 67875 67885
67815 67825 67835 67845 67855 67865 67875 67885
67815 67825 67905 67845 67905 67865 67875 67885
67815 67825 67915 67845 67915 67865 67875 67885
67815 68005 68005 67845 67855 68005 67875 67885
67815 68005 68005 67845 67855 68005 67875 67885
67815 68005 68005 67845 67855 68005 67875 67885
67815 68015 68015 67845 67855 68015 67875 67885
67815 68015 68015 67845 67855 68015 67875 67885
67815 67925 67925 67845 67855 67925 67875 67885
67815 67925 67925 67845 67855 67925 67875 67885
67815 68005 68005 67845 67855 68005 67875 67885
67815 68005 68005 67845 67855 68005 67875 67885
67815 68015 68015 67845 67855 68015 67875 67885
67815 67925 67925 67845 67855 67925 67875 67885
67815 67925 67925 67845 67855 67925 67875 67885
67815 67935 67935 67845 67855 67935 67875 67885
67815 67935 67935 67845 67855 67935 67875 67885
67815 67935 67935 67845 67855 67935 67875 67885
67815 67935 67935 67845 67855 67935 67875 67885
67815 67935 67935 67845 67855 67935 67875 67885
67815 67935 67935 67845 67855 67935 67875 67885
67815 67825 67955 67845 67855 68015 67875 67885
67815 67825 67955 67845 67855 68015 67875 67885
67815 67825 67955 67845 67855 68015 67875 67885
67815 67825 67955 67845 67855 68015 67875 67885
67815 67825 67955 67845 67855 68015 67875 67885
67815 67825 67955 67845 67855 68015 67875 67885
67815 67825 67965 67845 67855 67865 67875 67885
67815 67825 67965 67845 67855 67865 67875 67885
67815 67975 67835 67845 67855 67865 67875 67885
67815 67975 67835 67845 67855 67865 67875 67885
67815 67975 67835 67845 67855 67865 67875 67885
67815 67975 67835 67845 67855 67865 67875 67885
67815 67975 67835 67845 67855 67865 67875 67885
67815 67825 67985 67845 67985 67865 67875 67885
67815 67825 67985 67845 67985 67865 67875 67885
67815 67825 67985 67845 67985 67865 67875 67885
67815 67825 67835 67845 67855 67865 67875 67885
67815 67825 67835 67845 67855 67865 67875 67885
