84611
84611
84611
84611
84611
84611
84611
84611
84611
84611
84611
84611
84611
84611
84611
84611
84611
84611
84611
84611
84611
84611
84611
84611
84611
84611
84611
84611
84611
84611
6672 6722 6732 6742
6672 6722 6732 6742
6672 6722 6732 6742
6672 6722 6732 6742
6672 6722 6732 6742
6672 6722 6732 6742
6672 6722 6732 6742
6672 6722 6732 6742
6672 6722 6732 6742
6672 6722 6732 6742
6672 6722 6732 6742
6672 6722 6732 6742
6672 6722 6732 6742
6672 6722 6732 6742
6672 6722 6732 6742
6672 6722 6732 6742
6672 6722 6732 6742
6672 6722 6732 6742
6672 6722 6732 6742
6672 6722 6732 6742
6672 6722 6732 6742
6672 6722 6732 6742
6672 6722 6732 6742
6672 6722 6732 6742
6672 6722 6732 6742
6672 6722 6732 6742
6672 6722 6732 6742
6672 6722 6732 6742
6672 6722 6732 6742
6672 6722 6732 6742
6672 6722 6732 6742
6672 6722 6732 6742
6672 6722 6732 6742
6672 6722 6732 6742
6672 6722 6732 6742
6672 6722 6732 6742
6672 6722 6732 6742
6672 6722 6732 6742
6682 6682 6682 6682
6692 6692 6692 6692
6672 6722 6732 6742
6702 6702 6702 6702
6702 6702 6702 6702
6672 6722 6732 6742
6672 6722 6732 6742
6712 6712 6712 6712
6672 6722 6732 6742
6672 6722 6732 6742
6672 6722 6732 6742
6672 6722 6732 6742
7963 7963 7963
7963 7963 7963
7963 7963 7963
7963 7963 7963
7963 7963 7963
7963 7963 7963
7963 7963 7963
7963 7963 7963
7963 7963 7963
7963 7963 7963
7963 7963 7963
7963 7963 7963
7963 7963 7963
7963 7963 7963
7963 7963 7963
7963 7963 7963
7963 7963 7963
7963 7963 7963
7963 7963 7963
7963 7963 7963
7963 7963 7963
7963 7963 7963
7963 7963 7963
7963 7963 7963
7963 7963 7963
7963 7963 7963
7963 7963 7963
7963 7963 7963
7963 7963 7963
7963 7963 7963
7963 7963 7963
7963 7963 7963
16494 16504 16514 16524 16534 16544 16554 16564
16494 16504 16514 16524 16534 16544 16554 16564
16494 16504 16514 16524 16534 16544 16554 16564
16494 16504 16514 16524 16534 16544 16554 16564
16494 16504 16514 16524 16534 16544 16554 16564
16494 16504 16514 16524 16534 16544 16554 16564
16494 16504 16514 16524 16534 16544 16554 16564
16494 16504 16514 16524 16534 16544 16554 16564
16494 16504 16514 16524 16534 16544 16554 16564
16494 16504 16514 16524 16534 16544 16554 16564
16494 16504 16514 16524 16534 16544 16554 16564
16494 16504 16514 16524 16534 16544 16554 16564
16494 16504 16514 16524 16534 16544 16554 16564
16494 16504 16514 16524 16534 16544 16554 16564
16494 16504 16514 16524 16534 16544 16554 16564
16494 16504 16514 16524 16534 16544 16554 16564
16494 16504 16514 16524 16534 16544 16554 16564
16494 16504 16514 16524 16534 16544 16554 16564
16494 16504 16514 16524 16534 16544 16554 16564
16494 16504 16514 16524 16534 16544 16554 16564
16494 16504 16514 16524 16534 16544 16554 16564
16494 16504 16514 16524 16534 16544 16554 16564
16494 16504 16514 16524 16534 16544 16554 16564
16494 16504 16514 16524 16534 16544 16554 16564
16494 16504 16514 16524 16534 16544 16554 16564
16494 16504 16514 16524 16534 16544 16554 16564
16494 16504 16514 16524 16534 16544 16554 16564
16494 16504 16514 16524 16534 16544 16554 16564
16494 16504 16514 16524 16534 16544 16554 16564
16494 16504 16514 16524 16534 16544 16554 16564
16494 16504 16514 16524 16534 16544 16554 16564
16494 16504 16514 16524 16534 16544 16554 16564
16494 16504 16514 16524 16534 16544 16554 16564
16494 16504 16514 16524 16534 16544 16554 16564
16494 16504 16514 16524 16534 16544 16554 16564
16494 16504 16514 16524 16534 16544 16554 16564
16494 16504 16514 16524 16534 16544 16554 16564
16494 16504 16514 16524 16534 16544 16554 16564
16494 16504 16514 16524 16534 16544 16554 16564
16494 16504 16514 16524 16534 16544 16554 16564
16494 16504 16514 16524 16534 16544 16554 16564
16494 16504 16514 16524 16534 16544 16554 16564
16494 16504 16514 16524 16534 16544 16554 16564
16494 16504 16514 16524 16534 16544 16554 16564
16494 16504 16514 16524 16534 16544 16554 16564
16494 16504 16514 16524 16534 16544 16554 16564
16494 16504 16514 16524 16534 16544 16554 16564
16494 16504 16514 16524 16534 16544 16554 16564
16494 16504 16514 16524 16534 16544 16554 16564
16494 16504 16514 16524 16534 16544 16554 16564
16494 16504 16514 16524 16534 16544 16554 16564
16494 16584 16514 16524 16534 16544 16554 16564
16494 16574 16514 16524 16534 16544 16554 16564
16494 16504 16514 16594 16534 16544 16554 16564
16494 16504 16514 16524 16534 16544 16554 16564
16494 16604 16604 16604 16604 16544 16604 16564
16494 16604 16604 16604 16604 16544 16604 16564
16494 16604 16604 16604 16604 16544 16604 16564
16494 16604 16604 16604 16604 16544 16604 16564
16494 16614 16614 16614 16614 16544 16614 16564
16494 16614 16614 16614 16614 16544 16614 16564
16494 16604 16604 16604 16604 16544 16604 16564
16494 16604 16604 16604 16604 16544 16604 16564
16494 16624 16624 16624 16624 16544 16624 16564
16494 16624 16624 16624 16624 16544 16624 16564
16494 16604 16604 16604 16604 16544 16604 16564
16494 16604 16604 16604 16604 16544 16604 16564
16494 16634 16634 16634 16634 16544 16634 16564
16494 16634 16634 16634 16634 16544 16634 16564
16494 16504 16514 16524 16534 16544 16554 16564
16494 16504 16514 16524 16534 16544 16554 16564
16494 16644 16644 16644 16644 16644 16644 16644
16494 16654 16654 16654 16654 16654 16654 16654
16494 16654 16654 16654 16654 16654 16654 16654
16494 16504 16514 16524 16534 16544 16554 16564
16494 16504 16514 16524 16534 16544 16554 16564
16494 16504 16514 16524 16534 16544 16554 16564
16494 16504 16514 16524 16534 16544 16554 16564
16494 16504 16514 16524 16534 16544 16554 16564
16494 16504 16514 16524 16534 16544 16554 16564
16494 16504 16514 16524 16534 16544 16554 16564
16494 16504 16514 16524 16534 16544 16554 16564
16494 16504 16514 16524 16534 16544 16554 16564
16494 16504 16514 16524 16534 16544 16554 16564
16494 16504 16514 16524 16534 16544 16554 16564
16494 16504 16514 16524 16534 16544 16554 16564
16494 16504 16514 16524 16534 16544 16554 16564
16494 16504 16514 16524 16534 16544 16554 16564
16494 16504 16514 16524 16534 16544 16554 16564
16494 16504 16514 16524 16534 16544 16554 16564
16494 16504 16514 16524 16534 16544 16554 16564
