38771
38771
38771
38771
38771
38771
38771
38771
38771
38771
38771
38771
38771
38771
38771
38771
38771
38771
38771
38771
38771
38771
38771
38771
38771
38771
38771
38771
38771
38771
2382
2382
2382
2382
2382
2382
2382
2382
2382
2382
2382
2382
2382
2382
2382
2382
2382
2382
2382
2382
2382
2382
2382
2382
2382
2382
2382
2382
2382
2382
2382
2382
2382
2382
2382
2382
2382
2382
2382
2382
2382
2382
2382
2382
2382
2382
2382
2382
2382
2382
2693
2693
2693
2693
2693
2693
2693
2693
2693
2693
2693
2693
2693
2693
2693
2693
2693
2693
2693
2693
2693
2693
2693
2693
2693
2693
2693
2693
2693
2693
2693
2693
6054 6064 6074 6084 6094 6104 6114 6124
6054 6064 6074 6084 6094 6104 6114 6124
6054 6064 6074 6084 6094 6104 6114 6124
6054 6064 6074 6084 6094 6104 6114 6124
6054 6064 6074 6084 6094 6104 6114 6124
6054 6064 6074 6084 6094 6104 6114 6124
6054 6064 6074 6084 6094 6104 6114 6124
6054 6064 6074 6084 6094 6104 6114 6124
6054 6064 6074 6084 6094 6104 6114 6124
6054 6064 6074 6084 6094 6104 6114 6124
6054 6064 6074 6084 6094 6104 6114 6124
6054 6064 6074 6084 6094 6104 6114 6124
6054 6064 6074 6084 6094 6104 6114 6124
6054 6064 6074 6084 6094 6104 6114 6124
6054 6064 6074 6084 6094 6104 6114 6124
6054 6064 6074 6084 6094 6104 6114 6124
6054 6064 6074 6084 6094 6104 6114 6124
6054 6064 6074 6084 6094 6104 6114 6124
6054 6064 6074 6084 6094 6104 6114 6124
6054 6064 6074 6084 6094 6104 6114 6124
6054 6064 6074 6084 6094 6104 6114 6124
6054 6064 6074 6084 6094 6104 6114 6124
6054 6064 6074 6084 6094 6104 6114 6124
6054 6064 6074 6084 6094 6104 6114 6124
6054 6064 6074 6084 6094 6104 6114 6124
6054 6064 6074 6084 6094 6104 6114 6124
6054 6064 6074 6084 6094 6104 6114 6124
6054 6064 6074 6084 6094 6104 6114 6124
6054 6064 6074 6084 6094 6104 6114 6124
6054 6064 6074 6084 6094 6104 6114 6124
6054 6064 6074 6084 6094 6104 6114 6124
6054 6064 6074 6084 6094 6104 6114 6124
6054 6064 6074 6084 6094 6104 6114 6124
6054 6064 6074 6084 6094 6104 6114 6124
6054 6064 6074 6084 6094 6104 6114 6124
6054 6064 6074 6084 6094 6104 6114 6124
6054 6064 6074 6084 6094 6104 6114 6124
6054 6064 6074 6084 6094 6104 6114 6124
6054 6064 6074 6084 6094 6104 6114 6124
6054 6064 6074 6084 6094 6104 6114 6124
6054 6064 6074 6084 6094 6104 6114 6124
6054 6064 6074 6084 6094 6104 6114 6124
6054 6064 6074 6084 6094 6104 6114 6124
6054 6064 6074 6084 6094 6104 6114 6124
6054 6064 6074 6084 6094 6104 6114 6124
6054 6064 6074 6084 6094 6104 6114 6124
6054 6064 6074 6084 6094 6104 6114 6124
6054 6064 6074 6084 6094 6104 6114 6124
6054 6064 6074 6084 6094 6104 6114 6124
6054 6064 6074 6084 6094 6104 6114 6124
6054 6064 6074 6084 6094 6104 6114 6124
6054 6064 6074 6084 6094 6104 6114 6124
6054 6064 6074 6084 6094 6104 6114 6124
6054 6064 6074 6084 6094 6104 6114 6124
6054 6064 6074 6084 6094 6104 6114 6124
6054 6064 6074 6084 6094 6104 6114 6124
6054 6064 6074 6084 6094 6104 6114 6124
6054 6064 6074 6084 6094 6104 6114 6124
6054 6064 6074 6084 6094 6104 6114 6124
6054 6064 6074 6084 6094 6104 6114 6124
6054 6064 6074 6084 6094 6104 6114 6124
6054 6064 6074 6084 6094 6104 6114 6124
6054 6064 6074 6084 6094 6104 6114 6124
6054 6064 6074 6084 6094 6104 6114 6124
6054 6064 6074 6084 6094 6104 6114 6124
6054 6064 6074 6084 6094 6104 6114 6124
6054 6064 6074 6084 6094 6104 6114 6124
6054 6064 6074 6084 6094 6104 6114 6124
6054 6064 6074 6084 6094 6104 6114 6124
6054 6064 6074 6084 6094 6104 6114 6124
6054 6064 6074 6084 6094 6104 6114 6124
6054 6064 6074 6084 6094 6104 6114 6124
6054 6064 6074 6084 6094 6104 6114 6124
6054 6064 6074 6084 6094 6104 6114 6124
6054 6064 6074 6084 6094 6104 6114 6124
6054 6064 6074 6084 6094 6104 6114 6124
6054 6064 6074 6084 6094 6104 6114 6124
6054 6064 6074 6084 6094 6104 6114 6124
6054 6064 6074 6084 6094 6104 6114 6124
6054 6064 6074 6084 6094 6104 6114 6124
6054 6064 6074 6084 6094 6104 6114 6124
6054 6064 6074 6084 6094 6104 6114 6124
6054 6064 6074 6084 6094 6104 6114 6124
6054 6064 6074 6084 6094 6104 6114 6124
6054 6064 6074 6084 6094 6104 6114 6124
6054 6064 6074 6084 6094 6104 6114 6124
6054 6064 6074 6084 6094 6104 6114 6124
6054 6064 6074 6084 6094 6104 6114 6124
6054 6064 6074 6084 6094 6104 6114 6124
6054 6064 6074 6084 6094 6104 6114 6124
6054 6064 6074 6084 6094 6104 6114 6124
