90 90 90 90 90 90 30 90 90
90 90 90 90 90 90 30 35 90
90 90 90 90 90 90 35 90 70
35 25 90 90 90 90 40 90 90
90 90 90 90 90 90 50 90 90
90 90 40 90 90 90 40 90 90
90 20 90 20 90 90 20 90 20
90 30 30 90 90 90 20 90 90
40 90 90 90 90 90 40 90 90
90 90 90 90 90 90 20 10 10
5 20 90 90 90 90 20 30 30
5 30 20 90 90 90 20 30 30
40 40 40 30 30 30 90 40 40
15 15 15 25 25 25 90 20 20
70 70 70 70 70 70 90 70 70
50 50 50 90 90 90 90 90 90
70 70 70 50 50 50 90 45 45
55 55 55 60 60 60 90 55 55
40 40 40 70 70 70 90 65 65
50 50 50 15 15 15 15 15 15
35 35 35 35 35 35 35 35 35
