84571
84571
84571
84571
84571
84571
84571
84571
84571
84571
84571
84571
84571
84571
84571
84571
84571
84571
84571
84571
84571
84571
84571
84571
84571
84571
84571
84571
84571
84571
11442 11452 11462 11472 11482
11442 11452 11462 11472 11482
11442 11452 11462 11472 11482
11442 11452 11462 11472 11482
11442 11452 11462 11472 11482
11442 11452 11462 11472 11482
11442 11452 11462 11472 11482
11442 11452 11462 11472 11482
11442 11452 11462 11472 11482
11442 11452 11462 11472 11482
11442 11452 11462 11472 11482
11442 11452 11462 11472 11482
11442 11452 11462 11472 11482
11442 11452 11462 11472 11482
11442 11452 11462 11472 11482
33642 33642 11462 33642 11482
33642 33642 11462 33642 11482
33642 33642 11462 33642 11482
11442 11452 11462 11472 11482
11442 11452 11462 11472 11482
11442 11452 11462 11472 11482
11442 11452 11462 11472 11482
11442 11452 11462 11472 11482
11442 11452 11462 11472 11482
11442 11452 11462 11472 11482
11442 11452 11462 11472 11482
11442 11452 11462 11472 11482
11442 11452 11462 11472 11482
11442 11452 11462 11472 11482
11442 11452 11462 11472 11482
11442 11452 11462 11472 11482
11442 11452 11462 11472 11482
11442 11452 11462 11472 11482
11442 11452 11462 11472 11482
11442 11452 11462 11472 11482
11442 11452 11462 11472 11482
11442 11452 11462 11472 11482
11442 11452 11462 11472 11482
11442 11452 11462 11472 11482
11442 11452 11462 11472 11482
11442 11452 11462 11472 11482
11442 11452 11462 11472 11482
11442 11452 11462 11472 11482
11442 11452 11462 11472 11482
11442 11452 11462 11472 11482
11442 11452 11462 11472 11482
11442 11452 11462 11472 11482
11492 11492 11492 11492 11492
11442 11452 11462 11472 11482
11502 11502 11502 11502 11502
11512 11512 11512 11512 11512
11522 11522 11522 11522 11522
11522 11522 11522 11522 11522
11522 11522 11522 11522 11522
11442 11452 11462 11472 11482
11442 11452 11462 11472 11482
11442 11452 11462 11472 11482
11532 11532 11532 11532 11532
11442 11452 11462 11472 11482
11442 11452 11462 11472 11482
11442 11452 33652 11472 11482
11442 11452 33652 11472 11482
11442 11452 33652 11472 11482
11442 11452 11462 11472 11482
11442 11452 11462 11472 11482
11442 11452 11462 11472 11482
62543 62593 62603 62613
62543 62593 62603 62613
62543 62593 62603 62613
62543 62593 62603 62613
62543 62593 62603 62613
62543 62593 62603 62613
62543 62593 62603 62613
62543 62593 62603 62613
62543 62593 62603 62613
62543 62593 62603 62613
62543 62593 62603 62613
62543 62593 62603 62613
62543 62593 62603 62613
62543 62593 62603 62613
62543 62593 62603 62613
62543 62593 62603 62613
62543 62593 62603 62613
62543 62593 62603 62613
62543 62593 62603 62613
62543 62593 62603 62613
62543 62593 62603 62613
62543 62593 62603 62613
62543 62593 62603 62613
62543 62593 62603 62613
62543 62593 62603 62613
62543 62593 62603 62613
62543 62593 62603 62613
62543 62593 62603 62613
62543 62593 62603 62613
62543 62593 62603 62613
62543 62593 62603 62613
62543 62593 62603 62613
62543 62593 62603 62613
62543 62593 62603 62613
62543 62593 62603 62613
62543 62593 62603 62613
62543 62593 62603 62613
62543 62593 62603 62613
62553 62553 62553 62553
62563 62563 62563 62563
62543 62593 62603 62613
62573 62573 62573 62573
62573 62573 62573 62573
62543 62593 62603 62613
62543 62593 62603 62613
62583 62583 62583 62583
62543 62593 62603 62613
62543 62593 62603 62613
62543 62593 62603 62613
62543 62593 62603 62613
