38731
38731
38731
38731
38731
38731
38731
38731
38731
38731
38731
38731
38731
38731
38731
38731
38731
38731
38731
38731
38731
38731
38731
38731
38731
38731
38731
38731
38731
38731
3242 3232 3252 3262 3272 3282
3242 3232 3252 3262 3272 3282
3242 3232 3252 3262 3272 3282
3242 3232 3252 3262 3272 3282
3242 3232 3252 3262 3272 3282
3242 3232 3252 3262 3272 3282
3242 3232 3252 3262 3272 3282
3242 3232 3252 3262 3272 3282
3242 3232 3252 3262 3272 3282
3242 3232 3252 3262 3272 3282
3242 3232 3252 3262 3272 3282
3242 3232 3252 3262 3272 3282
3242 3232 3252 3262 3272 3282
3242 3232 3252 3262 3272 3282
3242 3232 3252 3262 3272 3282
3242 3232 3252 3262 3272 3282
3242 3232 3252 3262 3272 3282
3242 3232 3252 3262 3272 3282
3242 3232 3252 3262 3272 3282
3242 3232 3252 3262 3272 3282
3242 3232 3252 3262 3272 3282
3242 3232 3252 3262 3272 3282
3242 3232 3252 3262 3272 3282
3242 3232 3252 3262 3272 3282
3242 3232 3252 3262 3272 3282
3242 3232 3252 3262 3272 3282
3242 3232 3252 3262 3272 3282
3242 3232 3252 3262 3272 3282
3242 3232 3252 3262 3272 3282
3242 3232 3252 3262 3272 3282
3242 3232 3252 3262 3272 3282
3242 3232 3252 3262 3272 3282
3242 3232 3252 3262 3272 3282
3242 3232 3252 3262 3272 3282
3242 3232 3252 3262 3272 3282
3242 3232 3252 3262 3272 3282
3242 3232 3252 3262 3272 3282
3242 3232 3252 3262 3272 3282
3242 3232 3252 3262 3272 3282
3242 3232 3252 3262 3272 3282
3242 3232 3252 3262 3272 3282
3242 3232 3252 3262 3272 3282
3242 3232 3252 3262 3272 3282
3242 3232 3252 3262 3272 3282
3242 3232 3252 3262 3272 3282
3242 3232 3252 3262 3272 3282
3242 3232 3252 3262 3272 3282
3242 3232 3252 3262 3272 3282
3242 3232 3252 3262 3272 3282
3242 3232 3252 3262 3272 3282
3242 3232 3252 3262 3272 3282
3242 3232 3252 3262 3272 3282
3242 3232 3252 3262 3272 3282
3242 3232 3252 3262 3272 3282
3242 3232 3252 3262 3272 3282
3242 3232 3252 3262 3272 3282
3242 3232 3252 3262 3272 3282
3242 3232 3252 3262 3272 3282
3242 3232 3252 3262 3272 3282
3242 3232 3252 3262 3272 3282
3242 3232 3252 3262 3272 3282
3242 3232 3252 3262 3272 3282
3242 3232 3252 3262 3272 3282
3242 3232 3252 3262 3272 3282
3242 3232 3252 3262 3272 3282
3242 3232 3252 3262 3272 3282
29853
29853
29853
29853
29853
29853
29853
29853
29853
29853
29853
29853
29853
29853
29853
29853
29853
29853
29853
29853
29853
29853
29853
29853
29853
29853
29853
29853
29853
29853
29853
29853
29853
29853
29853
29853
29853
29853
29853
29853
29853
29853
29853
29853
29853
29853
29853
29853
29853
29853
