84571
84571
84571
84571
84571
84571
84571
84571
84571
84571
84571
84571
84571
84571
84571
84571
84571
84571
84571
84571
84571
84571
84571
84571
84571
84571
84571
84571
84571
84571
5792 5842 5852 5862
5792 5842 5852 5862
5792 5842 5852 5862
5792 5842 5852 5862
5792 5842 5852 5862
5792 5842 5852 5862
5792 5842 5852 5862
5792 5842 5852 5862
5792 5842 5852 5862
5792 5842 5852 5862
5792 5842 5852 5862
5792 5842 5852 5862
5792 5842 5852 5862
5792 5842 5852 5862
5792 5842 5852 5862
5792 5842 5852 5862
5792 5842 5852 5862
5792 5842 5852 5862
5792 5842 5852 5862
5792 5842 5852 5862
5792 5842 5852 5862
5792 5842 5852 5862
5792 5842 5852 5862
5792 5842 5852 5862
5792 5842 5852 5862
5792 5842 5852 5862
5792 5842 5852 5862
5792 5842 5852 5862
5792 5842 5852 5862
5792 5842 5852 5862
5792 5842 5852 5862
5792 5842 5852 5862
5792 5842 5852 5862
5792 5842 5852 5862
5792 5842 5852 5862
5792 5842 5852 5862
5792 5842 5852 5862
5792 5842 5852 5862
5802 5802 5802 5802
5812 5812 5812 5812
5792 5842 5852 5862
5822 5822 5822 5822
5822 5822 5822 5822
5792 5842 5852 5862
5792 5842 5852 5862
5832 5832 5832 5832
5792 5842 5852 5862
5792 5842 5852 5862
5792 5842 5852 5862
5792 5842 5852 5862
13343 13363 13373 13383 13393
13343 13363 13373 13383 13393
13343 13363 13373 13383 13393
13343 13363 13373 13383 13393
13343 13363 13373 13383 13393
13343 13363 13373 13383 13393
13343 13363 13373 13383 13393
13343 13363 13373 13383 13393
13343 13363 13373 13383 13393
13343 13363 13373 13383 13393
13343 13363 13373 13383 13393
13343 13363 13373 13383 13393
13343 13363 13373 13383 13393
13343 13363 13373 13383 13393
13343 13363 13373 13383 13393
13343 13363 13373 13383 34023
13343 13363 13373 13383 34023
13343 13363 13373 13383 34023
13343 13363 13373 13383 13393
13343 13363 13373 13383 13393
13343 13363 13373 13383 13393
13343 13363 13373 13383 13393
13343 13363 13373 13383 13393
13343 13363 13373 13383 13393
13343 13363 13373 13383 13393
13343 13363 13373 13383 13393
13343 13363 13373 13383 13393
13343 13363 13373 13383 13393
13343 13363 13373 13383 13393
13343 13363 13373 13383 13393
13343 13363 13373 13383 13393
13343 13363 13373 13383 13393
13343 13363 13373 13383 13393
13343 13363 13373 13383 13393
13343 13363 13373 13383 13393
13343 13363 13373 13383 13393
13343 13363 13373 13383 13393
13343 13363 13373 13383 13393
13343 13363 13373 13383 13393
13343 13363 13373 13383 13393
13343 13363 13373 13383 13393
13343 13363 13373 13383 13393
13343 13363 13373 13383 13393
13343 13363 13373 13383 13393
13343 13363 13373 13383 13393
13343 13363 13373 13383 13393
13343 13363 13373 13383 13393
13353 13353 13353 13383 13393
13343 13363 13373 13383 13393
13343 13363 13373 13383 13393
13343 13363 13373 13383 13393
13343 13363 13373 13383 13393
13343 13363 13373 13383 13393
13343 13363 13373 13383 13393
13343 13363 13373 13383 13393
13343 13363 13373 13383 13393
13343 13423 13373 13383 13393
13343 13363 13373 13383 13393
13343 13363 13373 13383 13393
13433 13433 13433 13383 13393
13343 13363 13373 13383 13393
13343 13363 13373 13383 13393
28303 28303 28303 13383 13393
28293 28293 28293 28293 28293
28293 28293 28293 28293 28293
28293 28293 28293 28293 28293
13343 13363 13373 13383 13393
64284
64284
64284
64284
64284
64284
64284
64284
64284
64284
64284
64284
64284
64284
64284
64284
64284
64284
64284
64284
64284
64284
64284
64284
64284
64284
64284
64284
64284
64284
64284
64284
64284
64284
64284
64284
64284
64284
64284
64294
64294
64284
64284
64284
