38731
38731
38731
38731
38731
38731
38731
38731
38731
38731
38731
38731
38731
38731
38731
38731
38731
38731
38731
38731
38731
38731
38731
38731
38731
38731
38731
38731
38731
38731
2272
2272
2272
2272
2272
2272
2272
2272
2272
2272
2272
2272
2272
2272
2272
2272
2272
2272
2272
2272
2272
2272
2272
2272
2272
2272
2272
2272
2272
2272
2272
2272
2272
2272
2272
2272
2272
2272
2272
2272
2272
2272
2272
2272
2272
2272
2272
2272
2272
2272
4373 4383 4393 4403 4423 4413
4373 4383 4393 4403 4423 4413
4373 4383 4393 4403 4423 4413
4373 4383 4393 4403 4423 4413
4373 4383 4393 4403 4423 4413
4373 4383 4393 4403 4423 4413
4373 4383 4393 4403 4423 4413
4373 4383 4393 4403 4423 4413
4373 4383 4393 4403 4423 4413
4373 4383 4393 4403 4423 4413
4373 4383 4393 4403 4423 4413
4373 4383 4393 4403 4423 4413
4373 4383 4393 4403 4423 4413
4373 4383 4393 4403 4423 4413
4373 4383 4393 4403 4423 4413
4373 4383 4393 4403 4423 4413
4373 4383 4393 4403 4423 4413
4373 4383 4393 4403 4423 4413
4373 4383 4393 4403 4423 4413
4373 4383 4393 4403 4423 4413
4373 4383 4393 4403 4423 4413
4373 4383 4393 4403 4423 4413
4373 4383 4393 4403 4423 4413
4373 4383 4393 4403 4423 4413
4373 4383 4393 4403 4423 4413
4373 4383 4393 4403 4423 4413
4373 4383 4393 4403 4423 4413
4373 4383 4393 4403 4423 4413
4373 4383 4393 4403 4423 4413
4373 4383 4393 4403 4423 4413
4373 4383 4393 4403 4423 4413
4373 4383 4393 4403 4423 4413
4373 4383 4393 4403 4423 4413
4373 4383 4393 4403 4423 4413
4373 4383 4393 4403 4423 4413
4373 4383 4393 4403 4423 4413
4373 4383 4393 4403 4423 4413
4373 4383 4393 4403 4423 4413
4373 4383 4393 4403 4423 4413
4373 4383 4393 4403 4423 4413
4373 4383 4393 4403 4423 4413
4373 4383 4393 4403 4423 4413
4373 4383 4393 4403 4423 4413
4373 4383 4393 4403 4423 4413
4373 4383 4393 4403 4423 4413
4373 4383 4393 4403 4423 4413
4373 4383 4393 4403 4423 4413
4373 4383 4393 4403 4423 4413
4373 4383 4393 4403 4423 4413
4373 4383 4393 4403 4423 4413
4373 4383 4393 4403 4423 4413
4373 4383 4393 4403 4423 4413
4373 4383 4393 4403 4423 4413
4373 4383 4393 4403 4423 4413
4373 4383 4393 4403 4423 4413
4373 4383 4393 4403 4423 4413
4373 4383 4393 4403 4423 4413
4373 4383 4393 4403 4423 4413
4373 4383 4393 4403 4423 4413
4373 4383 4393 4403 4423 4413
4373 4383 4393 4403 4423 4413
4373 4383 4393 4403 4423 4413
4373 4383 4393 4403 4423 4413
4373 4383 4393 4403 4423 4413
4373 4383 4393 4403 4423 4413
4373 4383 4393 4403 4423 4413
4373 4383 4393 4403 4423 4413
30664
30664
30664
30664
30664
30664
30664
30664
30664
30664
30664
30664
30664
30664
30664
30664
30664
30664
30664
30664
30664
30664
30664
30664
30664
30664
30664
30664
30664
30664
30664
30664
30664
30664
30664
30664
30664
30664
30664
30664
30664
30664
30664
30664
