84621
84621
84621
84621
84621
84621
84621
84621
84621
84621
84621
84621
84621
84621
84621
84621
84621
84621
84621
84621
84621
84621
84621
84621
84621
84621
84621
84621
84621
84621
51012 51022 51032 51042 51052 51062 51072 51082
51012 51022 51032 51042 51052 51062 51072 51082
51012 51022 51032 51042 51052 51062 51072 51082
51012 51022 51032 51042 51052 51062 51072 51082
51012 51022 51032 51042 51052 51062 51072 51082
51012 51022 51032 51042 51052 51062 51072 51082
51012 51022 51032 51042 51052 51062 51072 51082
51012 51022 51032 51042 51052 51062 51072 51082
51012 51022 51032 51042 51052 51062 51072 51082
51012 51022 51032 51042 51052 51062 51072 51082
51012 51022 51032 51042 51052 51062 51072 51082
51012 51022 51032 51042 51052 51062 51072 51082
51012 51022 51032 51042 51052 51062 51072 51082
51012 51022 51032 51042 51052 51062 51072 51082
51012 51022 51032 51042 51052 51062 51072 51082
51012 51022 51032 51042 51052 51062 51072 51082
51012 51022 51032 51042 51052 51062 51072 51082
51012 51022 51032 51042 51052 51062 51072 51082
51012 51022 51032 51042 51052 51062 51072 51082
51012 51022 51032 51042 51052 51062 51072 51082
51012 51022 51032 51042 51052 51062 51072 51082
51012 51022 51032 51042 51052 51062 51072 51082
51012 51022 51032 51042 51052 51062 51072 51082
51012 51022 51032 51042 51052 51062 51072 51082
51012 51022 51032 51042 51052 51062 51072 51082
51012 51022 51032 51042 51052 51062 51072 51082
51012 51022 51032 51042 51052 51062 51072 51082
51012 51022 51032 51042 51052 51062 51072 51082
51012 51022 51032 51042 51052 51062 51072 51082
51012 51022 51032 51042 51052 51062 51072 51082
51012 51022 51032 51042 51052 51062 51072 51082
51012 51022 51032 51042 51052 51062 51072 51082
51012 51022 51032 51042 51052 51062 51072 51082
51012 51022 51032 51042 51052 51062 51072 51082
51012 51022 51032 51042 51052 51062 51072 51082
51012 51022 51032 51042 51052 51062 51072 51082
51012 51022 51032 51042 51052 51062 51072 51082
51012 51022 51032 51042 51052 51062 51072 51082
51012 51022 51032 51042 51052 51062 51072 51082
51012 51022 51032 51042 51052 51062 51072 51082
51012 51022 51032 51042 51052 51062 51072 51082
51012 51022 51032 51042 51052 51062 51072 51082
51012 51022 51032 51042 51052 51062 51072 51082
51012 51022 51032 51042 51052 51062 51072 51082
51012 51022 51032 51042 51052 51062 51072 51082
51012 51022 51032 51042 51052 51062 51072 51082
51012 51022 51032 51042 51052 51062 51072 51082
51012 51022 51032 51042 51052 51062 51072 51082
51012 51022 51032 51042 51052 51062 51072 51082
51012 51022 51032 51042 51052 51062 51072 51082
51012 51022 51032 51042 51052 51062 51072 51082
51012 51022 51032 51042 51052 51062 51072 51082
51012 51022 51032 51042 51052 51062 51072 51082
51012 51022 51032 51042 51052 51062 51072 51082
51012 51092 51092 51042 51052 51062 51072 51092
51012 51092 51092 51042 51052 51062 51072 51092
51012 51142 51142 51142 51142 51062 51072 51082
51012 51142 51142 51142 51142 51062 51072 51082
51012 51022 51032 51042 51052 51062 51072 51082
51012 51102 51102 51102 51102 51102 51102 51082
51012 51102 51102 51102 51102 51102 51102 51082
51012 51022 51032 51042 51052 51062 51072 51082
51012 51112 51112 51112 51112 51112 51112 51082
51012 51102 51102 51102 51102 51102 51102 51082
51012 51102 51102 51102 51102 51102 51102 51082
51012 51022 51032 51042 51052 51062 51072 51082
51012 51112 51112 51112 51112 51112 51112 51082
51012 51102 51102 51102 51102 51102 51102 51082
51012 51122 51122 51122 51122 51122 51122 51082
51012 51022 51032 51042 51052 51062 51072 51082
51012 51102 51102 51102 51102 51102 51102 51082
51012 51122 51122 51122 51122 51122 51122 51082
51012 51102 51102 51102 51102 51102 51102 51082
51012 51102 51102 51102 51102 51102 51102 51082
51012 51022 51032 51042 51052 51062 51072 51082
51012 51022 51032 51042 51052 51062 51072 51082
51012 51022 51032 51042 51052 51062 51072 51082
51012 51022 51032 51042 51052 51062 51072 51082
51012 51022 51032 51042 51052 51062 51072 51082
51012 51022 51032 51042 51052 51062 51072 51082
51012 51022 51032 51042 51052 51062 51072 51082
51012 51022 51032 51042 51052 51062 51072 51082
51012 51022 51032 51042 51052 51062 51072 51082
51012 51022 51032 51042 51052 51062 51072 51082
51012 51022 51032 51042 51052 51062 51072 51082
51012 51022 51032 51042 51052 51062 51072 51082
51012 51022 51032 51042 51052 51062 51072 51082
51012 51022 51032 51042 51052 51062 51072 51082
51012 51022 51032 51042 51052 51062 51072 51082
51012 51022 51032 51042 51052 51062 51072 51082
51012 51022 51032 51042 51052 51062 51072 51082
51012 51022 51032 51042 51052 51062 51072 51082
51012 51142 51142 51142 51142 51062 51072 51082
51012 51142 51142 51142 51142 51062 51072 51082
51012 51142 51142 51142 51142 51062 51072 51082
51012 51022 51032 51042 51052 51062 51072 51082
51012 51022 51032 51042 51052 51132 51072 51132
51012 51022 51032 51042 51052 51062 51072 51082
51012 51142 51142 51142 51142 51062 51072 51082
51012 51142 51142 51142 51142 51062 51072 51082
51012 51142 51142 51142 51142 51062 51072 51082
51012 51142 51142 51142 51142 51062 51072 51082
51012 51142 51142 51142 51142 51062 51072 51082
51012 51142 51142 51142 51142 51062 51072 51082
51012 51022 51032 51042 51052 51062 51072 51082
69033 69043 69053 69063 69073 69083 69093 69103 69113 69123
69033 69043 69053 69063 69073 69083 69093 69103 69113 69123
69033 69043 69053 69063 69073 69083 69093 69103 69113 69123
69033 69043 69053 69063 69073 69083 69093 69103 69113 69123
69033 69043 69053 69063 69073 69083 69093 69103 69113 69123
69033 69043 69053 69063 69073 69083 69093 69103 69113 69123
69033 69043 69053 69063 69073 69083 69093 69103 69113 69123
69033 69043 69053 69063 69073 69083 69093 69103 69113 69123
69033 69043 69053 69063 69073 69083 69093 69103 69113 69123
69033 69043 69053 69063 69073 69083 69093 69103 69113 69123
69033 69043 69053 69063 69073 69083 69093 69103 69113 69123
69033 69043 69053 69063 69073 69083 69093 69103 69113 69123
69033 69043 69053 69063 69073 69083 69093 69103 69113 69123
69033 69043 69053 69063 69073 69083 69093 69103 69113 69123
69033 69043 69053 69063 69073 69083 69093 69103 69113 69123
69033 69043 69053 69063 69073 69083 69093 69103 69113 69123
69033 69043 69053 69213 69213 69083 69093 69213 69213 69123
69033 69043 69053 69063 69073 69083 69093 69103 69113 69123
69033 69043 69053 69063 69073 69083 69093 69103 69113 69123
69033 69043 69053 69063 69073 69083 69093 69103 69113 69123
69033 69043 69053 69063 69073 69083 69093 69103 69113 69123
69033 69043 69053 69063 69073 69083 69093 69103 69113 69123
69033 69043 69053 69063 69073 69083 69093 69103 69113 69123
69033 69043 69053 69063 69073 69083 69093 69103 69113 69123
69033 69043 69053 69063 69073 69083 69093 69103 69113 69123
69033 69043 69053 69063 69073 69083 69093 69103 69113 69123
69033 69043 69053 69063 69073 69083 69093 69103 69113 69123
69033 69043 69053 69063 69073 69083 69093 69103 69113 69123
69033 69043 69053 69063 69073 69083 69093 69103 69113 69123
69033 69043 69053 69063 69073 69083 69093 69103 69113 69123
69033 69043 69053 69063 69073 69083 69093 69103 69113 69123
69033 69043 69053 69063 69073 69083 69093 69103 69113 69123
69033 69043 69053 69063 69073 69083 69093 69103 69113 69123
69033 69043 69053 69063 69073 69083 69093 69103 69113 69123
69033 69043 69053 69063 69073 69083 69093 69103 69113 69123
69033 69043 69053 69063 69073 69083 69093 69103 69113 69123
69033 69043 69053 69063 69073 69083 69093 69103 69113 69123
69033 69043 69053 69063 69073 69083 69093 69103 69113 69123
69033 69043 69053 69063 69073 69083 69093 69103 69113 69123
69033 69043 69053 69063 69073 69083 69093 69103 69113 69123
69033 69043 69053 69063 69073 69083 69093 69103 69113 69123
69033 69043 69053 69063 69073 69083 69093 69103 69113 69123
69033 69043 69053 69063 69073 69083 69093 69103 69113 69123
69033 69043 69053 69063 69073 69083 69093 69103 69113 69123
69033 69043 69053 69133 69073 69083 69093 69103 69133 69123
69033 69043 69053 69063 69143 69143 69093 69103 69143 69123
69033 69043 69053 69063 69153 69083 69093 69103 69153 69123
69033 69043 69053 69063 69073 69083 69093 69103 69113 69123
69033 69043 69053 69163 69163 69163 69093 69163 69163 69123
69033 69043 69053 69063 69073 69083 69093 69103 69113 69123
69033 69173 69173 69173 69173 69173 69173 69173 69173 69123
69033 69173 69173 69173 69173 69173 69173 69173 69173 69123
69033 69043 69053 69063 69073 69083 69093 69103 69113 69123
69033 69043 69053 69183 69183 69083 69093 69103 69183 69123
69033 69043 69053 69063 69073 69083 69093 69103 69113 69123
69033 69043 69053 69063 69073 69083 69093 69103 69113 69123
69033 69043 69053 69063 69073 69083 69093 69103 69113 69123
69033 69043 69053 69063 69073 69083 69093 69103 69113 69123
69033 69043 69053 69063 69073 69083 69093 69103 69113 69123
69033 69043 69053 69063 69073 69083 69093 69103 69113 69123
69033 69043 69053 69063 69073 69083 69093 69103 69113 69123
69033 69043 69053 69063 69073 69083 69093 69103 69113 69123
69033 69043 69053 69063 69073 69083 69093 69103 69113 69123
69033 69043 69053 69193 69193 69083 69093 69103 69193 69123
69033 69043 69053 69203 69203 69203 69093 69203 69203 69123
69033 69043 69053 69203 69203 69203 69093 69203 69203 69123
69033 69043 69053 69203 69203 69203 69093 69203 69203 69123
69033 69043 69053 69063 69073 69083 69093 69103 69113 69123
