38781
38781
38781
38781
38781
38781
38781
38781
38781
38781
38781
38781
38781
38781
38781
38781
38781
38781
38781
38781
38781
38781
38781
38781
38781
38781
38781
38781
38781
38781
24382 24392 24402 24412 24422 24432 24442
24382 24392 24402 24412 24422 24432 24442
24382 24392 24402 24412 24422 24432 24442
24382 24392 24402 24412 24422 24432 24442
24382 24392 24402 24412 24422 24432 24442
24382 24392 24402 24412 24422 24432 24442
24382 24392 24402 24412 24422 24432 24442
24382 24392 24402 24412 24422 24432 24442
24382 24392 24402 24412 24422 24432 24442
24382 24392 24402 24412 24422 24432 24442
24382 24392 24402 24412 24422 24432 24442
24382 24392 24402 24412 24422 24432 24442
24382 24392 24402 24412 24422 24432 24442
24382 24392 24402 24412 24422 24432 24442
24382 24392 24402 24412 24422 24432 24442
24382 24392 24402 24412 24422 24432 24442
24382 24392 24402 24412 24422 24432 24442
24382 24392 24402 24412 24422 24432 24442
24382 24392 24402 24412 24422 24432 24442
24382 24392 24402 24412 24422 24432 24442
24382 24392 24402 24412 24422 24432 24442
24382 24392 24402 24412 24422 24432 24442
24382 24392 24402 24412 24422 24432 24442
24382 24392 24402 24412 24422 24432 24442
24382 24392 24402 24412 24422 24432 24442
24382 24392 24402 24412 24422 24432 24442
24382 24392 24402 24412 24422 24432 24442
24382 24392 24402 24412 24422 24432 24442
24382 24392 24402 24412 24422 24432 24442
24382 24392 24402 24412 24422 24432 24442
24382 24392 24402 24412 24422 24432 24442
24382 24392 24402 24412 24422 24432 24442
24382 24392 24402 24412 24422 24432 24442
24382 24392 24402 24412 24422 24432 24442
24382 24392 24402 24412 24422 24432 24442
24382 24392 24402 24412 24422 24432 24442
24382 24392 24402 24412 24422 24432 24442
24382 24392 24402 24412 24422 24432 24442
24382 24392 24402 24412 24422 24432 24442
24382 24392 24402 24412 24422 24432 24442
24382 24392 24402 24412 24422 24432 24442
24382 24392 24402 24412 24422 24432 24442
24382 24392 24402 24412 24422 24432 24442
24382 24392 24402 24412 24422 24432 24442
24382 24392 24402 24412 24422 24432 24442
24382 24392 24402 24412 24422 24432 24442
24382 24392 24402 24412 24422 24432 24442
24382 24392 24402 24412 24422 24432 24442
24382 24392 24402 24412 24422 24432 24442
24382 24392 24402 24412 24422 24432 24442
24382 24392 24402 24412 24422 24432 24442
24382 24392 24402 24412 24422 24432 24442
24382 24392 24402 24412 24422 24432 24442
24382 24392 24402 24412 24422 24432 24442
24382 24392 24402 24412 24422 24432 24442
24382 24392 24402 24412 24422 24432 24442
24382 24392 24402 24412 24422 24432 24442
24382 24392 24402 24412 24422 24432 24442
24382 24392 24402 24412 24422 24432 24442
24382 24392 24402 24412 24422 24432 24442
24382 24392 24402 24412 24422 24432 24442
24382 24392 24402 24412 24422 24432 24442
24382 24392 24402 24412 24422 24432 24442
24382 24392 24402 24412 24422 24432 24442
24382 24392 24402 24412 24422 24432 24442
24382 24392 24402 24412 24422 24432 24442
24382 24392 24402 24412 24422 24432 24442
24382 24392 24402 24412 24422 24432 24442
24382 24392 24402 24412 24422 24432 24442
24382 24392 24402 24412 24422 24432 24442
24382 24392 24402 24412 24422 24432 24442
24382 24392 24402 24412 24422 24432 24442
24382 24392 24402 24412 24422 24432 24442
24382 24392 24402 24412 24422 24432 24442
24382 24392 24402 24412 24422 24432 24442
24382 24392 24402 24412 24422 24432 24442
24382 24392 24402 24412 24422 24432 24442
24382 24392 24402 24412 24422 24432 24442
24382 24392 24402 24412 24422 24432 24442
24382 24392 24402 24412 24422 24432 24442
24382 24392 24402 24412 24422 24432 24442
24382 24392 24402 24412 24422 24432 24442
24382 24392 24402 24412 24422 24432 24442
24382 24392 24402 24412 24422 24432 24442
24382 24392 24402 24412 24422 24432 24442
24382 24392 24402 24412 24422 24432 24442
24382 24392 24402 24412 24422 24432 24442
24382 24392 24402 24412 24422 24432 24442
24382 24392 24402 24412 24422 24432 24442
24382 24392 24402 24412 24422 24432 24442
24382 24392 24402 24412 24422 24432 24442
24382 24392 24402 24412 24422 24432 24442
24382 24392 24402 24412 24422 24432 24442
24382 24392 24402 24412 24422 24432 24442
24382 24392 24402 24412 24422 24432 24442
24382 24452 24452 24452 24452 24452 24462
24382 24452 24452 24452 24452 24452 24462
24382 24452 24452 24452 24452 24452 24462
24382 24392 24402 24412 24422 24432 24442
24382 24392 24402 24412 24422 24432 24442
24382 24392 24402 24412 24422 24432 24442
24382 24392 24402 24412 24422 24432 24442
24382 24392 24402 24412 24422 24432 24442
24382 24392 24402 24412 24422 24432 24442
24382 24392 24402 24412 24422 24432 24442
32403 32413 32423 32433 32443 32453 32463 32473 32483
32403 32413 32423 32433 32443 32453 32463 32473 32483
32403 32413 32423 32433 32443 32453 32463 32473 32483
32403 32413 32423 32433 32443 32453 32463 32473 32483
32403 32413 32423 32433 32443 32453 32463 32473 32483
32403 32413 32423 32433 32443 32453 32463 32473 32483
32403 32413 32423 32433 32443 32453 32463 32473 32483
32403 32413 32423 32433 32443 32453 32463 32473 32483
32403 32413 32423 32433 32443 32453 32463 32473 32483
32403 32413 32423 32433 32443 32453 32463 32473 32483
32403 32413 32423 32433 32443 32453 32463 32473 32483
32403 32413 32423 32433 32443 32453 32463 32473 32483
32403 32413 32423 32433 32443 32453 32463 32473 32483
32403 32413 32423 32433 32443 32453 32463 32473 32483
32403 32413 32423 32433 32443 32453 32463 32473 32483
32403 32413 32423 32433 32443 32453 32463 32473 32483
32403 32413 32423 32433 32443 32453 32463 32473 32483
32403 32413 32423 32433 32443 32453 32463 32473 32483
32403 32413 32423 32433 32443 32453 32463 32473 32483
32403 32413 32423 32433 32443 32453 32463 32473 32483
32403 32413 32423 32433 32443 32453 32463 32473 32483
32403 32413 32423 32433 32443 32453 32463 32473 32483
32403 32413 32423 32433 32443 32453 32463 32473 32483
32403 32413 32423 32433 32443 32453 32463 32473 32483
32403 32413 32423 32433 32443 32453 32463 32473 32483
32403 32413 32423 32433 32443 32453 32463 32473 32483
32403 32413 32423 32433 32443 32453 32463 32473 32483
32403 32413 32423 32433 32443 32453 32463 32473 32483
32403 32413 32423 32433 32443 32453 32463 32473 32483
32403 32413 32423 32433 32443 32453 32463 32473 32483
32403 32413 32423 32433 32443 32453 32463 32473 32483
32403 32413 32423 32433 32443 32453 32463 32473 32483
32403 32413 32423 32433 32443 32453 32463 32473 32483
32403 32413 32423 32433 32443 32453 32463 32473 32483
32403 32413 32423 32433 32443 32453 32463 32473 32483
32403 32413 32423 32433 32443 32453 32463 32473 32483
32403 32413 32423 32433 32443 32453 32463 32473 32483
32403 32413 32423 32433 32443 32453 32463 32473 32483
32403 32413 32423 32433 32443 32453 32463 32473 32483
32403 32413 32423 32433 32443 32453 32463 32473 32483
32403 32413 32423 32433 32443 32453 32463 32473 32483
32403 32413 32423 32433 32443 32453 32463 32473 32483
32403 32413 32423 32433 32443 32453 32463 32473 32483
32403 32413 32423 32433 32443 32453 32463 32473 32483
32403 32413 32423 32433 32443 32453 32463 32473 32483
32403 32413 32423 32433 32443 32453 32463 32473 32483
32403 32413 32423 32433 32443 32453 32463 32473 32483
32403 32413 32423 32433 32443 32453 32463 32473 32483
32403 32413 32423 32433 32443 32453 32463 32473 32483
32403 32413 32423 32433 32443 32453 32463 32473 32483
32403 32413 32423 32433 32443 32453 32463 32473 32483
32403 32413 32423 32433 32443 32453 32463 32473 32483
32403 32413 32423 32433 32443 32453 32463 32473 32483
32403 32413 32423 32433 32443 32453 32463 32473 32483
32403 32413 32423 32433 32443 32453 32463 32473 32483
32403 32413 32423 32433 32443 32453 32463 32473 32483
32403 32413 32423 32433 32443 32453 32463 32473 32483
32403 32413 32423 32433 32443 32453 32463 32473 32483
32403 32413 32423 32433 32443 32453 32463 32473 32483
32403 32413 32423 32433 32443 32453 32463 32473 32483
32403 32413 32423 32433 32443 32453 32463 32473 32483
32403 32413 32423 32433 32443 32453 32463 32473 32483
32403 32413 32423 32433 32443 32453 32463 32473 32483
32403 32413 32423 32433 32443 32453 32463 32473 32483
32403 32413 32423 32433 32443 32453 32463 32473 32483
32403 32413 32423 32433 32443 32453 32463 32473 32483
32403 32413 32423 32433 32443 32453 32463 32473 32483
32403 32413 32423 32433 32443 32453 32463 32473 32483
