84571
84571
84571
84571
84571
84571
84571
84571
84571
84571
84571
84571
84571
84571
84571
84571
84571
84571
84571
84571
84571
84571
84571
84571
84571
84571
84571
84571
84571
84571
8102 8112 8122
8102 8112 8122
8102 8112 8122
8102 8112 8122
8102 8112 8122
8102 8112 8122
8102 8112 8122
8102 8112 8122
8102 8112 8122
8102 8112 8122
8102 8112 8122
8102 8112 8122
8102 8112 8122
8102 8112 8122
8102 8112 8122
8102 8112 8122
8102 8112 8122
8102 8112 8122
8102 8112 8122
8102 8112 8122
8102 8112 8122
8102 8112 8122
8102 8112 8122
8102 8112 8122
8102 8112 8122
8102 8112 8122
8102 8112 8122
8102 8112 8122
8102 8112 8122
8102 8112 8122
8102 8112 8122
8102 8112 8122
8102 8112 8122
8102 8112 8122
8102 8112 8122
8102 8112 8122
8102 8112 8122
8132 8132 8132
8142 8142 8142
8102 8112 8122
8102 8112 8122
8102 8112 8122
8102 8112 8122
8102 8112 8122
8102 8112 8122
8102 8112 8122
8102 8112 8122
8102 8112 8122
8102 8112 8122
9353 9403 9413 9423 9433 9443 9453
9353 9403 9413 9423 9433 9443 9453
9353 9403 9413 9423 9433 9443 9453
9353 9403 9413 9423 9433 9443 9453
9353 9403 9413 9423 9433 9443 9453
9353 9403 9413 9423 9433 9443 9453
9353 9403 9413 9423 9433 9443 9453
9353 9403 9413 9423 9433 9443 9453
9353 9403 9413 9423 9433 9443 9453
9353 9403 9413 9423 9433 9443 9453
9353 9403 9413 9423 9433 9443 9453
9353 9403 9413 9423 9433 9443 9453
9353 9403 9413 9423 9433 9443 9453
9353 9403 9413 9423 9433 9443 9453
9353 9403 9413 9423 9433 9443 9453
9353 9403 9413 9423 9433 9443 9453
9353 9403 9413 9423 33213 9443 9453
9353 9403 9413 9423 33213 9443 9453
9353 9403 9413 9423 9433 9443 9453
9353 9403 9413 9423 9433 9443 9453
9353 9403 9413 9423 9433 9443 9453
9353 9403 9413 9423 9433 9443 9453
9353 9403 9413 9423 9433 9443 9453
9353 9403 9413 9423 9433 9443 9453
9353 9403 9413 9423 9433 9443 9453
9353 9403 9413 9423 9433 9443 9453
9353 9403 9413 9423 9433 9443 9453
9353 9403 9413 9423 9433 9443 9453
9353 9403 9413 9423 9433 9443 9453
9353 9403 9413 9423 9433 9443 9453
9353 9403 9413 9423 9433 9443 9453
9353 9403 9413 9423 9433 9443 9453
9353 9403 9413 9423 9433 9443 9453
9353 9403 9413 9423 9433 9443 9453
9353 9403 9413 9423 9433 9443 9453
9353 9403 9413 9423 9433 9443 9453
9353 9403 9413 9423 9433 9443 9453
9353 9403 9413 9423 9433 9443 9453
9353 9403 9413 9423 9433 9443 9453
9353 9403 9413 9423 9433 9443 9453
9353 9403 9413 9423 9433 9443 9453
9353 9403 9413 9423 9433 9443 9453
9353 9403 9413 9423 9433 9443 9453
9353 9403 9413 9423 9433 9443 9453
9353 9403 9413 9423 9433 9443 9453
9363 9363 9363 9363 9363 9363 9363
9373 9373 9373 9373 9373 9373 9373
9353 9403 9413 9423 9433 9443 9453
9383 9383 9383 9383 33213 9383 9383
9383 9383 9383 9383 9383 9383 9383
9353 9403 9413 9423 9433 9443 9453
9353 9403 9413 9423 9433 9443 9453
9353 9403 9413 9423 9433 9443 9453
9353 9403 9413 9423 9433 9443 9453
9353 9403 9413 9423 9433 9443 9453
9393 9393 9393 9393 9393 9393 9393
9393 9393 9393 9393 9393 9393 9393
9393 9393 9393 9393 9393 9393 9393
9353 9403 9413 9423 9433 9443 9453
9353 9403 9413 9423 9433 9443 9453
9353 9403 9413 9423 9433 9443 9453
9353 9403 9413 9423 9433 9443 9453
9353 9403 9413 9423 9433 9443 9453
9353 9403 9413 9423 9433 9443 9453
9353 9403 9413 9423 9433 9443 9453
9353 9403 9413 9423 9433 9443 9453
9353 9403 9413 9423 9433 9443 9453
