38731
38731
38731
38731
38731
38731
38731
38731
38731
38731
38731
38731
38731
38731
38731
38731
38731
38731
38731
38731
38731
38731
38731
38731
38731
38731
38731
38731
38731
38731
2792
2792
2792
2792
2792
2792
2792
2792
2792
2792
2792
2792
2792
2792
2792
2792
2792
2792
2792
2792
2792
2792
2792
2792
2792
2792
2792
2792
2792
2792
2792
2792
2792
2792
2792
2792
2792
2792
2792
2792
2792
2792
2792
2792
2792
2792
2792
2792
2792
3043 13683 13693 13703 13713 13723 13733
3043 13683 13693 13703 13713 13723 13733
3043 13683 13693 13703 13713 13723 13733
3043 13683 13693 13703 13713 13723 13733
3043 13683 13693 13703 13713 13723 13733
3043 13683 13693 13703 13713 13723 13733
3043 13683 13693 13703 13713 13723 13733
3043 13683 13693 13703 13713 13723 13733
3043 13683 13693 13703 13713 13723 13733
3043 13683 13693 13703 13713 13723 13733
3043 13683 13693 13703 13713 13723 13733
3043 13683 13693 13703 13713 13723 13733
3043 13683 13693 13703 13713 13723 13733
3043 13683 13693 13703 13713 13723 13733
3043 13683 13693 13703 13713 13723 13733
3043 13683 13693 13703 13713 13723 13733
3043 13683 13693 13703 13713 13723 13733
3043 13683 13693 13703 13713 13723 13733
3043 13683 13693 13703 13713 13723 13733
3043 13683 13693 13703 13713 13723 13733
3043 13683 13693 13703 13713 13723 13733
3043 13683 13693 13703 13713 13723 13733
3043 13683 13693 13703 13713 13723 13733
3043 13683 13693 13703 13713 13723 13733
3043 13683 13693 13703 13713 13723 13733
3043 13683 13693 13703 13713 13723 13733
3043 13683 13693 13703 13713 13723 13733
3043 13683 13693 13703 13713 13723 13733
3043 13683 13693 13703 13713 13723 13733
3043 13683 13693 13703 13713 13723 13733
3043 13683 13693 13703 13713 13723 13733
3043 13683 13693 13703 13713 13723 13733
3043 13683 13693 13703 13713 13723 13733
3043 13683 13693 13703 13713 13723 13733
3043 13683 13693 13703 13713 13723 13733
3043 13683 13693 13703 13713 13723 13733
3043 13683 13693 13703 13713 13723 13733
3043 13683 13693 13703 13713 13723 13733
3043 13683 13693 13703 13713 13723 13733
3043 13683 13693 13703 13713 13723 13733
3043 13683 13693 13703 13713 13723 13733
3043 13683 13693 13703 13713 13723 13733
3043 13683 13693 13703 13713 13723 13733
3043 13683 13693 13703 13713 13723 13733
3043 13683 13693 13703 13713 13723 13733
3043 13683 13693 13703 13713 13723 13733
3043 13683 13693 13703 13713 13723 13733
3043 13683 13693 13703 13713 13723 13733
3043 13683 13693 13703 13713 13723 13733
3043 13683 13693 13703 13713 13723 13733
3043 13683 13693 13703 13713 13723 13733
3043 13683 13693 13703 13713 13723 13733
3043 13683 13693 13703 13713 13723 13733
3043 13683 13693 13703 13713 13723 13733
3043 13683 13693 13703 13713 13723 13733
3043 13683 13693 13703 13713 13723 13733
3043 13683 13693 13703 13713 13723 13733
3043 13683 13693 13703 13713 13723 13733
3043 13683 13693 13703 13713 13723 13733
3043 13683 13693 13703 13713 13723 13733
3043 13683 13693 13703 13713 13723 13733
3043 13683 13693 13703 13713 13723 13733
3043 13683 13693 13703 13713 13723 13733
3043 13683 13693 13703 13713 13723 13733
3043 13683 13693 13703 13713 13723 13733
3043 13683 13693 13703 13713 13723 13733
3043 13683 13693 13703 13713 13723 13733
