60 45 75 45 135 135 135 30 75
90 90 35 40 90 90 90 90 30
50 50 50 10 80 80 80 40 50
90 35 90 40 90 90 90 90 35
75 75 75 60 90 90 90 90 90
70 90 90 30 90 90 90 10 90
10 90 90 30 90 90 90 90 90
90 90 90 30 100 90 90 90 90
90 90 90 30 100 90 90 60 90
90 90 90 35 100 90 90 90 70
90 30 90 20 100 90 90 90 90
90 90 90 50 100 90 90 90 90
90 90 40 5 100 90 90 90 70
90 10 90 5 100 90 90 90 10
90 30 30 5 100 90 90 90 90
40 90 90 5 100 90 90 90 50
80 25 90 30 90 90 90 90 90
5 20 90 5 100 90 90 30 30
5 30 20 5 100 90 90 30 30
35 35 35 35 35 35 35 35 35
