61581
61581
61581
61581
61581
61581
61581
61581
61581
61581
61581
61581
61581
61581
61581
61581
61581
61581
61581
61581
61581
61581
61581
61581
61581
61581
61581
61581
61581
61581
362 362 362
362 362 362
362 362 362
362 362 362
362 362 362
362 362 362
362 362 362
362 362 362
362 362 362
362 362 362
362 362 362
362 362 362
362 362 362
362 362 362
362 362 362
362 362 362
362 362 362
362 362 362
362 362 362
362 362 362
362 362 362
362 362 362
362 362 362
362 362 362
362 362 362
362 362 362
362 362 362
362 362 362
362 362 362
362 362 362
362 362 362
362 362 362
29383 29393 29403 29413 29423
29383 29393 29403 29413 29423
29383 29393 29403 29413 29423
29383 29393 29403 29413 29423
29383 29393 29403 29413 29423
29383 29393 29403 29413 29423
29383 29393 29403 29413 29423
29383 29393 29403 29413 29423
29383 29393 29403 29413 29423
29383 29393 29403 29413 29423
29383 29393 29403 29413 29423
29383 29393 29403 29413 29423
29383 29393 29403 29413 29423
29383 29393 29403 29413 29423
29383 29393 29403 29413 29423
29383 29393 29403 29413 29423
29383 29393 29403 29413 29423
29383 29393 29403 29413 29423
29383 29393 29403 29413 29423
29383 29393 29403 29413 29423
29383 29393 29403 29413 29423
29383 29393 29403 29413 29423
29383 29393 29403 29413 29423
29383 29393 29403 29413 29423
29383 29393 29403 29413 29423
29383 29393 29403 29413 29423
29383 29393 29403 29413 29423
29383 29393 29403 29413 29423
29383 29393 29403 29413 29423
29383 29393 29403 29413 29423
29383 29393 29403 29413 29423
29383 29393 29403 29413 29423
29383 29393 29403 29413 29423
29383 29393 29403 29413 29423
29383 29393 29403 29413 29423
29383 29393 29403 29413 29423
29383 29393 29403 29413 29423
29383 29393 29403 29413 29423
29383 29393 29403 29413 29423
29383 29393 29403 29413 29423
29383 29393 29403 29413 29423
29383 29393 29403 29413 29423
29383 29393 29403 29413 29423
29383 29393 29403 29413 29423
29383 29393 29403 29413 29423
29383 29393 29403 29413 29423
29383 29393 29403 29413 29423
29383 29393 29403 29413 29423
29383 29393 29403 29413 29423
29383 29393 29433 29433 29433 29433
29383 29393 29433 29433 29433 29433
29383 29393 29433 29433 29433 29433
29383 29393 34813 34813 34813 34813
29383 29393 34813 34813 34813 34813
29383 29393 34813 34813 34813 34813
29383 29393 29443 29443 29443 29443
29383 29393 29443 29443 29443 29443
29383 29393 34823 34823 34823 34823
29383 29393 34823 34823 34823 34823
29383 29393 29403 29413 29423
29383 29393 29403 29413 29423
29383 29393 29403 29413 29423
29383 29393 29403 29413 29423
29383 29393 29403 29413 29423
29383 29393 29403 29413 29423
29383 29393 29403 29413 29423
29383 29393 29403 29413 29423
29383 29393 29403 29413 29423
29383 29393 29403 29413 29423
29383 29393 29403 29413 29423
29383 29393 29403 29413 29423
29383 29393 29403 29413 29423
49344
49344
49344
49344
49344
49344
49344
49344
49344
49344
49344
49344
49344
49344
49344
49344
49344
49344
49344
49344
49344
49344
49344
49344
49344
49344
49344
49344
49344
49344
49344
49344
49344
49344
49344
49344
49344
49344
49344
49354
49354
49344
49344
49344
