29361
29361
29361
29361
29361
29361
29361
29361
29361
29361
29361
29361
29361
29361
29361
29361
29361
29361
29361
29361
29361
29361
29361
29361
29361
29361
29361
29361
29361
29361
112
112
112
112
112
112
112
112
112
112
112
112
112
112
112
112
112
112
112
112
112
112
112
112
112
112
112
112
112
112
112
112
13743 13753 13763 13773 13783 13793 13803
13743 13753 13763 13773 13783 13793 13803
13743 13753 13763 13773 13783 13793 13803
13743 13753 13763 13773 13783 13793 13803
13743 13753 13763 13773 13783 13793 13803
13743 13753 13763 13773 13783 13793 13803
13743 13753 13763 13773 13783 13793 13803
13743 13753 13763 13773 13783 13793 13803
13743 13753 13763 13773 13783 13793 13803
13743 13753 13763 13773 13783 13793 13803
13743 13753 13763 13773 13783 13793 13803
13743 13753 13763 13773 13783 13793 13803
13743 13753 13763 13773 13783 13793 13803
13743 13753 13763 13773 13783 13793 13803
13743 13753 13763 13773 13783 13793 13803
13743 13753 13763 13773 13783 13793 13803
13743 13753 13763 13773 13783 13793 13803
13743 13753 13763 13773 13783 13793 13803
13743 13753 13763 13773 13783 13793 13803
13743 13753 13763 13773 13783 13793 13803
13743 13753 13763 13773 13783 13793 13803
13743 13753 13763 13773 13783 13793 13803
13743 13753 13763 13773 13783 13793 13803
13743 13753 13763 13773 13783 13793 13803
13743 13753 13763 13773 13783 13793 13803
13743 13753 13763 13773 13783 13793 13803
13743 13753 13763 13773 13783 13793 13803
13743 13753 13763 13773 13783 13793 13803
13743 13753 13763 13773 13783 13793 13803
13743 13753 13763 13773 13783 13793 13803
13743 13753 13763 13773 13783 13793 13803
13743 13753 13763 13773 13783 13793 13803
13743 13753 13763 13773 13783 13793 13803
13743 15553 13763 15553 15553 13793 13803 15553
13743 15553 13763 15553 15553 13793 13803 15553
13743 15553 13763 15553 15553 13793 13803 15553
13743 15553 13763 15553 15553 13793 13803 15553
13743 15553 13763 15553 15553 13793 13803 15553
13743 15553 13763 15553 15553 13793 13803 15553
13743 13753 13763 13773 13783 13793 13803
13743 13753 13763 13773 13783 13793 13803
13743 13753 13763 13773 13783 13793 13803
13743 13753 13763 13773 13783 13793 13803
13743 13753 13763 13773 13783 13793 13803
13743 13753 13763 13773 13783 13793 13803
13743 13753 13763 13773 13783 13793 13803
13743 13753 13763 13773 13783 13793 13803
13743 13753 13763 13773 13783 13793 13803
13743 13753 13763 13773 13783 13793 13803
13743 13753 13763 13773 13783 13793 13803
13743 13753 13763 13773 13783 13793 13803
13743 13753 13763 13773 13783 13793 13803
13743 13753 13763 13773 13783 13793 13803
13743 13753 13763 13773 13783 13793 13803
13743 13753 13763 13773 13783 13793 13803
13743 13753 13763 13773 13783 13793 13803
13743 13753 13763 13773 13783 13793 13803
13743 13753 13763 13773 13783 13793 13803
13743 13753 13763 13773 13783 13793 13803
13743 13753 13763 13773 13783 13793 13803
13743 13753 13763 13773 13783 13793 13803
13743 13753 13763 13773 13783 13793 13803
13743 13753 13763 13773 13783 13793 13803
13743 13753 13763 13773 13783 13793 13803
13743 13753 13763 13773 13783 13793 13803
13743 13753 13763 13773 13783 13793 13803
13743 13753 13763 13773 13783 13793 13803
13743 13753 13763 13773 13783 13793 13803
13743 13753 13763 13773 13783 13793 13803
13743 13753 13763 13773 13783 13793 13803
13743 13753 13763 13773 13783 13793 13803
13743 13753 13763 13773 13783 13793 13803
23454
23454
23454
23454
23454
23454
23454
23454
23454
23454
23454
23454
23454
23454
23454
23454
23454
23454
23454
23454
23454
23454
23454
23454
23454
23454
23454
23454
23454
23454
23454
23454
23454
23454
23454
23454
23454
23454
23454
23454
23454
23454
23454
23454
