38771
38771
38771
38771
38771
38771
38771
38771
38771
38771
38771
38771
38771
38771
38771
38771
38771
38771
38771
38771
38771
38771
38771
38771
38771
38771
38771
38771
38771
38771
2432
2432
2432
2432
2432
2432
2432
2432
2432
2432
2432
2432
2432
2432
2432
2432
2432
2432
2432
2432
2432
2432
2432
2432
2432
2432
2432
2432
2432
2432
2432
2432
2432
2432
2432
2432
2432
2432
2432
2432
2432
2432
2432
2432
2432
2432
2432
2432
2432
2432
8733 8743 8753 8763 8773 8783 8793
8733 8743 8753 8763 8773 8783 8793
8733 8743 8753 8763 8773 8783 8793
8733 8743 8753 8763 8773 8783 8793
8733 8743 8753 8763 8773 8783 8793
8733 8743 8753 8763 8773 8783 8793
8733 8743 8753 8763 8773 8783 8793
8733 8743 8753 8763 8773 8783 8793
8733 8743 8753 8763 8773 8783 8793
8733 8743 8753 8763 8773 8783 8793
8733 8743 8753 8763 8773 8783 8793
8733 8743 8753 8763 8773 8783 8793
8733 8743 8753 8763 8773 8783 8793
8733 8743 8753 8763 8773 8783 8793
8733 8743 8753 8763 8773 8783 8793
8733 8743 8753 8763 8773 8783 8793
8733 8743 8753 8763 8773 8783 8793
8733 8743 8753 8763 8773 8783 8793
8733 8743 8753 8763 8773 8783 8793
8733 8743 8753 8763 8773 8783 8793
8733 8743 8753 8763 8773 8783 8793
8733 8743 8753 8763 8773 8783 8793
8733 8743 8753 8763 8773 8783 8793
8733 8743 8753 8763 8773 8783 8793
8733 8743 8753 8763 8773 8783 8793
8733 8743 8753 8763 8773 8783 8793
8733 8743 8753 8763 8773 8783 8793
8733 8743 8753 8763 8773 8783 8793
8733 8743 8753 8763 8773 8783 8793
8733 8743 8753 8763 8773 8783 8793
8733 8743 8753 8763 8773 8783 8793
8733 8743 8753 8763 8773 8783 8793
8733 8743 8753 8763 8773 8783 8793
8733 15623 8753 15623 15623 8783 8793 15623
8733 15623 8753 15623 15623 8783 8793 15623
8733 15623 8753 15623 15623 8783 8793 15623
8733 15623 8753 15623 15623 8783 8793 15623
8733 15623 8753 15623 15623 8783 8793 15623
8733 15623 8753 15623 15623 8783 8793 15623
8733 8743 8753 8763 8773 8783 8793
8733 8743 8753 8763 8773 8783 8793
8733 8743 8753 8763 8773 8783 8793
8733 8743 8753 8763 8773 8783 8793
8733 8743 8753 8763 8773 8783 8793
8733 8743 8753 8763 8773 8783 8793
8733 8743 8753 8763 8773 8783 8793
8733 8743 8753 8763 8773 8783 8793
8733 8743 8753 8763 8773 8783 8793
8733 8743 8753 8763 8773 8783 8793
8733 8743 8753 8763 8773 8783 8793
8733 8743 8753 8763 8773 8783 8793
8733 8743 8753 8763 8773 8783 8793
8733 8743 8753 8763 8773 8783 8793
8733 8743 8753 8763 8773 8783 8793
8733 8743 8753 8763 8773 8783 8793
8733 8743 8753 8763 8773 8783 8793
8733 8743 8753 8763 8773 8783 8793
8733 8743 8753 8763 8773 8783 8793
8733 8743 8753 8763 8773 8783 8793
8733 8743 8753 8763 8773 8783 8793
8733 8743 8753 8763 8773 8783 8793
8733 8743 8753 8763 8773 8783 8793
8733 8743 8753 8763 8773 8783 8793
8733 8743 8753 8763 8773 8783 8793
8733 8743 8753 8763 8773 8783 8793
8733 8743 8753 8763 8773 8783 8793
8733 8743 8753 8763 8773 8783 8793
8733 8743 8753 8763 8773 8783 8793
8733 8743 8753 8763 8773 8783 8793
8733 8743 8753 8763 8773 8783 8793
8733 8743 8753 8763 8773 8783 8793
8733 8743 8753 8763 8773 8783 8793
17244 17254 17264 17274 17284 17294 17304 17314 17324
17244 17254 17264 17274 17284 17294 17304 17314 17324
17244 17254 17264 17274 17284 17294 17304 17314 17324
17244 17254 17264 17274 17284 17294 17304 17314 17324
17244 17254 17264 17274 17284 17294 17304 17314 17324
17244 17254 17264 17274 17284 17294 17304 17314 17324
17244 17254 17264 17274 17284 17294 17304 17314 17324
17244 17254 17264 17274 17284 17294 17304 17314 17324
17244 17254 17264 17274 17284 17294 17304 17314 17324
17244 17254 17264 17274 17284 17294 17304 17314 17324
17244 17254 17264 17274 17284 17294 17304 17314 17324
17244 17254 17264 17274 17284 17294 17304 17314 17324
17244 17254 17264 17274 17284 17294 17304 17314 17324
17244 17254 17264 17274 17284 17294 17304 17314 17324
17244 17254 17264 17274 17284 17294 17304 17314 17324
17244 17254 17264 17274 17284 17294 17304 17314 17324
17244 17254 17264 17274 17284 17294 17304 17314 17324
17244 17254 17264 17274 17284 17294 17304 17314 17324
17244 17254 17264 17274 17284 17294 17304 17314 17324
17244 17254 17264 17274 17284 17294 17304 17314 17324
17244 17254 17264 17274 17284 17294 17304 17314 17324
17244 17254 17264 17274 17284 17294 17304 17314 17324
17244 17254 17264 17274 17284 17294 17304 17314 17324
17244 17254 17264 17274 17284 17294 17304 17314 17324
17244 17254 17264 17274 17284 17294 17304 17314 17324
17244 17254 17264 17274 17284 17294 17304 17314 17324
17244 17254 17264 17274 17284 17294 17304 17314 17324
17244 17254 17264 17274 17284 17294 17304 17314 17324
17244 17254 17264 17274 17284 17294 17304 17314 17324
17244 17254 17264 17274 17284 17294 17304 17314 17324
17244 17254 17264 17274 17284 17294 17304 17314 17324
17244 17254 17264 17274 17284 17294 17304 17314 17324
17244 17254 17264 17274 17284 17294 17304 17314 17324
17244 17254 17264 17274 17284 17294 17304 17314 17324
17244 17254 17264 17274 17284 17294 17304 17314 17324
17244 17254 17264 17274 17284 17294 17304 17314 17324
17244 17254 17264 17274 17284 17294 17304 17314 17324
17244 17254 17264 17274 17284 17294 17304 17314 17324
17244 17254 17264 17274 17284 17294 17304 17314 17324
17244 17254 17264 17274 17284 17294 17304 17314 17324
17244 17254 17264 17274 17284 17294 17304 17314 17324
17244 17254 17264 17274 17284 17294 17304 17314 17324
17244 17254 17264 17274 17284 17294 17304 17314 17324
17244 17254 17264 17274 17284 17294 17304 17314 17324
17244 17254 17264 17274 17284 17294 17304 17314 17324
17244 17254 17264 17274 17284 17294 17304 17314 17324
17244 17254 17264 17274 17284 17294 17304 17314 17324
17244 17254 17264 17274 17284 17294 17304 17314 17324
17244 17254 17264 17274 17284 17294 17304 17314 17324
17244 17254 17264 17274 17284 17294 17304 17314 17324
17244 17254 17264 17274 17284 17294 17304 17314 17324
17244 17254 17264 17274 17284 17294 17304 17314 17324
17244 17254 17264 17274 17284 17294 17304 17314 17324
17244 17254 17264 17274 17284 17294 17304 17314 17324
17244 17254 17264 17274 17284 17294 17304 17314 17324
17244 17254 17264 17274 17284 17294 17304 17314 17324
17244 17254 17264 17274 17284 17294 17304 17314 17324
17244 17254 17264 17274 17284 17294 17304 17314 17324
17244 17254 17264 17274 17284 17294 17304 17314 17324
17244 17254 17264 17274 17284 17294 17304 17314 17324
17244 17254 17264 17274 17284 17294 17304 17314 17324
17244 17254 17264 17274 17284 17294 17304 17314 17324
17244 17254 17264 17274 17284 17294 17304 17314 17324
17244 17254 17264 17274 17284 17294 17304 17314 17324
17244 17254 17264 17274 17284 17294 17304 17314 17324
17244 17254 17264 17274 17284 17294 17304 17314 17324
17244 17254 17264 17274 17284 17294 17304 17314 17324
17244 17254 17264 17274 17284 17294 17304 17314 17324
17244 17254 17264 17274 17284 17294 17304 17314 17324
17244 17254 17264 17274 17284 17294 17304 17314 17324
17244 17254 17264 17274 17284 17294 17304 17314 17324
17244 17254 17264 17274 17284 17294 17304 17314 17324
17244 17254 17264 17274 17284 17294 17304 17314 17324
17244 17254 17264 17274 17284 17294 17304 17314 17324
17244 17254 17264 17274 17284 17294 17304 17314 17324
17244 17254 17264 17274 17284 17294 17304 17314 17324
17244 17254 17264 17274 17284 17294 17304 17314 17324
17244 17254 17264 17274 17284 17294 17304 17314 17324
17244 17254 17264 17274 17284 17294 17304 17314 17324
17244 17254 17264 17274 17284 17294 17304 17314 17324
17244 17254 17264 17274 17284 17294 17304 17314 17324
17244 17254 17264 17274 17284 17294 17304 17314 17324
17244 17254 17264 17274 17284 17294 17304 17314 17324
17244 17254 17264 17274 17284 17294 17304 17314 17324
17244 17254 17264 17274 17284 17294 17304 17314 17324
17244 17254 17264 17274 17284 17294 17304 17314 17324
17244 17254 17264 17274 17284 17294 17304 17314 17324
17244 17254 17264 17274 17284 17294 17304 17314 17324
