84611
84611
84611
84611
84611
84611
84611
84611
84611
84611
84611
84611
84611
84611
84611
84611
84611
84611
84611
84611
84611
84611
84611
84611
84611
84611
84611
84611
84611
84611
7072 7122 7132 7142
7072 7122 7132 7142
7072 7122 7132 7142
7072 7122 7132 7142
7072 7122 7132 7142
7072 7122 7132 7142
7072 7122 7132 7142
7072 7122 7132 7142
7072 7122 7132 7142
7072 7122 7132 7142
7072 7122 7132 7142
7072 7122 7132 7142
7072 7122 7132 7142
7072 7122 7132 7142
7072 7122 7132 7142
7072 7122 7132 7142
7072 7122 7132 7142
7072 7122 7132 7142
7072 7122 7132 7142
7072 7122 7132 7142
7072 7122 7132 7142
7072 7122 7132 7142
7072 7122 7132 7142
7072 7122 7132 7142
7072 7122 7132 7142
7072 7122 7132 7142
7072 7122 7132 7142
7072 7122 7132 7142
7072 7122 7132 7142
7072 7122 7132 7142
7072 7122 7132 7142
7072 7122 7132 7142
7072 7122 7132 7142
7072 7122 7132 7142
7072 7122 7132 7142
7072 7122 7132 7142
7072 7122 7132 7142
7072 7122 7132 7142
7082 7082 7082 7082
7092 7092 7092 7092
7072 7122 7132 7142
7102 7102 7102 7102
7102 7102 7102 7102
7072 7122 7132 7142
7072 7122 7132 7142
7112 7112 7112 7112
7072 7122 7132 7142
7072 7122 7132 7142
7072 7122 7132 7142
7072 7122 7132 7142
22113 22123 22133 22143 22153
22113 22123 22133 22143 22153
22113 22123 22133 22143 22153
22113 22123 22133 22143 22153
22113 22123 22133 22143 22153
22113 22123 22133 22143 22153
22113 22123 22133 22143 22153
22113 22123 22133 22143 22153
22113 22123 22133 22143 22153
22113 22123 22133 22143 22153
22113 22123 22133 22143 22153
22113 22123 22133 22143 22153
22113 22123 22133 22143 22153
22113 22123 22133 22143 22153
22113 22123 22133 22143 22153
22113 22123 22133 22143 22153
22113 22123 22133 22143 22153
22113 22123 22133 22143 22153
22113 22123 22133 22143 22153
22113 22123 22133 22143 22153
22113 22123 22133 22143 22153
22113 22123 22133 22143 22153
22113 22123 22133 22143 22153
22113 22123 22133 22143 22153
22113 22123 22133 22143 22153
22113 22123 22133 22143 22153
22113 22123 22133 22143 22153
22113 22123 22133 22143 22153
22113 22123 22133 22143 22153
22113 22123 22133 22143 22153
22113 22123 22133 22143 22153
22113 22123 22133 22143 22153
22113 22123 22133 22143 22153
22113 22123 22133 22143 22153
22113 22123 22133 22143 22153
22113 22123 22133 22143 22153
22113 22123 22133 22143 22153
22113 22123 22133 22143 22153
22113 22123 22133 22143 22153
22113 22123 22133 22143 22153
22113 22123 22133 22143 22153
22113 22123 22133 22143 22153
22113 22123 22133 22143 22153
22113 22123 22133 22143 22153
22113 22123 22133 22143 22153
22113 22123 22133 22143 22153
22113 22123 22133 22143 22153
22113 22123 22133 22143 22153
22113 22123 22133 22143 22153
22113 22123 22163 22163 22163 22163
22113 22123 22163 22163 22163 22163
22113 22123 22163 22163 22163 22163
22113 22123 34953 34953 34953 34953
22113 22123 34953 34953 34953 34953
22113 22123 34953 34953 34953 34953
22113 22123 22173 22173 22173 22173
22113 22123 22173 22173 22173 22173
22113 22123 34963 34963 34963 34963
22113 22123 34963 34963 34963 34963
22113 22123 22133 22143 22153
22113 22123 22133 22143 22153
22113 22123 22133 22143 22153
22113 22123 22133 22143 22153
22113 22123 22133 22143 22153
22113 22123 22133 22143 22153
22113 22123 22133 22143 22153
22113 22123 22133 22143 22153
22113 22123 22133 22143 22153
22113 22123 22133 22143 22153
22113 22123 22133 22143 22153
22113 22123 22133 22143 22153
22113 22123 22133 22143 22153
36374 36384 36394 36404 36414 36424 36434 36444 36454 43154
36374 36384 36394 36404 36414 36424 36434 36444 36454 43154
36374 36384 36394 36404 36414 36424 36434 36444 36454 43154
36374 36384 36394 36404 36414 36424 36434 36444 36454 43154
36374 36384 36394 42584 36414 36424 36434 42584 36454 43154
36374 36384 36394 36404 36414 36424 36434 36444 36454 43154
36374 36384 36394 36404 36414 36424 36434 36444 36454 43154
36374 36384 36394 42584 36414 36424 36434 42584 36454 43154
36374 36384 36394 36404 36414 36424 36434 36444 36454 43154
36374 36384 36394 36404 36414 36424 36434 36444 36454 43154
36374 36384 36394 36404 36414 36424 36434 36444 36454 43154
36374 36384 36394 36404 36414 36424 36434 36444 36454 43154
36374 36384 36394 36404 36414 36424 36434 36444 36454 43154
36374 36384 36394 36404 36414 36424 36434 36444 36454 43154
36374 36384 36394 36404 36414 36424 36434 36444 36454 43154
36374 36384 36394 36404 36414 36424 36434 36444 36454 43154
36374 42584 42584 42584 42584 42584 36434 42584 36454 43154
36374 36384 36394 36404 36414 36424 36434 36444 36454 43154
36374 36384 36394 36404 36414 36424 36434 36444 36454 43154
36374 36384 36394 42584 42584 36424 36434 42584 36454 43154
36374 36384 36394 36404 36414 36424 36434 36444 36454 43154
36374 36384 36394 36404 36414 36424 36434 36444 36454 43154
36374 36384 36394 42584 36414 36424 36434 42584 36454 43154
36374 36384 36394 36404 36414 36424 36434 36444 36454 43154
36374 36384 36394 36404 36414 36424 36434 36444 36454 43154
36374 36384 36394 36404 36414 36424 36434 36444 36454 43154
36374 36384 36394 36404 36414 36424 36434 36444 36454 43154
36374 36384 36394 36404 36414 36424 36434 36444 36454 43154
36374 36384 36394 36404 36414 36424 36434 36444 36454 43154
36374 36384 36394 36404 36414 36424 36434 36444 36454 43154
36374 36384 36394 36404 36414 36424 36434 36444 36454 43154
36374 36384 36394 36404 36414 36424 36434 36444 36454 43154
36374 36384 36394 36404 36414 36424 36434 36444 36454 43154
36374 36384 36394 36404 36414 36424 36434 36444 36454 43154
36374 36384 36394 36404 36414 36424 36434 36444 36454 43154
36374 36384 36394 36404 36414 36424 36434 36444 36454 43154
36374 36384 36394 36404 36414 36424 36434 36444 36454 43154
36374 36384 36394 36404 36414 36424 36434 36444 36454 43154
36374 36384 36394 36404 36414 36424 36434 36444 36454 43154
36374 36384 36394 36404 36414 36424 36434 36444 36454 43154
36374 36384 36394 36404 36414 36424 36434 36444 36454 43154
36374 36384 36394 36404 36414 36424 36434 36444 36454 43154
36374 36384 36394 36404 36414 36424 36434 36444 36454 43154
36374 36384 36394 36404 36414 36424 36434 36444 36454 43154
36374 36384 36394 36404 36414 36424 36434 36444 36454 43154
36374 36384 36394 36404 36414 36424 36434 36444 36454 43154
36374 36384 36394 36404 36414 36424 36434 36444 36454 43154
36374 36384 36394 36404 42464 36424 36434 36444 36454 42464
36374 36384 36394 36404 42464 36424 36434 36444 36454 42464
36374 36384 36394 42474 42474 42484 36434 42484 36454 42474
36374 36384 36394 42474 42474 42484 36434 42484 36454 42474
36374 36384 36394 42474 42474 42484 36434 42484 36454 42474
36374 36384 36394 42474 42474 42484 36434 42484 36454 42474
36374 36384 36394 36404 36414 36424 36434 36444 36454 43154
36374 36384 36394 42494 36414 36424 36434 36444 36454 43154
36374 36384 36394 42494 36414 42524 36434 42524 36454 43154
36374 36384 36394 36404 36414 36424 36434 36444 36454 43154
36374 36384 36394 36404 36414 36424 36434 36444 36454 43154
36374 36384 36394 36404 36414 42524 36434 42524 36454 43154
36374 42504 42504 42504 42504 42504 36434 42504 36454 43154
36374 42504 42504 42504 42504 42504 36434 42504 36454 43154
36374 43144 43144 43144 43144 43144 36434 43144 36454 43154
36374 43144 43144 43144 43144 43144 36434 43144 36454 43154
36374 36384 36394 36404 36414 36424 36434 36444 36454 43154
36374 42514 42514 42514 42514 42514 36434 42514 42514 42514
36374 36384 36394 36404 36414 36424 36434 36444 36454 43154
36374 36384 36394 36404 36414 36424 36434 36444 36454 43154
36374 36384 36394 36404 36414 36424 36434 36444 36454 43154
36374 36384 36394 42524 42524 36424 36434 42524 36454 43154
36374 36384 36394 42524 42524 36424 36434 42524 36454 43154
36374 36384 36394 36404 36414 36424 36434 36444 36454 43154
36374 36384 36394 42524 42524 36424 36434 42524 36454 43154
36374 36384 36394 42524 42524 36424 36434 42524 36454 43154
36374 36384 36394 36404 36414 36424 36434 42534 36454 43154
36374 36384 36394 36404 36414 36424 36434 42534 36454 43154
36374 36384 36394 42544 42544 42554 36434 42554 36454 42544
36374 36384 36394 42544 42544 42554 36434 42554 36454 42544
36374 36384 36394 42544 42544 42554 36434 42554 36454 42544
36374 36384 36394 42544 42544 42554 36434 42554 36454 42544
36374 36384 36394 42544 42544 42554 36434 42554 36454 42544
36374 36384 36394 36404 36414 36424 36434 36444 36454 43154
36374 36384 36394 36404 36414 36424 36434 36444 36454 43154
36374 36384 36394 36404 36414 36424 36434 36444 36454 43154
36374 36384 36394 36404 36414 36424 36434 36444 36454 43154
36374 36384 36394 36404 36414 36424 36434 36444 36454 43154
36374 36384 36394 42564 36414 42564 36434 42564 36454 43154
36374 36384 36394 42564 36414 42564 36434 42564 36454 43154
36374 36384 36394 36404 42574 36424 36434 36444 36454 43154
