0 0 0
1 0 1
2 0 2
3 0 3
4 0 4
5 0 5
6 0 6
7 0 7
8 0 8
9 0 9
10 0 10
11 0 11
0 0 0
12 0 12
13 1 13
14 1 14
15 1 15
16 1 16
17 1 17
18 1 18
19 1 19
20 1 20
21 1 21
13 1 13
22 1 22
23 1 23
24 1 24
25 1 25
26 1 26
27 1 27
0 0 0
1 0 1
2 0 2
3 1 3
4 2 4
5 0 5
6 3 6
7 4 7
8 0 8
9 0 9
10 0 10
11 0 11
12 0 12
13 0 13
14 5 14
15 6 15
16 7 16
17 8 17
18 9 18
19 5 19
20 10 20
21 5 21
22 5 22
23 5 23
24 5 24
25 5 25
26 5 26
27 5 27
28 5 28
29 5 29
30 5 30
31 5 31
32 5 32
33 5 33
34 5 34
35 5 35
36 5 36
37 5 37
35 5 35
36 5 36
37 5 37
38 5 38
39 5 39
40 5 40
41 5 41
42 11 42
43 12 43
44 6 15
45 7 16
46 11 42
47 5 44
48 5 45
49 5 46
50 5 44
51 5 47
46 11 42
53 13 48
53 13 48
54 5 49
55 5 50
56 5 51
57 14 52
58 15 53
59 5 54
60 5 55
61 5 56
62 5 57
0 0 0
1 0 1
2 0 2
3 1 3
4 2 4
5 0 5
6 3 6
7 4 7
8 0 8
9 0 9
10 0 10
11 0 11
12 0 12
13 0 13
14 5 14
15 6 15
16 7 16
17 8 17
18 9 18
19 10 19
20 11 20
21 12 21
22 13 22
23 5 23
24 5 24
25 5 25
26 5 26
27 5 27
28 5 28
29 5 29
30 5 30
31 5 31
32 5 32
33 5 33
34 5 34
35 5 35
36 5 36
37 5 37
38 5 38
39 5 39
37 5 37
38 5 38
39 5 39
40 5 40
41 5 41
42 5 42
43 5 43
44 14 44
45 15 45
46 16 46
47 17 47
48 18 48
49 19 49
50 20 50
51 19 49
52 21 51
53 22 52
54 23 53
55 24 54
56 25 55
57 26 56
58 27 57
59 25 55
60 26 56
61 28 58
62 29 59
63 30 60
64 27 57
65 25 55
66 26 56
67 31 61
68 27 57
69 25 55
70 26 56
71 32 62
72 33 63
73 27 57
74 25 55
75 26 56
76 34 64
77 27 57
78 19 49
79 35 65
80 5 66
0 0 0
5 0 5
6 1 6
11 1 11
12 4 12
13 1 13
14 1 14
15 5 15
16 1 16
1 0 1
2 0 2
3 0 3
4 0 4
43 1 41
44 1 42
7 1 7
8 1 8
9 2 9
10 3 10
17 6 17
18 7 18
19 1 19
20 8 20
21 9 21
22 1 22
23 1 23
24 1 24
25 1 25
47 1 45
49 1 47
50 1 48
29 1 29
30 1 30
31 1 31
32 1 32
33 1 33
34 1 34
35 1 35
36 1 38
37 1 39
38 1 40
36 1 38
37 1 39
38 1 40
39 1 36
40 1 37
41 1 31
42 1 32
26 1 26
27 1 27
28 1 28
45 1 43
46 1 44
48 1 46
51 10 49
52 10 50
54 20 92
55 21 93
56 11 51
57 12 52
58 13 53
59 1 54
60 2 55
61 12 56
62 13 57
63 1 58
64 2 59
65 12 60
66 14 61
67 15 62
68 16 63
69 17 64
70 12 65
71 13 66
72 1 67
73 1 68
74 1 69
75 1 70
76 1 71
77 1 72
78 1 73
79 1 74
80 1 75
81 1 76
82 1 77
83 1 78
84 1 79
85 1 80
86 1 81
87 1 82
88 1 83
89 1 84
90 19 85
91 20 86
92 21 87
93 1 88
94 18 89
95 1 90
96 19 91
97 20 92
98 21 93
99 22 94
100 23 95
101 24 96
102 1 97
