84631
84631
84631
84631
84631
84631
84631
84631
84631
84631
84631
84631
84631
84631
84631
84631
84631
84631
84631
84631
84631
84631
84631
84631
84631
84631
84631
84631
84631
84631
11222 11272 11282 11292 11302 11312 11322
11222 11272 11282 11292 11302 11312 11322
11222 11272 11282 11292 11302 11312 11322
11222 11272 11282 11292 11302 11312 11322
11222 11272 11282 11292 11302 11312 11322
11222 11272 11282 11292 11302 11312 11322
11222 11272 11282 11292 11302 11312 11322
11222 11272 11282 11292 11302 11312 11322
11222 11272 11282 11292 11302 11312 11322
11222 11272 11282 11292 11302 11312 11322
11222 11272 11282 11292 11302 11312 11322
11222 11272 11282 11292 11302 11312 11322
11222 11272 11282 11292 11302 11312 11322
11222 11272 11282 11292 11302 11312 11322
11222 11272 11282 11292 11302 11312 11322
11222 11272 11282 11292 11302 11312 11322
11222 11272 11282 11292 33382 11312 11322
11222 11272 11282 11292 33382 11312 11322
11222 11272 11282 11292 11302 11312 11322
11222 11272 11282 11292 11302 11312 11322
11222 11272 11282 11292 11302 11312 11322
11222 11272 11282 11292 11302 11312 11322
11222 11272 11282 11292 11302 11312 11322
11222 11272 11282 11292 11302 11312 11322
11222 11272 11282 11292 11302 11312 11322
11222 11272 11282 11292 11302 11312 11322
11222 11272 11282 11292 11302 11312 11322
11222 11272 11282 11292 11302 11312 11322
11222 11272 11282 11292 11302 11312 11322
11222 11272 11282 11292 11302 11312 11322
11222 11272 11282 11292 11302 11312 11322
11222 11272 11282 11292 11302 11312 11322
11222 11272 11282 11292 11302 11312 11322
11222 11272 11282 11292 11302 11312 11322
11222 11272 11282 11292 11302 11312 11322
11222 11272 11282 11292 11302 11312 11322
11222 11272 11282 11292 11302 11312 11322
11222 11272 11282 11292 11302 11312 11322
11222 11272 11282 11292 11302 11312 11322
11222 11272 11282 11292 11302 11312 11322
11222 11272 11282 11292 11302 11312 11322
11222 11272 11282 11292 11302 11312 11322
11222 11272 11282 11292 11302 11312 11322
11222 11272 11282 11292 11302 11312 11322
11222 11272 11282 11292 11302 11312 11322
11232 11232 11232 11232 11232 11232 11232
11242 11242 11242 11242 11242 11242 11242
11222 11272 11282 11292 11302 11312 11322
11252 11252 11252 11252 33382 11252 11252
11252 11252 11252 11252 11252 11252 11252
11222 11272 11282 11292 11302 11312 11322
11222 11272 11282 11292 11302 11312 11322
11222 11272 11282 11292 11302 11312 11322
11222 11272 11282 11292 11302 11312 11322
11222 11272 11282 11292 11302 11312 11322
11262 11262 11262 11262 11262 11262 11262
11262 11262 11262 11262 11262 11262 11262
11262 11262 11262 11262 11262 11262 11262
11222 11272 11282 11292 11302 11312 11322
11222 11272 11282 11292 11302 11312 11322
11222 11272 11282 11292 11302 11312 11322
11222 11272 11282 11292 11302 11312 11322
11222 11272 11282 11292 11302 11312 11322
11222 11272 11282 11292 11302 11312 11322
11222 11272 11282 11292 11302 11312 11322
11222 11272 11282 11292 11302 11312 11322
11222 11272 11282 11292 11302 11312 11322
18983 18993 19003 19013 19023 19033 19043 19053
18983 18993 19003 19013 19023 19033 19043 19053
18983 18993 19003 19013 19023 19033 19043 19053
18983 18993 19003 19013 19023 19033 19043 19053
18983 18993 19003 19013 19023 19033 19043 19053
18983 18993 19003 19013 19023 19033 19043 19053
18983 18993 19003 19013 19023 19033 19043 19053
18983 18993 19003 19013 19023 19033 19043 19053
18983 18993 19003 19013 19023 19033 19043 19053
18983 18993 19003 19013 19023 19033 19043 19053
18983 18993 19003 19013 19023 19033 19043 19053
18983 18993 19003 19013 19023 19033 19043 19053
18983 18993 19003 19013 19023 19033 19043 19053
18983 18993 19003 19013 19023 19033 19043 19053
18983 18993 19003 19013 19023 19033 19043 19053
18983 18993 19003 33473 33473 33473 19043 19053
18983 18993 19003 33473 33473 33473 19043 19053
18983 18993 19003 33473 33473 33473 19043 19053
18983 18993 19003 19013 19023 19033 19043 19053
18983 18993 19003 19013 19023 19033 19043 19053
18983 18993 19003 19013 19023 19033 19043 19053
18983 18993 19003 19013 19023 19033 19043 19053
18983 18993 19003 19013 19023 19033 19043 19053
18983 18993 19003 19013 19023 19033 19043 19053
18983 18993 19003 19013 19023 19033 19043 19053
18983 18993 19003 19013 19023 19033 19043 19053
18983 18993 19003 19013 19023 19033 19043 19053
18983 18993 19003 19013 19023 19033 19043 19053
18983 18993 19003 19013 19023 19033 19043 19053
18983 18993 19003 19013 19023 19033 19043 19053
18983 18993 19003 19013 19023 19033 19043 19053
18983 18993 19003 19013 19023 19033 19043 19053
18983 18993 19003 19013 19023 19033 19043 19053
18983 18993 19003 19013 19023 19033 19043 19053
18983 18993 19003 19013 19023 19033 19043 19053
18983 18993 19003 19013 19023 19033 19043 19053
18983 18993 19003 19013 19023 19033 19043 19053
18983 18993 19003 19013 19023 19033 19043 19053
18983 18993 19003 19013 19023 19033 19043 19053
18983 18993 19003 19013 19023 19033 19043 19053
18983 18993 19003 19013 19023 19033 19043 19053
18983 18993 19003 19013 19023 19033 19043 19053
18983 18993 19003 19013 19023 19033 19043 19053
18983 18993 19003 19013 19023 19033 19043 19053
18983 18993 19003 19013 19023 19033 19043 19053
18983 18993 19003 19013 19023 19033 19043 19053
18983 18993 19003 19013 19023 19033 19043 19053
19063 18993 19003 19063 19023 19033 19043 19063
19083 18993 19003 19083 19023 19033 19043 19083
18983 18993 19003 19013 19023 19033 19043 19053
19073 19073 19073 19073 19073 19073 19073 19073
19073 19073 19073 19073 19073 19073 19073 19073
19093 19093 19093 19093 19093 19033 19043 19053
18983 18993 19003 19013 19023 19033 19043 19053
19103 19103 19003 19103 19103 19033 19043 19053
18983 18993 19003 19013 19023 19033 19043 19053
19113 18993 19003 19113 19113 19113 19113 19113
19123 18993 19003 19123 19023 19033 19043 19123
19133 18993 19003 19013 19023 19033 19043 19133
19143 18993 19003 19143 19023 19033 19043 19053
18983 18993 19003 19013 19023 19033 19043 19053
18983 18993 19003 19013 19023 19033 19043 19053
19153 18993 19003 19153 19023 19033 19043 19053
18983 18993 19003 19013 19023 19033 19043 19053
19153 19153 19153 19153 19153 19153 19153 19153
19153 19153 19153 19153 19153 19153 19153 19153
19153 19153 19153 19153 19153 19153 19153 19153
18983 18993 19003 19013 19023 19033 19043 19053
19163 18993 19003 19163 19023 19033 19043 19053
18983 18993 19003 19013 19023 19033 19043 19053
19163 18993 19003 19013 19023 19033 19043 19163
18983 18993 19003 19013 19023 19033 19043 19053
19173 18993 19003 19173 19023 19033 19043 19053
18983 18993 19003 19013 19023 19033 19043 19053
18983 18993 19003 19013 19023 19033 19043 19053
18983 18993 19003 19013 19023 19033 19043 19053
18983 18993 19003 19013 19023 19033 19043 19053
19183 18993 19003 19183 19023 19033 19043 19053
18983 18993 19003 19013 19023 19033 19043 19053
19183 18993 19003 19183 19183 19183 19183 19183
18983 18993 19003 19013 19023 19033 19043 19053
19193 19193 19003 19193 19193 19033 19043 19053
18983 18993 19003 19013 19023 19033 19043 19053
18983 18993 19003 19013 19023 19033 19043 19053
51164 51174 51184 51194 51204 51214 51224 51234
51164 51174 51184 51194 51204 51214 51224 51234
51164 51174 51184 51194 51204 51214 51224 51234
51164 51174 51184 51194 51204 51214 51224 51234
51164 51174 51184 51194 51204 51214 51224 51234
51164 51174 51184 51194 51204 51214 51224 51234
51164 51174 51184 51194 51204 51214 51224 51234
51164 51174 51184 51194 51204 51214 51224 51234
51164 51174 51184 51194 51204 51214 51224 51234
51164 51174 51184 51194 51204 51214 51224 51234
51164 51174 51184 51194 51204 51214 51224 51234
51164 51174 51184 51194 51204 51214 51224 51234
51164 51174 51184 51194 51204 51214 51224 51234
51164 51174 51184 51194 51204 51214 51224 51234
51164 51174 51184 51194 51204 51214 51224 51234
51164 51174 51184 51194 51204 51214 51224 51234
51164 51174 51184 51194 51204 51214 51224 51234
51164 51174 51184 51194 51204 51214 51224 51234
51164 51174 51184 51194 51204 51214 51224 51234
51164 51174 51184 51194 51204 51214 51224 51234
51164 51174 51184 51194 51204 51214 51224 51234
51164 51174 51184 51194 51204 51214 51224 51234
51164 51174 51184 51194 51204 51214 51224 51234
51164 51174 51184 51194 51204 51214 51224 51234
51164 51174 51184 51194 51204 51214 51224 51234
51164 51174 51184 51194 51204 51214 51224 51234
51164 51174 51184 51194 51204 51214 51224 51234
51164 51174 51184 51194 51204 51214 51224 51234
51164 51174 51184 51194 51204 51214 51224 51234
51164 51174 51184 51194 51204 51214 51224 51234
51164 51174 51184 51194 51204 51214 51224 51234
51164 51174 51184 51194 51204 51214 51224 51234
51164 51174 51184 51194 51204 51214 51224 51234
51164 51174 51184 51194 51204 51214 51224 51234
51164 51174 51184 51194 51204 51214 51224 51234
51164 51174 51184 51194 51204 51214 51224 51234
51164 51174 51184 51194 51204 51214 51224 51234
51164 51174 51184 51194 51204 51214 51224 51234
51164 51174 51184 51194 51204 51214 51224 51234
51164 51174 51184 51194 51204 51214 51224 51234
51164 51174 51184 51194 51204 51214 51224 51234
51164 51174 51184 51194 51204 51214 51224 51234
51164 51174 51184 51194 51204 51214 51224 51234
51164 51174 51184 51194 51204 51214 51224 51234
51164 51174 51184 51194 51204 51214 51224 51234
51164 51174 51184 51194 51204 51214 51224 51234
51164 51174 51184 51194 51204 51214 51224 51234
51164 51174 51184 51194 51204 51214 51224 51234
51164 51174 51184 51194 51204 51214 51224 51234
51164 51174 51184 51194 51204 51214 51224 51234
51164 51174 51184 51194 51204 51214 51224 51234
51164 51174 51184 51194 51204 51214 51224 51234
51164 51174 51184 51194 51204 51214 51224 51234
51164 51174 51184 51194 51204 51214 51224 51234
51164 51244 51244 51194 51204 51214 51224 51244
51164 51244 51244 51194 51204 51214 51224 51244
51164 51294 51294 51294 51294 51214 51224 51234
51164 51294 51294 51294 51294 51214 51224 51234
51164 51174 51184 51194 51204 51214 51224 51234
51164 51254 51254 51254 51254 51254 51254 51234
51164 51254 51254 51254 51254 51254 51254 51234
51164 51174 51184 51194 51204 51214 51224 51234
51164 51264 51264 51264 51264 51264 51264 51234
51164 51254 51254 51254 51254 51254 51254 51234
51164 51254 51254 51254 51254 51254 51254 51234
51164 51174 51184 51194 51204 51214 51224 51234
51164 51264 51264 51264 51264 51264 51264 51234
51164 51254 51254 51254 51254 51254 51254 51234
51164 51274 51274 51274 51274 51274 51274 51234
51164 51174 51184 51194 51204 51214 51224 51234
51164 51254 51254 51254 51254 51254 51254 51234
51164 51274 51274 51274 51274 51274 51274 51234
51164 51254 51254 51254 51254 51254 51254 51234
51164 51254 51254 51254 51254 51254 51254 51234
51164 51174 51184 51194 51204 51214 51224 51234
51164 51174 51184 51194 51204 51214 51224 51234
51164 51174 51184 51194 51204 51214 51224 51234
51164 51174 51184 51194 51204 51214 51224 51234
51164 51174 51184 51194 51204 51214 51224 51234
51164 51174 51184 51194 51204 51214 51224 51234
51164 51174 51184 51194 51204 51214 51224 51234
51164 51174 51184 51194 51204 51214 51224 51234
51164 51174 51184 51194 51204 51214 51224 51234
51164 51174 51184 51194 51204 51214 51224 51234
51164 51174 51184 51194 51204 51214 51224 51234
51164 51174 51184 51194 51204 51214 51224 51234
51164 51174 51184 51194 51204 51214 51224 51234
51164 51174 51184 51194 51204 51214 51224 51234
51164 51174 51184 51194 51204 51214 51224 51234
51164 51174 51184 51194 51204 51214 51224 51234
51164 51174 51184 51194 51204 51214 51224 51234
51164 51174 51184 51194 51204 51214 51224 51234
51164 51294 51294 51294 51294 51214 51224 51234
51164 51294 51294 51294 51294 51214 51224 51234
51164 51294 51294 51294 51294 51214 51224 51234
51164 51174 51184 51194 51204 51214 51224 51234
51164 51174 51184 51194 51204 51284 51224 51284
51164 51174 51184 51194 51204 51214 51224 51234
51164 51294 51294 51294 51294 51214 51224 51234
51164 51294 51294 51294 51294 51214 51224 51234
51164 51294 51294 51294 51294 51214 51224 51234
51164 51294 51294 51294 51294 51214 51224 51234
51164 51294 51294 51294 51294 51214 51224 51234
51164 51294 51294 51294 51294 51214 51224 51234
51164 51174 51184 51194 51204 51214 51224 51234
