38791
38791
38791
38791
38791
38791
38791
38791
38791
38791
38791
38791
38791
38791
38791
38791
38791
38791
38791
38791
38791
38791
38791
38791
38791
38791
38791
38791
38791
38791
3212 13272 13282 13292 13302 13312 13322
3212 13272 13282 13292 13302 13312 13322
3212 13272 13282 13292 13302 13312 13322
3212 13272 13282 13292 13302 13312 13322
3212 13272 13282 13292 13302 13312 13322
3212 13272 13282 13292 13302 13312 13322
3212 13272 13282 13292 13302 13312 13322
3212 13272 13282 13292 13302 13312 13322
3212 13272 13282 13292 13302 13312 13322
3212 13272 13282 13292 13302 13312 13322
3212 13272 13282 13292 13302 13312 13322
3212 13272 13282 13292 13302 13312 13322
3212 13272 13282 13292 13302 13312 13322
3212 13272 13282 13292 13302 13312 13322
3212 13272 13282 13292 13302 13312 13322
3212 13272 13282 13292 13302 13312 13322
3212 13272 13282 13292 13302 13312 13322
3212 13272 13282 13292 13302 13312 13322
3212 13272 13282 13292 13302 13312 13322
3212 13272 13282 13292 13302 13312 13322
3212 13272 13282 13292 13302 13312 13322
3212 13272 13282 13292 13302 13312 13322
3212 13272 13282 13292 13302 13312 13322
3212 13272 13282 13292 13302 13312 13322
3212 13272 13282 13292 13302 13312 13322
3212 13272 13282 13292 13302 13312 13322
3212 13272 13282 13292 13302 13312 13322
3212 13272 13282 13292 13302 13312 13322
3212 13272 13282 13292 13302 13312 13322
3212 13272 13282 13292 13302 13312 13322
3212 13272 13282 13292 13302 13312 13322
3212 13272 13282 13292 13302 13312 13322
3212 13272 13282 13292 13302 13312 13322
3212 13272 13282 13292 13302 13312 13322
3212 13272 13282 13292 13302 13312 13322
3212 13272 13282 13292 13302 13312 13322
3212 13272 13282 13292 13302 13312 13322
3212 13272 13282 13292 13302 13312 13322
3212 13272 13282 13292 13302 13312 13322
3212 13272 13282 13292 13302 13312 13322
3212 13272 13282 13292 13302 13312 13322
3212 13272 13282 13292 13302 13312 13322
3212 13272 13282 13292 13302 13312 13322
3212 13272 13282 13292 13302 13312 13322
3212 13272 13282 13292 13302 13312 13322
3212 13272 13282 13292 13302 13312 13322
3212 13272 13282 13292 13302 13312 13322
3212 13272 13282 13292 13302 13312 13322
3212 13272 13282 13292 13302 13312 13322
3212 13272 13282 13292 13302 13312 13322
3212 13272 13282 13292 13302 13312 13322
3212 13272 13282 13292 13302 13312 13322
3212 13272 13282 13292 13302 13312 13322
3212 13272 13282 13292 13302 13312 13322
3212 13272 13282 13292 13302 13312 13322
3212 13272 13282 13292 13302 13312 13322
3212 13272 13282 13292 13302 13312 13322
3212 13272 13282 13292 13302 13312 13322
3212 13272 13282 13292 13302 13312 13322
3212 13272 13282 13292 13302 13312 13322
3212 13272 13282 13292 13302 13312 13322
3212 13272 13282 13292 13302 13312 13322
3212 13272 13282 13292 13302 13312 13322
3212 13272 13282 13292 13302 13312 13322
3212 13272 13282 13292 13302 13312 13322
3212 13272 13282 13292 13302 13312 13322
3212 13272 13282 13292 13302 13312 13322
7163 7173 7183 7193 7203 7213 7223 7233
7163 7173 7183 7193 7203 7213 7223 7233
7163 7173 7183 7193 7203 7213 7223 7233
7163 7173 7183 7193 7203 7213 7223 7233
7163 7173 7183 7193 7203 7213 7223 7233
7163 7173 7183 7193 7203 7213 7223 7233
7163 7173 7183 7193 7203 7213 7223 7233
7163 7173 7183 7193 7203 7213 7223 7233
7163 7173 7183 7193 7203 7213 7223 7233
7163 7173 7183 7193 7203 7213 7223 7233
7163 7173 7183 7193 7203 7213 7223 7233
7163 7173 7183 7193 7203 7213 7223 7233
7163 7173 7183 7193 7203 7213 7223 7233
7163 7173 7183 7193 7203 7213 7223 7233
7163 7173 7183 7193 7203 7213 7223 7233
7163 7173 7183 7193 7203 7213 7223 7233
7163 7173 7183 7193 7203 7213 7223 7233
7163 7173 7183 7193 7203 7213 7223 7233
7163 7173 7183 7193 7203 7213 7223 7233
7163 7173 7183 7193 7203 7213 7223 7233
7163 7173 7183 7193 7203 7213 7223 7233
7163 7173 7183 7193 7203 7213 7223 7233
7163 7173 7183 7193 7203 7213 7223 7233
7163 7173 7183 7193 7203 7213 7223 7233
7163 7173 7183 7193 7203 7213 7223 7233
7163 7173 7183 7193 7203 7213 7223 7233
7163 7173 7183 7193 7203 7213 7223 7233
7163 7173 7183 7193 7203 7213 7223 7233
7163 7173 7183 7193 7203 7213 7223 7233
7163 7173 7183 7193 7203 7213 7223 7233
7163 7173 7183 7193 7203 7213 7223 7233
7163 7173 7183 7193 7203 7213 7223 7233
7163 7173 7183 7193 7203 7213 7223 7233
7163 7173 7183 7193 7203 7213 7223 7233
7163 7173 7183 7193 7203 7213 7223 7233
7163 7173 7183 7193 7203 7213 7223 7233
7163 7173 7183 7193 7203 7213 7223 7233
7163 7173 7183 7193 7203 7213 7223 7233
7163 7173 7183 7193 7203 7213 7223 7233
7163 7173 7183 7193 7203 7213 7223 7233
7163 7173 7183 7193 7203 7213 7223 7233
7163 7173 7183 7193 7203 7213 7223 7233
7163 7173 7183 7193 7203 7213 7223 7233
7163 7173 7183 7193 7203 7213 7223 7233
7163 7173 7183 7193 7203 7213 7223 7233
7163 7173 7183 7193 7203 7213 7223 7233
7163 7173 7183 7193 7203 7213 7223 7233
7163 7173 7183 7193 7203 7213 7223 7233
7163 7173 7183 7193 7203 7213 7223 7233
7163 7173 7183 7193 7203 7213 7223 7233
7163 7173 7183 7193 7203 7213 7223 7233
7163 7173 7183 7193 7203 7213 7223 7233
7163 7173 7183 7193 7203 7213 7223 7233
7163 7173 7183 7193 7203 7213 7223 7233
7163 7173 7183 7193 7203 7213 7223 7233
7163 7173 7183 7193 7203 7213 7223 7233
7163 7173 7183 7193 7203 7213 7223 7233
7163 7173 7183 7193 7203 7213 7223 7233
7163 7173 7183 7193 7203 7213 7223 7233
7163 7173 7183 7193 7203 7213 7223 7233
7243 7173 7183 7243 7203 7213 7223 7233
7163 7173 7183 7193 7203 7213 7223 7233
7163 7173 7183 7193 7203 7213 7223 7233
7243 7173 7183 7243 7203 7213 7223 7233
7243 7173 7183 7243 7203 7213 7223 7233
7243 7173 7183 7243 7203 7213 7223 7233
7243 7173 7183 7243 7203 7213 7223 7233
7163 7173 7183 7193 7203 7213 7223 7233
7163 7173 7183 7193 7203 7213 7223 7233
7243 7173 7183 7243 7203 7213 7223 7233
7243 7173 7183 7243 7203 7213 7223 7233
7163 7173 7183 7193 7203 7213 7223 7233
7163 7173 7183 7193 7203 7213 7223 7233
7243 7173 7183 7243 7203 7213 7223 7233
7243 7173 7183 7243 7203 7213 7223 7233
7243 7173 7183 7243 7203 7213 7223 7233
7163 7173 7183 7193 7203 7213 7223 7233
7163 7173 7183 7193 7203 7213 7223 7233
7243 7173 7183 7243 7203 7213 7223 7233
7243 7173 7183 7243 7203 7213 7223 7233
7163 7173 7183 7193 7203 7213 7223 7233
7163 7173 7183 7193 7203 7213 7223 7233
7163 7173 7183 7193 7203 7213 7223 7233
7163 7173 7183 7193 7203 7213 7223 7233
24474 24484 24494 24504 24514 24524 24534
24474 24484 24494 24504 24514 24524 24534
24474 24484 24494 24504 24514 24524 24534
24474 24484 24494 24504 24514 24524 24534
24474 24484 24494 24504 24514 24524 24534
24474 24484 24494 24504 24514 24524 24534
24474 24484 24494 24504 24514 24524 24534
24474 24484 24494 24504 24514 24524 24534
24474 24484 24494 24504 24514 24524 24534
24474 24484 24494 24504 24514 24524 24534
24474 24484 24494 24504 24514 24524 24534
24474 24484 24494 24504 24514 24524 24534
24474 24484 24494 24504 24514 24524 24534
24474 24484 24494 24504 24514 24524 24534
24474 24484 24494 24504 24514 24524 24534
24474 24484 24494 24504 24514 24524 24534
24474 24484 24494 24504 24514 24524 24534
24474 24484 24494 24504 24514 24524 24534
24474 24484 24494 24504 24514 24524 24534
24474 24484 24494 24504 24514 24524 24534
24474 24484 24494 24504 24514 24524 24534
24474 24484 24494 24504 24514 24524 24534
24474 24484 24494 24504 24514 24524 24534
24474 24484 24494 24504 24514 24524 24534
24474 24484 24494 24504 24514 24524 24534
24474 24484 24494 24504 24514 24524 24534
24474 24484 24494 24504 24514 24524 24534
24474 24484 24494 24504 24514 24524 24534
24474 24484 24494 24504 24514 24524 24534
24474 24484 24494 24504 24514 24524 24534
24474 24484 24494 24504 24514 24524 24534
24474 24484 24494 24504 24514 24524 24534
24474 24484 24494 24504 24514 24524 24534
24474 24484 24494 24504 24514 24524 24534
24474 24484 24494 24504 24514 24524 24534
24474 24484 24494 24504 24514 24524 24534
24474 24484 24494 24504 24514 24524 24534
24474 24484 24494 24504 24514 24524 24534
24474 24484 24494 24504 24514 24524 24534
24474 24484 24494 24504 24514 24524 24534
24474 24484 24494 24504 24514 24524 24534
24474 24484 24494 24504 24514 24524 24534
24474 24484 24494 24504 24514 24524 24534
24474 24484 24494 24504 24514 24524 24534
24474 24484 24494 24504 24514 24524 24534
24474 24484 24494 24504 24514 24524 24534
24474 24484 24494 24504 24514 24524 24534
24474 24484 24494 24504 24514 24524 24534
24474 24484 24494 24504 24514 24524 24534
24474 24484 24494 24504 24514 24524 24534
24474 24484 24494 24504 24514 24524 24534
24474 24484 24494 24504 24514 24524 24534
24474 24484 24494 24504 24514 24524 24534
24474 24484 24494 24504 24514 24524 24534
24474 24484 24494 24504 24514 24524 24534
24474 24484 24494 24504 24514 24524 24534
24474 24484 24494 24504 24514 24524 24534
24474 24484 24494 24504 24514 24524 24534
24474 24484 24494 24504 24514 24524 24534
24474 24484 24494 24504 24514 24524 24534
24474 24484 24494 24504 24514 24524 24534
24474 24484 24494 24504 24514 24524 24534
24474 24484 24494 24504 24514 24524 24534
24474 24484 24494 24504 24514 24524 24534
24474 24484 24494 24504 24514 24524 24534
24474 24484 24494 24504 24514 24524 24534
24474 24484 24494 24504 24514 24524 24534
24474 24484 24494 24504 24514 24524 24534
24474 24484 24494 24504 24514 24524 24534
24474 24484 24494 24504 24514 24524 24534
24474 24484 24494 24504 24514 24524 24534
24474 24484 24494 24504 24514 24524 24534
24474 24484 24494 24504 24514 24524 24534
24474 24484 24494 24504 24514 24524 24534
24474 24484 24494 24504 24514 24524 24534
24474 24484 24494 24504 24514 24524 24534
24474 24484 24494 24504 24514 24524 24534
24474 24484 24494 24504 24514 24524 24534
24474 24484 24494 24504 24514 24524 24534
24474 24484 24494 24504 24514 24524 24534
24474 24484 24494 24504 24514 24524 24534
24474 24484 24494 24504 24514 24524 24534
24474 24484 24494 24504 24514 24524 24534
24474 24484 24494 24504 24514 24524 24534
24474 24484 24494 24504 24514 24524 24534
24474 24484 24494 24504 24514 24524 24534
24474 24484 24494 24504 24514 24524 24534
24474 24484 24494 24504 24514 24524 24534
24474 24484 24494 24504 24514 24524 24534
24474 24484 24494 24504 24514 24524 24534
24474 24484 24494 24504 24514 24524 24534
24474 24484 24494 24504 24514 24524 24534
24474 24484 24494 24504 24514 24524 24534
24474 24484 24494 24504 24514 24524 24534
24474 24484 24494 24504 24514 24524 24534
24474 24544 24544 24544 24544 24544 24554
24474 24544 24544 24544 24544 24544 24554
24474 24544 24544 24544 24544 24544 24554
24474 24484 24494 24504 24514 24524 24534
24474 24484 24494 24504 24514 24524 24534
24474 24484 24494 24504 24514 24524 24534
24474 24484 24494 24504 24514 24524 24534
24474 24484 24494 24504 24514 24524 24534
24474 24484 24494 24504 24514 24524 24534
24474 24484 24494 24504 24514 24524 24534
