80 35 40 60 90 30 90 80 80
30 30 30 20 80 10 80 30 40
90 80 30 60 90 30 90 25 25
80 70 40 40 90 20 90 25 30
55 15 40 30 90 20 90 10 60
10 90 90 40 90 30 90 90 90
60 60 60 100 30 90 90 60 60
100 200 300 400 500 600 700 200 300
70 70 70 70 70 90 60 70 70
40 90 95 70 70 90 70 80 80
80 80 25 70 70 90 65 60 40
100 100 100 100 100 100 100 100 100
65 15 65 50 50 90 30 20 70
60 80 20 30 30 90 20 90 15
20 80 40 30 30 90 20 70 70
80 90 55 100 50 90 90 70 45
45 55 90 100 50 90 90 90 90
80 80 80 100 30 90 90 80 80
90 90 90 100 10 90 90 40 90
90 90 90 100 60 90 90 80 80
35 35 35 35 35 35 35 35 35
