84591
84591
84591
84591
84591
84591
84591
84591
84591
84591
84591
84591
84591
84591
84591
84591
84591
84591
84591
84591
84591
84591
84591
84591
84591
84591
84591
84591
84591
84591
21622 21632 21642 21652 21662
21622 21632 21642 21652 21662
21622 21632 21642 21652 21662
21622 21632 21642 21652 21662
21622 21632 21642 21652 21662
21622 21632 21642 21652 21662
21622 21632 21642 21652 21662
21622 21632 21642 21652 21662
21622 21632 21642 21652 21662
21622 21632 21642 21652 21662
21622 21632 21642 21652 21662
21622 21632 21642 21652 21662
21622 21632 21642 21652 21662
21622 21632 21642 21652 21662
21622 21632 21642 21652 21662
21622 21632 21642 21652 21662
21622 21632 21642 21652 21662
21622 21632 21642 21652 21662
21622 21632 21642 21652 21662
21622 21632 21642 21652 21662
21622 21632 21642 21652 21662
21622 21632 21642 21652 21662
21622 21632 21642 21652 21662
21622 21632 21642 21652 21662
21622 21632 21642 21652 21662
21622 21632 21642 21652 21662
21622 21632 21642 21652 21662
21622 21632 21642 21652 21662
21622 21632 21642 21652 21662
21622 21632 21642 21652 21662
21622 21632 21642 21652 21662
21622 21632 21642 21652 21662
21622 21632 21642 21652 21662
21622 21632 21642 21652 21662
21622 21632 21642 21652 21662
21622 21632 21642 21652 21662
21622 21632 21642 21652 21662
21622 21632 21642 21652 21662
21622 21632 21642 21652 21662
21622 21632 21642 21652 21662
21622 21632 21642 21652 21662
21622 21632 21642 21652 21662
21622 21632 21642 21652 21662
21622 21632 21642 21652 21662
21622 21632 21642 21652 21662
21622 21632 21642 21652 21662
21622 21632 21642 21652 21662
21622 21632 21642 21652 21662
21622 21632 21642 21652 21662
21622 21632 21672 21672 21672 21672
21622 21632 21672 21672 21672 21672
21622 21632 21672 21672 21672 21672
21622 21632 34792 34792 34792 34792
21622 21632 34792 34792 34792 34792
21622 21632 34792 34792 34792 34792
21622 21632 21682 21682 21682 21682
21622 21632 21682 21682 21682 21682
21622 21632 34802 34802 34802 34802
21622 21632 34802 34802 34802 34802
21622 21632 21642 21652 21662
21622 21632 21642 21652 21662
21622 21632 21642 21652 21662
21622 21632 21642 21652 21662
21622 21632 21642 21652 21662
21622 21632 21642 21652 21662
21622 21632 21642 21652 21662
21622 21632 21642 21652 21662
21622 21632 21642 21652 21662
21622 21632 21642 21652 21662
21622 21632 21642 21652 21662
21622 21632 21642 21652 21662
21622 21632 21642 21652 21662
49563 49563 49563
49563 49563 49563
49563 49563 49563
49563 49563 49563
49563 49563 49563
49563 49563 49563
49563 49563 49563
49563 49563 49563
49563 49563 49563
49563 49563 49563
49563 49563 49563
49563 49563 49563
49563 49563 49563
49563 49563 49563
49563 49563 49563
49563 49563 49563
49563 49563 49563
49563 49563 49563
49563 49563 49563
49563 49563 49563
49563 49563 49563
49563 49563 49563
49563 49563 49563
49563 49563 49563
49563 49563 49563
49563 49563 49563
49563 49563 49563
49563 49563 49563
49563 49563 49563
49563 49563 49563
49563 49563 49563
49563 49563 49563
