38751
38751
38751
38751
38751
38751
38751
38751
38751
38751
38751
38751
38751
38751
38751
38751
38751
38751
38751
38751
38751
38751
38751
38751
38751
38751
38751
38751
38751
38751
8242 8252 8262 8272 8282 8292 8302
8242 8252 8262 8272 8282 8292 8302
8242 8252 8262 8272 8282 8292 8302
8242 8252 8262 8272 8282 8292 8302
8242 8252 8262 8272 8282 8292 8302
8242 8252 8262 8272 8282 8292 8302
8242 8252 8262 8272 8282 8292 8302
8242 8252 8262 8272 8282 8292 8302
8242 8252 8262 8272 8282 8292 8302
8242 8252 8262 8272 8282 8292 8302
8242 8252 8262 8272 8282 8292 8302
8242 8252 8262 8272 8282 8292 8302
8242 8252 8262 8272 8282 8292 8302
8242 8252 8262 8272 8282 8292 8302
8242 8252 8262 8272 8282 8292 8302
8242 8252 8262 8272 8282 8292 8302
8242 8252 8262 8272 8282 8292 8302
8242 8252 8262 8272 8282 8292 8302
8242 8252 8262 8272 8282 8292 8302
8242 8252 8262 8272 8282 8292 8302
8242 8252 8262 8272 8282 8292 8302
8242 8252 8262 8272 8282 8292 8302
8242 8252 8262 8272 8282 8292 8302
8242 8252 8262 8272 8282 8292 8302
8242 8252 8262 8272 8282 8292 8302
8242 8252 8262 8272 8282 8292 8302
8242 8252 8262 8272 8282 8292 8302
8242 8252 8262 8272 8282 8292 8302
8242 8252 8262 8272 8282 8292 8302
8242 8252 8262 8272 8282 8292 8302
8242 8252 8262 8272 8282 8292 8302
8242 8252 8262 8272 8282 8292 8302
8242 8252 8262 8272 8282 8292 8302
8242 15542 8262 15542 15542 8292 8302 15542
8242 15542 8262 15542 15542 8292 8302 15542
8242 15542 8262 15542 15542 8292 8302 15542
8242 15542 8262 15542 15542 8292 8302 15542
8242 15542 8262 15542 15542 8292 8302 15542
8242 15542 8262 15542 15542 8292 8302 15542
8242 8252 8262 8272 8282 8292 8302
8242 8252 8262 8272 8282 8292 8302
8242 8252 8262 8272 8282 8292 8302
8242 8252 8262 8272 8282 8292 8302
8242 8252 8262 8272 8282 8292 8302
8242 8252 8262 8272 8282 8292 8302
8242 8252 8262 8272 8282 8292 8302
8242 8252 8262 8272 8282 8292 8302
8242 8252 8262 8272 8282 8292 8302
8242 8252 8262 8272 8282 8292 8302
8242 8252 8262 8272 8282 8292 8302
8242 8252 8262 8272 8282 8292 8302
8242 8252 8262 8272 8282 8292 8302
8242 8252 8262 8272 8282 8292 8302
8242 8252 8262 8272 8282 8292 8302
8242 8252 8262 8272 8282 8292 8302
8242 8252 8262 8272 8282 8292 8302
8242 8252 8262 8272 8282 8292 8302
8242 8252 8262 8272 8282 8292 8302
8242 8252 8262 8272 8282 8292 8302
8242 8252 8262 8272 8282 8292 8302
8242 8252 8262 8272 8282 8292 8302
8242 8252 8262 8272 8282 8292 8302
8242 8252 8262 8272 8282 8292 8302
8242 8252 8262 8272 8282 8292 8302
8242 8252 8262 8272 8282 8292 8302
8242 8252 8262 8272 8282 8292 8302
8242 8252 8262 8272 8282 8292 8302
8242 8252 8262 8272 8282 8292 8302
8242 8252 8262 8272 8282 8292 8302
8242 8252 8262 8272 8282 8292 8302
8242 8252 8262 8272 8282 8292 8302
8242 8252 8262 8272 8282 8292 8302
23643
23643
23643
23643
23643
23643
23643
23643
23643
23643
23643
23643
23643
23643
23643
23643
23643
23643
23643
23643
23643
23643
23643
23643
23643
23643
23643
23643
23643
23643
23643
23643
