84611
84611
84611
84611
84611
84611
84611
84611
84611
84611
84611
84611
84611
84611
84611
84611
84611
84611
84611
84611
84611
84611
84611
84611
84611
84611
84611
84611
84611
84611
7072 7122 7132 7142
7072 7122 7132 7142
7072 7122 7132 7142
7072 7122 7132 7142
7072 7122 7132 7142
7072 7122 7132 7142
7072 7122 7132 7142
7072 7122 7132 7142
7072 7122 7132 7142
7072 7122 7132 7142
7072 7122 7132 7142
7072 7122 7132 7142
7072 7122 7132 7142
7072 7122 7132 7142
7072 7122 7132 7142
7072 7122 7132 7142
7072 7122 7132 7142
7072 7122 7132 7142
7072 7122 7132 7142
7072 7122 7132 7142
7072 7122 7132 7142
7072 7122 7132 7142
7072 7122 7132 7142
7072 7122 7132 7142
7072 7122 7132 7142
7072 7122 7132 7142
7072 7122 7132 7142
7072 7122 7132 7142
7072 7122 7132 7142
7072 7122 7132 7142
7072 7122 7132 7142
7072 7122 7132 7142
7072 7122 7132 7142
7072 7122 7132 7142
7072 7122 7132 7142
7072 7122 7132 7142
7072 7122 7132 7142
7072 7122 7132 7142
7082 7082 7082 7082
7092 7092 7092 7092
7072 7122 7132 7142
7102 7102 7102 7102
7102 7102 7102 7102
7072 7122 7132 7142
7072 7122 7132 7142
7112 7112 7112 7112
7072 7122 7132 7142
7072 7122 7132 7142
7072 7122 7132 7142
7072 7122 7132 7142
10453 10503 10513 10523 10533 10543 10553
10453 10503 10513 10523 10533 10543 10553
10453 10503 10513 10523 10533 10543 10553
10453 10503 10513 10523 10533 10543 10553
10453 10503 10513 10523 10533 10543 10553
10453 10503 10513 10523 10533 10543 10553
10453 10503 10513 10523 10533 10543 10553
10453 10503 10513 10523 10533 10543 10553
10453 10503 10513 10523 10533 10543 10553
10453 10503 10513 10523 10533 10543 10553
10453 10503 10513 10523 10533 10543 10553
10453 10503 10513 10523 10533 10543 10553
10453 10503 10513 10523 10533 10543 10553
10453 10503 10513 10523 10533 10543 10553
10453 10503 10513 10523 10533 10543 10553
10453 10503 10513 10523 10533 10543 10553
10453 10503 10513 10523 33313 10543 10553
10453 10503 10513 10523 33313 10543 10553
10453 10503 10513 10523 10533 10543 10553
10453 10503 10513 10523 10533 10543 10553
10453 10503 10513 10523 10533 10543 10553
10453 10503 10513 10523 10533 10543 10553
10453 10503 10513 10523 10533 10543 10553
10453 10503 10513 10523 10533 10543 10553
10453 10503 10513 10523 10533 10543 10553
10453 10503 10513 10523 10533 10543 10553
10453 10503 10513 10523 10533 10543 10553
10453 10503 10513 10523 10533 10543 10553
10453 10503 10513 10523 10533 10543 10553
10453 10503 10513 10523 10533 10543 10553
10453 10503 10513 10523 10533 10543 10553
10453 10503 10513 10523 10533 10543 10553
10453 10503 10513 10523 10533 10543 10553
10453 10503 10513 10523 10533 10543 10553
10453 10503 10513 10523 10533 10543 10553
10453 10503 10513 10523 10533 10543 10553
10453 10503 10513 10523 10533 10543 10553
10453 10503 10513 10523 10533 10543 10553
10453 10503 10513 10523 10533 10543 10553
10453 10503 10513 10523 10533 10543 10553
10453 10503 10513 10523 10533 10543 10553
10453 10503 10513 10523 10533 10543 10553
10453 10503 10513 10523 10533 10543 10553
10453 10503 10513 10523 10533 10543 10553
10453 10503 10513 10523 10533 10543 10553
10463 10463 10463 10463 10463 10463 10463
10473 10473 10473 10473 10473 10473 10473
10453 10503 10513 10523 10533 10543 10553
10483 10483 10483 10483 33313 10483 10483
10483 10483 10483 10483 10483 10483 10483
10453 10503 10513 10523 10533 10543 10553
10453 10503 10513 10523 10533 10543 10553
10453 10503 10513 10523 10533 10543 10553
10453 10503 10513 10523 10533 10543 10553
10453 10503 10513 10523 10533 10543 10553
10493 10493 10493 10493 10493 10493 10493
10493 10493 10493 10493 10493 10493 10493
10493 10493 10493 10493 10493 10493 10493
10453 10503 10513 10523 10533 10543 10553
10453 10503 10513 10523 10533 10543 10553
10453 10503 10513 10523 10533 10543 10553
10453 10503 10513 10523 10533 10543 10553
10453 10503 10513 10523 10533 10543 10553
10453 10503 10513 10523 10533 10543 10553
10453 10503 10513 10523 10533 10543 10553
10453 10503 10513 10523 10533 10543 10553
10453 10503 10513 10523 10533 10543 10553
12444 12454 12464 12474 12484 29674
12444 12454 12464 12474 12484 29674
12444 12454 12464 12474 12484 29674
12444 12454 12464 12474 12484 29674
12444 12454 12464 12474 12484 29674
12444 12454 12464 12474 12484 29674
12444 12454 12464 12474 12484 29674
12444 12454 12464 12474 12484 29674
12444 12454 12464 12474 12484 29674
12444 12454 12464 12474 12484 29674
12444 12454 12464 12474 12484 29674
12444 12454 12464 12474 12484 29674
12444 12454 12464 12474 12484 29674
12444 12454 12464 12474 12484 29674
12444 12454 12464 12474 12484 29674
12444 33844 12464 33844 12484 29674
12444 33844 12464 33844 12484 29674
12444 33844 12464 33844 12484 29674
12444 12454 12464 12474 12484 29674
12444 12454 12464 12474 12484 29674
12444 12454 12464 12474 12484 29674
12444 12454 12464 12474 12484 29674
12444 12454 12464 12474 12484 29674
12444 12454 12464 12474 12484 29674
12444 12454 12464 12474 12484 29674
12444 12454 12464 12474 12484 29674
12444 12454 12464 12474 12484 29674
12444 12454 12464 12474 12484 29674
12444 12454 12464 12474 12484 29674
12444 12454 12464 12474 12484 29674
12444 12454 12464 12474 12484 29674
12444 12454 12464 12474 12484 29674
12444 12454 12464 12474 12484 29674
12444 12454 12464 12474 12484 29674
12444 12454 12464 12474 12484 29674
12444 12454 12464 12474 12484 29674
12444 12454 12464 12474 12484 29674
12444 12454 12464 12474 12484 29674
12444 12454 12464 12474 12484 29674
12444 12454 12464 12474 12484 29674
12444 12454 12464 12474 12484 29674
12444 12454 12464 12474 12484 29674
12444 12454 12464 12474 12484 29674
12444 12454 12464 12474 12484 29674
12444 12454 12464 12474 12484 29674
12444 12454 12464 12474 12484 29674
12444 12454 12464 12474 12484 29674
12494 12494 12494 12494 12494 29674
12444 12454 12464 12474 12484 29674
12504 12504 12504 12504 12504 29674
12514 12514 12514 12514 12514 29674
12524 12524 12524 12524 12524 29674
12524 12524 12524 12524 12524 29674
12524 12524 12524 12524 12524 29674
12444 12454 12464 12474 12484 29674
12444 12454 12464 12474 12484 29674
12444 12454 12464 12474 12484 29674
12534 12534 12534 12534 12534 29674
12444 12454 12464 12474 12484 29674
12444 12454 12464 12474 12484 29674
12444 12454 33854 12474 12484 29674
12444 12454 33854 12474 12484 29674
12444 12454 33854 12474 12484 29674
12444 12454 12464 12474 12484 29674
12444 12454 12464 12474 12484 29674
12444 12454 12464 12474 12484 29674
78475 78485 78495 78505 78515
78475 78485 78495 78505 78515
78475 78485 78495 78505 78515
78475 78485 78495 78505 78515
78475 78485 78495 78505 78515
78475 78485 78495 78505 78515
78475 78485 78495 78505 78515
78475 78485 78495 78505 78515
78475 78485 78495 78505 78515
78475 78485 78495 78505 78515
78475 78485 78495 78505 78515
78475 78485 78495 78505 78515
78475 78485 78495 78505 78515
78475 78485 78495 78505 78515
78475 78485 78495 78505 78515
78475 78485 78495 78505 78515
78475 78485 78495 78505 78515
78475 78485 78495 78505 78515
78475 78485 78495 78505 78515
78475 78485 78495 78505 78515
78475 78485 78495 78505 78515
78475 78485 78495 78505 78515
78475 78485 78495 78505 78515
78475 78485 78495 78505 78515
78475 78485 78495 78505 78515
78475 78485 78495 78505 78515
78475 78485 78495 78505 78515
78475 78485 78495 78505 78515
78475 78485 78495 78505 78515
78475 78485 78495 78505 78515
78475 78485 78495 78505 78515
78475 78485 78495 78505 78515
78475 78485 78495 78505 78515
78475 78485 78495 78505 78515
78475 78485 78495 78505 78515
78475 78485 78495 78505 78515
78475 78485 78495 78505 78515
78475 78485 78495 78505 78515
78475 78485 78495 78505 78515
78475 78485 78495 78505 78515
78475 78485 78495 78505 78515
78475 78485 78495 78505 78515
78475 78485 78495 78505 78515
78475 78485 78495 78505 78515
78475 78485 78495 78505 78515
78475 78485 78495 78505 78515
78475 78485 78495 78505 78515
78475 78485 78495 78505 78515
78475 78485 78495 78505 78515
78475 78485 78525 78525 78525 78525
78475 78485 78525 78525 78525 78525
78475 78485 78525 78525 78525 78525
78475 78485 78545 78545 78545 78545
78475 78485 78545 78545 78545 78545
78475 78485 78545 78545 78545 78545
78475 78485 78495 78505 78515
78475 78485 78495 78505 78515
78475 78485 78495 78505 78515
78475 78485 78495 78505 78515
78475 78485 78495 78505 78515
78475 78485 78495 78505 78515
78475 78485 78495 78505 78515
78475 78485 78495 78505 78515
78475 78485 78495 78505 78515
78475 78485 78495 78505 78515
78475 78485 78495 78505 78515
78475 78485 78495 78505 78515
78475 78485 78495 78505 78515
78475 78485 78495 78505 78515
78475 78485 78495 78505 78515
78475 78485 78495 78505 78515
78475 78485 78495 78505 78515
78475 78485 78495 78505 78515
78475 78485 78495 78505 78515
