38771
38771
38771
38771
38771
38771
38771
38771
38771
38771
38771
38771
38771
38771
38771
38771
38771
38771
38771
38771
38771
38771
38771
38771
38771
38771
38771
38771
38771
38771
2432
2432
2432
2432
2432
2432
2432
2432
2432
2432
2432
2432
2432
2432
2432
2432
2432
2432
2432
2432
2432
2432
2432
2432
2432
2432
2432
2432
2432
2432
2432
2432
2432
2432
2432
2432
2432
2432
2432
2432
2432
2432
2432
2432
2432
2432
2432
2432
2432
2432
3143 12853 12863 12873 12883 12893 12903
3143 12853 12863 12873 12883 12893 12903
3143 12853 12863 12873 12883 12893 12903
3143 12853 12863 12873 12883 12893 12903
3143 12853 12863 12873 12883 12893 12903
3143 12853 12863 12873 12883 12893 12903
3143 12853 12863 12873 12883 12893 12903
3143 12853 12863 12873 12883 12893 12903
3143 12853 12863 12873 12883 12893 12903
3143 12853 12863 12873 12883 12893 12903
3143 12853 12863 12873 12883 12893 12903
3143 12853 12863 12873 12883 12893 12903
3143 12853 12863 12873 12883 12893 12903
3143 12853 12863 12873 12883 12893 12903
3143 12853 12863 12873 12883 12893 12903
3143 12853 12863 12873 12883 12893 12903
3143 12853 12863 12873 12883 12893 12903
3143 12853 12863 12873 12883 12893 12903
3143 12853 12863 12873 12883 12893 12903
3143 12853 12863 12873 12883 12893 12903
3143 12853 12863 12873 12883 12893 12903
3143 12853 12863 12873 12883 12893 12903
3143 12853 12863 12873 12883 12893 12903
3143 12853 12863 12873 12883 12893 12903
3143 12853 12863 12873 12883 12893 12903
3143 12853 12863 12873 12883 12893 12903
3143 12853 12863 12873 12883 12893 12903
3143 12853 12863 12873 12883 12893 12903
3143 12853 12863 12873 12883 12893 12903
3143 12853 12863 12873 12883 12893 12903
3143 12853 12863 12873 12883 12893 12903
3143 12853 12863 12873 12883 12893 12903
3143 12853 12863 12873 12883 12893 12903
3143 12853 12863 12873 12883 12893 12903
3143 12853 12863 12873 12883 12893 12903
3143 12853 12863 12873 12883 12893 12903
3143 12853 12863 12873 12883 12893 12903
3143 12853 12863 12873 12883 12893 12903
3143 12853 12863 12873 12883 12893 12903
3143 12853 12863 12873 12883 12893 12903
3143 12853 12863 12873 12883 12893 12903
3143 12853 12863 12873 12883 12893 12903
3143 12853 12863 12873 12883 12893 12903
3143 12853 12863 12873 12883 12893 12903
3143 12853 12863 12873 12883 12893 12903
3143 12853 12863 12873 12883 12893 12903
3143 12853 12863 12873 12883 12893 12903
3143 12853 12863 12873 12883 12893 12903
3143 12853 12863 12873 12883 12893 12903
3143 12853 12863 12873 12883 12893 12903
3143 12853 12863 12873 12883 12893 12903
3143 12853 12863 12873 12883 12893 12903
3143 12853 12863 12873 12883 12893 12903
3143 12853 12863 12873 12883 12893 12903
3143 12853 12863 12873 12883 12893 12903
3143 12853 12863 12873 12883 12893 12903
3143 12853 12863 12873 12883 12893 12903
3143 12853 12863 12873 12883 12893 12903
3143 12853 12863 12873 12883 12893 12903
3143 12853 12863 12873 12883 12893 12903
3143 12853 12863 12873 12883 12893 12903
3143 12853 12863 12873 12883 12893 12903
3143 12853 12863 12873 12883 12893 12903
3143 12853 12863 12873 12883 12893 12903
3143 12853 12863 12873 12883 12893 12903
3143 12853 12863 12873 12883 12893 12903
3143 12853 12863 12873 12883 12893 12903
3844 3834 3854 3864 3874 3884 13964
3844 3834 3854 3864 3874 3884 13964
3844 3834 3854 3864 3874 3884 13964
3844 3834 3854 3864 3874 3884 13964
3844 3834 3854 3864 3874 3884 13964
3844 3834 3854 3864 3874 3884 13964
3844 3834 3854 3864 3874 3884 13964
3844 3834 3854 3864 3874 3884 13964
3844 3834 3854 3864 3874 3884 13964
3844 3834 3854 3864 3874 3884 13964
3844 3834 3854 3864 3874 3884 13964
3844 3834 3854 3864 3874 3884 13964
3844 3834 3854 3864 3874 3884 13964
3844 3834 3854 3864 3874 3884 13964
3844 3834 3854 3864 3874 3884 13964
3844 3834 3854 3864 3874 3884 13964
3844 3834 3854 3864 3874 3884 13964
3844 3834 3854 3864 3874 3884 13964
3844 3834 3854 3864 3874 3884 13964
3844 3834 3854 3864 3874 3884 13964
3844 3834 3854 3864 3874 3884 13964
3844 3834 3854 3864 3874 3884 13964
3844 3834 3854 3864 3874 3884 13964
3844 3834 3854 3864 3874 3884 13964
3844 3834 3854 3864 3874 3884 13964
3844 3834 3854 3864 3874 3884 13964
3844 3834 3854 3864 3874 3884 13964
3844 3834 3854 3864 3874 3884 13964
3844 3834 3854 3864 3874 3884 13964
3844 3834 3854 3864 3874 3884 13964
3844 3834 3854 3864 3874 3884 13964
3844 3834 3854 3864 3874 3884 13964
3844 3834 3854 3864 3874 3884 13964
3844 3834 3854 3864 3874 3884 13964
3844 3834 3854 3864 3874 3884 13964
3844 3834 3854 3864 3874 3884 13964
3844 3834 3854 3864 3874 3884 13964
3844 3834 3854 3864 3874 3884 13964
3844 3834 3854 3864 3874 3884 13964
3844 3834 3854 3864 3874 3884 13964
3844 3834 3854 3864 3874 3884 13964
3844 3834 3854 3864 3874 3884 13964
3844 3834 3854 3864 3874 3884 13964
3844 3834 3854 3864 3874 3884 13964
3844 3834 3854 3864 3874 3884 13964
3844 3834 3854 3864 3874 3884 13964
3844 3834 3854 3864 3874 3884 13964
3844 3834 3854 3864 3874 3884 13964
3844 3834 3854 3864 3874 3884 13964
3844 3834 3854 3864 3874 3884 13964
3844 3834 3854 3864 3874 3884 13964
3844 3834 3854 3864 3874 3884 13964
3844 3834 3854 3864 3874 3884 13964
3844 3834 3854 3864 3874 3884 13964
3844 3834 3854 3864 3874 3884 13964
3844 3834 3854 3864 3874 3884 13964
3844 3834 3854 3864 3874 3884 13964
3844 3834 3854 3864 3874 3884 13964
3844 3834 3854 3864 3874 3884 13964
3844 3834 3854 3864 3874 3884 13964
3844 3834 3854 3864 3874 3884 13964
3844 3834 3854 3864 3874 3884 13964
3844 3834 3854 3864 3874 3884 13964
3844 3834 3854 3864 3874 3884 13964
3844 3834 3854 3864 3874 3884 13964
3844 3834 3854 3864 3874 3884 13964
36405 36415 36425 36435 36445 36455 36465
36405 36415 36425 36435 36445 36455 36465
36405 36415 36425 36435 36445 36455 36465
36405 36415 36425 36435 36445 36455 36465
36405 36415 36425 36435 36445 36455 36465
36405 36415 36425 36435 36445 36455 36465
36405 36415 36425 36435 36445 36455 36465
36405 36415 36425 36435 36445 36455 36465
36405 36415 36425 36435 36445 36455 36465
36405 36415 36425 36435 36445 36455 36465
36405 36415 36425 36435 36445 36455 36465
36405 36415 36425 36435 36445 36455 36465
36405 36415 36425 36435 36445 36455 36465
36405 36415 36425 36435 36445 36455 36465
36405 36415 36425 36435 36445 36455 36465
36405 36415 36425 36435 36445 36455 36465
36405 36415 36425 36435 36445 36455 36465
36405 36415 36425 36435 36445 36455 36465
36405 36415 36425 36435 36445 36455 36465
36405 36415 36425 36435 36445 36455 36465
36405 36415 36425 36435 36445 36455 36465
36405 36415 36425 36435 36445 36455 36465
36405 36415 36425 36435 36445 36455 36465
36405 36415 36425 36435 36445 36455 36465
36405 36415 36425 36435 36445 36455 36465
36405 36415 36425 36435 36445 36455 36465
36405 36415 36425 36435 36445 36455 36465
36405 36415 36425 36435 36445 36455 36465
36405 36415 36425 36435 36445 36455 36465
36405 36415 36425 36435 36445 36455 36465
36405 36415 36425 36435 36445 36455 36465
36405 36415 36425 36435 36445 36455 36465
36405 36415 36425 36435 36445 36455 36465
36405 36475 36425 36475 36475 36455 36465 36475
36405 36475 36425 36475 36475 36455 36465 36475
36405 36475 36425 36475 36475 36455 36465 36475
36405 36475 36425 36475 36475 36455 36465 36475
36405 36475 36425 36475 36475 36455 36465 36475
36405 36475 36425 36475 36475 36455 36465 36475
36405 36415 36425 36435 36445 36455 36465
36405 36415 36425 36435 36445 36455 36465
36405 36415 36425 36435 36445 36455 36465
36405 36415 36425 36435 36445 36455 36465
36405 36415 36425 36435 36445 36455 36465
36405 36415 36425 36435 36445 36455 36465
36405 36415 36425 36435 36445 36455 36465
36405 36415 36425 36435 36445 36455 36465
36405 36415 36425 36435 36445 36455 36465
36405 36415 36425 36435 36445 36455 36465
36405 36415 36425 36435 36445 36455 36465
36405 36415 36425 36435 36445 36455 36465
36405 36415 36425 36435 36445 36455 36465
36405 36415 36425 36435 36445 36455 36465
36405 36415 36425 36435 36445 36455 36465
36405 36415 36425 36435 36445 36455 36465
36405 36415 36425 36435 36445 36455 36465
36405 36415 36425 36435 36445 36455 36465
36405 36415 36425 36435 36445 36455 36465
36405 36415 36425 36435 36445 36455 36465
36405 36415 36425 36435 36445 36455 36465
36405 36415 36425 36435 36445 36455 36465
36405 36415 36425 36435 36445 36455 36465
36405 36415 36425 36435 36445 36455 36465
36405 36415 36425 36435 36445 36455 36465
36405 36415 36425 36435 36445 36455 36465
36405 36415 36425 36435 36445 36455 36465
36405 36415 36425 36435 36445 36455 36465
36405 36415 36425 36435 36445 36455 36465
36405 36415 36425 36435 36445 36455 36465
36405 36415 36425 36435 36445 36455 36465
36405 36415 36425 36435 36445 36455 36465
36405 36415 36425 36435 36445 36455 36465
36405 36415 36425 36435 36445 36455 36465
36405 36415 36425 36435 36445 36455 36465
