38751
38751
38751
38751
38751
38751
38751
38751
38751
38751
38751
38751
38751
38751
38751
38751
38751
38751
38751
38751
38751
38751
38751
38751
38751
38751
38751
38751
38751
38751
5482 5492 5502 5512 5522 5532 5542
5482 5492 5502 5512 5522 5532 5542
5482 5492 5502 5512 5522 5532 5542
5482 5492 5502 5512 5522 5532 5542
5482 5492 5502 5512 5522 5532 5542
5482 5492 5502 5512 5522 5532 5542
5482 5492 5502 5512 5522 5532 5542
5482 5492 5502 5512 5522 5532 5542
5482 5492 5502 5512 5522 5532 5542
5482 5492 5502 5512 5522 5532 5542
5482 5492 5502 5512 5522 5532 5542
5482 5492 5502 5512 5522 5532 5542
5482 5492 5502 5512 5522 5532 5542
5482 5492 5502 5512 5522 5532 5542
5482 5492 5502 5512 5522 5532 5542
5482 5492 5502 5512 5522 5532 5542
5482 5492 5502 5512 5522 5532 5542
5482 5492 5502 5512 5522 5532 5542
5482 5492 5502 5512 5522 5532 5542
5482 5492 5502 5512 5522 5532 5542
5482 5492 5502 5512 5522 5532 5542
5482 5492 5502 5512 5522 5532 5542
5482 5492 5502 5512 5522 5532 5542
5482 5492 5502 5512 5522 5532 5542
5482 5492 5502 5512 5522 5532 5542
5482 5492 5502 5512 5522 5532 5542
5482 5492 5502 5512 5522 5532 5542
5482 5492 5502 5512 5522 5532 5542
5482 5492 5502 5512 5522 5532 5542
5482 5492 5502 5512 5522 5532 5542
5482 5492 5502 5512 5522 5532 5542
5482 5492 5502 5512 5522 5532 5542
5482 5492 5502 5512 5522 5532 5542
5482 5492 5502 5512 5522 5532 5542
5482 5492 5502 5512 5522 5532 5542
5482 5492 5502 5512 5522 5532 5542
5482 5492 5502 5512 5522 5532 5542
5482 5492 5502 5512 5522 5532 5542
5482 5492 5502 5512 5522 5532 5542
5482 5492 5502 5512 5522 5532 5542
5482 5492 5502 5512 5522 5532 5542
5482 5492 5502 5512 5522 5532 5542
5482 5492 5502 5512 5522 5532 5542
5482 5492 5502 5512 5522 5532 5542
5482 5492 5502 5512 5522 5532 5542
5482 5492 5502 5512 5522 5532 5542
5482 5492 5502 5512 5522 5532 5542
5482 5492 5502 5512 5522 5532 5542
5482 5492 5502 5512 5522 5532 5542
5482 5492 5502 5512 5522 5532 5542
5482 5492 5502 5512 5522 5532 5542
5482 5492 5502 5512 5522 5532 5542
5482 5492 5502 5512 5522 5532 5542
5482 5492 5502 5512 5522 5532 5542
5482 5492 5502 5512 5522 5532 5542
5482 5492 5502 5512 5522 5532 5542
5482 5492 5502 5512 5522 5532 5542
5482 5492 5502 5512 5522 5532 5542
5482 5492 5502 5512 5522 5532 5542
5482 5492 5502 5512 5522 5532 5542
5482 5492 5502 5512 5522 5532 5542
5482 5492 5502 5512 5522 5532 5542
5482 5492 5502 5512 5522 5532 5542
5482 5492 5502 5512 5522 5532 5542
5482 5492 5502 5512 5522 5532 5542
5482 5492 5502 5512 5522 5532 5542
5482 5492 5502 5512 5522 5532 5542
5482 5492 5502 5512 5522 5532 5542
5482 5492 5502 5512 5522 5532 5542
5482 5492 5502 5512 5522 5532 5542
5482 5492 5502 5512 5522 5532 5542
5482 5492 5502 5512 5522 5532 5542
5482 5492 5502 5512 5522 5532 5542
5482 5492 5502 5512 5522 5532 5542
5482 5492 5502 5512 5522 5532 5542
5482 5492 5502 5512 5522 5532 5542
5482 5492 5502 5512 5522 5532 5542
5482 5492 5502 5512 5522 5532 5542
5482 5492 5502 5512 5522 5532 5542
5482 5492 5502 5512 5522 5532 5542
5482 5492 5502 5512 5522 5532 5542
5482 5492 5502 5512 5522 5532 5542
5482 5492 5502 5512 5522 5532 5542
5482 5492 5502 5512 5522 5532 5542
5482 5492 5502 5512 5522 5532 5542
5482 5492 5502 5512 5522 5532 5542
5482 5492 5502 5512 5522 5532 5542
5482 5492 5502 5512 5522 5532 5542
5482 5492 5502 5512 5522 5532 5542
5482 5492 5502 5512 5522 5532 5542
5482 5492 5502 5512 5522 5532 5542
29883
29883
29883
29883
29883
29883
29883
29883
29883
29883
29883
29883
29883
29883
29883
29883
29883
29883
29883
29883
29883
29883
29883
29883
29883
29883
29883
29883
29883
29883
29883
29883
29883
29883
29883
29883
29883
29883
29883
29883
29883
29883
29883
29883
29883
29883
29883
29883
29883
