84591
84591
84591
84591
84591
84591
84591
84591
84591
84591
84591
84591
84591
84591
84591
84591
84591
84591
84591
84591
84591
84591
84591
84591
84591
84591
84591
84591
84591
84591
15232 15242 15252 15262 15272 15282 15292 15302
15232 15242 15252 15262 15272 15282 15292 15302
15232 15242 15252 15262 15272 15282 15292 15302
15232 15242 15252 15262 15272 15282 15292 15302
15232 15242 15252 15262 15272 15282 15292 15302
15232 15242 15252 15262 15272 15282 15292 15302
15232 15242 15252 15262 15272 15282 15292 15302
15232 15242 15252 15262 15272 15282 15292 15302
15232 15242 15252 15262 15272 15282 15292 15302
15232 15242 15252 15262 15272 15282 15292 15302
15232 15242 15252 15262 15272 15282 15292 15302
15232 15242 15252 15262 15272 15282 15292 15302
15232 15242 15252 15262 15272 15282 15292 15302
15232 15242 15252 15262 15272 15282 15292 15302
15232 15242 15252 15262 15272 15282 15292 15302
15232 15242 15252 15262 15272 15282 15292 15302
15232 15242 15252 15262 15272 15282 15292 15302
15232 15242 15252 15262 15272 15282 15292 15302
15232 15242 15252 15262 15272 15282 15292 15302
15232 15242 15252 15262 15272 15282 15292 15302
15232 15242 15252 15262 15272 15282 15292 15302
15232 15242 15252 15262 15272 15282 15292 15302
15232 15242 15252 15262 15272 15282 15292 15302
15232 15242 15252 15262 15272 15282 15292 15302
15232 15242 15252 15262 15272 15282 15292 15302
15232 15242 15252 15262 15272 15282 15292 15302
15232 15242 15252 15262 15272 15282 15292 15302
15232 15242 15252 15262 15272 15282 15292 15302
15232 15242 15252 15262 15272 15282 15292 15302
15232 15242 15252 15262 15272 15282 15292 15302
15232 15242 15252 15262 15272 15282 15292 15302
15232 15242 15252 15262 15272 15282 15292 15302
15232 15242 15252 15262 15272 15282 15292 15302
15232 15242 15252 15262 15272 15282 15292 15302
15232 15242 15252 15262 15272 15282 15292 15302
15232 15242 15252 15262 15272 15282 15292 15302
15232 15242 15252 15262 15272 15282 15292 15302
15232 15242 15252 15262 15272 15282 15292 15302
15232 15242 15252 15262 15272 15282 15292 15302
15232 15242 15252 15262 15272 15282 15292 15302
15232 15242 15252 15262 15272 15282 15292 15302
15232 15242 15252 15262 15272 15282 15292 15302
15232 15242 15252 15262 15272 15282 15292 15302
15232 15242 15252 15262 15272 15282 15292 15302
15232 15242 15252 15262 15272 15282 15292 15302
15232 15242 15252 15262 15272 15282 15292 15302
15232 15242 15252 15262 15272 15282 15292 15302
15232 15242 15252 15262 15272 15282 15292 15302
15232 15242 15252 15262 15272 15282 15292 15302
15232 15242 15252 15262 15272 15282 15292 15302
15232 15242 15252 15262 15272 15282 15292 15302
15232 15322 15252 15262 15272 15282 15292 15302
15232 15312 15252 15262 15272 15282 15292 15302
15232 15242 15252 15332 15272 15282 15292 15302
15232 15242 15252 15262 15272 15282 15292 15302
15232 15342 15342 15342 15342 15282 15342 15302
15232 15342 15342 15342 15342 15282 15342 15302
15232 15342 15342 15342 15342 15282 15342 15302
15232 15342 15342 15342 15342 15282 15342 15302
15232 15352 15352 15352 15352 15282 15352 15302
15232 15352 15352 15352 15352 15282 15352 15302
15232 15342 15342 15342 15342 15282 15342 15302
15232 15342 15342 15342 15342 15282 15342 15302
15232 15362 15362 15362 15362 15282 15362 15302
15232 15362 15362 15362 15362 15282 15362 15302
15232 15342 15342 15342 15342 15282 15342 15302
15232 15342 15342 15342 15342 15282 15342 15302
15232 15372 15372 15372 15372 15282 15372 15302
15232 15372 15372 15372 15372 15282 15372 15302
15232 15242 15252 15262 15272 15282 15292 15302
15232 15242 15252 15262 15272 15282 15292 15302
15232 15382 15382 15382 15382 15382 15382 15382
15232 15392 15392 15392 15392 15392 15392 15392
15232 15242 15252 15262 15272 15282 15292 15302
15232 15242 15252 15262 15272 15282 15292 15302
15232 15242 15252 15262 15272 15282 15292 15302
15232 15242 15252 15262 15272 15282 15292 15302
15232 15242 15252 15262 15272 15282 15292 15302
15232 15242 15252 15262 15272 15282 15292 15302
15232 15242 15252 15262 15272 15282 15292 15302
15232 15242 15252 15262 15272 15282 15292 15302
15232 15242 15252 15262 15272 15282 15292 15302
15232 15242 15252 15262 15272 15282 15292 15302
15232 15242 15252 15262 15272 15282 15292 15302
15232 15242 15252 15262 15272 15282 15292 15302
15232 15242 15252 15262 15272 15282 15292 15302
15232 15242 15252 15262 15272 15282 15292 15302
15232 15242 15252 15262 15272 15282 15292 15302
15232 15242 15252 15262 15272 15282 15292 15302
15232 15242 15252 15262 15272 15282 15292 15302
15232 15242 15252 15262 15272 15282 15292 15302
62713 62723 62733
62713 62723 62733
62713 62723 62733
62713 62723 62733
62713 62723 62733
62713 62723 62733
62713 62723 62733
62713 62723 62733
62713 62723 62733
62713 62723 62733
62713 62723 62733
62713 62723 62733
62713 62723 62733
62713 62723 62733
62713 62723 62733
62713 62723 62733
62713 62723 62733
62713 62723 62733
62713 62723 62733
62713 62723 62733
62713 62723 62733
62713 62723 62733
62713 62723 62733
62713 62723 62733
62713 62723 62733
62713 62723 62733
62713 62723 62733
62713 62723 62733
62713 62723 62733
62713 62723 62733
62713 62723 62733
62713 62723 62733
62713 62723 62733
62713 62723 62733
62713 62723 62733
62713 62723 62733
62713 62723 62733
62743 62743 62743
62753 62753 62753
62713 62723 62733
62713 62723 62733
62713 62723 62733
62713 62723 62733
62713 62723 62733
62713 62723 62733
62713 62723 62733
62713 62723 62733
62713 62723 62733
62713 62723 62733
