38771
38771
38771
38771
38771
38771
38771
38771
38771
38771
38771
38771
38771
38771
38771
38771
38771
38771
38771
38771
38771
38771
38771
38771
38771
38771
38771
38771
38771
38771
2382
2382
2382
2382
2382
2382
2382
2382
2382
2382
2382
2382
2382
2382
2382
2382
2382
2382
2382
2382
2382
2382
2382
2382
2382
2382
2382
2382
2382
2382
2382
2382
2382
2382
2382
2382
2382
2382
2382
2382
2382
2382
2382
2382
2382
2382
2382
2382
2382
2382
2833
2833
2833
2833
2833
2833
2833
2833
2833
2833
2833
2833
2833
2833
2833
2833
2833
2833
2833
2833
2833
2833
2833
2833
2833
2833
2833
2833
2833
2833
2833
2833
2833
2833
2833
2833
2833
2833
2833
2833
2833
2833
2833
2833
2833
2833
2833
2833
2833
32314 32324 32334 32344 32354 32364 32374 32384 32394
32314 32324 32334 32344 32354 32364 32374 32384 32394
32314 32324 32334 32344 32354 32364 32374 32384 32394
32314 32324 32334 32344 32354 32364 32374 32384 32394
32314 32324 32334 32344 32354 32364 32374 32384 32394
32314 32324 32334 32344 32354 32364 32374 32384 32394
32314 32324 32334 32344 32354 32364 32374 32384 32394
32314 32324 32334 32344 32354 32364 32374 32384 32394
32314 32324 32334 32344 32354 32364 32374 32384 32394
32314 32324 32334 32344 32354 32364 32374 32384 32394
32314 32324 32334 32344 32354 32364 32374 32384 32394
32314 32324 32334 32344 32354 32364 32374 32384 32394
32314 32324 32334 32344 32354 32364 32374 32384 32394
32314 32324 32334 32344 32354 32364 32374 32384 32394
32314 32324 32334 32344 32354 32364 32374 32384 32394
32314 32324 32334 32344 32354 32364 32374 32384 32394
32314 32324 32334 32344 32354 32364 32374 32384 32394
32314 32324 32334 32344 32354 32364 32374 32384 32394
32314 32324 32334 32344 32354 32364 32374 32384 32394
32314 32324 32334 32344 32354 32364 32374 32384 32394
32314 32324 32334 32344 32354 32364 32374 32384 32394
32314 32324 32334 32344 32354 32364 32374 32384 32394
32314 32324 32334 32344 32354 32364 32374 32384 32394
32314 32324 32334 32344 32354 32364 32374 32384 32394
32314 32324 32334 32344 32354 32364 32374 32384 32394
32314 32324 32334 32344 32354 32364 32374 32384 32394
32314 32324 32334 32344 32354 32364 32374 32384 32394
32314 32324 32334 32344 32354 32364 32374 32384 32394
32314 32324 32334 32344 32354 32364 32374 32384 32394
32314 32324 32334 32344 32354 32364 32374 32384 32394
32314 32324 32334 32344 32354 32364 32374 32384 32394
32314 32324 32334 32344 32354 32364 32374 32384 32394
32314 32324 32334 32344 32354 32364 32374 32384 32394
32314 32324 32334 32344 32354 32364 32374 32384 32394
32314 32324 32334 32344 32354 32364 32374 32384 32394
32314 32324 32334 32344 32354 32364 32374 32384 32394
32314 32324 32334 32344 32354 32364 32374 32384 32394
32314 32324 32334 32344 32354 32364 32374 32384 32394
32314 32324 32334 32344 32354 32364 32374 32384 32394
32314 32324 32334 32344 32354 32364 32374 32384 32394
32314 32324 32334 32344 32354 32364 32374 32384 32394
32314 32324 32334 32344 32354 32364 32374 32384 32394
32314 32324 32334 32344 32354 32364 32374 32384 32394
32314 32324 32334 32344 32354 32364 32374 32384 32394
32314 32324 32334 32344 32354 32364 32374 32384 32394
32314 32324 32334 32344 32354 32364 32374 32384 32394
32314 32324 32334 32344 32354 32364 32374 32384 32394
32314 32324 32334 32344 32354 32364 32374 32384 32394
32314 32324 32334 32344 32354 32364 32374 32384 32394
32314 32324 32334 32344 32354 32364 32374 32384 32394
32314 32324 32334 32344 32354 32364 32374 32384 32394
32314 32324 32334 32344 32354 32364 32374 32384 32394
32314 32324 32334 32344 32354 32364 32374 32384 32394
32314 32324 32334 32344 32354 32364 32374 32384 32394
32314 32324 32334 32344 32354 32364 32374 32384 32394
32314 32324 32334 32344 32354 32364 32374 32384 32394
32314 32324 32334 32344 32354 32364 32374 32384 32394
32314 32324 32334 32344 32354 32364 32374 32384 32394
32314 32324 32334 32344 32354 32364 32374 32384 32394
32314 32324 32334 32344 32354 32364 32374 32384 32394
32314 32324 32334 32344 32354 32364 32374 32384 32394
32314 32324 32334 32344 32354 32364 32374 32384 32394
32314 32324 32334 32344 32354 32364 32374 32384 32394
32314 32324 32334 32344 32354 32364 32374 32384 32394
32314 32324 32334 32344 32354 32364 32374 32384 32394
32314 32324 32334 32344 32354 32364 32374 32384 32394
32314 32324 32334 32344 32354 32364 32374 32384 32394
32314 32324 32334 32344 32354 32364 32374 32384 32394
