84611
84611
84611
84611
84611
84611
84611
84611
84611
84611
84611
84611
84611
84611
84611
84611
84611
84611
84611
84611
84611
84611
84611
84611
84611
84611
84611
84611
84611
84611
6672 6722 6732 6742
6672 6722 6732 6742
6672 6722 6732 6742
6672 6722 6732 6742
6672 6722 6732 6742
6672 6722 6732 6742
6672 6722 6732 6742
6672 6722 6732 6742
6672 6722 6732 6742
6672 6722 6732 6742
6672 6722 6732 6742
6672 6722 6732 6742
6672 6722 6732 6742
6672 6722 6732 6742
6672 6722 6732 6742
6672 6722 6732 6742
6672 6722 6732 6742
6672 6722 6732 6742
6672 6722 6732 6742
6672 6722 6732 6742
6672 6722 6732 6742
6672 6722 6732 6742
6672 6722 6732 6742
6672 6722 6732 6742
6672 6722 6732 6742
6672 6722 6732 6742
6672 6722 6732 6742
6672 6722 6732 6742
6672 6722 6732 6742
6672 6722 6732 6742
6672 6722 6732 6742
6672 6722 6732 6742
6672 6722 6732 6742
6672 6722 6732 6742
6672 6722 6732 6742
6672 6722 6732 6742
6672 6722 6732 6742
6672 6722 6732 6742
6682 6682 6682 6682
6692 6692 6692 6692
6672 6722 6732 6742
6702 6702 6702 6702
6702 6702 6702 6702
6672 6722 6732 6742
6672 6722 6732 6742
6712 6712 6712 6712
6672 6722 6732 6742
6672 6722 6732 6742
6672 6722 6732 6742
6672 6722 6732 6742
8303 8313 8323
8303 8313 8323
8303 8313 8323
8303 8313 8323
8303 8313 8323
8303 8313 8323
8303 8313 8323
8303 8313 8323
8303 8313 8323
8303 8313 8323
8303 8313 8323
8303 8313 8323
8303 8313 8323
8303 8313 8323
8303 8313 8323
8303 8313 8323
8303 8313 8323
8303 8313 8323
8303 8313 8323
8303 8313 8323
8303 8313 8323
8303 8313 8323
8303 8313 8323
8303 8313 8323
8303 8313 8323
8303 8313 8323
8303 8313 8323
8303 8313 8323
8303 8313 8323
8303 8313 8323
8303 8313 8323
8303 8313 8323
8303 8313 8323
8303 8313 8323
8303 8313 8323
8303 8313 8323
8303 8313 8323
8333 8333 8333
8343 8343 8343
8303 8313 8323
8303 8313 8323
8303 8313 8323
8303 8313 8323
8303 8313 8323
8303 8313 8323
8303 8313 8323
8303 8313 8323
8303 8313 8323
8303 8313 8323
68844 68854 68864 68874 68884 68894 68904 68914 68924 68934
68844 68854 68864 68874 68884 68894 68904 68914 68924 68934
68844 68854 68864 68874 68884 68894 68904 68914 68924 68934
68844 68854 68864 68874 68884 68894 68904 68914 68924 68934
68844 68854 68864 68874 68884 68894 68904 68914 68924 68934
68844 68854 68864 68874 68884 68894 68904 68914 68924 68934
68844 68854 68864 68874 68884 68894 68904 68914 68924 68934
68844 68854 68864 68874 68884 68894 68904 68914 68924 68934
68844 68854 68864 68874 68884 68894 68904 68914 68924 68934
68844 68854 68864 68874 68884 68894 68904 68914 68924 68934
68844 68854 68864 68874 68884 68894 68904 68914 68924 68934
68844 68854 68864 68874 68884 68894 68904 68914 68924 68934
68844 68854 68864 68874 68884 68894 68904 68914 68924 68934
68844 68854 68864 68874 68884 68894 68904 68914 68924 68934
68844 68854 68864 68874 68884 68894 68904 68914 68924 68934
68844 68854 68864 68874 68884 68894 68904 68914 68924 68934
68844 68854 68864 69024 69024 68894 68904 69024 69024 68934
68844 68854 68864 68874 68884 68894 68904 68914 68924 68934
68844 68854 68864 68874 68884 68894 68904 68914 68924 68934
68844 68854 68864 68874 68884 68894 68904 68914 68924 68934
68844 68854 68864 68874 68884 68894 68904 68914 68924 68934
68844 68854 68864 68874 68884 68894 68904 68914 68924 68934
68844 68854 68864 68874 68884 68894 68904 68914 68924 68934
68844 68854 68864 68874 68884 68894 68904 68914 68924 68934
68844 68854 68864 68874 68884 68894 68904 68914 68924 68934
68844 68854 68864 68874 68884 68894 68904 68914 68924 68934
68844 68854 68864 68874 68884 68894 68904 68914 68924 68934
68844 68854 68864 68874 68884 68894 68904 68914 68924 68934
68844 68854 68864 68874 68884 68894 68904 68914 68924 68934
68844 68854 68864 68874 68884 68894 68904 68914 68924 68934
68844 68854 68864 68874 68884 68894 68904 68914 68924 68934
68844 68854 68864 68874 68884 68894 68904 68914 68924 68934
68844 68854 68864 68874 68884 68894 68904 68914 68924 68934
68844 68854 68864 68874 68884 68894 68904 68914 68924 68934
68844 68854 68864 68874 68884 68894 68904 68914 68924 68934
68844 68854 68864 68874 68884 68894 68904 68914 68924 68934
68844 68854 68864 68874 68884 68894 68904 68914 68924 68934
68844 68854 68864 68874 68884 68894 68904 68914 68924 68934
68844 68854 68864 68874 68884 68894 68904 68914 68924 68934
68844 68854 68864 68874 68884 68894 68904 68914 68924 68934
68844 68854 68864 68874 68884 68894 68904 68914 68924 68934
68844 68854 68864 68874 68884 68894 68904 68914 68924 68934
68844 68854 68864 68874 68884 68894 68904 68914 68924 68934
68844 68854 68864 68874 68884 68894 68904 68914 68924 68934
68844 68854 68864 68944 68884 68894 68904 68914 68944 68934
68844 68854 68864 68874 68954 68954 68904 68914 68954 68934
68844 68854 68864 68874 68964 68894 68904 68914 68964 68934
68844 68854 68864 68874 68884 68894 68904 68914 68924 68934
68844 68854 68864 68974 68974 68974 68904 68974 68974 68934
68844 68854 68864 68874 68884 68894 68904 68914 68924 68934
68844 68984 68984 68984 68984 68984 68984 68984 68984 68934
68844 68984 68984 68984 68984 68984 68984 68984 68984 68934
68844 68854 68864 68874 68884 68894 68904 68914 68924 68934
68844 68854 68864 68994 68994 68894 68904 68914 68994 68934
68844 68854 68864 68874 68884 68894 68904 68914 68924 68934
68844 68854 68864 68874 68884 68894 68904 68914 68924 68934
68844 68854 68864 68874 68884 68894 68904 68914 68924 68934
68844 68854 68864 68874 68884 68894 68904 68914 68924 68934
68844 68854 68864 68874 68884 68894 68904 68914 68924 68934
68844 68854 68864 68874 68884 68894 68904 68914 68924 68934
68844 68854 68864 68874 68884 68894 68904 68914 68924 68934
68844 68854 68864 68874 68884 68894 68904 68914 68924 68934
68844 68854 68864 68874 68884 68894 68904 68914 68924 68934
68844 68854 68864 69004 69004 68894 68904 68914 69004 68934
68844 68854 68864 69014 69014 69014 68904 69014 69014 68934
68844 68854 68864 69014 69014 69014 68904 69014 69014 68934
68844 68854 68864 69014 69014 69014 68904 69014 69014 68934
68844 68854 68864 68874 68884 68894 68904 68914 68924 68934
