4294967295
4294967295
4294967295
4294967295
4294967295
4294967295
4294967295
4294967295
4294967295
4294967295
4294967295
4294967295
4294967295
4294967295
4294967295
4294967295
4294967295
4294967295
4294967295
4294967295
90
120
180
300
600
120
180
300
600
120
180
300
600
120
180
300
600
120
180
300
600
120
180
300
600
120
180
300
600
120
180
300
600
120
180
300
600
120
180
300
600
120
180
300
600
120
180
300
600
120
180
300
600
120
180
300
600
120
180
300
600
120
180
300
600
120
180
300
600
120
180
300
600
180
300
600
120
180
300
600
1
1
1
1
1
1
300
180
1
