90 90 90 90 90 90 90 90 90
40 30 40 90 90 60 80 80 90
65 55 65 90 90 70 85 90 90
60 65 60 90 90 60 85 90 90
85 85 85 90 90 90 90 90 90
85 85 85 90 90 90 90 90 90
65 50 65 90 90 70 85 65 75
65 65 65 90 90 90 90 90 90
65 65 65 80 80 70 75 80 80
45 30 45 90 90 50 65 45 55
40 45 40 90 90 40 65 80 80
45 35 45 90 90 50 65 75 90
20 10 20 90 90 40 60 60 70
80 80 80 80 80 80 80 80 80
30 30 30 60 60 60 60 30 30
80 80 80 80 80 80 80 80 80
30 30 30 60 60 60 60 30 30
40 50 30 60 60 60 60 40 40
30 50 50 80 80 80 80 80 80
70 40 80 60 60 60 60 80 80
100 100 100 100 100 100 100 100 100
80 80 80 80 80 80 80 80 80
30 30 30 60 60 60 60 30 30
80 80 80 80 80 80 80 80 80
30 30 30 60 60 60 60 30 30
40 50 30 60 60 60 60 40 40
30 50 50 80 80 80 80 80 80
70 40 80 60 60 60 60 80 80
100 100 100 100 100 100 100 100 100
35 35 35 35 35 35 35 35 35
