38741
38741
38741
38741
38741
38741
38741
38741
38741
38741
38741
38741
38741
38741
38741
38741
38741
38741
38741
38741
38741
38741
38741
38741
38741
38741
38741
38741
38741
38741
2352
2352
2352
2352
2352
2352
2352
2352
2352
2352
2352
2352
2352
2352
2352
2352
2352
2352
2352
2352
2352
2352
2352
2352
2352
2352
2352
2352
2352
2352
2352
2352
2352
2352
2352
2352
2352
2352
2352
2352
2352
2352
2352
2352
2352
2352
2352
2352
2352
2352
31663 31673 31683 31693 31703 31713 31723
31663 31673 31683 31693 31703 31713 31723
31663 31673 31683 31693 31703 31713 31723
31663 31673 31683 31693 31703 31713 31723
31663 31673 31683 31693 31703 31713 31723
31663 31673 31683 31693 31703 31713 31723
31663 31673 31683 31693 31703 31713 31723
31663 31673 31683 31693 31703 31713 31723
31663 31673 31683 31693 31703 31713 31723
31663 31673 31683 31693 31703 31713 31723
31663 31673 31683 31693 31703 31713 31723
31663 31673 31683 31693 31703 31713 31723
31663 31673 31683 31693 31703 31713 31723
31663 31673 31683 31693 31703 31713 31723
31663 31673 31683 31693 31703 31713 31723
31663 31673 31683 31693 31703 31713 31723
31663 31673 31683 31693 31703 31713 31723
31663 31673 31683 31693 31703 31713 31723
31663 31673 31683 31693 31703 31713 31723
31663 31673 31683 31693 31703 31713 31723
31663 31673 31683 31693 31703 31713 31723
31663 31673 31683 31693 31703 31713 31723
31663 31673 31683 31693 31703 31713 31723
31663 31673 31683 31693 31703 31713 31723
31663 31673 31683 31693 31703 31713 31723
31663 31673 31683 31693 31703 31713 31723
31663 31673 31683 31693 31703 31713 31723
31663 31673 31683 31693 31703 31713 31723
31663 31673 31683 31693 31703 31713 31723
31663 31673 31683 31693 31703 31713 31723
31663 31673 31683 31693 31703 31713 31723
31663 31673 31683 31693 31703 31713 31723
31663 31673 31683 31693 31703 31713 31723
31663 31673 31683 31693 31703 31713 31723
31663 31673 31683 31693 31703 31713 31723
31663 31673 31683 31693 31703 31713 31723
31663 31673 31683 31693 31703 31713 31723
31663 31673 31683 31693 31703 31713 31723
31663 31673 31683 31693 31703 31713 31723
31663 31673 31683 31693 31703 31713 31723
31663 31673 31683 31693 31703 31713 31723
31663 31673 31683 31693 31703 31713 31723
31663 31673 31683 31693 31703 31713 31723
31663 31673 31683 31693 31703 31713 31723
31663 31673 31683 31693 31703 31713 31723
31663 31673 31683 31693 31703 31713 31723
31663 31673 31683 31693 31703 31713 31723
31663 31673 31683 31693 31703 31713 31723
31663 31673 31683 31693 31703 31713 31723
31663 31673 31683 31693 31703 31713 31723
31663 31673 31683 31693 31703 31713 31723
31663 31673 31683 31693 31703 31713 31723
31663 31673 31683 31693 31703 31713 31723
31663 31673 31683 31693 31703 31713 31723
31663 31673 31683 31693 31703 31713 31723
31663 31673 31683 31693 31703 31713 31723
31663 31673 31683 31693 31703 31713 31723
31663 31673 31683 31693 31703 31713 31723
31663 31673 31683 31693 31703 31713 31723
31663 31673 31683 31693 31703 31713 31723
31663 31673 31683 31693 31703 31713 31723
31663 31673 31683 31693 31703 31713 31723
31663 31673 31683 31693 31703 31713 31723
31663 31673 31683 31693 31703 31713 31723
31663 31673 31683 31693 31703 31713 31723
31663 31673 31683 31693 31703 31713 31723
31663 31673 31683 31693 31703 31713 31723
31663 31673 31683 31693 31703 31713 31723
31663 31673 31683 31693 31703 31713 31723
31663 31673 31683 31693 31703 31713 31723
31663 31673 31683 31693 31703 31713 31723
31663 31673 31683 31693 31703 31713 31723
31663 31673 31683 31693 31703 31713 31723
31663 31673 31683 31693 31703 31713 31723
31663 31673 31683 31693 31703 31713 31723
31663 31673 31683 31693 31703 31713 31723
31663 31673 31683 31693 31703 31713 31723
31663 31673 31683 31693 31703 31713 31723
31663 31673 31683 31693 31703 31713 31723
31663 31673 31683 31693 31703 31713 31723
31663 31673 31683 31693 31703 31713 31723
31663 31673 31683 31693 31703 31713 31723
31663 31673 31683 31693 31703 31713 31723
31663 31673 31683 31693 31703 31713 31723
31663 31673 31683 31693 31703 31713 31723
31663 31673 31683 31693 31703 31713 31723
31663 31673 31683 31693 31703 31713 31723
31663 31673 31683 31693 31703 31713 31723
31663 31673 31683 31693 31703 31713 31723
