30 30 30 90 30 60 90 30 30
96 84 108 108 108 108 42 48 108
80 80 80 90 90 90 40 80 80
65 90 90 90 90 90 30 90 90
90 80 90 90 90 90 40 90 90
20 20 20 90 90 90 30 90 10
120 45 37 75 135 60 135 45 37
60 60 60 30 90 100 90 60 60
60 10 90 90 30 90 90 40 90
80 90 45 90 40 90 90 90 35
70 90 5 90 30 90 90 80 80
90 90 90 90 40 90 90 30 80
80 90 70 90 40 60 90 90 30
30 90 90 90 50 90 90 80 70
90 90 10 20 90 90 90 10 5
20 25 30 50 90 100 90 90 90
80 80 80 90 90 100 90 80 80
90 90 90 80 90 90 90 40 90
15 20 40 40 90 100 90 90 20
96 96 84 108 108 108 36 48 108
96 108 66 108 108 108 42 48 36
35 35 35 35 35 35 35 35 35
