30 30 30 90 30 60 90 30 30
80 60 80 90 90 90 35 40 90
80 80 80 90 90 90 40 80 80
65 90 90 90 90 90 30 90 90
90 80 90 90 90 90 40 90 90
20 20 20 90 90 90 30 90 10
80 30 25 50 90 40 90 30 25
60 60 60 30 90 100 90 60 60
60 10 90 90 30 90 90 5 90
80 90 45 90 40 90 90 90 35
70 90 5 90 30 90 90 80 80
90 90 90 90 40 90 90 30 80
80 90 70 90 40 60 90 90 10
30 90 90 90 50 90 90 80 70
90 90 10 20 90 90 90 10 5
20 25 30 50 90 100 90 90 90
70 70 70 20 90 100 90 70 70
80 80 80 25 90 100 90 40 90
15 20 40 40 90 100 90 90 20
70 70 60 90 90 90 25 10 90
55 55 40 90 90 90 30 40 25
35 35 35 35 35 35 35 35 35
