75 75 75 90 75 75 90 75 75
40 40 40 90 55 55 90 45 45
75 75 75 90 75 75 90 75 75
50 50 50 90 75 75 90 70 70
75 45 75 90 65 65 90 45 90
75 75 75 90 75 75 90 75 75
40 45 20 90 25 25 90 25 25
50 75 75 90 75 75 90 70 70
75 75 75 90 75 75 90 75 75
75 75 75 90 75 75 75 75 75
40 40 40 90 65 65 65 45 45
75 75 75 90 75 75 75 75 75
50 50 50 90 75 75 75 70 70
75 45 75 90 65 65 65 45 90
75 75 75 90 75 75 75 75 75
40 45 20 90 25 25 25 25 25
50 75 75 90 75 75 75 70 70
75 75 75 90 75 75 75 75 75
35 35 35 35 35 35 35 35 35
