38781
38781
38781
38781
38781
38781
38781
38781
38781
38781
38781
38781
38781
38781
38781
38781
38781
38781
38781
38781
38781
38781
38781
38781
38781
38781
38781
38781
38781
38781
2652
2652
2652
2652
2652
2652
2652
2652
2652
2652
2652
2652
2652
2652
2652
2652
2652
2652
2652
2652
2652
2652
2652
2652
2652
2652
2652
2652
2652
2652
2652
2652
2703
2703
2703
2703
2703
2703
2703
2703
2703
2703
2703
2703
2703
2703
2703
2703
2703
2703
2703
2703
2703
2703
2703
2703
2703
2703
2703
2703
2703
2703
2703
2703
16124 16134 16144 16154 16164 16174 16184
16124 16134 16144 16154 16164 16174 16184
16124 16134 16144 16154 16164 16174 16184
16124 16134 16144 16154 16164 16174 16184
16124 16134 16144 16154 16164 16174 16184
16124 16134 16144 16154 16164 16174 16184
16124 16134 16144 16154 16164 16174 16184
16124 16134 16144 16154 16164 16174 16184
16124 16134 16144 16154 16164 16174 16184
16124 16134 16144 16154 16164 16174 16184
16124 16134 16144 16154 16164 16174 16184
16124 16134 16144 16154 16164 16174 16184
16124 16134 16144 16154 16164 16174 16184
16124 16134 16144 16154 16164 16174 16184
16124 16134 16144 16154 16164 16174 16184
16124 16134 16144 16154 16164 16174 16184
16124 16134 16144 16154 16164 16174 16184
16124 16134 16144 16154 16164 16174 16184
16124 16134 16144 16154 16164 16174 16184
16124 16134 16144 16154 16164 16174 16184
16124 16134 16144 16154 16164 16174 16184
16124 16134 16144 16154 16164 16174 16184
16124 16134 16144 16154 16164 16174 16184
16124 16134 16144 16154 16164 16174 16184
16124 16134 16144 16154 16164 16174 16184
16124 16134 16144 16154 16164 16174 16184
16124 16134 16144 16154 16164 16174 16184
16124 16134 16144 16154 16164 16174 16184
16124 16134 16144 16154 16164 16174 16184
16124 16134 16144 16154 16164 16174 16184
16124 16134 16144 16154 16164 16174 16184
16124 16134 16144 16154 16164 16174 16184
16124 16134 16144 16154 16164 16174 16184
16124 16134 16144 16154 16164 16174 16184
16124 16134 16144 16154 16164 16174 16184
16124 16134 16144 16154 16164 16174 16184
16124 16134 16144 16154 16164 16174 16184
16124 16134 16144 16154 16164 16174 16184
16124 16134 16144 16154 16164 16174 16184
16124 16134 16144 16154 16164 16174 16184
16124 16134 16144 16154 16164 16174 16184
16124 16134 16144 16154 16164 16174 16184
16124 16134 16144 16154 16164 16174 16184
16124 16134 16144 16154 16164 16174 16184
16124 16134 16144 16154 16164 16174 16184
16124 16134 16144 16154 16164 16174 16184
16124 16134 16144 16154 16164 16174 16184
16124 16134 16144 16154 16164 16174 16184
16124 16134 16144 16154 16164 16174 16184
16124 16134 16144 16154 16164 16174 16184
16124 16134 16144 16154 16164 16174 16184
16124 16134 16144 16154 16164 16174 16184
16124 16134 16144 16154 16164 16174 16184
16124 16134 16144 16154 16164 16174 16184
16124 16134 16144 16154 16164 16174 16184
16124 16134 16144 16154 16164 16174 16184
16124 16134 16144 16154 16164 16174 16184
16124 16134 16144 16154 16164 16174 16184
16124 16134 16144 16154 16164 16174 16184
16124 16134 16144 16154 16164 16174 16184
16124 16134 16144 16154 16164 16174 16184
16124 16134 16144 16154 16164 16174 16184
16124 16134 16144 16154 16164 16174 16184
16124 16134 16144 16154 16164 16174 16184
16124 16134 16144 16154 16164 16174 16184
16124 16134 16144 16154 16164 16174 16184
16124 16134 16144 16154 16164 16174 16184
37745 37755 37765 37775 37785 37795 37805 37815
37745 37755 37765 37775 37785 37795 37805 37815
37745 37755 37765 37775 37785 37795 37805 37815
37745 37755 37765 37775 37785 37795 37805 37815
37745 37755 37765 37775 37785 37795 37805 37815
37745 37755 37765 37775 37785 37795 37805 37815
37745 37755 37765 37775 37785 37795 37805 37815
37745 37755 37765 37775 37785 37795 37805 37815
37745 37755 37765 37775 37785 37795 37805 37815
37745 37755 37765 37775 37785 37795 37805 37815
37745 37755 37765 37775 37785 37795 37805 37815
37745 37755 37765 37775 37785 37795 37805 37815
37745 37755 37765 37775 37785 37795 37805 37815
37745 37755 37765 37775 37785 37795 37805 37815
37745 37755 37765 37775 37785 37795 37805 37815
37745 37755 37765 37775 37785 37795 37805 37815
37745 37755 37765 37775 37785 37795 37805 37815
37745 37755 37765 37775 37785 37795 37805 37815
37745 37755 37765 37775 37785 37795 37805 37815
37745 37755 37765 37775 37785 37795 37805 37815
37745 37755 37765 37775 37785 37795 37805 37815
37745 37755 37765 37775 37785 37795 37805 37815
37745 37755 37765 37775 37785 37795 37805 37815
37745 37755 37765 37775 37785 37795 37805 37815
37745 37755 37765 37775 37785 37795 37805 37815
37745 37755 37765 37775 37785 37795 37805 37815
37745 37755 37765 37775 37785 37795 37805 37815
37745 37755 37765 37775 37785 37795 37805 37815
37745 37755 37765 37775 37785 37795 37805 37815
37745 37755 37765 37775 37785 37795 37805 37815
37745 37755 37765 37775 37785 37795 37805 37815
37745 37755 37765 37775 37785 37795 37805 37815
37745 37755 37765 37775 37785 37795 37805 37815
37745 37755 37765 37775 37785 37795 37805 37815
37745 37755 37765 37775 37785 37795 37805 37815
37745 37755 37765 37775 37785 37795 37805 37815
37745 37755 37765 37775 37785 37795 37805 37815
37745 37755 37765 37775 37785 37795 37805 37815
37745 37755 37765 37775 37785 37795 37805 37815
37745 37755 37765 37775 37785 37795 37805 37815
37745 37755 37765 37775 37785 37795 37805 37815
37745 37755 37765 37775 37785 37795 37805 37815
37745 37755 37765 37775 37785 37795 37805 37815
37745 37755 37765 37775 37785 37795 37805 37815
37745 37755 37765 37775 37785 37795 37805 37815
37745 37755 37765 37775 37785 37795 37805 37815
37745 37755 37765 37775 37785 37795 37805 37815
37745 37755 37765 37775 37785 37795 37805 37815
37745 37755 37765 37775 37785 37795 37805 37815
37745 37755 37765 37775 37785 37795 37805 37815
37745 37755 37765 37775 37785 37795 37805 37815
37745 37755 37765 37775 37785 37795 37805 37815
37745 37755 37765 37775 37785 37795 37805 37815
37745 37755 37765 37775 37785 37795 37805 37815
37745 37755 37765 37775 37785 37795 37805 37815
37745 37755 37765 37775 37785 37795 37805 37815
37745 37755 37765 37775 37785 37795 37805 37815
37745 37755 37765 37775 37785 37795 37805 37815
37745 37755 37765 37775 37785 37795 37805 37815
37745 37755 37765 37775 37785 37795 37805 37815
37745 37755 37765 37775 37785 37795 37805 37815
37745 37755 37765 37775 37785 37795 37805 37815
37745 37755 37765 37775 37785 37795 37805 37815
37745 37755 37765 37775 37785 37795 37805 37815
37745 37755 37765 37775 37785 37795 37805 37815
37745 37755 37765 37775 37785 37795 37805 37815
37745 37755 37765 37775 37785 37795 37805 37815
38226 38236 38246 38256 38266 38276 38286 38296
38226 38236 38246 38256 38266 38276 38286 38296
38226 38236 38246 38256 38266 38276 38286 38296
38226 38236 38246 38256 38266 38276 38286 38296
38226 38236 38246 38256 38266 38276 38286 38296
38226 38236 38246 38256 38266 38276 38286 38296
38226 38236 38246 38256 38266 38276 38286 38296
38226 38236 38246 38256 38266 38276 38286 38296
38226 38236 38246 38256 38266 38276 38286 38296
38226 38236 38246 38256 38266 38276 38286 38296
38226 38236 38246 38256 38266 38276 38286 38296
38226 38236 38246 38256 38266 38276 38286 38296
38226 38236 38246 38256 38266 38276 38286 38296
38226 38236 38246 38256 38266 38276 38286 38296
38226 38236 38246 38256 38266 38276 38286 38296
38226 38236 38246 38256 38266 38276 38286 38296
38226 38236 38246 38256 38266 38276 38286 38296
38226 38236 38246 38256 38266 38276 38286 38296
38226 38236 38246 38256 38266 38276 38286 38296
38226 38236 38246 38256 38266 38276 38286 38296
38226 38236 38246 38256 38266 38276 38286 38296
38226 38236 38246 38256 38266 38276 38286 38296
38226 38236 38246 38256 38266 38276 38286 38296
38226 38236 38246 38256 38266 38276 38286 38296
38226 38236 38246 38256 38266 38276 38286 38296
38226 38236 38246 38256 38266 38276 38286 38296
38226 38236 38246 38256 38266 38276 38286 38296
38226 38236 38246 38256 38266 38276 38286 38296
38226 38236 38246 38256 38266 38276 38286 38296
38226 38236 38246 38256 38266 38276 38286 38296
38226 38236 38246 38256 38266 38276 38286 38296
38226 38236 38246 38256 38266 38276 38286 38296
38226 38236 38246 38256 38266 38276 38286 38296
38226 38236 38246 38256 38266 38276 38286 38296
38226 38236 38246 38256 38266 38276 38286 38296
38226 38236 38246 38256 38266 38276 38286 38296
38226 38236 38246 38256 38266 38276 38286 38296
38226 38236 38246 38256 38266 38276 38286 38296
38226 38236 38246 38256 38266 38276 38286 38296
38226 38236 38246 38256 38266 38276 38286 38296
38226 38236 38246 38256 38266 38276 38286 38296
38226 38236 38246 38256 38266 38276 38286 38296
38226 38236 38246 38256 38266 38276 38286 38296
38226 38236 38246 38256 38266 38276 38286 38296
38226 38236 38246 38256 38266 38276 38286 38296
38226 38236 38246 38256 38266 38276 38286 38296
38226 38236 38246 38256 38266 38276 38286 38296
38226 38236 38246 38256 38266 38276 38286 38296
38226 38236 38246 38256 38266 38276 38286 38296
38226 38236 38246 38256 38266 38276 38286 38296
38226 38236 38246 38256 38266 38276 38286 38296
38226 38236 38246 38256 38266 38276 38286 38296
38226 38236 38246 38256 38266 38276 38286 38296
38226 38236 38246 38256 38266 38276 38286 38296
38226 38236 38246 38256 38266 38276 38286 38296
38226 38236 38246 38256 38266 38276 38286 38296
38226 38236 38246 38256 38266 38276 38286 38296
38226 38236 38246 38256 38266 38276 38286 38296
38226 38236 38246 38256 38266 38276 38286 38296
38226 38236 38246 38256 38266 38276 38286 38296
38226 38236 38246 38256 38266 38276 38286 38296
38226 38236 38246 38256 38266 38276 38286 38296
38226 38236 38246 38256 38266 38276 38286 38296
38226 38236 38246 38256 38266 38276 38286 38296
38226 38236 38246 38256 38266 38276 38286 38296
38226 38236 38246 38256 38266 38276 38286 38296
38226 38236 38246 38256 38266 38276 38286 38296
38226 38236 38246 38256 38266 38276 38286 38296
38226 38236 38246 38256 38266 38276 38286 38296
38226 38236 38246 38256 38266 38276 38286 38296
38226 38236 38246 38256 38266 38276 38286 38296
38226 38236 38246 38256 38266 38276 38286 38296
38226 38236 38246 38256 38266 38276 38286 38296
38226 38236 38246 38256 38266 38276 38286 38296
38226 38236 38246 38256 38266 38276 38286 38296
38226 38236 38246 38256 38266 38276 38286 38296
