84621
84621
84621
84621
84621
84621
84621
84621
84621
84621
84621
84621
84621
84621
84621
84621
84621
84621
84621
84621
84621
84621
84621
84621
84621
84621
84621
84621
84621
84621
7922 7922 7922
7922 7922 7922
7922 7922 7922
7922 7922 7922
7922 7922 7922
7922 7922 7922
7922 7922 7922
7922 7922 7922
7922 7922 7922
7922 7922 7922
7922 7922 7922
7922 7922 7922
7922 7922 7922
7922 7922 7922
7922 7922 7922
7922 7922 7922
7922 7922 7922
7922 7922 7922
7922 7922 7922
7922 7922 7922
7922 7922 7922
7922 7922 7922
7922 7922 7922
7922 7922 7922
7922 7922 7922
7922 7922 7922
7922 7922 7922
7922 7922 7922
7922 7922 7922
7922 7922 7922
7922 7922 7922
7922 7922 7922
7973 7973 7973
7973 7973 7973
7973 7973 7973
7973 7973 7973
7973 7973 7973
7973 7973 7973
7973 7973 7973
7973 7973 7973
7973 7973 7973
7973 7973 7973
7973 7973 7973
7973 7973 7973
7973 7973 7973
7973 7973 7973
7973 7973 7973
7973 7973 7973
7973 7973 7973
7973 7973 7973
7973 7973 7973
7973 7973 7973
7973 7973 7973
7973 7973 7973
7973 7973 7973
7973 7973 7973
7973 7973 7973
7973 7973 7973
7973 7973 7973
7973 7973 7973
7973 7973 7973
7973 7973 7973
7973 7973 7973
7973 7973 7973
31884 31934 31944 31954 31964 31974 31984
31884 31934 31944 31954 31964 31974 31984
31884 31934 31944 31954 31964 31974 31984
31884 31934 31944 31954 31964 31974 31984
31884 31934 31944 31954 31964 31974 31984
31884 31934 31944 31954 31964 31974 31984
31884 31934 31944 31954 31964 31974 31984
31884 31934 31944 31954 31964 31974 31984
31884 31934 31944 31954 31964 31974 31984
31884 31934 31944 31954 31964 31974 31984
31884 31934 31944 31954 31964 31974 31984
31884 31934 31944 31954 31964 31974 31984
31884 31934 31944 31954 31964 31974 31984
31884 31934 31944 31954 31964 31974 31984
31884 31934 31944 31954 31964 31974 31984
31884 31934 31944 31954 31964 31974 31984
31884 31934 31944 31954 33204 31974 31984
31884 31934 31944 31954 33204 31974 31984
31884 31934 31944 31954 31964 31974 31984
31884 31934 31944 31954 31964 31974 31984
31884 31934 31944 31954 31964 31974 31984
31884 31934 31944 31954 31964 31974 31984
31884 31934 31944 31954 31964 31974 31984
31884 31934 31944 31954 31964 31974 31984
31884 31934 31944 31954 31964 31974 31984
31884 31934 31944 31954 31964 31974 31984
31884 31934 31944 31954 31964 31974 31984
31884 31934 31944 31954 31964 31974 31984
31884 31934 31944 31954 31964 31974 31984
31884 31934 31944 31954 31964 31974 31984
31884 31934 31944 31954 31964 31974 31984
31884 31934 31944 31954 31964 31974 31984
31884 31934 31944 31954 31964 31974 31984
31884 31934 31944 31954 31964 31974 31984
31884 31934 31944 31954 31964 31974 31984
31884 31934 31944 31954 31964 31974 31984
31884 31934 31944 31954 31964 31974 31984
31884 31934 31944 31954 31964 31974 31984
31884 31934 31944 31954 31964 31974 31984
31884 31934 31944 31954 31964 31974 31984
31884 31934 31944 31954 31964 31974 31984
31884 31934 31944 31954 31964 31974 31984
31884 31934 31944 31954 31964 31974 31984
31884 31934 31944 31954 31964 31974 31984
31884 31934 31944 31954 31964 31974 31984
31894 31894 31894 31894 31894 31894 31894
31904 31904 31904 31904 31904 31904 31904
31884 31934 31944 31954 31964 31974 31984
31914 31914 31914 31914 33204 31914 31914
31914 31914 31914 31914 31914 31914 31914
31884 31934 31944 31954 31964 31974 31984
31884 31934 31944 31954 31964 31974 31984
31884 31934 31944 31954 31964 31974 31984
31884 31934 31944 31954 31964 31974 31984
31884 31934 31944 31954 31964 31974 31984
31924 31924 31924 31924 31924 31924 31924
31924 31924 31924 31924 31924 31924 31924
31924 31924 31924 31924 31924 31924 31924
31884 31934 31944 31954 31964 31974 31984
31884 31934 31944 31954 31964 31974 31984
31884 31934 31944 31954 31964 31974 31984
31884 31934 31944 31954 31964 31974 31984
31884 31934 31944 31954 31964 31974 31984
31884 31934 31944 31954 31964 31974 31984
31884 31934 31944 31954 31964 31974 31984
31884 31934 31944 31954 31964 31974 31984
31884 31934 31944 31954 31964 31974 31984
81825 81835 81845 81855 81865 81875 81885 81895 81905
81825 81835 81845 81855 81865 81875 81885 81895 81905
81825 81835 81845 81855 81865 81875 81885 81895 81905
81825 81835 81845 81855 81865 81875 81885 81895 81905
81825 81835 81845 81855 81865 81875 81885 81895 81905
81825 81835 81845 81855 81865 81875 81885 81895 81905
81825 81835 81845 81855 81865 81875 81885 81895 81905
81825 81835 81845 81855 81865 81875 81885 81895 81905
81825 81835 81845 81855 81865 81875 81885 81895 81905
81825 81835 81845 81855 81865 81875 81885 81895 81905
81825 81835 81845 81855 81865 81875 81885 81895 81905
81825 81835 81845 81855 81865 81875 81885 81895 81905
81825 81835 81845 81855 81865 81875 81885 81895 81905
81825 81835 81845 81855 81865 81875 81885 81895 81905
81825 81835 81845 81855 81865 81875 81885 81895 81905
81825 81835 81845 81855 81865 81875 81885 81895 81905
81825 81835 81845 81855 81865 81875 81885 81895 81905
81825 81835 81845 81855 81865 81875 81885 81895 81905
81825 81835 81845 81855 81865 81875 81885 81895 81905
81825 81835 81845 81855 81865 81875 81885 81895 81905
81825 81835 81845 81855 81865 81875 81885 81895 81905
81825 81835 81845 81855 81865 81875 81885 81895 81905
81825 81835 81845 81855 81865 81875 81885 81895 81905
81825 81835 81845 81855 81865 81875 81885 81895 81905
81825 81835 81845 81855 81865 81875 81885 81895 81905
81825 81835 81845 81855 81865 81875 81885 81895 81905
81825 81835 81845 81855 81865 81875 81885 81895 81905
81825 81835 81845 81855 81865 81875 81885 81895 81905
81825 81835 81845 81855 81865 81875 81885 81895 81905
81825 81835 81845 81855 81865 81875 81885 81895 81905
81825 81835 81845 81855 81865 81875 81885 81895 81905
81825 81835 81845 81855 81865 81875 81885 81895 81905
81825 81835 81845 81855 81865 81875 81885 81895 81905
81825 81835 81845 81855 81865 81875 81885 81895 81905
81825 81835 81845 81855 81865 81875 81885 81895 81905
81825 81835 81845 81855 81865 81875 81885 81895 81905
81825 81835 81845 81855 81865 81875 81885 81895 81905
81825 81835 81845 81855 81865 81875 81885 81895 81905
81825 81835 81845 81855 81865 81875 81885 81895 81905
81825 81835 81845 81855 81865 81875 81885 81895 81905
81825 81835 81845 81855 81865 81875 81885 81895 81905
81825 81835 81845 81855 81865 81875 81885 81895 81905
81825 81835 81845 81855 81865 81875 81885 81895 81905
81825 81835 81845 81855 81865 81875 81885 81895 81905
81825 81835 81845 81855 81865 81875 81885 81895 81905
81825 81835 81845 81855 81865 81875 81885 81895 81905
81825 81835 81845 81855 81865 81875 81885 81895 81905
81825 81835 81845 81855 81865 81875 81885 81915 81905
81825 81835 81845 81855 81865 81875 81885 81915 81905
81825 81835 81845 81855 81865 81875 81885 81895 81905
81825 81835 81935 81855 81935 81935 81935 81935 81905
81825 81835 81935 81855 81935 81935 81935 81935 81905
81825 81835 81845 81855 81865 81875 81885 81895 81905
81825 81835 81845 81855 81865 81875 81885 81895 81905
81825 81835 81845 81855 81865 81875 81885 81945 81905
81825 81835 81845 81855 81865 81875 81955 81895 81905
81825 81835 81845 81855 81865 81875 81955 81895 81905
81825 81835 81845 81855 81865 81875 81885 81895 81905
81825 81835 81845 81855 81865 81875 81885 81895 81905
81825 81835 81845 81855 81865 81875 81885 81965 81905
81825 81835 81845 81855 81865 81875 81885 81895 81905
81825 81835 81845 81855 81865 81875 81885 81975 81905
81825 81835 81845 81855 81865 81875 81885 81985 81905
81825 81835 81845 81855 81865 81875 81885 82015 81905
81825 81835 81845 81855 81865 81875 81885 82025 81905
81825 81835 81845 81855 81865 81875 81885 82035 81905
81825 81835 81845 81855 81865 81875 81885 82045 81905
83286 83296 83306 83316 83326 83336 83346 83356 83366
83286 83296 83306 83316 83326 83336 83346 83356 83366
83286 83296 83306 83316 83326 83336 83346 83356 83366
83286 83296 83306 83316 83326 83336 83346 83356 83366
83286 83296 83306 83316 83326 83336 83346 83356 83366
83286 83296 83306 83316 83326 83336 83346 83356 83366
83286 83296 83306 83316 83326 83336 83346 83356 83366
83286 83296 83306 83316 83326 83336 83346 83356 83366
83286 83296 83306 83316 83326 83336 83346 83356 83366
83286 83296 83306 83316 83326 83336 83346 83356 83366
83286 83296 83306 83316 83326 83336 83346 83356 83366
83286 83296 83306 83316 83326 83336 83346 83356 83366
83286 83296 83306 83316 83326 83336 83346 83356 83366
83286 83296 83306 83316 83326 83336 83346 83356 83366
83286 83296 83306 83316 83326 83336 83346 83356 83366
83286 83296 83306 83316 83326 83336 83346 83356 83366
83286 83296 83306 83316 83326 83336 83346 83356 83366
83286 83296 83306 83316 83326 83336 83346 83356 83366
83286 83296 83306 83316 83326 83336 83346 83356 83366
83286 83296 83306 83316 83326 83336 83346 83356 83366
83286 83296 83306 83316 83326 83336 83346 83356 83366
83286 83296 83306 83316 83326 83336 83346 83356 83366
83286 83296 83306 83316 83326 83336 83346 83356 83366
83286 83296 83306 83316 83326 83336 83346 83356 83366
83286 83296 83306 83316 83326 83336 83346 83356 83366
83286 83296 83306 83316 83326 83336 83346 83356 83366
83286 83296 83306 83316 83326 83336 83346 83356 83366
83286 83296 83306 83316 83326 83336 83346 83356 83366
83286 83296 83306 83316 83326 83336 83346 83356 83366
83286 83296 83306 83316 83326 83336 83346 83356 83366
83286 83296 83306 83316 83326 83336 83346 83356 83366
83286 83296 83306 83316 83326 83336 83346 83356 83366
83286 83296 83306 83316 83326 83336 83346 83356 83366
83286 83296 83306 83316 83326 83336 83346 83356 83366
83286 83296 83306 83316 83326 83336 83346 83356 83366
83286 83296 83306 83316 83326 83336 83346 83356 83366
83286 83296 83306 83316 83326 83336 83346 83356 83366
83286 83296 83306 83316 83326 83336 83346 83356 83366
83286 83296 83306 83316 83326 83336 83346 83356 83366
83286 83296 83306 83316 83326 83336 83346 83356 83366
83286 83296 83306 83316 83326 83336 83346 83356 83366
83286 83296 83306 83316 83326 83336 83346 83356 83366
83286 83296 83306 83316 83326 83336 83346 83356 83366
83286 83296 83306 83316 83326 83336 83346 83356 83366
83286 83296 83306 83316 83326 83336 83346 83356 83366
83286 83296 83306 83316 83326 83336 83346 83356 83366
83286 83296 83306 83316 83326 83336 83346 83356 83366
83286 83296 83306 83316 83326 83336 83346 83376 83366
83286 83296 83306 83316 83326 83336 83346 83376 83366
83286 83296 83306 83316 83326 83336 83346 83356 83366
83286 83296 83396 83316 83396 83396 83396 83396 83366
83286 83296 83396 83316 83396 83396 83396 83396 83366
83286 83296 83306 83316 83326 83336 83346 83356 83366
83286 83296 83306 83316 83326 83336 83346 83356 83366
83286 83296 83306 83316 83326 83336 83346 83406 83366
83286 83296 83306 83316 83326 83336 83416 83356 83366
83286 83296 83306 83316 83326 83336 83416 83356 83366
83286 83296 83306 83316 83326 83336 83346 83356 83366
83286 83296 83306 83316 83326 83336 83346 83356 83366
83286 83296 83306 83316 83326 83336 83346 83356 83366
83286 83296 83306 83316 83326 83336 83346 83356 83366
83286 83296 83306 83316 83456 83336 83346 83426 83366
83286 83296 83306 83316 83326 83336 83346 83356 83366
83286 83296 83306 83316 83456 83336 83346 83436 83366
83286 83296 83306 83316 83326 83336 83346 83356 83366
83286 83296 83306 83316 83456 83336 83346 83446 83366
83286 83296 83306 83316 83326 83336 83346 83356 83366
83286 83296 83466 83466 83326 83466 83346 83466 83366
83286 83296 83306 83316 83326 83336 83346 83476 83366
83286 83296 83466 83466 83326 83466 83346 83466 83366
83286 83296 83306 83316 83326 83336 83346 83476 83366
83286 83296 83306 83316 83326 83336 83346 83506 83366
83286 83296 83306 83316 83326 83336 83346 83516 83366
83286 83296 83306 83316 83326 83336 83346 83526 83366
83286 83296 83306 83316 83326 83336 83346 83536 83366
83286 83296 83306 83316 83326 83336 83346 83546 83366
