100 200 300 400 500 600 700 200 300
70 70 70 60 90 70 60 70 70
40 90 95 70 90 90 70 80 80
80 80 25 60 90 90 65 60 40
100 100 100 100 100 100 100 100 100
65 15 90 40 90 70 60 20 80
70 80 40 30 90 60 40 90 30
20 80 80 30 90 60 40 70 70
90 90 80 30 90 70 60 80 30
60 60 60 90 50 70 90 60 60
90 90 40 90 40 70 90 80 40
90 90 80 90 40 70 80 80 5
90 90 90 90 80 90 90 15 90
80 90 30 90 80 90 90 90 90
80 30 90 90 80 90 90 60 90
20 80 90 90 70 80 90 90 90
90 10 90 90 40 70 80 90 90
90 90 90 90 80 90 90 30 90
35 35 35 35 35 35 35 35 35
