120 240 360 480 600 720 840 240 360
84 84 84 72 108 84 72 84 84
60 95 100 70 90 90 90 90 90
90 90 60 70 90 90 90 80 60
120 120 120 120 120 120 120 120 120
30 10 40 20 90 70 40 15 40
50 70 30 20 90 60 30 50 20
40 90 90 60 90 90 70 80 80
50 60 50 20 90 70 30 50 5
60 60 60 90 50 70 90 60 60
90 90 40 90 40 70 90 80 10
90 90 80 90 40 70 80 80 5
40 20 40 90 60 80 90 10 90
90 90 90 90 80 90 90 90 90
90 90 90 90 80 90 90 60 90
45 80 80 90 70 80 90 90 90
90 10 90 90 50 70 90 90 10
40 40 70 90 80 90 90 15 90
35 35 35 35 35 35 35 35 35
