38741
38741
38741
38741
38741
38741
38741
38741
38741
38741
38741
38741
38741
38741
38741
38741
38741
38741
38741
38741
38741
38741
38741
38741
38741
38741
38741
38741
38741
38741
852 862 872 882 892 902 912 922
852 862 872 882 892 902 912 922
852 862 872 882 892 902 912 922
852 862 872 882 892 902 912 922
852 862 872 882 892 902 912 922
852 862 872 882 892 902 912 922
852 862 872 882 892 902 912 922
852 862 872 882 892 902 912 922
852 862 872 882 892 902 912 922
852 862 872 882 892 902 912 922
852 862 872 882 892 902 912 922
852 862 872 882 892 902 912 922
852 862 872 882 892 902 912 922
852 862 872 882 892 902 912 922
852 862 872 882 892 902 912 922
852 862 872 882 892 902 912 922
852 862 872 882 892 902 912 922
852 862 872 882 892 902 912 922
852 862 872 882 892 902 912 922
852 862 872 882 892 902 912 922
852 862 872 882 892 902 912 922
852 862 872 882 892 902 912 922
852 862 872 882 892 902 912 922
852 862 872 882 892 902 912 922
852 862 872 882 892 902 912 922
852 862 872 882 892 902 912 922
852 862 872 882 892 902 912 922
852 862 872 882 892 902 912 922
852 862 872 882 892 902 912 922
852 862 872 882 892 902 912 922
852 862 872 882 892 902 912 922
852 862 872 882 892 902 912 922
852 862 872 882 892 902 912 922
852 862 872 882 892 902 912 922
852 862 872 882 892 902 912 922
852 862 872 882 892 902 912 922
852 862 872 882 892 902 912 922
852 862 872 882 892 902 912 922
852 862 872 882 892 902 912 922
852 862 872 882 892 902 912 922
852 862 872 882 892 902 912 922
852 862 872 882 892 902 912 922
852 862 872 882 892 902 912 922
852 862 872 882 892 902 912 922
852 862 872 882 892 902 912 922
852 862 872 882 892 902 912 922
852 862 872 882 892 902 912 922
852 862 872 882 892 902 912 922
852 862 872 882 892 902 912 922
852 862 872 882 892 902 912 922
852 862 872 882 892 902 912 922
852 862 872 882 892 902 912 922
852 862 872 882 892 902 912 922
852 862 872 882 892 902 912 922
852 862 872 882 892 902 912 922
852 862 872 882 892 902 912 922
852 862 872 882 892 902 912 922
852 862 872 882 892 902 912 922
852 862 872 882 892 902 912 922
852 862 872 882 892 902 912 922
932 862 872 932 892 902 912 922
852 862 872 882 892 902 912 922
852 862 872 882 892 902 912 922
932 862 872 932 892 902 912 922
932 862 872 932 892 902 912 922
932 862 872 932 892 902 912 922
932 862 872 932 892 902 912 922
852 862 872 882 892 902 912 922
852 862 872 882 892 902 912 922
932 862 872 932 892 902 912 922
932 862 872 932 892 902 912 922
852 862 872 882 892 902 912 922
852 862 872 882 892 902 912 922
932 862 872 932 892 902 912 922
932 862 872 932 892 902 912 922
932 862 872 932 892 902 912 922
852 862 872 882 892 902 912 922
852 862 872 882 892 902 912 922
932 862 872 932 892 902 912 922
932 862 872 932 892 902 912 922
852 862 872 882 892 902 912 922
852 862 872 882 892 902 912 922
852 862 872 882 892 902 912 922
852 862 872 882 892 902 912 922
4433 4443 4453 4463 4483 4473
4433 4443 4453 4463 4483 4473
4433 4443 4453 4463 4483 4473
4433 4443 4453 4463 4483 4473
4433 4443 4453 4463 4483 4473
4433 4443 4453 4463 4483 4473
4433 4443 4453 4463 4483 4473
4433 4443 4453 4463 4483 4473
4433 4443 4453 4463 4483 4473
4433 4443 4453 4463 4483 4473
4433 4443 4453 4463 4483 4473
4433 4443 4453 4463 4483 4473
4433 4443 4453 4463 4483 4473
4433 4443 4453 4463 4483 4473
4433 4443 4453 4463 4483 4473
4433 4443 4453 4463 4483 4473
4433 4443 4453 4463 4483 4473
4433 4443 4453 4463 4483 4473
4433 4443 4453 4463 4483 4473
4433 4443 4453 4463 4483 4473
4433 4443 4453 4463 4483 4473
4433 4443 4453 4463 4483 4473
4433 4443 4453 4463 4483 4473
4433 4443 4453 4463 4483 4473
4433 4443 4453 4463 4483 4473
4433 4443 4453 4463 4483 4473
4433 4443 4453 4463 4483 4473
4433 4443 4453 4463 4483 4473
4433 4443 4453 4463 4483 4473
4433 4443 4453 4463 4483 4473
4433 4443 4453 4463 4483 4473
4433 4443 4453 4463 4483 4473
4433 4443 4453 4463 4483 4473
4433 4443 4453 4463 4483 4473
4433 4443 4453 4463 4483 4473
4433 4443 4453 4463 4483 4473
4433 4443 4453 4463 4483 4473
4433 4443 4453 4463 4483 4473
4433 4443 4453 4463 4483 4473
4433 4443 4453 4463 4483 4473
4433 4443 4453 4463 4483 4473
4433 4443 4453 4463 4483 4473
4433 4443 4453 4463 4483 4473
4433 4443 4453 4463 4483 4473
4433 4443 4453 4463 4483 4473
4433 4443 4453 4463 4483 4473
4433 4443 4453 4463 4483 4473
4433 4443 4453 4463 4483 4473
4433 4443 4453 4463 4483 4473
4433 4443 4453 4463 4483 4473
4433 4443 4453 4463 4483 4473
4433 4443 4453 4463 4483 4473
4433 4443 4453 4463 4483 4473
4433 4443 4453 4463 4483 4473
4433 4443 4453 4463 4483 4473
4433 4443 4453 4463 4483 4473
4433 4443 4453 4463 4483 4473
4433 4443 4453 4463 4483 4473
4433 4443 4453 4463 4483 4473
4433 4443 4453 4463 4483 4473
4433 4443 4453 4463 4483 4473
4433 4443 4453 4463 4483 4473
4433 4443 4453 4463 4483 4473
4433 4443 4453 4463 4483 4473
4433 4443 4453 4463 4483 4473
4433 4443 4453 4463 4483 4473
4433 4443 4453 4463 4483 4473
