84581
84581
84581
84581
84581
84581
84581
84581
84581
84581
84581
84581
84581
84581
84581
84581
84581
84581
84581
84581
84581
84581
84581
84581
84581
84581
84581
84581
84581
84581
2362 2372 2382 2392 2402 2412 2422 2432
2362 2372 2382 2392 2402 2412 2422 2432
2362 2372 2382 2392 2402 2412 2422 2432
2362 2372 2382 2392 2402 2412 2422 2432
2362 2372 2382 2392 2402 2412 2422 2432
2362 2372 2382 2392 2402 2412 2422 2432
2362 2372 2382 2392 2402 2412 2422 2432
2362 2372 2382 2392 2402 2412 2422 2432
2362 2372 2382 2392 2402 2412 2422 2432
2362 2372 2382 2392 2402 2412 2422 2432
2362 2372 2382 2392 2402 2412 2422 2432
2362 2372 2382 2392 2402 2412 2422 2432
2362 2372 2382 2392 2402 2412 2422 2432
2362 2372 2382 2392 2402 2412 2422 2432
2362 2372 2382 2392 2402 2412 2422 2432
2362 2372 2382 33412 33412 33412 2422 2432
2362 2372 2382 33412 33412 33412 2422 2432
2362 2372 2382 33412 33412 33412 2422 2432
2362 2372 2382 2392 2402 2412 2422 2432
2362 2372 2382 2392 2402 2412 2422 2432
2362 2372 2382 2392 2402 2412 2422 2432
2362 2372 2382 2392 2402 2412 2422 2432
2362 2372 2382 2392 2402 2412 2422 2432
2362 2372 2382 2392 2402 2412 2422 2432
2362 2372 2382 2392 2402 2412 2422 2432
2362 2372 2382 2392 2402 2412 2422 2432
2362 2372 2382 2392 2402 2412 2422 2432
2362 2372 2382 2392 2402 2412 2422 2432
2362 2372 2382 2392 2402 2412 2422 2432
2362 2372 2382 2392 2402 2412 2422 2432
2362 2372 2382 2392 2402 2412 2422 2432
2362 2372 2382 2392 2402 2412 2422 2432
2362 2372 2382 2392 2402 2412 2422 2432
2362 2372 2382 2392 2402 2412 2422 2432
2362 2372 2382 2392 2402 2412 2422 2432
2362 2372 2382 2392 2402 2412 2422 2432
2362 2372 2382 2392 2402 2412 2422 2432
2362 2372 2382 2392 2402 2412 2422 2432
2362 2372 2382 2392 2402 2412 2422 2432
2362 2372 2382 2392 2402 2412 2422 2432
2362 2372 2382 2392 2402 2412 2422 2432
2362 2372 2382 2392 2402 2412 2422 2432
2362 2372 2382 2392 2402 2412 2422 2432
2362 2372 2382 2392 2402 2412 2422 2432
2362 2372 2382 2392 2402 2412 2422 2432
2362 2372 2382 2392 2402 2412 2422 2432
2362 2372 2382 2392 2402 2412 2422 2432
2442 2372 2382 2442 2402 2412 2422 2442
2462 2372 2382 2462 2402 2412 2422 2462
2362 2372 2382 2392 2402 2412 2422 2432
2452 2452 2452 2452 2452 2452 2452 2452
2452 2452 2452 2452 2452 2452 2452 2452
2472 2472 2472 2472 2472 2412 2422 2432
2362 2372 2382 2392 2402 2412 2422 2432
2482 2482 2382 2482 2482 2412 2422 2432
2362 2372 2382 2392 2402 2412 2422 2432
2492 2372 2382 2492 2492 2492 2492 2492
2502 2372 2382 2502 2402 2412 2422 2502
2512 2372 2382 2392 2402 2412 2422 2512
2522 2372 2382 2522 2402 2412 2422 2432
2362 2372 2382 2392 2402 2412 2422 2432
2362 2372 2382 2392 2402 2412 2422 2432
2532 2372 2382 2532 2402 2412 2422 2432
2362 2372 2382 2392 2402 2412 2422 2432
2532 2532 2532 2532 2532 2532 2532 2532
2532 2532 2532 2532 2532 2532 2532 2532
2532 2532 2532 2532 2532 2532 2532 2532
2362 2372 2382 2392 2402 2412 2422 2432
2542 2372 2382 2542 2402 2412 2422 2432
2362 2372 2382 2392 2402 2412 2422 2432
2542 2372 2382 2392 2402 2412 2422 2542
2362 2372 2382 2392 2402 2412 2422 2432
2552 2372 2382 2552 2402 2412 2422 2432
2362 2372 2382 2392 2402 2412 2422 2432
2362 2372 2382 2392 2402 2412 2422 2432
2362 2372 2382 2392 2402 2412 2422 2432
2362 2372 2382 2392 2402 2412 2422 2432
2562 2372 2382 2562 2402 2412 2422 2432
2362 2372 2382 2392 2402 2412 2422 2432
2562 2372 2382 2562 2562 2562 2562 2562
2362 2372 2382 2392 2402 2412 2422 2432
2572 2572 2382 2572 2572 2412 2422 2432
2362 2372 2382 2392 2402 2412 2422 2432
2362 2372 2382 2392 2402 2412 2422 2432
13443 13463 13473 13483 13493
13443 13463 13473 13483 13493
13443 13463 13473 13483 13493
13443 13463 13473 13483 13493
13443 13463 13473 13483 13493
13443 13463 13473 13483 13493
13443 13463 13473 13483 13493
13443 13463 13473 13483 13493
13443 13463 13473 13483 13493
13443 13463 13473 13483 13493
13443 13463 13473 13483 13493
13443 13463 13473 13483 13493
13443 13463 13473 13483 13493
13443 13463 13473 13483 13493
13443 13463 13473 13483 13493
13443 13463 13473 13483 34033
13443 13463 13473 13483 34033
13443 13463 13473 13483 34033
13443 13463 13473 13483 13493
13443 13463 13473 13483 13493
13443 13463 13473 13483 13493
13443 13463 13473 13483 13493
13443 13463 13473 13483 13493
13443 13463 13473 13483 13493
13443 13463 13473 13483 13493
13443 13463 13473 13483 13493
13443 13463 13473 13483 13493
13443 13463 13473 13483 13493
13443 13463 13473 13483 13493
13443 13463 13473 13483 13493
13443 13463 13473 13483 13493
13443 13463 13473 13483 13493
13443 13463 13473 13483 13493
13443 13463 13473 13483 13493
13443 13463 13473 13483 13493
13443 13463 13473 13483 13493
13443 13463 13473 13483 13493
13443 13463 13473 13483 13493
13443 13463 13473 13483 13493
13443 13463 13473 13483 13493
13443 13463 13473 13483 13493
13443 13463 13473 13483 13493
13443 13463 13473 13483 13493
13443 13463 13473 13483 13493
13443 13463 13473 13483 13493
13443 13463 13473 13483 13493
13443 13463 13473 13483 13493
13453 13453 13453 13483 13493
13443 13463 13473 13483 13493
13443 13463 13473 13483 13493
13443 13463 13473 13483 13493
13443 13463 13473 13483 13493
13443 13463 13473 13483 13493
13443 13463 13473 13483 13493
13443 13463 13473 13483 13493
13443 13463 13473 13483 13493
13443 13523 13473 13483 13493
13443 13463 13473 13483 13493
13443 13463 13473 13483 13493
13533 13533 13533 13483 13493
13443 13463 13473 13483 13493
13443 13463 13473 13483 13493
28583 28583 28583 13483 13493
28593 28593 28593 28593 28593
28593 28593 28593 28593 28593
28593 28593 28593 28593 28593
13443 13463 13473 13483 13493
