84621
84621
84621
84621
84621
84621
84621
84621
84621
84621
84621
84621
84621
84621
84621
84621
84621
84621
84621
84621
84621
84621
84621
84621
84621
84621
84621
84621
84621
84621
15772 15782 15792 15802 15812 15822 15832 15842
15772 15782 15792 15802 15812 15822 15832 15842
15772 15782 15792 15802 15812 15822 15832 15842
15772 15782 15792 15802 15812 15822 15832 15842
15772 15782 15792 15802 15812 15822 15832 15842
15772 15782 15792 15802 15812 15822 15832 15842
15772 15782 15792 15802 15812 15822 15832 15842
15772 15782 15792 15802 15812 15822 15832 15842
15772 15782 15792 15802 15812 15822 15832 15842
15772 15782 15792 15802 15812 15822 15832 15842
15772 15782 15792 15802 15812 15822 15832 15842
15772 15782 15792 15802 15812 15822 15832 15842
15772 15782 15792 15802 15812 15822 15832 15842
15772 15782 15792 15802 15812 15822 15832 15842
15772 15782 15792 15802 15812 15822 15832 15842
15772 15782 15792 15802 15812 15822 15832 15842
15772 15782 15792 15802 15812 15822 15832 15842
15772 15782 15792 15802 15812 15822 15832 15842
15772 15782 15792 15802 15812 15822 15832 15842
15772 15782 15792 15802 15812 15822 15832 15842
15772 15782 15792 15802 15812 15822 15832 15842
15772 15782 15792 15802 15812 15822 15832 15842
15772 15782 15792 15802 15812 15822 15832 15842
15772 15782 15792 15802 15812 15822 15832 15842
15772 15782 15792 15802 15812 15822 15832 15842
15772 15782 15792 15802 15812 15822 15832 15842
15772 15782 15792 15802 15812 15822 15832 15842
15772 15782 15792 15802 15812 15822 15832 15842
15772 15782 15792 15802 15812 15822 15832 15842
15772 15782 15792 15802 15812 15822 15832 15842
15772 15782 15792 15802 15812 15822 15832 15842
15772 15782 15792 15802 15812 15822 15832 15842
15772 15782 15792 15802 15812 15822 15832 15842
15772 15782 15792 15802 15812 15822 15832 15842
15772 15782 15792 15802 15812 15822 15832 15842
15772 15782 15792 15802 15812 15822 15832 15842
15772 15782 15792 15802 15812 15822 15832 15842
15772 15782 15792 15802 15812 15822 15832 15842
15772 15782 15792 15802 15812 15822 15832 15842
15772 15782 15792 15802 15812 15822 15832 15842
15772 15782 15792 15802 15812 15822 15832 15842
15772 15782 15792 15802 15812 15822 15832 15842
15772 15782 15792 15802 15812 15822 15832 15842
15772 15782 15792 15802 15812 15822 15832 15842
15772 15782 15792 15802 15812 15822 15832 15842
15772 15782 15792 15802 15812 15822 15832 15842
15772 15782 15792 15802 15812 15822 15832 15842
15772 15782 15792 15802 15812 15822 15832 15842
15772 15782 15792 15802 15812 15822 15832 15842
15772 15782 15792 15802 15812 15822 15832 15842
15772 15782 15792 15802 15812 15822 15832 15842
15772 15862 15792 15802 15812 15822 15832 15842
15772 15852 15792 15802 15812 15822 15832 15842
15772 15782 15792 15872 15812 15822 15832 15842
15772 15782 15792 15802 15812 15822 15832 15842
15772 15882 15882 15882 15882 15822 15882 15842
15772 15882 15882 15882 15882 15822 15882 15842
15772 15882 15882 15882 15882 15822 15882 15842
15772 15882 15882 15882 15882 15822 15882 15842
15772 15892 15892 15892 15892 15822 15892 15842
15772 15892 15892 15892 15892 15822 15892 15842
15772 15882 15882 15882 15882 15822 15882 15842
15772 15882 15882 15882 15882 15822 15882 15842
15772 15902 15902 15902 15902 15822 15902 15842
15772 15902 15902 15902 15902 15822 15902 15842
15772 15882 15882 15882 15882 15822 15882 15842
15772 15882 15882 15882 15882 15822 15882 15842
15772 15912 15912 15912 15912 15822 15912 15842
15772 15912 15912 15912 15912 15822 15912 15842
15772 15782 15792 15802 15812 15822 15832 15842
15772 15782 15792 15802 15812 15822 15832 15842
15772 15922 15922 15922 15922 15922 15922 15922
15772 15932 15932 15932 15932 15932 15932 15932
15772 15782 15792 15802 15812 15822 15832 15842
15772 15782 15792 15802 15812 15822 15832 15842
15772 15782 15792 15802 15812 15822 15832 15842
15772 15782 15792 15802 15812 15822 15832 15842
15772 15782 15792 15802 15812 15822 15832 15842
15772 15782 15792 15802 15812 15822 15832 15842
15772 15782 15792 15802 15812 15822 15832 15842
15772 15782 15792 15802 15812 15822 15832 15842
15772 15782 15792 15802 15812 15822 15832 15842
15772 15782 15792 15802 15812 15822 15832 15842
15772 15782 15792 15802 15812 15822 15832 15842
15772 15782 15792 15802 15812 15822 15832 15842
15772 15782 15792 15802 15812 15822 15832 15842
15772 15782 15792 15802 15812 15822 15832 15842
15772 15782 15792 15802 15812 15822 15832 15842
15772 15782 15792 15802 15812 15822 15832 15842
15772 15782 15792 15802 15812 15822 15832 15842
15772 15782 15792 15802 15812 15822 15832 15842
69033 69043 69053 69063 69073 69083 69093 69103 69113 69123
69033 69043 69053 69063 69073 69083 69093 69103 69113 69123
69033 69043 69053 69063 69073 69083 69093 69103 69113 69123
69033 69043 69053 69063 69073 69083 69093 69103 69113 69123
69033 69043 69053 69063 69073 69083 69093 69103 69113 69123
69033 69043 69053 69063 69073 69083 69093 69103 69113 69123
69033 69043 69053 69063 69073 69083 69093 69103 69113 69123
69033 69043 69053 69063 69073 69083 69093 69103 69113 69123
69033 69043 69053 69063 69073 69083 69093 69103 69113 69123
69033 69043 69053 69063 69073 69083 69093 69103 69113 69123
69033 69043 69053 69063 69073 69083 69093 69103 69113 69123
69033 69043 69053 69063 69073 69083 69093 69103 69113 69123
69033 69043 69053 69063 69073 69083 69093 69103 69113 69123
69033 69043 69053 69063 69073 69083 69093 69103 69113 69123
69033 69043 69053 69063 69073 69083 69093 69103 69113 69123
69033 69043 69053 69063 69073 69083 69093 69103 69113 69123
69033 69043 69053 69213 69213 69083 69093 69213 69213 69123
69033 69043 69053 69063 69073 69083 69093 69103 69113 69123
69033 69043 69053 69063 69073 69083 69093 69103 69113 69123
69033 69043 69053 69063 69073 69083 69093 69103 69113 69123
69033 69043 69053 69063 69073 69083 69093 69103 69113 69123
69033 69043 69053 69063 69073 69083 69093 69103 69113 69123
69033 69043 69053 69063 69073 69083 69093 69103 69113 69123
69033 69043 69053 69063 69073 69083 69093 69103 69113 69123
69033 69043 69053 69063 69073 69083 69093 69103 69113 69123
69033 69043 69053 69063 69073 69083 69093 69103 69113 69123
69033 69043 69053 69063 69073 69083 69093 69103 69113 69123
69033 69043 69053 69063 69073 69083 69093 69103 69113 69123
69033 69043 69053 69063 69073 69083 69093 69103 69113 69123
69033 69043 69053 69063 69073 69083 69093 69103 69113 69123
69033 69043 69053 69063 69073 69083 69093 69103 69113 69123
69033 69043 69053 69063 69073 69083 69093 69103 69113 69123
69033 69043 69053 69063 69073 69083 69093 69103 69113 69123
69033 69043 69053 69063 69073 69083 69093 69103 69113 69123
69033 69043 69053 69063 69073 69083 69093 69103 69113 69123
69033 69043 69053 69063 69073 69083 69093 69103 69113 69123
69033 69043 69053 69063 69073 69083 69093 69103 69113 69123
69033 69043 69053 69063 69073 69083 69093 69103 69113 69123
69033 69043 69053 69063 69073 69083 69093 69103 69113 69123
69033 69043 69053 69063 69073 69083 69093 69103 69113 69123
69033 69043 69053 69063 69073 69083 69093 69103 69113 69123
69033 69043 69053 69063 69073 69083 69093 69103 69113 69123
69033 69043 69053 69063 69073 69083 69093 69103 69113 69123
69033 69043 69053 69063 69073 69083 69093 69103 69113 69123
69033 69043 69053 69133 69073 69083 69093 69103 69133 69123
69033 69043 69053 69063 69143 69143 69093 69103 69143 69123
69033 69043 69053 69063 69153 69083 69093 69103 69153 69123
69033 69043 69053 69063 69073 69083 69093 69103 69113 69123
69033 69043 69053 69163 69163 69163 69093 69163 69163 69123
69033 69043 69053 69063 69073 69083 69093 69103 69113 69123
69033 69173 69173 69173 69173 69173 69173 69173 69173 69123
69033 69173 69173 69173 69173 69173 69173 69173 69173 69123
69033 69043 69053 69063 69073 69083 69093 69103 69113 69123
69033 69043 69053 69183 69183 69083 69093 69103 69183 69123
69033 69043 69053 69063 69073 69083 69093 69103 69113 69123
69033 69043 69053 69063 69073 69083 69093 69103 69113 69123
69033 69043 69053 69063 69073 69083 69093 69103 69113 69123
69033 69043 69053 69063 69073 69083 69093 69103 69113 69123
69033 69043 69053 69063 69073 69083 69093 69103 69113 69123
69033 69043 69053 69063 69073 69083 69093 69103 69113 69123
69033 69043 69053 69063 69073 69083 69093 69103 69113 69123
69033 69043 69053 69063 69073 69083 69093 69103 69113 69123
69033 69043 69053 69063 69073 69083 69093 69103 69113 69123
69033 69043 69053 69193 69193 69083 69093 69103 69193 69123
69033 69043 69053 69203 69203 69203 69093 69203 69203 69123
69033 69043 69053 69203 69203 69203 69093 69203 69203 69123
69033 69043 69053 69203 69203 69203 69093 69203 69203 69123
69033 69043 69053 69063 69073 69083 69093 69103 69113 69123
