0 0 0
1 0 1
2 0 2
3 0 3
4 0 4
5 0 5
6 0 6
7 0 7
8 0 8
9 0 9
10 0 10
11 0 11
0 0 0
12 0 12
13 1 13
14 1 14
15 1 15
16 1 16
17 1 17
18 1 18
19 1 19
20 1 20
21 1 21
13 1 13
22 1 22
23 1 23
24 1 24
25 1 25
26 1 26
27 1 27
0 0 0
1 0 1
1 0 1
2 0 2
3 1 3
4 0 4
5 0 5
6 2 6
7 0 7
8 0 8
9 0 9
10 0 10
11 0 11
12 0 12
13 0 13
14 3 14
15 3 15
16 4 16
17 5 17
18 6 18
19 7 19
20 3 20
21 8 21
22 9 22
23 3 23
24 3 24
25 3 25
26 3 26
27 10 27
28 11 28
29 12 29
30 3 30
31 3 31
32 3 32
33 3 33
34 3 34
35 3 35
36 3 36
37 3 37
38 3 38
39 3 39
37 3 37
38 3 38
39 3 39
40 3 40
31 3 41
32 3 32
33 3 33
41 3 42
42 3 43
43 3 44
44 13 45
45 14 46
46 15 47
47 3 48
48 16 49
49 17 50
50 3 15
51 4 16
52 18 51
53 17 50
54 3 15
55 4 16
56 18 51
61 19 52
58 3 15
59 4 16
60 18 51
62 20 53
63 21 54
64 22 55
65 23 56
66 24 57
67 3 64
68 10 27
69 25 58
70 26 59
71 25 58
72 27 60
73 25 58
74 28 61
75 3 64
76 10 27
77 3 62
78 29 63
79 3 64
80 25 58
81 22 55
86 3 65
87 3 33
14 3 14
15 0 15
20 0 20
4 0 4
5 0 5
6 0 6
7 0 7
8 0 8
9 0 9
16 0 16
17 0 17
18 0 18
19 0 19
39 0 39
40 0 40
0 0 0
1 1 1
2 2 2
3 3 3
10 0 10
11 4 11
12 5 12
13 6 13
14 7 14
21 0 21
22 0 22
23 0 23
24 0 24
42 0 42
43 0 43
44 0 44
25 0 25
26 0 26
27 0 27
28 0 28
29 8 29
30 9 30
31 10 31
36 0 36
37 0 37
38 0 38
35 0 35
32 0 32
33 0 33
34 0 34
45 11 45
46 12 46
47 13 47
48 14 48
49 15 49
50 16 50
51 17 51
52 18 52
53 19 53
54 20 54
55 21 55
56 21 55
57 21 55
58 21 55
59 22 56
60 22 56
61 22 56
62 22 56
63 23 57
64 24 58
65 25 59
66 26 60
67 27 61
41 0 41
