38781
38781
38781
38781
38781
38781
38781
38781
38781
38781
38781
38781
38781
38781
38781
38781
38781
38781
38781
38781
38781
38781
38781
38781
38781
38781
38781
38781
38781
38781
5722 5732 5742 5752 5762 5772 5782
5722 5732 5742 5752 5762 5772 5782
5722 5732 5742 5752 5762 5772 5782
5722 5732 5742 5752 5762 5772 5782
5722 5732 5742 5752 5762 5772 5782
5722 5732 5742 5752 5762 5772 5782
5722 5732 5742 5752 5762 5772 5782
5722 5732 5742 5752 5762 5772 5782
5722 5732 5742 5752 5762 5772 5782
5722 5732 5742 5752 5762 5772 5782
5722 5732 5742 5752 5762 5772 5782
5722 5732 5742 5752 5762 5772 5782
5722 5732 5742 5752 5762 5772 5782
5722 5732 5742 5752 5762 5772 5782
5722 5732 5742 5752 5762 5772 5782
5722 5732 5742 5752 5762 5772 5782
5722 5732 5742 5752 5762 5772 5782
5722 5732 5742 5752 5762 5772 5782
5722 5732 5742 5752 5762 5772 5782
5722 5732 5742 5752 5762 5772 5782
5722 5732 5742 5752 5762 5772 5782
5722 5732 5742 5752 5762 5772 5782
5722 5732 5742 5752 5762 5772 5782
5722 5732 5742 5752 5762 5772 5782
5722 5732 5742 5752 5762 5772 5782
5722 5732 5742 5752 5762 5772 5782
5722 5732 5742 5752 5762 5772 5782
5722 5732 5742 5752 5762 5772 5782
5722 5732 5742 5752 5762 5772 5782
5722 5732 5742 5752 5762 5772 5782
5722 5732 5742 5752 5762 5772 5782
5722 5732 5742 5752 5762 5772 5782
5722 5732 5742 5752 5762 5772 5782
5722 5732 5742 5752 5762 5772 5782
5722 5732 5742 5752 5762 5772 5782
5722 5732 5742 5752 5762 5772 5782
5722 5732 5742 5752 5762 5772 5782
5722 5732 5742 5752 5762 5772 5782
5722 5732 5742 5752 5762 5772 5782
5722 5732 5742 5752 5762 5772 5782
5722 5732 5742 5752 5762 5772 5782
5722 5732 5742 5752 5762 5772 5782
5722 5732 5742 5752 5762 5772 5782
5722 5732 5742 5752 5762 5772 5782
5722 5732 5742 5752 5762 5772 5782
5722 5732 5742 5752 5762 5772 5782
5722 5732 5742 5752 5762 5772 5782
5722 5732 5742 5752 5762 5772 5782
5722 5732 5742 5752 5762 5772 5782
5722 5732 5742 5752 5762 5772 5782
5722 5732 5742 5752 5762 5772 5782
5722 5732 5742 5752 5762 5772 5782
5722 5732 5742 5752 5762 5772 5782
5722 5732 5742 5752 5762 5772 5782
5722 5732 5742 5752 5762 5772 5782
5722 5732 5742 5752 5762 5772 5782
5722 5732 5742 5752 5762 5772 5782
5722 5732 5742 5752 5762 5772 5782
5722 5732 5742 5752 5762 5772 5782
5722 5732 5742 5752 5762 5772 5782
5722 5732 5742 5752 5762 5772 5782
5722 5732 5742 5752 5762 5772 5782
5722 5732 5742 5752 5762 5772 5782
5722 5732 5742 5752 5762 5772 5782
5722 5732 5742 5752 5762 5772 5782
5722 5732 5742 5752 5762 5772 5782
5722 5732 5742 5752 5762 5772 5782
5722 5732 5742 5752 5762 5772 5782
5722 5732 5742 5752 5762 5772 5782
5722 5732 5742 5752 5762 5772 5782
5722 5732 5742 5752 5762 5772 5782
5722 5732 5742 5752 5762 5772 5782
5722 5732 5742 5752 5762 5772 5782
5722 5732 5742 5752 5762 5772 5782
5722 5732 5742 5752 5762 5772 5782
5722 5732 5742 5752 5762 5772 5782
5722 5732 5742 5752 5762 5772 5782
5722 5732 5742 5752 5762 5772 5782
5722 5732 5742 5752 5762 5772 5782
5722 5732 5742 5752 5762 5772 5782
5722 5732 5742 5752 5762 5772 5782
5722 5732 5742 5752 5762 5772 5782
5722 5732 5742 5752 5762 5772 5782
5722 5732 5742 5752 5762 5772 5782
5722 5732 5742 5752 5762 5772 5782
5722 5732 5742 5752 5762 5772 5782
5722 5732 5742 5752 5762 5772 5782
5722 5732 5742 5752 5762 5772 5782
5722 5732 5742 5752 5762 5772 5782
5722 5732 5742 5752 5762 5772 5782
5722 5732 5742 5752 5762 5772 5782
32403 32413 32423 32433 32443 32453 32463 32473 32483
32403 32413 32423 32433 32443 32453 32463 32473 32483
32403 32413 32423 32433 32443 32453 32463 32473 32483
32403 32413 32423 32433 32443 32453 32463 32473 32483
32403 32413 32423 32433 32443 32453 32463 32473 32483
32403 32413 32423 32433 32443 32453 32463 32473 32483
32403 32413 32423 32433 32443 32453 32463 32473 32483
32403 32413 32423 32433 32443 32453 32463 32473 32483
32403 32413 32423 32433 32443 32453 32463 32473 32483
32403 32413 32423 32433 32443 32453 32463 32473 32483
32403 32413 32423 32433 32443 32453 32463 32473 32483
32403 32413 32423 32433 32443 32453 32463 32473 32483
32403 32413 32423 32433 32443 32453 32463 32473 32483
32403 32413 32423 32433 32443 32453 32463 32473 32483
32403 32413 32423 32433 32443 32453 32463 32473 32483
32403 32413 32423 32433 32443 32453 32463 32473 32483
32403 32413 32423 32433 32443 32453 32463 32473 32483
32403 32413 32423 32433 32443 32453 32463 32473 32483
32403 32413 32423 32433 32443 32453 32463 32473 32483
32403 32413 32423 32433 32443 32453 32463 32473 32483
32403 32413 32423 32433 32443 32453 32463 32473 32483
32403 32413 32423 32433 32443 32453 32463 32473 32483
32403 32413 32423 32433 32443 32453 32463 32473 32483
32403 32413 32423 32433 32443 32453 32463 32473 32483
32403 32413 32423 32433 32443 32453 32463 32473 32483
32403 32413 32423 32433 32443 32453 32463 32473 32483
32403 32413 32423 32433 32443 32453 32463 32473 32483
32403 32413 32423 32433 32443 32453 32463 32473 32483
32403 32413 32423 32433 32443 32453 32463 32473 32483
32403 32413 32423 32433 32443 32453 32463 32473 32483
32403 32413 32423 32433 32443 32453 32463 32473 32483
32403 32413 32423 32433 32443 32453 32463 32473 32483
32403 32413 32423 32433 32443 32453 32463 32473 32483
32403 32413 32423 32433 32443 32453 32463 32473 32483
32403 32413 32423 32433 32443 32453 32463 32473 32483
32403 32413 32423 32433 32443 32453 32463 32473 32483
32403 32413 32423 32433 32443 32453 32463 32473 32483
32403 32413 32423 32433 32443 32453 32463 32473 32483
32403 32413 32423 32433 32443 32453 32463 32473 32483
32403 32413 32423 32433 32443 32453 32463 32473 32483
32403 32413 32423 32433 32443 32453 32463 32473 32483
32403 32413 32423 32433 32443 32453 32463 32473 32483
32403 32413 32423 32433 32443 32453 32463 32473 32483
32403 32413 32423 32433 32443 32453 32463 32473 32483
32403 32413 32423 32433 32443 32453 32463 32473 32483
32403 32413 32423 32433 32443 32453 32463 32473 32483
32403 32413 32423 32433 32443 32453 32463 32473 32483
32403 32413 32423 32433 32443 32453 32463 32473 32483
32403 32413 32423 32433 32443 32453 32463 32473 32483
32403 32413 32423 32433 32443 32453 32463 32473 32483
32403 32413 32423 32433 32443 32453 32463 32473 32483
32403 32413 32423 32433 32443 32453 32463 32473 32483
32403 32413 32423 32433 32443 32453 32463 32473 32483
32403 32413 32423 32433 32443 32453 32463 32473 32483
32403 32413 32423 32433 32443 32453 32463 32473 32483
32403 32413 32423 32433 32443 32453 32463 32473 32483
32403 32413 32423 32433 32443 32453 32463 32473 32483
32403 32413 32423 32433 32443 32453 32463 32473 32483
32403 32413 32423 32433 32443 32453 32463 32473 32483
32403 32413 32423 32433 32443 32453 32463 32473 32483
32403 32413 32423 32433 32443 32453 32463 32473 32483
32403 32413 32423 32433 32443 32453 32463 32473 32483
32403 32413 32423 32433 32443 32453 32463 32473 32483
32403 32413 32423 32433 32443 32453 32463 32473 32483
32403 32413 32423 32433 32443 32453 32463 32473 32483
32403 32413 32423 32433 32443 32453 32463 32473 32483
32403 32413 32423 32433 32443 32453 32463 32473 32483
32403 32413 32423 32433 32443 32453 32463 32473 32483
