0 0 0
1 0 1
2 0 2
3 0 3
4 0 4
5 0 5
6 0 6
7 0 7
8 0 8
9 0 9
10 0 10
11 0 11
0 0 0
12 0 12
13 1 13
14 1 14
15 1 15
16 1 16
17 1 17
18 1 18
19 1 19
20 1 20
21 1 21
13 1 13
22 1 22
23 1 23
24 1 24
25 1 25
26 1 26
27 1 27
0 0 0
1 0 1
2 0 2
3 0 3
4 0 4
5 0 5
6 1 6
7 1 7
8 1 8
9 1 9
10 1 10
11 1 11
12 1 12
13 1 13
14 1 14
15 1 15
16 1 16
17 1 17
18 1 18
19 1 19
17 1 17
18 1 18
19 1 19
20 1 20
21 1 21
22 1 22
23 1 23
24 2 24
25 3 25
26 4 26
27 5 27
29 1 28
4 0 4
9 0 9
5 0 5
6 0 6
7 0 7
8 0 8
28 0 28
0 0 0
1 0 1
2 0 2
3 0 3
10 0 10
11 0 11
12 0 12
13 0 13
30 0 30
31 0 31
14 0 14
15 0 15
16 0 16
17 0 17
18 0 18
19 0 19
20 0 20
25 0 25
26 0 26
27 0 27
24 0 24
21 0 21
22 0 22
23 0 23
32 1 32
33 1 32
34 2 33
35 2 33
36 3 34
37 3 34
38 4 35
39 5 36
40 6 37
41 4 35
42 5 36
43 6 37
44 7 38
45 7 38
47 9 40
48 9 40
50 11 42
51 12 43
52 13 44
53 14 45
54 15 46
55 16 47
56 17 48
57 18 49
58 19 50
59 20 51
60 21 52
29 0 29
