84621
84621
84621
84621
84621
84621
84621
84621
84621
84621
84621
84621
84621
84621
84621
84621
84621
84621
84621
84621
84621
84621
84621
84621
84621
84621
84621
84621
84621
84621
7852 7852 7852
7852 7852 7852
7852 7852 7852
7852 7852 7852
7852 7852 7852
7852 7852 7852
7852 7852 7852
7852 7852 7852
7852 7852 7852
7852 7852 7852
7852 7852 7852
7852 7852 7852
7852 7852 7852
7852 7852 7852
7852 7852 7852
7852 7852 7852
7852 7852 7852
7852 7852 7852
7852 7852 7852
7852 7852 7852
7852 7852 7852
7852 7852 7852
7852 7852 7852
7852 7852 7852
7852 7852 7852
7852 7852 7852
7852 7852 7852
7852 7852 7852
7852 7852 7852
7852 7852 7852
7852 7852 7852
7852 7852 7852
73133 73143 73153 73163 73173 73183 73193 73203 73213 73223
73133 73143 73153 73163 73173 73183 73193 73203 73213 73223
73133 73143 73153 73163 73173 73183 73193 73203 73213 73223
73133 73143 73153 73163 73173 73183 73193 73203 73213 73223
73133 73143 73153 73163 73173 73183 73193 73203 73213 73223
73133 73143 73153 73163 73173 73183 73193 73203 73213 73223
73133 73143 73153 73163 73173 73183 73193 73203 73213 73223
73133 73143 73153 73163 73173 73183 73193 73203 73213 73223
73133 73143 73153 73163 73173 73183 73193 73203 73213 73223
73133 73143 73153 73293 73293 73183 73193 73203 73293 73223
73133 73143 73153 73163 73173 73183 73193 73203 73213 73223
73133 73143 73153 73163 73173 73183 73193 73203 73213 73223
73133 73143 73153 73163 73173 73183 73193 73203 73213 73223
73133 73143 73153 73163 73173 73183 73193 73203 73213 73223
73133 73143 73153 73163 73173 73183 73193 73203 73213 73223
73133 73143 73153 73163 73173 73183 73193 73203 73213 73223
73133 73143 73153 73163 73173 73183 73193 73203 73213 73223
73133 73143 73153 73163 73173 73183 73193 73203 73213 73223
73133 73143 73153 73163 73173 73183 73193 73203 73213 73223
73133 73143 73153 73163 73173 73183 73193 73203 73213 73223
73133 73143 73153 73163 73173 73183 73193 73203 73213 73223
73133 73143 73153 73163 73173 73183 73193 73203 73213 73223
73133 73143 73153 73163 73173 73183 73193 73203 73213 73223
73133 73143 73153 73163 73173 73183 73193 73203 73213 73223
73133 73143 73153 73163 73173 73183 73193 73203 73213 73223
73133 73143 73153 73163 73173 73183 73193 73203 73213 73223
73133 73143 73153 73163 73173 73183 73193 73203 73213 73223
73133 73143 73153 73163 73173 73183 73193 73203 73213 73223
73133 73143 73153 73163 73173 73183 73193 73203 73213 73223
73133 73143 73153 73163 73173 73183 73193 73203 73213 73223
73133 73143 73153 73163 73173 73183 73193 73203 73213 73223
73133 73143 73153 73163 73173 73183 73193 73203 73213 73223
73133 73143 73153 73163 73173 73183 73193 73203 73213 73223
73133 73143 73153 73163 73173 73183 73193 73203 73213 73223
73133 73143 73153 73163 73173 73183 73193 73203 73213 73223
73133 73143 73153 73233 73173 73233 73233 73203 73213 73223
73133 73143 73153 73233 73173 73233 73233 73203 73213 73223
73133 73143 73153 73163 73173 73183 73193 73203 73213 73223
73133 73143 73153 73243 73173 73243 73243 73203 73213 73223
73133 73143 73153 73163 73173 73183 73193 73203 73213 73223
73133 73143 73153 73163 73173 73183 73193 73203 73213 73223
73133 73143 73153 73243 73173 73243 73243 73203 73213 73223
73133 73143 73153 73163 73173 73183 73193 73203 73213 73223
73133 73143 73153 73163 73173 73183 73193 73203 73213 73223
73133 73143 73153 73163 73173 73183 73193 73203 73213 73223
73133 73143 73153 73163 73173 73183 73193 73203 73213 73223
73133 73143 73153 73163 73173 73183 73193 73203 73213 73223
73133 73253 73253 73253 73253 73253 73253 73253 73253 73223
73133 73253 73253 73253 73253 73253 73253 73253 73253 73223
73133 73253 73253 73253 73253 73253 73253 73253 73253 73223
73133 73143 73153 73163 73263 73263 73263 73203 73213 73223
73133 73273 73273 73273 73273 73273 73273 73273 73273 73223
73133 73273 73273 73273 73273 73273 73273 73273 73273 73223
73133 73273 73273 73273 73273 73273 73273 73273 73273 73223
73133 73273 73273 73273 73273 73273 73273 73273 73273 73223
73133 73143 73153 73163 73173 73183 73193 73203 73213 73223
73133 73143 73153 73163 73173 73183 73193 73203 73283 73223
73133 73143 73153 73163 73173 73183 73193 73203 73213 73223
73133 73143 73153 73163 73173 73183 73193 73203 73213 73223
