38781
38781
38781
38781
38781
38781
38781
38781
38781
38781
38781
38781
38781
38781
38781
38781
38781
38781
38781
38781
38781
38781
38781
38781
38781
38781
38781
38781
38781
38781
2582
2582
2582
2582
2582
2582
2582
2582
2582
2582
2582
2582
2582
2582
2582
2582
2582
2582
2582
2582
2582
2582
2582
2582
2582
2582
2582
2582
2582
2582
2582
2582
33903 33913 33923 33933 33943 33953 33963 33973 33983
33903 33913 33923 33933 33943 33953 33963 33973 33983
33903 33913 33923 33933 33943 33953 33963 33973 33983
33903 33913 33923 33933 33943 33953 33963 33973 33983
33903 33913 33923 33933 33943 33953 33963 33973 33983
33903 33913 33923 33933 33943 33953 33963 33973 33983
33903 33913 33923 33933 33943 33953 33963 33973 33983
33903 33913 33923 33933 33943 33953 33963 33973 33983
33903 33913 33923 33933 33943 33953 33963 33973 33983
33903 33913 33923 33933 33943 33953 33963 33973 33983
33903 33913 33923 33933 33943 33953 33963 33973 33983
33903 33913 33923 33933 33943 33953 33963 33973 33983
33903 33913 33923 33933 33943 33953 33963 33973 33983
33903 33913 33923 33933 33943 33953 33963 33973 33983
33903 33913 33923 33933 33943 33953 33963 33973 33983
33903 33913 33923 33933 33943 33953 33963 33973 33983
33903 33913 33923 33933 33943 33953 33963 33973 33983
33903 33913 33923 33933 33943 33953 33963 33973 33983
33903 33913 33923 33933 33943 33953 33963 33973 33983
33903 33913 33923 33933 33943 33953 33963 33973 33983
33903 33913 33923 33933 33943 33953 33963 33973 33983
33903 33913 33923 33933 33943 33953 33963 33973 33983
33903 33913 33923 33933 33943 33953 33963 33973 33983
33903 33913 33923 33933 33943 33953 33963 33973 33983
33903 33913 33923 33933 33943 33953 33963 33973 33983
33903 33913 33923 33933 33943 33953 33963 33973 33983
33903 33913 33923 33933 33943 33953 33963 33973 33983
33903 33913 33923 33933 33943 33953 33963 33973 33983
33903 33913 33923 33933 33943 33953 33963 33973 33983
33903 33913 33923 33933 33943 33953 33963 33973 33983
33903 33913 33923 33933 33943 33953 33963 33973 33983
33903 33913 33923 33933 33943 33953 33963 33973 33983
33903 33913 33923 33933 33943 33953 33963 33973 33983
33903 33913 33923 33933 33943 33953 33963 33973 33983
33903 33913 33923 33933 33943 33953 33963 33973 33983
33903 33913 33923 33933 33943 33953 33963 33973 33983
33903 33913 33923 33933 33943 33953 33963 33973 33983
33903 33913 33923 33933 33943 33953 33963 33973 33983
33903 33913 33923 33933 33943 33953 33963 33973 33983
33903 33913 33923 33933 33943 33953 33963 33973 33983
33903 33913 33923 33933 33943 33953 33963 33973 33983
33903 33913 33923 33933 33943 33953 33963 33973 33983
33903 33913 33923 33933 33943 33953 33963 33973 33983
33903 33913 33923 33933 33943 33953 33963 33973 33983
33903 33913 33923 33933 33943 33953 33963 33973 33983
33903 33913 33923 33933 33943 33953 33963 33973 33983
33903 33913 33923 33933 33943 33953 33963 33973 33983
33903 33913 33923 33933 33943 33953 33963 33973 33983
33903 33913 33923 33933 33943 33953 33963 33973 33983
33903 33913 33923 33933 33943 33953 33963 33973 33983
33903 33913 33923 33933 33943 33953 33963 33973 33983
33903 33913 33923 33933 33943 33953 33963 33973 33983
33903 33913 33923 33933 33943 33953 33963 33973 33983
33903 33913 33923 33933 33943 33953 33963 33973 33983
33903 33913 33923 33933 33943 33953 33963 33973 33983
33903 33913 33923 33933 33943 33953 33963 33973 33983
33903 33913 33923 33933 33943 33953 33963 33973 33983
33903 33913 33923 33933 33943 33953 33963 33973 33983
33903 33913 33923 33933 33943 33953 33963 33973 33983
