60 45 75 135 45 60 135 30 60
60 45 75 45 135 135 135 30 75
30 30 30 90 30 60 90 30 30
60 5 90 90 30 90 90 5 90
5 5 5 5 5 5 5 5 5
5 5 5 5 5 5 5 5 5
5 5 5 5 5 5 5 5 5
80 90 70 90 40 60 90 90 10
5 5 5 5 5 5 5 5 5
80 80 80 80 80 80 80 80 80
30 30 30 60 60 60 60 30 30
80 80 80 80 80 80 80 80 80
30 30 30 60 60 60 60 30 30
40 50 30 60 60 60 60 40 40
30 50 50 80 80 80 80 80 80
70 40 80 60 60 60 60 80 80
100 100 100 100 100 100 100 100 100
80 80 80 80 80 80 80 80 80
30 30 30 60 60 60 60 30 30
80 80 80 80 80 80 80 80 80
30 30 30 60 60 60 60 30 30
40 50 30 60 60 60 60 40 40
30 50 50 80 80 80 80 80 80
70 40 80 60 60 60 60 80 80
100 100 100 100 100 100 100 100 100
35 35 35 35 35 35 35 35 35
