61581
61581
61581
61581
61581
61581
61581
61581
61581
61581
61581
61581
61581
61581
61581
61581
61581
61581
61581
61581
61581
61581
61581
61581
61581
61581
61581
61581
61581
61581
362 362 362
362 362 362
362 362 362
362 362 362
362 362 362
362 362 362
362 362 362
362 362 362
362 362 362
362 362 362
362 362 362
362 362 362
362 362 362
362 362 362
362 362 362
362 362 362
362 362 362
362 362 362
362 362 362
362 362 362
362 362 362
362 362 362
362 362 362
362 362 362
362 362 362
362 362 362
362 362 362
362 362 362
362 362 362
362 362 362
362 362 362
362 362 362
46313 46323 46333 46343 46353 46363 46373 46383
46313 46323 46333 46343 46353 46363 46373 46383
46313 46323 46333 46343 46353 46363 46373 46383
46313 46323 46333 46343 46353 46363 46373 46383
46313 46323 46333 46343 46353 46363 46373 46383
46313 46323 46333 46343 46353 46363 46373 46383
46313 46323 46333 46343 46353 46363 46373 46383
46313 46323 46333 46343 46353 46363 46373 46383
46313 46323 46333 46343 46353 46363 46373 46383
46313 46323 46333 46343 46353 46363 46373 46383
46313 46323 46333 46343 46353 46363 46373 46383
46313 46323 46333 46343 46353 46363 46373 46383
46313 46323 46333 46343 46353 46363 46373 46383
46313 46323 46333 46343 46353 46363 46373 46383
46313 46323 46333 46343 46353 46363 46373 46383
46313 46323 46333 46343 46353 46363 46373 46383
46313 46323 46333 46343 46353 46363 46373 46383
46313 46323 46333 46343 46353 46363 46373 46383
46313 46323 46333 46343 46353 46363 46373 46383
46313 46323 46333 46343 46353 46363 46373 46383
46313 46323 46333 46343 46353 46363 46373 46383
46313 46323 46333 46343 46353 46363 46373 46383
46313 46323 46333 46343 46353 46363 46373 46383
46313 46323 46333 46343 46353 46363 46373 46383
46313 46323 46333 46343 46353 46363 46373 46383
46313 46323 46333 46343 46353 46363 46373 46383
46313 46323 46333 46343 46353 46363 46373 46383
46313 46323 46333 46343 46353 46363 46373 46383
46313 46323 46333 46343 46353 46363 46373 46383
46313 46323 46333 46343 46353 46363 46373 46383
46313 46323 46333 46343 46353 46363 46373 46383
46313 46323 46333 46343 46353 46363 46373 46383
46313 46323 46333 46343 46353 46363 46373 46383
46313 46323 46333 46343 46353 46363 46373 46383
46313 46323 46333 46343 46353 46363 46373 46383
46313 46323 46333 46343 46353 46363 46373 46383
46313 46323 46333 46343 46353 46363 46373 46383
46313 46323 46333 46343 46353 46363 46373 46383
46313 46323 46333 46343 46353 46363 46373 46383
46313 46323 46333 46343 46353 46363 46373 46383
46313 46323 46333 46343 46353 46363 46373 46383
46313 46323 46333 46343 46353 46363 46373 46383
46313 46323 46333 46343 46353 46363 46373 46383
46313 46323 46333 46343 46353 46363 46373 46383
46313 46323 46333 46343 46353 46363 46373 46383
46313 46323 46333 46343 46353 46363 46373 46383
46313 46323 46333 46343 46353 46363 46373 46383
46313 46323 46333 46343 46353 46363 46373 46383
46313 46323 46333 46343 46353 46363 46373 46383
46313 46323 46333 46343 46353 46363 46373 46383
46313 46323 46333 46343 46353 46363 46373 46383
46313 46323 46333 46343 46353 46363 46373 46383
46313 46323 46333 46343 46353 46363 46373 46383
46313 46323 46333 46343 46353 46363 46373 46383
46313 46893 46893 46343 46353 46363 46373 46893
46313 46893 46893 46343 46353 46363 46373 46893
46313 46943 46943 46943 46943 46363 46373 46383
46313 46943 46943 46943 46943 46363 46373 46383
46313 46323 46333 46343 46353 46363 46373 46383
46313 46903 46903 46903 46903 46903 46903 46383
46313 46903 46903 46903 46903 46903 46903 46383
46313 46323 46333 46343 46353 46363 46373 46383
46313 46913 46913 46913 46913 46913 46913 46383
46313 46903 46903 46903 46903 46903 46903 46383
46313 46903 46903 46903 46903 46903 46903 46383
46313 46323 46333 46343 46353 46363 46373 46383
46313 46913 46913 46913 46913 46913 46913 46383
46313 46903 46903 46903 46903 46903 46903 46383
46313 46923 46923 46923 46923 46923 46923 46383
46313 46323 46333 46343 46353 46363 46373 46383
46313 46903 46903 46903 46903 46903 46903 46383
46313 46923 46923 46923 46923 46923 46923 46383
46313 46903 46903 46903 46903 46903 46903 46383
46313 46903 46903 46903 46903 46903 46903 46383
46313 46323 46333 46343 46353 46363 46373 46383
46313 46323 46333 46343 46353 46363 46373 46383
46313 46323 46333 46343 46353 46363 46373 46383
46313 46323 46333 46343 46353 46363 46373 46383
46313 46323 46333 46343 46353 46363 46373 46383
46313 46323 46333 46343 46353 46363 46373 46383
46313 46323 46333 46343 46353 46363 46373 46383
46313 46323 46333 46343 46353 46363 46373 46383
46313 46323 46333 46343 46353 46363 46373 46383
46313 46323 46333 46343 46353 46363 46373 46383
46313 46323 46333 46343 46353 46363 46373 46383
46313 46323 46333 46343 46353 46363 46373 46383
46313 46323 46333 46343 46353 46363 46373 46383
46313 46323 46333 46343 46353 46363 46373 46383
46313 46323 46333 46343 46353 46363 46373 46383
46313 46323 46333 46343 46353 46363 46373 46383
46313 46323 46333 46343 46353 46363 46373 46383
46313 46323 46333 46343 46353 46363 46373 46383
46313 46943 46943 46943 46943 46363 46373 46383
46313 46943 46943 46943 46943 46363 46373 46383
46313 46943 46943 46943 46943 46363 46373 46383
46313 46323 46333 46343 46353 46363 46373 46383
46313 46323 46333 46343 46353 46933 46373 46933
46313 46323 46333 46343 46353 46363 46373 46383
46313 46943 46943 46943 46943 46363 46373 46383
46313 46943 46943 46943 46943 46363 46373 46383
46313 46943 46943 46943 46943 46363 46373 46383
46313 46943 46943 46943 46943 46363 46373 46383
46313 46943 46943 46943 46943 46363 46373 46383
46313 46943 46943 46943 46943 46363 46373 46383
46313 46323 46333 46343 46353 46363 46373 46383
49034
49034
49034
49034
49034
49034
49034
49034
49034
49034
49034
49034
49034
49034
49034
49034
49034
49034
49034
49034
49034
49034
49034
49034
49034
49034
49034
49034
