29361
29361
29361
29361
29361
29361
29361
29361
29361
29361
29361
29361
29361
29361
29361
29361
29361
29361
29361
29361
29361
29361
29361
29361
29361
29361
29361
29361
29361
29361
112
112
112
112
112
112
112
112
112
112
112
112
112
112
112
112
112
112
112
112
112
112
112
112
112
112
112
112
112
112
112
112
21873 21883 21893 21903 21913 21923 21933
21873 21883 21893 21903 21913 21923 21933
21873 21883 21893 21903 21913 21923 21933
21873 21883 21893 21903 21913 21923 21933
21873 21883 21893 21903 21913 21923 21933
21873 21883 21893 21903 21913 21923 21933
21873 21883 21893 21903 21913 21923 21933
21873 21883 21893 21903 21913 21923 21933
21873 21883 21893 21903 21913 21923 21933
21873 21883 21893 21903 21913 21923 21933
21873 21883 21893 21903 21913 21923 21933
21873 21883 21893 21903 21913 21923 21933
21873 21883 21893 21903 21913 21923 21933
21873 21883 21893 21903 21913 21923 21933
21873 21883 21893 21903 21913 21923 21933
21873 21883 21893 21903 21913 21923 21933
21873 21883 21893 21903 21913 21923 21933
21873 21883 21893 21903 21913 21923 21933
21873 21883 21893 21903 21913 21923 21933
21873 21883 21893 21903 21913 21923 21933
21873 21883 21893 21903 21913 21923 21933
21873 21883 21893 21903 21913 21923 21933
21873 21883 21893 21903 21913 21923 21933
21873 21883 21893 21903 21913 21923 21933
21873 21883 21893 21903 21913 21923 21933
21873 21883 21893 21903 21913 21923 21933
21873 21883 21893 21903 21913 21923 21933
21873 21883 21893 21903 21913 21923 21933
21873 21883 21893 21903 21913 21923 21933
21873 21883 21893 21903 21913 21923 21933
21873 21883 21893 21903 21913 21923 21933
21873 21883 21893 21903 21913 21923 21933
21873 21883 21893 21903 21913 21923 21933
21873 21883 21893 21903 21913 21923 21933
21873 21883 21893 21903 21913 21923 21933
21873 21883 21893 21903 21913 21923 21933
21873 21883 21893 21903 21913 21923 21933
21873 21883 21893 21903 21913 21923 21933
21873 21883 21893 21903 21913 21923 21933
21873 21883 21893 21903 21913 21923 21933
21873 21883 21893 21903 21913 21923 21933
21873 21883 21893 21903 21913 21923 21933
21873 21883 21893 21903 21913 21923 21933
21873 21883 21893 21903 21913 21923 21933
21873 21883 21893 21903 21913 21923 21933
21873 21883 21893 21903 21913 21923 21933
21873 21883 21893 21903 21913 21923 21933
21873 21883 21893 21903 21913 21923 21933
21873 21883 21893 21903 21913 21923 21933
21873 21883 21893 21903 21913 21923 21933
21873 21883 21893 21903 21913 21923 21933
21873 21883 21893 21903 21913 21923 21933
21873 21883 21893 21903 21913 21923 21933
21873 21883 21893 21903 21913 21923 21933
21873 21883 21893 21903 21913 21923 21933
21873 21883 21893 21903 21913 21923 21933
21873 21883 21893 21903 21913 21923 21933
21873 21883 21893 21903 21913 21923 21933
21873 21883 21893 21903 21913 21923 21933
21873 21883 21893 21903 21913 21923 21933
21873 21883 21893 21903 21913 21923 21933
21873 21883 21893 21903 21913 21923 21933
21873 21883 21893 21903 21913 21923 21933
21873 21883 21893 21903 21913 21923 21933
21873 21883 21893 21903 21913 21923 21933
21873 21883 21893 21903 21913 21923 21933
21873 21883 21893 21903 21913 21923 21933
21873 21883 21893 21903 21913 21923 21933
21873 21883 21893 21903 21913 21923 21933
21873 21883 21893 21903 21913 21923 21933
21873 21883 21893 21903 21913 21923 21933
21873 21883 21893 21903 21913 21923 21933
21873 21883 21893 21903 21913 21923 21933
21873 21883 21893 21903 21913 21923 21933
21873 21883 21893 21903 21913 21923 21933
21873 21883 21893 21903 21913 21923 21933
21873 21883 21893 21903 21913 21923 21933
21873 21883 21893 21903 21913 21923 21933
21873 21883 21893 21903 21913 21923 21933
21873 21883 21893 21903 21913 21923 21933
21873 21883 21893 21903 21913 21923 21933
21873 21883 21893 21903 21913 21923 21933
21873 21883 21893 21903 21913 21923 21933
21873 21883 21893 21903 21913 21923 21933
21873 21883 21893 21903 21913 21923 21933
21873 21883 21893 21903 21913 21923 21933
21873 21883 21893 21903 21913 21923 21933
21873 21883 21893 21903 21913 21923 21933
21873 21883 21893 21903 21913 21923 21933
21873 21883 21893 21903 21913 21923 21933
21873 21883 21893 21903 21913 21923 21933
21873 21883 21893 21903 21913 21923 21933
21873 21883 21893 21903 21913 21923 21933
21873 21883 21893 21903 21913 21923 21933
21873 21883 21893 21903 21913 21923 21933
21873 21943 21943 21943 21943 21943 22203
21873 21943 21943 21943 21943 21943 22203
21873 21943 21943 21943 21943 21943 22203
21873 21883 21893 21903 21913 21923 21933
21873 21883 21893 21903 21913 21923 21933
21873 21883 21893 21903 21913 21923 21933
21873 21883 21893 21903 21913 21923 21933
21873 21883 21893 21903 21913 21923 21933
21873 21883 21893 21903 21913 21923 21933
21873 21883 21893 21903 21913 21923 21933
23244
23244
23244
23244
23244
23244
23244
23244
23244
23244
23244
23244
23244
23244
23244
23244
23244
23244
23244
23244
23244
23244
23244
23244
23244
23244
23244
23244
