38781
38781
38781
38781
38781
38781
38781
38781
38781
38781
38781
38781
38781
38781
38781
38781
38781
38781
38781
38781
38781
38781
38781
38781
38781
38781
38781
38781
38781
38781
2582
2582
2582
2582
2582
2582
2582
2582
2582
2582
2582
2582
2582
2582
2582
2582
2582
2582
2582
2582
2582
2582
2582
2582
2582
2582
2582
2582
2582
2582
2582
2582
2653
2653
2653
2653
2653
2653
2653
2653
2653
2653
2653
2653
2653
2653
2653
2653
2653
2653
2653
2653
2653
2653
2653
2653
2653
2653
2653
2653
2653
2653
2653
2653
2704
2704
2704
2704
2704
2704
2704
2704
2704
2704
2704
2704
2704
2704
2704
2704
2704
2704
2704
2704
2704
2704
2704
2704
2704
2704
2704
2704
2704
2704
2704
2704
5725 5735 5745 5755 5765 5775 5785
5725 5735 5745 5755 5765 5775 5785
5725 5735 5745 5755 5765 5775 5785
5725 5735 5745 5755 5765 5775 5785
5725 5735 5745 5755 5765 5775 5785
5725 5735 5745 5755 5765 5775 5785
5725 5735 5745 5755 5765 5775 5785
5725 5735 5745 5755 5765 5775 5785
5725 5735 5745 5755 5765 5775 5785
5725 5735 5745 5755 5765 5775 5785
5725 5735 5745 5755 5765 5775 5785
5725 5735 5745 5755 5765 5775 5785
5725 5735 5745 5755 5765 5775 5785
5725 5735 5745 5755 5765 5775 5785
5725 5735 5745 5755 5765 5775 5785
5725 5735 5745 5755 5765 5775 5785
5725 5735 5745 5755 5765 5775 5785
5725 5735 5745 5755 5765 5775 5785
5725 5735 5745 5755 5765 5775 5785
5725 5735 5745 5755 5765 5775 5785
5725 5735 5745 5755 5765 5775 5785
5725 5735 5745 5755 5765 5775 5785
5725 5735 5745 5755 5765 5775 5785
5725 5735 5745 5755 5765 5775 5785
5725 5735 5745 5755 5765 5775 5785
5725 5735 5745 5755 5765 5775 5785
5725 5735 5745 5755 5765 5775 5785
5725 5735 5745 5755 5765 5775 5785
5725 5735 5745 5755 5765 5775 5785
5725 5735 5745 5755 5765 5775 5785
5725 5735 5745 5755 5765 5775 5785
5725 5735 5745 5755 5765 5775 5785
5725 5735 5745 5755 5765 5775 5785
5725 5735 5745 5755 5765 5775 5785
5725 5735 5745 5755 5765 5775 5785
5725 5735 5745 5755 5765 5775 5785
5725 5735 5745 5755 5765 5775 5785
5725 5735 5745 5755 5765 5775 5785
5725 5735 5745 5755 5765 5775 5785
5725 5735 5745 5755 5765 5775 5785
5725 5735 5745 5755 5765 5775 5785
5725 5735 5745 5755 5765 5775 5785
5725 5735 5745 5755 5765 5775 5785
5725 5735 5745 5755 5765 5775 5785
5725 5735 5745 5755 5765 5775 5785
5725 5735 5745 5755 5765 5775 5785
5725 5735 5745 5755 5765 5775 5785
5725 5735 5745 5755 5765 5775 5785
5725 5735 5745 5755 5765 5775 5785
5725 5735 5745 5755 5765 5775 5785
5725 5735 5745 5755 5765 5775 5785
5725 5735 5745 5755 5765 5775 5785
5725 5735 5745 5755 5765 5775 5785
5725 5735 5745 5755 5765 5775 5785
5725 5735 5745 5755 5765 5775 5785
5725 5735 5745 5755 5765 5775 5785
5725 5735 5745 5755 5765 5775 5785
5725 5735 5745 5755 5765 5775 5785
5725 5735 5745 5755 5765 5775 5785
5725 5735 5745 5755 5765 5775 5785
5725 5735 5745 5755 5765 5775 5785
5725 5735 5745 5755 5765 5775 5785
5725 5735 5745 5755 5765 5775 5785
5725 5735 5745 5755 5765 5775 5785
5725 5735 5745 5755 5765 5775 5785
5725 5735 5745 5755 5765 5775 5785
5725 5735 5745 5755 5765 5775 5785
5725 5735 5745 5755 5765 5775 5785
5725 5735 5745 5755 5765 5775 5785
5725 5735 5745 5755 5765 5775 5785
5725 5735 5745 5755 5765 5775 5785
5725 5735 5745 5755 5765 5775 5785
5725 5735 5745 5755 5765 5775 5785
5725 5735 5745 5755 5765 5775 5785
5725 5735 5745 5755 5765 5775 5785
5725 5735 5745 5755 5765 5775 5785
5725 5735 5745 5755 5765 5775 5785
5725 5735 5745 5755 5765 5775 5785
5725 5735 5745 5755 5765 5775 5785
5725 5735 5745 5755 5765 5775 5785
5725 5735 5745 5755 5765 5775 5785
5725 5735 5745 5755 5765 5775 5785
5725 5735 5745 5755 5765 5775 5785
5725 5735 5745 5755 5765 5775 5785
5725 5735 5745 5755 5765 5775 5785
5725 5735 5745 5755 5765 5775 5785
5725 5735 5745 5755 5765 5775 5785
5725 5735 5745 5755 5765 5775 5785
5725 5735 5745 5755 5765 5775 5785
5725 5735 5745 5755 5765 5775 5785
5725 5735 5745 5755 5765 5775 5785
30816
30816
30816
30816
30816
30816
30816
30816
30816
30816
30816
30816
30816
30816
30816
30816
30816
30816
30816
30816
30816
30816
30816
30816
30816
30816
30816
30816
