84621
84621
84621
84621
84621
84621
84621
84621
84621
84621
84621
84621
84621
84621
84621
84621
84621
84621
84621
84621
84621
84621
84621
84621
84621
84621
84621
84621
84621
84621
7852 7852 7852
7852 7852 7852
7852 7852 7852
7852 7852 7852
7852 7852 7852
7852 7852 7852
7852 7852 7852
7852 7852 7852
7852 7852 7852
7852 7852 7852
7852 7852 7852
7852 7852 7852
7852 7852 7852
7852 7852 7852
7852 7852 7852
7852 7852 7852
7852 7852 7852
7852 7852 7852
7852 7852 7852
7852 7852 7852
7852 7852 7852
7852 7852 7852
7852 7852 7852
7852 7852 7852
7852 7852 7852
7852 7852 7852
7852 7852 7852
7852 7852 7852
7852 7852 7852
7852 7852 7852
7852 7852 7852
7852 7852 7852
7923 7923 7923
7923 7923 7923
7923 7923 7923
7923 7923 7923
7923 7923 7923
7923 7923 7923
7923 7923 7923
7923 7923 7923
7923 7923 7923
7923 7923 7923
7923 7923 7923
7923 7923 7923
7923 7923 7923
7923 7923 7923
7923 7923 7923
7923 7923 7923
7923 7923 7923
7923 7923 7923
7923 7923 7923
7923 7923 7923
7923 7923 7923
7923 7923 7923
7923 7923 7923
7923 7923 7923
7923 7923 7923
7923 7923 7923
7923 7923 7923
7923 7923 7923
7923 7923 7923
7923 7923 7923
7923 7923 7923
7923 7923 7923
7974 7974 7974
7974 7974 7974
7974 7974 7974
7974 7974 7974
7974 7974 7974
7974 7974 7974
7974 7974 7974
7974 7974 7974
7974 7974 7974
7974 7974 7974
7974 7974 7974
7974 7974 7974
7974 7974 7974
7974 7974 7974
7974 7974 7974
7974 7974 7974
7974 7974 7974
7974 7974 7974
7974 7974 7974
7974 7974 7974
7974 7974 7974
7974 7974 7974
7974 7974 7974
7974 7974 7974
7974 7974 7974
7974 7974 7974
7974 7974 7974
7974 7974 7974
7974 7974 7974
7974 7974 7974
7974 7974 7974
7974 7974 7974
15775 15785 15795 15805 15815 15825 15835 15845
15775 15785 15795 15805 15815 15825 15835 15845
15775 15785 15795 15805 15815 15825 15835 15845
15775 15785 15795 15805 15815 15825 15835 15845
15775 15785 15795 15805 15815 15825 15835 15845
15775 15785 15795 15805 15815 15825 15835 15845
15775 15785 15795 15805 15815 15825 15835 15845
15775 15785 15795 15805 15815 15825 15835 15845
15775 15785 15795 15805 15815 15825 15835 15845
15775 15785 15795 15805 15815 15825 15835 15845
15775 15785 15795 15805 15815 15825 15835 15845
15775 15785 15795 15805 15815 15825 15835 15845
15775 15785 15795 15805 15815 15825 15835 15845
15775 15785 15795 15805 15815 15825 15835 15845
15775 15785 15795 15805 15815 15825 15835 15845
15775 15785 15795 15805 15815 15825 15835 15845
15775 15785 15795 15805 15815 15825 15835 15845
15775 15785 15795 15805 15815 15825 15835 15845
15775 15785 15795 15805 15815 15825 15835 15845
15775 15785 15795 15805 15815 15825 15835 15845
15775 15785 15795 15805 15815 15825 15835 15845
15775 15785 15795 15805 15815 15825 15835 15845
15775 15785 15795 15805 15815 15825 15835 15845
15775 15785 15795 15805 15815 15825 15835 15845
15775 15785 15795 15805 15815 15825 15835 15845
15775 15785 15795 15805 15815 15825 15835 15845
15775 15785 15795 15805 15815 15825 15835 15845
15775 15785 15795 15805 15815 15825 15835 15845
15775 15785 15795 15805 15815 15825 15835 15845
15775 15785 15795 15805 15815 15825 15835 15845
15775 15785 15795 15805 15815 15825 15835 15845
15775 15785 15795 15805 15815 15825 15835 15845
15775 15785 15795 15805 15815 15825 15835 15845
15775 15785 15795 15805 15815 15825 15835 15845
15775 15785 15795 15805 15815 15825 15835 15845
15775 15785 15795 15805 15815 15825 15835 15845
15775 15785 15795 15805 15815 15825 15835 15845
15775 15785 15795 15805 15815 15825 15835 15845
15775 15785 15795 15805 15815 15825 15835 15845
15775 15785 15795 15805 15815 15825 15835 15845
15775 15785 15795 15805 15815 15825 15835 15845
15775 15785 15795 15805 15815 15825 15835 15845
15775 15785 15795 15805 15815 15825 15835 15845
15775 15785 15795 15805 15815 15825 15835 15845
15775 15785 15795 15805 15815 15825 15835 15845
15775 15785 15795 15805 15815 15825 15835 15845
15775 15785 15795 15805 15815 15825 15835 15845
15775 15785 15795 15805 15815 15825 15835 15845
15775 15785 15795 15805 15815 15825 15835 15845
15775 15785 15795 15805 15815 15825 15835 15845
15775 15785 15795 15805 15815 15825 15835 15845
15775 15865 15795 15805 15815 15825 15835 15845
15775 15855 15795 15805 15815 15825 15835 15845
15775 15785 15795 15875 15815 15825 15835 15845
15775 15785 15795 15805 15815 15825 15835 15845
15775 15885 15885 15885 15885 15825 15885 15845
15775 15885 15885 15885 15885 15825 15885 15845
15775 15885 15885 15885 15885 15825 15885 15845
15775 15885 15885 15885 15885 15825 15885 15845
15775 15895 15895 15895 15895 15825 15895 15845
15775 15895 15895 15895 15895 15825 15895 15845
15775 15885 15885 15885 15885 15825 15885 15845
15775 15885 15885 15885 15885 15825 15885 15845
15775 15905 15905 15905 15905 15825 15905 15845
15775 15905 15905 15905 15905 15825 15905 15845
15775 15885 15885 15885 15885 15825 15885 15845
15775 15885 15885 15885 15885 15825 15885 15845
15775 15915 15915 15915 15915 15825 15915 15845
15775 15915 15915 15915 15915 15825 15915 15845
15775 15785 15795 15805 15815 15825 15835 15845
15775 15785 15795 15805 15815 15825 15835 15845
15775 15925 15925 15925 15925 15925 15925 15925
15775 15935 15935 15935 15935 15935 15935 15935
15775 15785 15795 15805 15815 15825 15835 15845
15775 15785 15795 15805 15815 15825 15835 15845
15775 15785 15795 15805 15815 15825 15835 15845
15775 15785 15795 15805 15815 15825 15835 15845
15775 15785 15795 15805 15815 15825 15835 15845
15775 15785 15795 15805 15815 15825 15835 15845
15775 15785 15795 15805 15815 15825 15835 15845
15775 15785 15795 15805 15815 15825 15835 15845
15775 15785 15795 15805 15815 15825 15835 15845
15775 15785 15795 15805 15815 15825 15835 15845
15775 15785 15795 15805 15815 15825 15835 15845
15775 15785 15795 15805 15815 15825 15835 15845
15775 15785 15795 15805 15815 15825 15835 15845
15775 15785 15795 15805 15815 15825 15835 15845
15775 15785 15795 15805 15815 15825 15835 15845
15775 15785 15795 15805 15815 15825 15835 15845
15775 15785 15795 15805 15815 15825 15835 15845
15775 15785 15795 15805 15815 15825 15835 15845
64526
64526
64526
64526
64526
64526
64526
64526
64526
64526
64526
64526
64526
64526
64526
64526
64526
64526
64526
64526
64526
64526
64526
64526
64526
64526
64526
64526
