84611
84611
84611
84611
84611
84611
84611
84611
84611
84611
84611
84611
84611
84611
84611
84611
84611
84611
84611
84611
84611
84611
84611
84611
84611
84611
84611
84611
84611
84611
7472 7522 7532 7542
7472 7522 7532 7542
7472 7522 7532 7542
7472 7522 7532 7542
7472 7522 7532 7542
7472 7522 7532 7542
7472 7522 7532 7542
7472 7522 7532 7542
7472 7522 7532 7542
7472 7522 7532 7542
7472 7522 7532 7542
7472 7522 7532 7542
7472 7522 7532 7542
7472 7522 7532 7542
7472 7522 7532 7542
7472 7522 7532 7542
7472 7522 7532 7542
7472 7522 7532 7542
7472 7522 7532 7542
7472 7522 7532 7542
7472 7522 7532 7542
7472 7522 7532 7542
7472 7522 7532 7542
7472 7522 7532 7542
7472 7522 7532 7542
7472 7522 7532 7542
7472 7522 7532 7542
7472 7522 7532 7542
7472 7522 7532 7542
7472 7522 7532 7542
7472 7522 7532 7542
7472 7522 7532 7542
7472 7522 7532 7542
7472 7522 7532 7542
7472 7522 7532 7542
7472 7522 7532 7542
7472 7522 7532 7542
7472 7522 7532 7542
7482 7482 7482 7482
7492 7492 7492 7492
7472 7522 7532 7542
7502 7502 7502 7502
7502 7502 7502 7502
7472 7522 7532 7542
7472 7522 7532 7542
7512 7512 7512 7512
7472 7522 7532 7542
7472 7522 7532 7542
7472 7522 7532 7542
7472 7522 7532 7542
9153 9163 9173
9153 9163 9173
9153 9163 9173
9153 9163 9173
9153 9163 9173
9153 9163 9173
9153 9163 9173
9153 9163 9173
9153 9163 9173
9153 9163 9173
9153 9163 9173
9153 9163 9173
9153 9163 9173
9153 9163 9173
9153 9163 9173
9153 9163 9173
9153 9163 9173
9153 9163 9173
9153 9163 9173
9153 9163 9173
9153 9163 9173
9153 9163 9173
9153 9163 9173
9153 9163 9173
9153 9163 9173
9153 9163 9173
9153 9163 9173
9153 9163 9173
9153 9163 9173
9153 9163 9173
9153 9163 9173
9153 9163 9173
9153 9163 9173
9153 9163 9173
9153 9163 9173
9153 9163 9173
9153 9163 9173
9183 9183 9183
9193 9193 9193
9153 9163 9173
9153 9163 9173
9153 9163 9173
9153 9163 9173
9153 9163 9173
9153 9163 9173
9153 9163 9173
9153 9163 9173
9153 9163 9173
9153 9163 9173
12944 12954 12964 12974 29724
12944 12954 12964 12974 29724
12944 12954 12964 12974 29724
12944 12954 12964 12974 29724
12944 12954 12964 12974 29724
12944 12954 12964 12974 29724
12944 12954 12964 12974 29724
12944 12954 12964 12974 29724
12944 12954 12964 12974 29724
12944 12954 12964 12974 29724
12944 12954 12964 12974 29724
12944 12954 12964 12974 29724
12944 12954 12964 12974 29724
12944 12954 12964 12974 29724
12944 12954 12964 12974 29724
12944 33944 12964 33944 29724
12944 33944 12964 33944 29724
12944 33944 12964 33944 29724
12944 12954 12964 12974 29724
12944 12954 12964 12974 29724
12944 12954 12964 12974 29724
12944 12954 12964 12974 29724
12944 12954 12964 12974 29724
12944 12954 12964 12974 29724
12944 12954 12964 12974 29724
12944 12954 12964 12974 29724
12944 12954 12964 12974 29724
12944 12954 12964 12974 29724
12944 12954 12964 12974 29724
12944 12954 12964 12974 29724
12944 12954 12964 12974 29724
12944 12954 12964 12974 29724
12944 12954 12964 12974 29724
12944 12954 12964 12974 29724
12944 12954 12964 12974 29724
12944 12954 12964 12974 29724
12944 12954 12964 12974 29724
12944 12954 12964 12974 29724
12944 12954 12964 12974 29724
12944 12954 12964 12974 29724
12944 12954 12964 12974 29724
12944 12954 12964 12974 29724
12944 12954 12964 12974 29724
12944 12954 12964 12974 29724
12944 12954 12964 12974 29724
12944 12954 12964 12974 29724
12944 12954 12964 12974 29724
12994 12994 12994 12994 12994
12944 12954 12964 12974 29724
13004 13004 13004 13004 13004
13014 13014 13014 13014 13014
13024 13024 13024 13024 13024
13024 13024 13024 13024 13024
13024 13024 13024 13024 13024
12944 12954 12964 12974 29724
12944 12954 12964 12974 29724
12944 12954 12964 12974 29724
13034 13034 13034 13034 13034
12944 12954 12964 12974 29724
12944 12954 12964 12974 29724
12944 12954 33954 12974 29724
12944 12954 33954 12974 29724
12944 12954 33954 12974 29724
12944 12954 12964 12974 29724
12944 12954 12964 12974 29724
12944 12954 12964 12974 29724
23475 23485 23495 23505 23515 23525 23535
23475 23485 23495 23505 23515 23525 23535
23475 23485 23495 23505 23515 23525 23535
23475 23485 23495 23505 23515 23525 23535
23475 23485 23495 23505 23515 23525 23535
23475 23485 23495 23505 23515 23525 23535
23475 23485 23495 23505 23515 23525 23535
23475 23485 23495 23505 23515 23525 23535
23475 23485 23495 23505 23515 23525 23535
23475 23485 23495 23505 23515 23525 23535
23475 23485 23495 23505 23515 23525 23535
23475 23485 23495 23505 23515 23525 23535
23475 23485 23495 23505 23515 23525 23535
23475 23485 23495 23505 23515 23525 23535
23475 23485 23495 23505 23515 23525 23535
34335 34335 34335 34335 34335 34335 34335
34335 34335 34335 34335 34335 34335 34335
34335 34335 34335 34335 34335 34335 34335
23475 23485 23495 23505 23515 23525 23535
23475 23485 23495 23505 23515 23525 23535
23475 23485 23495 23505 23515 23525 23535
23475 23485 23495 23505 23515 23525 23535
23475 23485 23495 23505 23515 23525 23535
23475 23485 23495 23505 23515 23525 23535
23475 23485 23495 23505 23515 23525 23535
23475 23485 23495 23505 23515 23525 23535
23475 23485 23495 23505 23515 23525 23535
23475 23485 23495 23505 23515 23525 23535
23475 23485 23495 23505 23515 23525 23535
23475 23485 23495 23505 23515 23525 23535
23475 23485 23495 23505 23515 23525 23535
23475 23485 23495 23505 23515 23525 23535
23475 23485 23495 23505 23515 23525 23535
23475 23485 23495 23505 23515 23525 23535
23475 23485 23495 23505 23515 23525 23535
23475 23485 23495 23505 23515 23525 23535
23475 23485 23495 23505 23515 23525 23535
23475 23485 23495 23505 23515 23525 23535
23475 23485 23495 23505 23515 23525 23535
23475 23485 23495 23505 23515 23525 23535
23475 23485 23495 23505 23515 23525 23535
23475 23485 23495 23505 23515 23525 23535
23475 23485 23495 23505 23515 23525 23535
23475 23485 23495 23505 23515 23525 23535
23475 23485 23495 23505 23515 23525 23535
23475 23485 23495 23505 23515 23525 23535
23475 23485 23495 23505 23515 23525 23535
23545 23545 23545 23545 23545 23545 23545 23545
23555 23555 23555 23555 23555 23555 23555 23555
23475 23485 23495 23505 23515 23525 23535
23475 23485 23495 23505 23515 23525 23535
23475 23485 23495 23505 23515 23525 23535
23475 23485 23495 23505 23515 23525 23535
23565 23565 23565 23565 23565 23565 23565 23565
23575 23575 23575 23575 23575 23575 23575 23575
23575 23575 23575 23575 23575 23575 23575 23575
23575 23575 23575 23575 23575 23575 23575 23575
23585 23585 23585 23585 23585 23585 23585 23585
23585 23585 23585 23585 23585 23585 23585 23585
23585 23585 23585 23585 23585 23585 23585 23585
23595 23485 23595 23505 23595 23525 23535
23605 23605 23605 23605 23605 23605 23605 23605
23605 23605 23605 23605 23605 23605 23605 23605
23605 23605 23605 23605 23605 23605 23605 23605
23615 23615 23615 23615 23615 23615 23615 23615
23615 23615 23615 23615 23615 23615 23615 23615
23615 23615 23615 23615 23615 23615 23615 23615
23625 23485 23495 23625 23515 23525 23535
23475 23485 23495 23505 23515 23525 23535
23635 23635 23495 23505 23635 23525 23535
23475 23485 23495 23505 23515 23525 23535
23645 23645 23495 23505 23645 23525 23535
23475 23485 23495 23505 23515 23525 23535
23475 23485 23495 23505 23515 23525 23535
23475 23485 23495 23505 23515 23525 23535
23655 23485 23495 23655 23515 23525 23535
23475 23485 23495 23505 23515 23525 23535
23475 23485 23495 23505 23515 23525 23535
23665 23665 23495 23505 23665 23525 23535
23475 23485 23495 23505 23515 23525 23535
23475 23485 23495 23505 23515 23525 23535
23475 23485 23495 23505 23515 23525 23535
23475 23485 23495 23505 23515 23525 23535
