38771
38771
38771
38771
38771
38771
38771
38771
38771
38771
38771
38771
38771
38771
38771
38771
38771
38771
38771
38771
38771
38771
38771
38771
38771
38771
38771
38771
38771
38771
2482
2482
2482
2482
2482
2482
2482
2482
2482
2482
2482
2482
2482
2482
2482
2482
2482
2482
2482
2482
2482
2482
2482
2482
2482
2482
2482
2482
2482
2482
2482
2482
2482
2482
2482
2482
2482
2482
2482
2482
2482
2482
2482
2482
2482
2482
2482
2482
2482
2482
3003
3003
3003
3003
3003
3003
3003
3003
3003
3003
3003
3003
3003
3003
3003
3003
3003
3003
3003
3003
3003
3003
3003
3003
3003
3003
3003
3003
3003
3003
3003
3003
3003
3003
3003
3003
3003
3003
3003
3003
3003
3003
3003
3003
3003
3003
3003
3003
3003
4144 4134 4154 4164 4174 14024 14034
4144 4134 4154 4164 4174 14024 14034
4144 4134 4154 4164 4174 14024 14034
4144 4134 4154 4164 4174 14024 14034
4144 4134 4154 4164 4174 14024 14034
4144 4134 4154 4164 4174 14024 14034
4144 4134 4154 4164 4174 14024 14034
4144 4134 4154 4164 4174 14024 14034
4144 4134 4154 4164 4174 14024 14034
4144 4134 4154 4164 4174 14024 14034
4144 4134 4154 4164 4174 14024 14034
4144 4134 4154 4164 4174 14024 14034
4144 4134 4154 4164 4174 14024 14034
4144 4134 4154 4164 4174 14024 14034
4144 4134 4154 4164 4174 14024 14034
4144 4134 4154 4164 4174 14024 14034
4144 4134 4154 4164 4174 14024 14034
4144 4134 4154 4164 4174 14024 14034
4144 4134 4154 4164 4174 14024 14034
4144 4134 4154 4164 4174 14024 14034
4144 4134 4154 4164 4174 14024 14034
4144 4134 4154 4164 4174 14024 14034
4144 4134 4154 4164 4174 14024 14034
4144 4134 4154 4164 4174 14024 14034
4144 4134 4154 4164 4174 14024 14034
4144 4134 4154 4164 4174 14024 14034
4144 4134 4154 4164 4174 14024 14034
4144 4134 4154 4164 4174 14024 14034
4144 4134 4154 4164 4174 14024 14034
4144 4134 4154 4164 4174 14024 14034
4144 4134 4154 4164 4174 14024 14034
4144 4134 4154 4164 4174 14024 14034
4144 4134 4154 4164 4174 14024 14034
4144 4134 4154 4164 4174 14024 14034
4144 4134 4154 4164 4174 14024 14034
4144 4134 4154 4164 4174 14024 14034
4144 4134 4154 4164 4174 14024 14034
4144 4134 4154 4164 4174 14024 14034
4144 4134 4154 4164 4174 14024 14034
4144 4134 4154 4164 4174 14024 14034
4144 4134 4154 4164 4174 14024 14034
4144 4134 4154 4164 4174 14024 14034
4144 4134 4154 4164 4174 14024 14034
4144 4134 4154 4164 4174 14024 14034
4144 4134 4154 4164 4174 14024 14034
4144 4134 4154 4164 4174 14024 14034
4144 4134 4154 4164 4174 14024 14034
4144 4134 4154 4164 4174 14024 14034
4144 4134 4154 4164 4174 14024 14034
4144 4134 4154 4164 4174 14024 14034
4144 4134 4154 4164 4174 14024 14034
4144 4134 4154 4164 4174 14024 14034
4144 4134 4154 4164 4174 14024 14034
4144 4134 4154 4164 4174 14024 14034
4144 4134 4154 4164 4174 14024 14034
4144 4134 4154 4164 4174 14024 14034
4144 4134 4154 4164 4174 14024 14034
4144 4134 4154 4164 4174 14024 14034
4144 4134 4154 4164 4174 14024 14034
4144 4134 4154 4164 4174 14024 14034
4144 4134 4154 4164 4174 14024 14034
4144 4134 4154 4164 4174 14024 14034
4144 4134 4154 4164 4174 14024 14034
4144 4134 4154 4164 4174 14024 14034
4144 4134 4154 4164 4174 14024 14034
4144 4134 4154 4164 4174 14024 14034
9655 9665 9675 9685 9695 9705 9715 9725 9735
9655 9665 9675 9685 9695 9705 9715 9725 9735
9655 9665 9675 9685 9695 9705 9715 9725 9735
9655 9665 9675 9685 9695 9705 9715 9725 9735
9655 9665 9675 9685 9695 9705 9715 9725 9735
9655 9665 9675 9685 9695 9705 9715 9725 9735
9655 9665 9675 9685 9695 9705 9715 9725 9735
9655 9665 9675 9685 9695 9705 9715 9725 9735
9655 9665 9675 9685 9695 9705 9715 9725 9735
9655 9665 9675 9685 9695 9705 9715 9725 9735
9655 9665 9675 9685 9695 9705 9715 9725 9735
9655 9665 9675 9685 9695 9705 9715 9725 9735
9655 9665 9675 9685 9695 9705 9715 9725 9735
9655 9665 9675 9685 9695 9705 9715 9725 9735
9655 9665 9675 9685 9695 9705 9715 9725 9735
9655 9665 9675 9685 9695 9705 9715 9725 9735
9655 9665 9675 9685 9695 9705 9715 9725 9735
9655 9665 9675 9685 9695 9705 9715 9725 9735
9655 9665 9675 9685 9695 9705 9715 9725 9735
9655 9665 9675 9685 9695 9705 9715 9725 9735
9655 9665 9675 9685 9695 9705 9715 9725 9735
9655 9665 9675 9685 9695 9705 9715 9725 9735
9655 9665 9675 9685 9695 9705 9715 9725 9735
9655 9665 9675 9685 9695 9705 9715 9725 9735
9655 9665 9675 9685 9695 9705 9715 9725 9735
9655 9665 9675 9685 9695 9705 9715 9725 9735
9655 9665 9675 9685 9695 9705 9715 9725 9735
9655 9665 9675 9685 9695 9705 9715 9725 9735
9655 9665 9675 9685 9695 9705 9715 9725 9735
9655 9665 9675 9685 9695 9705 9715 9725 9735
9655 9665 9675 9685 9695 9705 9715 9725 9735
9655 9665 9675 14145 9695 9705 9715 14835 9735
9655 9665 9675 14145 9695 9705 9715 14835 9735
9655 9665 9675 14145 9695 9705 9715 14835 9735
9655 9665 9675 9685 9695 9705 9715 9725 9735
9655 9665 9675 9685 9695 9705 9715 9725 9735
9655 9665 9675 9685 9695 9705 9715 9725 9735
9655 9665 9675 9685 9695 9705 9715 9725 9735
9655 9665 9675 9685 9695 9705 9715 9725 9735
9655 9665 9675 9685 9695 9705 9715 9725 9735
9655 9665 9675 9685 9695 9705 9715 9725 9735
9655 9665 9675 9685 9695 9705 9715 9725 9735
9655 9665 9675 9685 9695 9705 9715 9725 9735
9655 9665 9675 9685 9695 9705 9715 9725 9735
9655 9665 9675 9685 9695 9705 9715 9725 9735
9655 9665 9675 9685 9695 9705 9715 9725 9735
9655 9665 9675 9685 9695 9705 9715 9725 9735
9655 9665 9675 9685 9695 9705 9715 9725 9735
9655 9665 9675 9685 9695 9705 9715 9725 9735
9655 9665 9675 9685 9695 9705 9715 9725 9735
9655 9665 9675 9685 9695 9705 9715 9725 9735
9655 9665 9675 9685 9695 9705 9715 9725 9735
9655 9665 9675 9685 9695 9705 9715 9725 9735
9655 9665 9675 9685 9695 9705 9715 9725 9735
9655 9665 9675 9685 9695 9705 9715 9725 9735
9655 9665 9675 9685 9695 9705 9715 9725 9735
9655 9665 9675 9685 9695 9705 9715 9725 9735
9655 9665 9675 9685 9695 9705 9715 9725 9735
9655 9665 9675 9685 9695 9705 9715 9725 9735
9655 9665 9675 9685 9695 9705 9715 9725 9735
9655 9665 9675 9685 9695 9705 9715 9725 9735
9655 9665 9675 9685 9695 9705 9715 9725 9735
9655 9665 9675 9685 9695 9705 9715 9725 9735
9655 9665 9675 9685 9695 9705 9715 9725 9735
9655 9665 9675 9685 9695 9705 9715 9725 9735
9655 9665 9675 9685 9695 9705 9715 9725 9735
9655 9665 9675 9685 9695 9705 9715 9725 9735
9655 9665 9675 14145 9695 9705 9715 14835 9735
9655 9665 9675 14145 9695 9705 9715 14835 9735
9655 9665 9675 9685 9695 9705 9715 9725 9735
9655 9665 9675 9685 9695 9705 9715 9725 9735
9655 9665 9675 9685 9695 9705 9715 9725 9735
9655 9665 9675 9685 9695 9705 9715 9725 9735
9655 9665 9675 9685 9695 9705 9715 9725 9735
9655 9665 9675 9685 9695 9705 9715 9725 9735
9655 9665 9675 14145 9695 9705 9715 14835 9735
9655 9665 9675 14145 9695 9705 9715 14835 9735
9655 9665 9675 9685 9695 9705 9715 9725 9735
9655 9665 9675 9685 9695 9705 9715 9725 9735
9655 9665 9675 9685 9695 9705 9715 9725 9735
9655 9665 9675 9685 9695 9705 9715 9725 9735
9655 9665 9675 9685 9695 9705 9715 9725 9735
9655 9665 9675 9685 9695 9705 9715 9725 9735
