38801
38801
38801
38801
38801
38801
38801
38801
38801
38801
38801
38801
38801
38801
38801
38801
38801
38801
38801
38801
38801
38801
38801
38801
38801
38801
38801
38801
38801
38801
25022 25032 25042 25052 25062 25072 25082 25092 25102 25112 25122
25022 25032 25042 25052 25062 25072 25082 25092 25102 25112 25122
25022 25032 25042 25052 25062 25072 25082 25092 25102 25112 25122
25022 25032 25042 25052 25062 25072 25082 25092 25102 25112 25122
25022 25032 25042 25052 25062 25072 25082 25092 25102 25112 25122
25022 25032 25042 25052 25062 25072 25082 25092 25102 25112 25122
25022 25032 25042 25052 25062 25072 25082 25092 25102 25112 25122
25022 25032 25042 25052 25062 25072 25082 25092 25102 25112 25122
25022 25032 25042 25052 25062 25072 25082 25092 25102 25112 25122
25022 25032 25042 25052 25062 25072 25082 25092 25102 25112 25122
25022 25032 25042 25052 25062 25072 25082 25092 25102 25112 25122
25022 25032 25042 25052 25062 25072 25082 25092 25102 25112 25122
25022 25032 25042 25052 25062 25072 25082 25092 25102 25112 25122
25022 25032 25042 25052 25062 25072 25082 25092 25102 25112 25122
25022 25032 25042 25052 25062 25072 25082 25092 25102 25112 25122
25022 25032 25042 25052 25062 25072 25082 25092 25102 25112 25122
25022 25032 25042 25052 25062 25072 25082 25092 25102 25112 25122
25022 25032 25042 25052 25062 25072 25082 25092 25102 25112 25122
25022 25032 25042 25052 25062 25072 25082 25092 25102 25112 25122
25022 25032 25042 25052 25062 25072 25082 25092 25102 25112 25122
25022 25032 25042 25052 25062 25072 25082 25092 25102 25112 25122
25022 25032 25042 25052 25062 25072 25082 25132 25142 25152 25162
25022 25032 25042 25052 25062 25072 25082 25092 25102 25112 25122
25022 25032 25042 25052 25062 25072 25082 25092 25102 25112 25122
25022 25032 25042 25052 25062 25072 25082 25132 25142 25152 25162
25022 25032 25042 25052 25062 25072 25082 25092 25102 25112 25122
25022 25032 25042 25052 25062 25072 25082 25092 25102 25112 25122
25022 25032 25042 25052 25062 25072 25082 25092 25102 25112 25122
25022 25032 25042 25052 25062 25072 25082 25092 25102 25112 25122
25022 25032 25042 25052 25062 25072 25082 25092 25102 25112 25122
25022 25032 25042 25052 25062 25072 25082 25092 25102 25112 25122
25022 25032 25042 25052 25062 25072 25082 25092 25102 25112 25122
25022 25032 25042 25052 25062 25072 25082 25092 25102 25112 25122
25022 25032 25042 25052 25062 25072 25082 25092 25102 25112 25122
25022 25032 25042 25052 25062 25072 25082 25092 25102 25112 25122
25022 25032 25042 25052 25062 25072 25082 25092 25102 25112 25122
25022 25032 25042 25052 25062 25072 25082 25092 25102 25112 25122
25022 25032 25042 25052 25062 25072 25082 25092 25102 25112 25122
25022 25032 25042 25052 25062 25072 25082 25092 25102 25112 25122
25022 25032 25042 25052 25062 25072 25082 25092 25102 25112 25122
25022 25032 25042 25052 25062 25072 25082 25172 25182 25192 25202
25022 25032 25042 25052 25062 25072 25082 25172 25182 25192 25202
25022 25032 25042 25052 25062 25072 25082 25092 25102 25112 25122
25022 25032 25042 25052 25062 25072 25082 25092 25102 25112 25122
25022 25032 25042 25052 25062 25072 25082 25092 25102 25112 25122
25022 25032 25042 25052 25062 25072 25082 25172 25182 25192 25202
25022 25032 25042 25052 25062 25072 25082 25172 25182 25192 25202
25022 25032 25042 25052 25062 25072 25082 25092 25102 25112 25122
25022 25032 25042 25052 25062 25072 25082 25092 25102 25112 25122
25022 25032 25042 25052 25062 25072 25082 25092 25102 25112 25122
25022 25032 25042 25052 25062 25072 25082 25092 25102 25112 25122
25022 25032 25042 25052 25062 25072 25082 25172 25182 25192 25202
25022 25032 25042 25052 25062 25072 25082 25172 25182 25192 25202
25022 25032 25042 25052 25062 25072 25082 25172 25182 25192 25202
25022 25032 25042 25052 25062 25072 25082 25172 25182 25192 25202
25022 25032 25042 25052 25062 25072 25082 25172 25182 25192 25202
25022 25032 25042 25052 25062 25072 25082 25092 25102 25112 25122
25022 25032 25042 25052 25062 25072 25082 25092 25102 25112 25122
25022 25032 25042 25052 25062 25072 25082 25092 25102 25112 25122
25022 25032 25042 25052 25062 25072 25082 25172 25182 25192 25202
25022 25032 25042 25052 25062 25072 25082 25172 25182 25192 25202
25022 25032 25042 25052 25062 25072 25082 25172 25182 25192 25202
25022 25032 25042 25052 25062 25072 25082 25172 25182 25192 25202
25022 25032 25042 25052 25062 25072 25082 25172 25182 25192 25202
25022 25032 25042 25052 25062 25072 25082 25092 25102 25112 25122
25022 25032 25042 25052 25062 25072 25082 25092 25102 25112 25122
25022 25032 25042 25052 25062 25072 25082 25092 25102 25112 25122
25022 25032 25042 25052 25062 25072 25082 25172 25182 25192 25202
25022 25032 25042 25052 25062 25072 25082 25172 25182 25192 25202
25022 25032 25042 25052 25062 25072 25082 25092 25102 25112 25122
25022 25032 25042 25052 25062 25072 25082 25092 25102 25112 25122
25022 25032 25042 25052 25062 25072 25082 25092 25102 25112 25122
25022 25032 25042 25052 25062 25072 25082 25092 25102 25112 25122
25022 25032 25042 25052 25062 25072 25082 25092 25102 25112 25122
25022 25032 25042 25052 25062 25072 25082 25092 25102 25112 25122
25022 25032 25042 25052 25062 25072 25082 25092 25102 25112 25122
25022 25032 25042 25052 25062 25072 25082 25092 25102 25112 25122
