84641
84641
84641
84641
84641
84641
84641
84641
84641
84641
84641
84641
84641
84641
84641
84641
84641
84641
84641
84641
84641
84641
84641
84641
84641
84641
84641
84641
84641
84641
52322 52332 52342 52352 52362 52372 52382 52612 52622 52632 52642
52322 52332 52342 52352 52362 52372 52382 52612 52622 52632 52642
52322 52332 52342 52352 52362 52372 52382 52612 52622 52632 52642
52322 52332 52342 52352 52362 52372 52382 52612 52622 52632 52642
52322 52332 52342 52352 52362 52372 52382 52612 52622 52632 52642
52322 52332 52342 52352 52362 52372 52382 52612 52622 52632 52642
52322 52332 52342 52352 52362 52372 52382 52612 52622 52632 52642
52322 52332 52342 52352 52362 52372 52382 52612 52622 52632 52642
52322 52332 52342 52352 52362 52372 52382 52612 52622 52632 52642
52322 52332 52342 52352 52362 52372 52382 52612 52622 52632 52642
52322 52332 52522 52352 52522 52372 52382 52612 52622 52632 52642
52322 52332 52342 52352 52362 52372 52382 52612 52622 52632 52642
52322 52332 52342 52352 52362 52372 52382 52612 52622 52632 52642
52322 52332 52342 52352 52362 52372 52382 52612 52622 52632 52642
52322 52332 52342 52352 52362 52372 52382 52612 52622 52632 52642
52322 52332 52342 52352 52362 52372 52382 52612 52622 52632 52642
52322 52332 52342 52352 52362 52372 52382 52612 52622 52632 52642
52322 52332 52342 52352 52362 52372 52382 52612 52622 52632 52642
52322 52332 52342 52352 52362 52372 52382 52612 52622 52632 52642
52322 52332 52342 52352 52362 52372 52382 52612 52622 52632 52642
52322 52332 52342 52352 52362 52372 52382 52612 52622 52632 52642
52322 52332 52342 52352 52362 52372 52382 52612 52622 52632 52642
52322 52332 52342 52352 52362 52372 52382 52612 52622 52632 52642
52322 52332 52342 52352 52362 52372 52382 52612 52622 52632 52642
52322 52332 52342 52352 52362 52372 52382 52612 52622 52632 52642
52322 52332 52342 52352 52362 52372 52382 52612 52622 52632 52642
52322 52332 52342 52352 52362 52372 52382 52612 52622 52632 52642
52322 52332 52342 52352 52362 52372 52382 52612 52622 52632 52642
52322 52332 52342 52352 52362 52372 52382 52612 52622 52632 52642
52322 52332 52342 52352 52362 52372 52382 52612 52622 52632 52642
52322 52332 52342 52352 52362 52372 52382 52612 52622 52632 52642
52322 52332 52342 52352 52362 52372 52382 52612 52622 52632 52642
52322 52332 52342 52352 52362 52372 52382 52612 52622 52632 52642
52322 52332 52392 52352 52362 52372 52382 52612 52622 52632 52392
52322 52332 52402 52352 52362 52372 52382 52612 52622 52632 52402
52322 52332 52342 52352 52362 52372 52382 52612 52622 52632 52642
52322 52332 52342 52352 52362 52372 52592 52612 52412 52412 52592
52322 52332 52422 52422 52422 52422 52382 52422 52622 52632 52422
52322 52332 52432 52432 52432 52432 52382 52432 52622 52632 52432
52322 52652 52342 52352 52362 52372 52382 52612 52622 52632 52642
52322 52532 52442 52442 52442 52372 52382 52442 52622 52632 52532
52322 52532 52442 52442 52442 52372 52382 52442 52622 52632 52532
52322 52532 52442 52442 52442 52372 52382 52442 52622 52632 52532
52322 52332 52342 52352 52362 52372 52382 52612 52622 52632 52642
52322 52652 52342 52352 52362 52372 52382 52612 52622 52632 52642
52322 52542 52452 52452 52452 52372 52382 52452 52622 52632 52542
52322 52542 52452 52452 52452 52372 52382 52452 52622 52632 52542
52322 52542 52452 52452 52452 52372 52382 52452 52622 52632 52542
52322 52542 52452 52452 52452 52372 52382 52452 52622 52632 52542
52322 52542 52452 52452 52452 52372 52382 52452 52622 52632 52542
52322 52652 52342 52352 52362 52372 52382 52612 52622 52632 52642
52322 52552 52462 52462 52462 52372 52382 52462 52622 52632 52552
52322 52552 52462 52462 52462 52372 52382 52462 52622 52632 52552
52322 52552 52462 52462 52462 52372 52382 52462 52622 52632 52552
52322 52552 52462 52462 52462 52372 52382 52462 52622 52632 52552
52322 52552 52462 52462 52462 52372 52382 52462 52622 52632 52552
52322 52572 52572 52572 52572 52372 52382 52572 52622 52632 52572
52322 52332 52342 52352 52362 52372 52382 52612 52622 52632 52642
52322 52652 52342 52352 52362 52372 52382 52612 52622 52632 52642
52322 52562 52472 52472 52472 52372 52382 52472 52622 52632 52562
52322 52562 52472 52472 52472 52372 52382 52472 52622 52632 52562
52322 52562 52472 52472 52472 52372 52382 52472 52622 52632 52562
52322 52562 52472 52472 52472 52372 52382 52472 52622 52632 52562
52322 52562 52472 52472 52472 52372 52382 52472 52622 52632 52562
52322 52582 52582 52582 52582 52372 52382 52582 52622 52632 52582
52322 52332 52342 52352 52362 52372 52382 52612 52622 52632 52642
52322 52482 52482 52482 52482 52482 52382 52482 52622 52632 52642
52322 52482 52482 52482 52482 52482 52382 52482 52622 52632 52642
52322 52482 52482 52482 52482 52482 52382 52482 52622 52632 52642
52322 52332 52342 52352 52362 52372 52382 52612 52622 52632 52642
52322 52332 52342 52352 52362 52372 52382 52612 52622 52632 52642
52322 52332 52342 52352 52362 52372 52382 52612 52622 52632 52642
52322 52332 52342 52352 52362 52372 52382 52612 52622 52632 52642
52322 52332 52492 52492 52492 52372 52382 52612 52622 52632 52642
52322 52332 52502 52502 52502 52372 52512 52612 52622 52632 52512
52322 52332 52602 52602 52602 52602 52382 52602 52622 52632 52642
52322 52332 52342 52352 52362 52372 52382 52612 52622 52632 52642
