38761
38761
38761
38761
38761
38761
38761
38761
38761
38761
38761
38761
38761
38761
38761
38761
38761
38761
38761
38761
38761
38761
38761
38761
38761
38761
38761
38761
38761
38761
24202 24212 24222 24232 24242 24252 24262
24202 24212 24222 24232 24242 24252 24262
24202 24212 24222 24232 24242 24252 24262
24202 24212 24222 24232 24242 24252 24262
24202 24212 24222 24232 24242 24252 24262
24202 24212 24222 24232 24242 24252 24262
24202 24212 24222 24232 24242 24252 24262
24202 24212 24222 24232 24242 24252 24262
24202 24212 24222 24232 24242 24252 24262
24202 24212 24222 24232 24242 24252 24262
24202 24212 24222 24232 24242 24252 24262
24202 24212 24222 24232 24242 24252 24262
24202 24212 24222 24232 24242 24252 24262
24202 24212 24222 24232 24242 24252 24262
24202 24212 24222 24232 24242 24252 24262
24202 24212 24222 24232 24242 24252 24262
24202 24212 24222 24232 24242 24252 24262
24202 24212 24222 24232 24242 24252 24262
24202 24212 24222 24232 24242 24252 24262
24202 24212 24222 24232 24242 24252 24262
24202 24212 24222 24232 24242 24252 24262
24202 24212 24222 24232 24242 24252 24262
24202 24212 24222 24232 24242 24252 24262
24202 24212 24222 24232 24242 24252 24262
24202 24212 24222 24232 24242 24252 24262
24202 24212 24222 24232 24242 24252 24262
24202 24212 24222 24232 24242 24252 24262
24202 24212 24222 24232 24242 24252 24262
24202 24212 24222 24232 24242 24252 24262
24202 24212 24222 24232 24242 24252 24262
24202 24212 24222 24232 24242 24252 24262
24202 24212 24222 24232 24242 24252 24262
24202 24212 24222 24232 24242 24252 24262
24202 24212 24222 24232 24242 24252 24262
24202 24212 24222 24232 24242 24252 24262
24202 24212 24222 24232 24242 24252 24262
24202 24212 24222 24232 24242 24252 24262
24202 24212 24222 24232 24242 24252 24262
24202 24212 24222 24232 24242 24252 24262
24202 24212 24222 24232 24242 24252 24262
24202 24212 24222 24232 24242 24252 24262
24202 24212 24222 24232 24242 24252 24262
24202 24212 24222 24232 24242 24252 24262
24202 24212 24222 24232 24242 24252 24262
24202 24212 24222 24232 24242 24252 24262
24202 24212 24222 24232 24242 24252 24262
24202 24212 24222 24232 24242 24252 24262
24202 24212 24222 24232 24242 24252 24262
24202 24212 24222 24232 24242 24252 24262
24202 24212 24222 24232 24242 24252 24262
24202 24212 24222 24232 24242 24252 24262
24202 24212 24222 24232 24242 24252 24262
24202 24212 24222 24232 24242 24252 24262
24202 24212 24222 24232 24242 24252 24262
24202 24212 24222 24232 24242 24252 24262
24202 24212 24222 24232 24242 24252 24262
24202 24212 24222 24232 24242 24252 24262
24202 24212 24222 24232 24242 24252 24262
24202 24212 24222 24232 24242 24252 24262
24202 24212 24222 24232 24242 24252 24262
24202 24212 24222 24232 24242 24252 24262
24202 24212 24222 24232 24242 24252 24262
24202 24212 24222 24232 24242 24252 24262
24202 24212 24222 24232 24242 24252 24262
24202 24212 24222 24232 24242 24252 24262
24202 24212 24222 24232 24242 24252 24262
24202 24212 24222 24232 24242 24252 24262
24202 24212 24222 24232 24242 24252 24262
24202 24212 24222 24232 24242 24252 24262
24202 24212 24222 24232 24242 24252 24262
24202 24212 24222 24232 24242 24252 24262
24202 24212 24222 24232 24242 24252 24262
24202 24212 24222 24232 24242 24252 24262
24202 24212 24222 24232 24242 24252 24262
24202 24212 24222 24232 24242 24252 24262
24202 24212 24222 24232 24242 24252 24262
24202 24212 24222 24232 24242 24252 24262
24202 24212 24222 24232 24242 24252 24262
24202 24212 24222 24232 24242 24252 24262
24202 24212 24222 24232 24242 24252 24262
24202 24212 24222 24232 24242 24252 24262
24202 24212 24222 24232 24242 24252 24262
24202 24212 24222 24232 24242 24252 24262
24202 24212 24222 24232 24242 24252 24262
24202 24212 24222 24232 24242 24252 24262
24202 24212 24222 24232 24242 24252 24262
24202 24212 24222 24232 24242 24252 24262
24202 24212 24222 24232 24242 24252 24262
24202 24212 24222 24232 24242 24252 24262
24202 24212 24222 24232 24242 24252 24262
24202 24212 24222 24232 24242 24252 24262
24202 24212 24222 24232 24242 24252 24262
24202 24212 24222 24232 24242 24252 24262
24202 24212 24222 24232 24242 24252 24262
24202 24212 24222 24232 24242 24252 24262
24202 24272 24272 24272 24272 24272 24282
24202 24272 24272 24272 24272 24272 24282
24202 24272 24272 24272 24272 24272 24282
24202 24212 24222 24232 24242 24252 24262
24202 24212 24222 24232 24242 24252 24262
24202 24212 24222 24232 24242 24252 24262
24202 24212 24222 24232 24242 24252 24262
24202 24212 24222 24232 24242 24252 24262
24202 24212 24222 24232 24242 24252 24262
24202 24212 24222 24232 24242 24252 24262
