84601
84601
84601
84601
84601
84601
84601
84601
84601
84601
84601
84601
84601
84601
84601
84601
84601
84601
84601
84601
84601
84601
84601
84601
84601
84601
84601
84601
84601
84601
50712 50722 50732 50742 50752 50762 50772 50782
50712 50722 50732 50742 50752 50762 50772 50782
50712 50722 50732 50742 50752 50762 50772 50782
50712 50722 50732 50742 50752 50762 50772 50782
50712 50722 50732 50742 50752 50762 50772 50782
50712 50722 50732 50742 50752 50762 50772 50782
50712 50722 50732 50742 50752 50762 50772 50782
50712 50722 50732 50742 50752 50762 50772 50782
50712 50722 50732 50742 50752 50762 50772 50782
50712 50722 50732 50742 50752 50762 50772 50782
50712 50722 50732 50742 50752 50762 50772 50782
50712 50722 50732 50742 50752 50762 50772 50782
50712 50722 50732 50742 50752 50762 50772 50782
50712 50722 50732 50742 50752 50762 50772 50782
50712 50722 50732 50742 50752 50762 50772 50782
50712 50722 50732 50742 50752 50762 50772 50782
50712 50722 50732 50742 50752 50762 50772 50782
50712 50722 50732 50742 50752 50762 50772 50782
50712 50722 50732 50742 50752 50762 50772 50782
50712 50722 50732 50742 50752 50762 50772 50782
50712 50722 50732 50742 50752 50762 50772 50782
50712 50722 50732 50742 50752 50762 50772 50782
50712 50722 50732 50742 50752 50762 50772 50782
50712 50722 50732 50742 50752 50762 50772 50782
50712 50722 50732 50742 50752 50762 50772 50782
50712 50722 50732 50742 50752 50762 50772 50782
50712 50722 50732 50742 50752 50762 50772 50782
50712 50722 50732 50742 50752 50762 50772 50782
50712 50722 50732 50742 50752 50762 50772 50782
50712 50722 50732 50742 50752 50762 50772 50782
50712 50722 50732 50742 50752 50762 50772 50782
50712 50722 50732 50742 50752 50762 50772 50782
50712 50722 50732 50742 50752 50762 50772 50782
50712 50722 50732 50742 50752 50762 50772 50782
50712 50722 50732 50742 50752 50762 50772 50782
50712 50722 50732 50742 50752 50762 50772 50782
50712 50722 50732 50742 50752 50762 50772 50782
50712 50722 50732 50742 50752 50762 50772 50782
50712 50722 50732 50742 50752 50762 50772 50782
50712 50722 50732 50742 50752 50762 50772 50782
50712 50722 50732 50742 50752 50762 50772 50782
50712 50722 50732 50742 50752 50762 50772 50782
50712 50722 50732 50742 50752 50762 50772 50782
50712 50722 50732 50742 50752 50762 50772 50782
50712 50722 50732 50742 50752 50762 50772 50782
50712 50722 50732 50742 50752 50762 50772 50782
50712 50722 50732 50742 50752 50762 50772 50782
50712 50722 50732 50742 50752 50762 50772 50782
50712 50722 50732 50742 50752 50762 50772 50782
50712 50722 50732 50742 50752 50762 50772 50782
50712 50722 50732 50742 50752 50762 50772 50782
50712 50722 50732 50742 50752 50762 50772 50782
50712 50722 50732 50742 50752 50762 50772 50782
50712 50722 50732 50742 50752 50762 50772 50782
50712 50792 50792 50742 50752 50762 50772 50792
50712 50792 50792 50742 50752 50762 50772 50792
50712 50842 50842 50842 50842 50762 50772 50782
50712 50842 50842 50842 50842 50762 50772 50782
50712 50722 50732 50742 50752 50762 50772 50782
50712 50802 50802 50802 50802 50802 50802 50782
50712 50802 50802 50802 50802 50802 50802 50782
50712 50722 50732 50742 50752 50762 50772 50782
50712 50812 50812 50812 50812 50812 50812 50782
50712 50802 50802 50802 50802 50802 50802 50782
50712 50802 50802 50802 50802 50802 50802 50782
50712 50722 50732 50742 50752 50762 50772 50782
50712 50812 50812 50812 50812 50812 50812 50782
50712 50802 50802 50802 50802 50802 50802 50782
50712 50822 50822 50822 50822 50822 50822 50782
50712 50722 50732 50742 50752 50762 50772 50782
50712 50802 50802 50802 50802 50802 50802 50782
50712 50822 50822 50822 50822 50822 50822 50782
50712 50802 50802 50802 50802 50802 50802 50782
50712 50802 50802 50802 50802 50802 50802 50782
50712 50722 50732 50742 50752 50762 50772 50782
50712 50722 50732 50742 50752 50762 50772 50782
50712 50722 50732 50742 50752 50762 50772 50782
50712 50722 50732 50742 50752 50762 50772 50782
50712 50722 50732 50742 50752 50762 50772 50782
50712 50722 50732 50742 50752 50762 50772 50782
50712 50722 50732 50742 50752 50762 50772 50782
50712 50722 50732 50742 50752 50762 50772 50782
50712 50722 50732 50742 50752 50762 50772 50782
50712 50722 50732 50742 50752 50762 50772 50782
50712 50722 50732 50742 50752 50762 50772 50782
50712 50722 50732 50742 50752 50762 50772 50782
50712 50722 50732 50742 50752 50762 50772 50782
50712 50722 50732 50742 50752 50762 50772 50782
50712 50722 50732 50742 50752 50762 50772 50782
50712 50722 50732 50742 50752 50762 50772 50782
50712 50722 50732 50742 50752 50762 50772 50782
50712 50722 50732 50742 50752 50762 50772 50782
50712 50842 50842 50842 50842 50762 50772 50782
50712 50842 50842 50842 50842 50762 50772 50782
50712 50842 50842 50842 50842 50762 50772 50782
50712 50722 50732 50742 50752 50762 50772 50782
50712 50722 50732 50742 50752 50832 50772 50832
50712 50722 50732 50742 50752 50762 50772 50782
50712 50842 50842 50842 50842 50762 50772 50782
50712 50842 50842 50842 50842 50762 50772 50782
50712 50842 50842 50842 50842 50762 50772 50782
50712 50842 50842 50842 50842 50762 50772 50782
50712 50842 50842 50842 50842 50762 50772 50782
50712 50842 50842 50842 50842 50762 50772 50782
50712 50722 50732 50742 50752 50762 50772 50782
