100 200 300 400 500 600 700 200 300
70 70 70 70 70 90 60 70 70
30 10 30 40 40 90 20 10 40
15 80 85 60 60 90 60 50 50
80 80 25 70 70 90 65 60 40
70 70 70 70 70 90 60 70 70
100 100 100 100 100 100 100 100 100
10 60 20 30 30 90 20 40 40
60 80 20 30 30 90 20 90 15
60 60 60 30 30 90 90 60 60
30 30 20 90 30 30 90 40 20
40 40 20 40 30 90 90 40 20
90 90 10 20 20 90 90 10 5
20 25 30 50 50 90 90 90 90
45 45 90 40 40 90 90 80 80
55 55 55 60 60 90 90 30 90
15 20 40 40 40 90 90 90 20
35 35 35 35 35 35 35 35 35
