60 97 60 105 90 135 30 52 52
40 30 50 40 40 40 90 20 40
120 240 360 480 600 720 840 240 360
108 108 108 108 108 108 72 108 108
90 90 80 90 90 90 90 90 90
90 50 90 90 90 90 70 90 70
90 90 90 90 90 90 70 70 90
65 90 90 90 90 90 90 90 90
75 70 80 90 90 90 90 90 90
90 90 50 90 90 90 50 90 30
90 90 90 90 90 90 90 90 90
15 15 15 15 15 15 15 30 30
90 90 90 40 80 60 60 90 90
35 40 35 30 80 60 30 55 70
85 85 85 60 95 80 60 95 95
35 20 40 30 80 60 30 65 50
35 20 40 30 80 60 30 65 50
90 90 95 80 95 90 80 95 95
95 95 95 95 95 95 95 95 95
40 40 40 40 80 60 40 65 50
85 85 85 60 95 80 60 95 95
35 35 35 35 35 35 35 35 35
