60 97 60 105 90 135 30 52 52
40 30 50 40 40 40 90 20 40
120 240 360 480 600 720 840 240 360
108 108 108 108 108 108 72 108 108
40 60 25 90 90 90 60 60 60
90 70 90 90 90 90 70 90 70
90 25 90 90 90 90 30 30 10
25 50 50 90 90 90 50 60 60
75 70 80 90 90 90 90 90 90
90 90 70 90 90 90 50 90 30
90 90 90 90 90 90 90 90 90
15 15 15 15 15 15 15 30 30
90 90 90 40 80 60 60 90 90
20 30 20 30 80 60 30 40 40
85 85 85 60 95 80 60 95 95
20 10 25 30 80 60 30 60 60
20 10 25 30 80 60 30 60 60
90 90 95 80 95 90 80 95 95
95 95 95 95 95 95 95 95 95
40 40 40 40 80 60 40 65 50
85 85 85 60 95 80 60 95 95
35 35 35 35 35 35 35 35 35
