40 65 40 70 60 90 20 35 35
40 30 50 40 40 40 90 20 40
100 200 300 400 500 600 700 200 300
90 90 90 90 90 90 60 90 90
40 60 25 90 90 90 60 60 60
90 25 90 90 90 90 50 90 40
90 25 90 90 90 90 30 30 10
25 50 50 90 90 90 50 60 60
55 50 60 90 90 90 70 80 70
80 90 25 90 90 90 30 80 20
90 80 90 90 90 90 90 80 90
15 15 15 15 15 15 15 30 30
90 90 90 40 80 60 60 90 90
20 25 20 30 80 60 30 40 40
85 85 85 60 95 80 60 95 95
20 10 25 30 80 60 30 60 60
20 10 25 30 80 60 30 60 60
90 90 95 80 95 90 80 95 95
95 95 95 95 95 95 95 95 95
40 40 40 40 80 60 40 65 50
85 85 85 60 95 80 60 95 95
35 35 35 35 35 35 35 35 35
