40 65 40 70 60 90 20 35 35
40 30 50 40 40 40 90 20 40
100 200 300 400 500 600 700 200 300
90 90 90 90 90 90 60 90 90
80 90 40 90 90 90 65 90 90
90 25 90 90 90 90 50 90 40
90 90 90 90 90 90 50 50 90
45 80 80 90 90 90 60 80 80
55 50 60 90 90 90 70 80 70
80 90 25 90 90 90 30 80 20
90 80 90 90 90 90 90 80 90
15 15 15 15 15 15 15 30 30
90 90 90 40 80 60 60 90 90
35 40 35 30 80 60 30 55 70
85 85 85 60 95 80 60 95 95
35 20 40 30 80 60 30 65 50
35 20 40 30 80 60 30 65 50
90 90 95 80 95 90 80 95 95
95 95 95 95 95 95 95 95 95
40 40 40 40 80 60 40 65 50
85 85 85 60 95 80 60 95 95
35 35 35 35 35 35 35 35 35
