84601
84601
84601
84601
84601
84601
84601
84601
84601
84601
84601
84601
84601
84601
84601
84601
84601
84601
84601
84601
84601
84601
84601
84601
84601
84601
84601
84601
84601
84601
10892 10942 10952 10962 10972 10982 10992
10892 10942 10952 10962 10972 10982 10992
10892 10942 10952 10962 10972 10982 10992
10892 10942 10952 10962 10972 10982 10992
10892 10942 10952 10962 10972 10982 10992
10892 10942 10952 10962 10972 10982 10992
10892 10942 10952 10962 10972 10982 10992
10892 10942 10952 10962 10972 10982 10992
10892 10942 10952 10962 10972 10982 10992
10892 10942 10952 10962 10972 10982 10992
10892 10942 10952 10962 10972 10982 10992
10892 10942 10952 10962 10972 10982 10992
10892 10942 10952 10962 10972 10982 10992
10892 10942 10952 10962 10972 10982 10992
10892 10942 10952 10962 10972 10982 10992
10892 10942 10952 10962 10972 10982 10992
10892 10942 10952 10962 33352 10982 10992
10892 10942 10952 10962 33352 10982 10992
10892 10942 10952 10962 10972 10982 10992
10892 10942 10952 10962 10972 10982 10992
10892 10942 10952 10962 10972 10982 10992
10892 10942 10952 10962 10972 10982 10992
10892 10942 10952 10962 10972 10982 10992
10892 10942 10952 10962 10972 10982 10992
10892 10942 10952 10962 10972 10982 10992
10892 10942 10952 10962 10972 10982 10992
10892 10942 10952 10962 10972 10982 10992
10892 10942 10952 10962 10972 10982 10992
10892 10942 10952 10962 10972 10982 10992
10892 10942 10952 10962 10972 10982 10992
10892 10942 10952 10962 10972 10982 10992
10892 10942 10952 10962 10972 10982 10992
10892 10942 10952 10962 10972 10982 10992
10892 10942 10952 10962 10972 10982 10992
10892 10942 10952 10962 10972 10982 10992
10892 10942 10952 10962 10972 10982 10992
10892 10942 10952 10962 10972 10982 10992
10892 10942 10952 10962 10972 10982 10992
10892 10942 10952 10962 10972 10982 10992
10892 10942 10952 10962 10972 10982 10992
10892 10942 10952 10962 10972 10982 10992
10892 10942 10952 10962 10972 10982 10992
10892 10942 10952 10962 10972 10982 10992
10892 10942 10952 10962 10972 10982 10992
10892 10942 10952 10962 10972 10982 10992
10902 10902 10902 10902 10902 10902 10902
10912 10912 10912 10912 10912 10912 10912
10892 10942 10952 10962 10972 10982 10992
10922 10922 10922 10922 33352 10922 10922
10922 10922 10922 10922 10922 10922 10922
10892 10942 10952 10962 10972 10982 10992
10892 10942 10952 10962 10972 10982 10992
10892 10942 10952 10962 10972 10982 10992
10892 10942 10952 10962 10972 10982 10992
10892 10942 10952 10962 10972 10982 10992
10932 10932 10932 10932 10932 10932 10932
10932 10932 10932 10932 10932 10932 10932
10932 10932 10932 10932 10932 10932 10932
10892 10942 10952 10962 10972 10982 10992
10892 10942 10952 10962 10972 10982 10992
10892 10942 10952 10962 10972 10982 10992
10892 10942 10952 10962 10972 10982 10992
10892 10942 10952 10962 10972 10982 10992
10892 10942 10952 10962 10972 10982 10992
10892 10942 10952 10962 10972 10982 10992
10892 10942 10952 10962 10972 10982 10992
10892 10942 10952 10962 10972 10982 10992
49993 50003 50013 50023 50033 50043 50053 50063 50073 50223
49993 50003 50013 50023 50033 50043 50053 50063 50073 50223
49993 50003 50013 50023 50033 50043 50053 50063 50073 50223
49993 50003 50013 50023 50033 50043 50053 50063 50073 50223
49993 50003 50013 50203 50033 50043 50053 50203 50073 50223
49993 50003 50013 50023 50033 50043 50053 50063 50073 50223
49993 50003 50013 50023 50033 50043 50053 50063 50073 50223
49993 50003 50013 50203 50033 50043 50053 50203 50073 50223
49993 50003 50013 50023 50033 50043 50053 50063 50073 50223
49993 50003 50013 50023 50033 50043 50053 50063 50073 50223
49993 50003 50013 50023 50033 50043 50053 50063 50073 50223
49993 50003 50013 50023 50033 50043 50053 50063 50073 50223
49993 50003 50013 50023 50033 50043 50053 50063 50073 50223
49993 50003 50013 50023 50033 50043 50053 50063 50073 50223
49993 50003 50013 50023 50033 50043 50053 50063 50073 50223
49993 50003 50013 50023 50033 50043 50053 50063 50073 50223
49993 50203 50203 50203 50203 50203 50053 50203 50073 50223
49993 50003 50013 50023 50033 50043 50053 50063 50073 50223
49993 50003 50013 50023 50033 50043 50053 50063 50073 50223
49993 50003 50013 50203 50203 50043 50053 50203 50073 50223
49993 50003 50013 50023 50033 50043 50053 50063 50073 50223
49993 50003 50013 50023 50033 50043 50053 50063 50073 50223
49993 50003 50013 50203 50033 50043 50053 50203 50073 50223
49993 50003 50013 50023 50033 50043 50053 50063 50073 50223
49993 50003 50013 50023 50033 50043 50053 50063 50073 50223
49993 50003 50013 50023 50033 50043 50053 50063 50073 50223
49993 50003 50013 50023 50033 50043 50053 50063 50073 50223
49993 50003 50013 50023 50033 50043 50053 50063 50073 50223
49993 50003 50013 50023 50033 50043 50053 50063 50073 50223
49993 50003 50013 50023 50033 50043 50053 50063 50073 50223
49993 50003 50013 50023 50033 50043 50053 50063 50073 50223
49993 50003 50013 50023 50033 50043 50053 50063 50073 50223
49993 50003 50013 50023 50033 50043 50053 50063 50073 50223
49993 50003 50013 50023 50033 50043 50053 50063 50073 50223
49993 50003 50013 50023 50033 50043 50053 50063 50073 50223
49993 50003 50013 50023 50033 50043 50053 50063 50073 50223
49993 50003 50013 50023 50033 50043 50053 50063 50073 50223
49993 50003 50013 50023 50033 50043 50053 50063 50073 50223
49993 50003 50013 50023 50033 50043 50053 50063 50073 50223
49993 50003 50013 50023 50033 50043 50053 50063 50073 50223
49993 50003 50013 50023 50033 50043 50053 50063 50073 50223
49993 50003 50013 50023 50033 50043 50053 50063 50073 50223
49993 50003 50013 50023 50033 50043 50053 50063 50073 50223
49993 50003 50013 50023 50033 50043 50053 50063 50073 50223
49993 50003 50013 50023 50033 50043 50053 50063 50073 50223
49993 50003 50013 50023 50033 50043 50053 50063 50073 50223
49993 50003 50013 50023 50033 50043 50053 50063 50073 50223
49993 50003 50013 50023 50083 50043 50053 50063 50073 50083
49993 50003 50013 50023 50083 50043 50053 50063 50073 50083
49993 50003 50013 50093 50093 50103 50053 50103 50073 50093
49993 50003 50013 50093 50093 50103 50053 50103 50073 50093
49993 50003 50013 50093 50093 50103 50053 50103 50073 50093
49993 50003 50013 50093 50093 50103 50053 50103 50073 50093
49993 50003 50013 50023 50033 50043 50053 50063 50073 50223
49993 50003 50013 50113 50033 50043 50053 50063 50073 50223
49993 50003 50013 50113 50033 50143 50053 50143 50073 50223
49993 50003 50013 50023 50033 50043 50053 50063 50073 50223
49993 50003 50013 50023 50033 50043 50053 50063 50073 50223
49993 50003 50013 50023 50033 50143 50053 50143 50073 50223
49993 50123 50123 50123 50123 50123 50053 50123 50073 50223
49993 50123 50123 50123 50123 50123 50053 50123 50073 50223
49993 50213 50213 50213 50213 50213 50053 50213 50073 50223
49993 50213 50213 50213 50213 50213 50053 50213 50073 50223
49993 50003 50013 50023 50033 50043 50053 50063 50073 50223
49993 50133 50133 50133 50133 50133 50053 50133 50133 50133
49993 50003 50013 50023 50033 50043 50053 50063 50073 50223
49993 50003 50013 50023 50033 50043 50053 50063 50073 50223
49993 50003 50013 50023 50033 50043 50053 50063 50073 50223
49993 50003 50013 50143 50143 50043 50053 50143 50073 50223
49993 50003 50013 50143 50143 50043 50053 50143 50073 50223
49993 50003 50013 50023 50033 50043 50053 50063 50073 50223
49993 50003 50013 50143 50143 50043 50053 50143 50073 50223
49993 50003 50013 50143 50143 50043 50053 50143 50073 50223
49993 50003 50013 50023 50033 50043 50053 50153 50073 50223
49993 50003 50013 50023 50033 50043 50053 50153 50073 50223
49993 50003 50013 50163 50163 50173 50053 50173 50073 50163
49993 50003 50013 50163 50163 50173 50053 50173 50073 50163
49993 50003 50013 50163 50163 50173 50053 50173 50073 50163
49993 50003 50013 50163 50163 50173 50053 50173 50073 50163
49993 50003 50013 50163 50163 50173 50053 50173 50073 50163
49993 50003 50013 50023 50033 50043 50053 50063 50073 50223
49993 50003 50013 50023 50033 50043 50053 50063 50073 50223
49993 50003 50013 50023 50033 50043 50053 50063 50073 50223
49993 50003 50013 50023 50033 50043 50053 50063 50073 50223
49993 50003 50013 50023 50033 50043 50053 50063 50073 50223
49993 50003 50013 50183 50033 50183 50053 50183 50073 50223
49993 50003 50013 50183 50033 50183 50053 50183 50073 50223
49993 50003 50013 50023 50193 50043 50053 50063 50073 50223
65404 65414 65424 65434 65444 65454 65464
65404 65414 65424 65434 65444 65454 65464
65404 65414 65424 65434 65444 65454 65464
65404 65414 65424 65434 65444 65454 65464
65404 65414 65424 65434 65444 65454 65464
65404 65414 65424 65434 65444 65454 65464
65404 65414 65424 65434 65444 65454 65464
65404 65414 65424 65434 65444 65454 65464
65404 65414 65424 65434 65444 65454 65464
65404 65414 65424 65434 65444 65454 65464
65404 65414 65424 65434 65444 65454 65464
65404 65414 65424 65434 65444 65454 65464
65404 65414 65424 65434 65444 65454 65464
65404 65414 65424 65434 65444 65454 65464
65404 65414 65424 65434 65444 65454 65464
65404 65414 65424 65434 65444 65454 65464
65404 65414 65424 65434 65444 65454 65464
65404 65414 65424 65434 65444 65454 65464
65404 65414 65424 65434 65444 65454 65464
65404 65414 65424 65434 65444 65454 65464
65404 65414 65424 65434 65444 65454 65464
65404 65414 65424 65434 65444 65454 65464
65404 65414 65424 65434 65444 65454 65464
65404 65414 65424 65434 65444 65454 65464
65404 65414 65424 65434 65444 65454 65464
65404 65414 65424 65434 65444 65454 65464
65404 65414 65424 65434 65444 65454 65464
65404 65414 65424 65434 65444 65454 65464
65404 65414 65424 65434 65444 65454 65464
65404 65414 65424 65434 65444 65454 65464
65404 65414 65424 65434 65444 65454 65464
65404 65414 65424 65434 65444 65454 65464
65404 65414 65424 65434 65444 65454 65464
65404 65414 65424 65434 65444 65454 65464
65404 65414 65424 65434 65444 65454 65464
65404 65414 65424 65434 65444 65454 65464
65404 65414 65424 65434 65444 65454 65464
65404 65414 65424 65434 65444 65454 65464
65404 65414 65424 65434 65444 65454 65464
65404 65414 65424 65434 65444 65454 65464
65404 65474 65424 65434 65444 65454 65464
65404 65414 65424 65484 65484 65494 65464
65404 65504 65424 65434 65444 65454 65464
65404 65514 65424 65434 65444 65454 65464
65404 65524 65424 65434 65444 65454 65464
65404 65504 65424 65434 65444 65454 65464
65404 65514 65424 65434 65444 65454 65464
65404 65524 65424 65434 65444 65454 65464
65404 65414 65424 65434 65444 65454 65464
65404 65414 65424 65434 65444 65454 65464
65404 65544 65424 65434 65444 65454 65464
65404 65554 65424 65434 65444 65454 65464
65404 65414 65424 65434 65444 65454 65464
65404 65414 65424 65434 65444 65454 65464
65404 65414 65424 65434 65444 65454 65464
65404 65564 65424 65564 65564 65454 65464
65404 65594 65424 65574 65574 65454 65464
65404 65584 65424 65584 65584 65454 65464
65404 65414 65424 65434 65444 65604 65464
