38761
38761
38761
38761
38761
38761
38761
38761
38761
38761
38761
38761
38761
38761
38761
38761
38761
38761
38761
38761
38761
38761
38761
38761
38761
38761
38761
38761
38761
38761
3182 13092 13102 13112 13122 13132 13142
3182 13092 13102 13112 13122 13132 13142
3182 13092 13102 13112 13122 13132 13142
3182 13092 13102 13112 13122 13132 13142
3182 13092 13102 13112 13122 13132 13142
3182 13092 13102 13112 13122 13132 13142
3182 13092 13102 13112 13122 13132 13142
3182 13092 13102 13112 13122 13132 13142
3182 13092 13102 13112 13122 13132 13142
3182 13092 13102 13112 13122 13132 13142
3182 13092 13102 13112 13122 13132 13142
3182 13092 13102 13112 13122 13132 13142
3182 13092 13102 13112 13122 13132 13142
3182 13092 13102 13112 13122 13132 13142
3182 13092 13102 13112 13122 13132 13142
3182 13092 13102 13112 13122 13132 13142
3182 13092 13102 13112 13122 13132 13142
3182 13092 13102 13112 13122 13132 13142
3182 13092 13102 13112 13122 13132 13142
3182 13092 13102 13112 13122 13132 13142
3182 13092 13102 13112 13122 13132 13142
3182 13092 13102 13112 13122 13132 13142
3182 13092 13102 13112 13122 13132 13142
3182 13092 13102 13112 13122 13132 13142
3182 13092 13102 13112 13122 13132 13142
3182 13092 13102 13112 13122 13132 13142
3182 13092 13102 13112 13122 13132 13142
3182 13092 13102 13112 13122 13132 13142
3182 13092 13102 13112 13122 13132 13142
3182 13092 13102 13112 13122 13132 13142
3182 13092 13102 13112 13122 13132 13142
3182 13092 13102 13112 13122 13132 13142
3182 13092 13102 13112 13122 13132 13142
3182 13092 13102 13112 13122 13132 13142
3182 13092 13102 13112 13122 13132 13142
3182 13092 13102 13112 13122 13132 13142
3182 13092 13102 13112 13122 13132 13142
3182 13092 13102 13112 13122 13132 13142
3182 13092 13102 13112 13122 13132 13142
3182 13092 13102 13112 13122 13132 13142
3182 13092 13102 13112 13122 13132 13142
3182 13092 13102 13112 13122 13132 13142
3182 13092 13102 13112 13122 13132 13142
3182 13092 13102 13112 13122 13132 13142
3182 13092 13102 13112 13122 13132 13142
3182 13092 13102 13112 13122 13132 13142
3182 13092 13102 13112 13122 13132 13142
3182 13092 13102 13112 13122 13132 13142
3182 13092 13102 13112 13122 13132 13142
3182 13092 13102 13112 13122 13132 13142
3182 13092 13102 13112 13122 13132 13142
3182 13092 13102 13112 13122 13132 13142
3182 13092 13102 13112 13122 13132 13142
3182 13092 13102 13112 13122 13132 13142
3182 13092 13102 13112 13122 13132 13142
3182 13092 13102 13112 13122 13132 13142
3182 13092 13102 13112 13122 13132 13142
3182 13092 13102 13112 13122 13132 13142
3182 13092 13102 13112 13122 13132 13142
3182 13092 13102 13112 13122 13132 13142
3182 13092 13102 13112 13122 13132 13142
3182 13092 13102 13112 13122 13132 13142
3182 13092 13102 13112 13122 13132 13142
3182 13092 13102 13112 13122 13132 13142
3182 13092 13102 13112 13122 13132 13142
3182 13092 13102 13112 13122 13132 13142
3182 13092 13102 13112 13122 13132 13142
23933 23943 23953 23963 23973 23983 23993 24003 24013
23933 23943 23953 23963 23973 23983 23993 24003 24013
23933 23943 23953 23963 23973 23983 23993 24003 24013
23933 23943 23953 23963 23973 23983 23993 24003 24013
23933 23943 23953 23963 23973 23983 23993 24003 24013
23933 23943 23953 23963 23973 23983 23993 24003 24013
23933 23943 23953 23963 23973 23983 23993 24003 24013
23933 23943 23953 23963 23973 23983 23993 24003 24013
23933 23943 23953 23963 23973 23983 23993 24003 24013
23933 23943 23953 23963 23973 23983 23993 24003 24013
23933 23943 23953 23963 23973 23983 23993 24003 24013
23933 23943 23953 23963 23973 23983 23993 24003 24013
23933 23943 23953 23963 23973 23983 23993 24003 24013
23933 23943 23953 23963 23973 23983 23993 24003 24013
23933 23943 23953 23963 23973 23983 23993 24003 24013
23933 23943 23953 23963 23973 23983 23993 24003 24013
23933 23943 23953 23963 23973 23983 23993 24003 24013
23933 23943 23953 23963 23973 23983 23993 24003 24013
23933 23943 23953 23963 23973 23983 23993 24003 24013
23933 23943 23953 23963 23973 23983 23993 24003 24013
23933 23943 23953 23963 23973 23983 23993 24003 24013
23933 23943 23953 23963 23973 23983 23993 24003 24013
23933 23943 23953 23963 23973 23983 23993 24003 24013
23933 23943 23953 23963 23973 23983 23993 24003 24013
23933 23943 23953 23963 23973 23983 23993 24003 24013
23933 23943 23953 23963 23973 23983 23993 24003 24013
23933 23943 23953 23963 23973 23983 23993 24003 24013
23933 23943 23953 23963 23973 23983 23993 24003 24013
23933 23943 23953 23963 23973 23983 23993 24003 24013
23933 23943 23953 23963 23973 23983 23993 24003 24013
23933 23943 23953 23963 23973 23983 23993 24003 24013
23933 23943 23953 23963 23973 23983 23993 24003 24013
23933 23943 23953 23963 23973 23983 23993 24003 24013
23933 23943 23953 23963 23973 23983 23993 24003 24013
23933 23943 23953 23963 23973 23983 23993 24003 24013
23933 23943 23953 23963 23973 23983 23993 24003 24013
23933 23943 23953 23963 23973 23983 23993 24003 24013
23933 23943 23953 23963 23973 23983 23993 24003 24013
23933 23943 23953 23963 23973 23983 23993 24003 24013
23933 23943 23953 23963 23973 23983 23993 24003 24013
23933 23943 23953 23963 23973 23983 23993 24003 24013
23933 23943 23953 23963 23973 23983 23993 24003 24013
23933 23943 23953 23963 23973 23983 23993 24003 24013
23933 23943 23953 23963 23973 23983 23993 24003 24013
23933 23943 23953 23963 23973 23983 23993 24003 24013
23933 23943 23953 23963 23973 23983 23993 24003 24013
23933 23943 23953 23963 23973 23983 23993 24003 24013
23933 23943 23953 23963 23973 23983 23993 24003 24013
23933 23943 23953 23963 23973 23983 23993 24003 24013
23933 23943 23953 23963 23973 23983 23993 24003 24013
23933 23943 23953 23963 23973 23983 23993 24003 24013
23933 23943 23953 23963 23973 23983 23993 24003 24013
23933 23943 23953 23963 23973 23983 23993 24003 24013
23933 23943 23953 23963 23973 23983 23993 24003 24013
23933 23943 23953 23963 23973 23983 23993 24003 24013
23933 23943 23953 23963 23973 23983 23993 24003 24013
23933 23943 23953 23963 23973 23983 23993 24003 24013
23933 23943 23953 23963 23973 23983 23993 24003 24013
23933 23943 23953 23963 23973 23983 23993 24003 24013
23933 23943 23953 23963 23973 23983 23993 24003 24013
23933 23943 23953 23963 23973 23983 23993 24003 24013
23933 23943 23953 23963 23973 23983 23993 24003 24013
23933 23943 23953 23963 23973 23983 23993 24003 24013
23933 23943 23953 23963 23973 23983 23993 24003 24013
23933 23943 23953 23963 23973 23983 23993 24003 24013
23933 23943 23953 23963 23973 23983 23993 24003 24013
23933 23943 23953 23963 23973 23983 23993 24003 24013
23933 23943 23953 23963 23973 23983 23993 24003 24013
23933 23943 23953 23963 23973 23983 23993 24003 24013
23933 23943 23953 23963 23973 23983 23993 24003 24013
23933 23943 23953 23963 23973 23983 23993 24003 24013
23933 23943 23953 23963 23973 23983 23993 24003 24013
23933 23943 23953 23963 23973 23983 23993 24003 24013
23933 23943 23953 23963 23973 23983 23993 24003 24013
23933 23943 23953 23963 23973 23983 23993 24003 24013
23933 23943 23953 23963 23973 23983 23993 24003 24013
23933 23943 23953 23963 23973 23983 23993 24003 24013
23933 23943 23953 23963 23973 23983 23993 24003 24013
23933 23943 23953 23963 23973 23983 23993 24003 24013
23933 23943 23953 23963 23973 23983 23993 24003 24013
23933 23943 23953 23963 23973 23983 23993 24003 24013
23933 23943 23953 23963 23973 23983 23993 24003 24013
23933 23943 23953 23963 23973 23983 23993 24003 24013
23933 23943 23953 23963 23973 23983 23993 24003 24013
23933 23943 23953 23963 23973 23983 23993 24003 24013
23933 23943 23953 23963 23973 23983 23993 24003 24013
23933 23943 23953 23963 23973 23983 23993 24003 24013
23933 23943 23953 23963 23973 23983 23993 24003 24013
31094 31104 31114 31124 31134 31144
31094 31104 31114 31124 31134 31144
31094 31104 31114 31124 31134 31144
31094 31104 31114 31124 31134 31144
31094 31104 31114 31124 31134 31144
31094 31104 31114 31124 31134 31144
31094 31104 31114 31124 31134 31144
31094 31104 31114 31124 31134 31144
31094 31104 31114 31124 31134 31144
31094 31104 31114 31124 31134 31144
31094 31104 31114 31124 31134 31144
31094 31104 31114 31124 31134 31144
31094 31104 31114 31124 31134 31144
31094 31104 31114 31124 31134 31144
31094 31104 31114 31124 31134 31144
31094 31104 31114 31124 31134 31144
31094 31104 31114 31124 31134 31144
31094 31104 31114 31124 31134 31144
31094 31104 31114 31124 31134 31144
31094 31104 31114 31124 31134 31144
31094 31104 31114 31124 31134 31144
31094 31104 31114 31124 31134 31144
31094 31104 31114 31124 31134 31144
31094 31104 31114 31124 31134 31144
31094 31104 31114 31124 31134 31144
31094 31104 31114 31124 31134 31144
31094 31104 31114 31124 31134 31144
31094 31104 31114 31124 31134 31144
31094 31104 31114 31124 31134 31144
31094 31104 31114 31124 31134 31144
31094 31104 31114 31124 31134 31144
31094 31104 31114 31124 31134 31144
31094 31104 31114 31124 31134 31144
31094 31104 31114 31124 31134 31144
31094 31104 31114 31124 31134 31144
31094 31104 31114 31124 31134 31144
31094 31104 31114 31124 31134 31144
31094 31104 31114 31124 31134 31144
31094 31104 31114 31124 31134 31144
31094 31104 31114 31124 31134 31144
31094 31104 31114 31124 31134 31144
31094 31104 31114 31124 31134 31144
31094 31104 31114 31124 31134 31144
31094 31104 31114 31124 31134 31144
31094 31104 31114 31124 31134 31144
31094 31104 31114 31124 31134 31144
31094 31104 31114 31124 31134 31144
31094 31104 31114 31124 31134 31144
31094 31104 31114 31124 31134 31144
31094 31104 31114 31124 31134 31144
31094 31104 31114 31124 31134 31144
31094 31104 31114 31124 31134 31144
31094 31104 31114 31124 31134 31144
31094 31104 31114 31124 31134 31144
31094 31104 31114 31124 31134 31144
31094 31104 31114 31124 31134 31144
31094 31104 31114 31124 31134 31144
31094 31104 31114 31124 31134 31144
31094 31104 31114 31124 31134 31144
