38771
38771
38771
38771
38771
38771
38771
38771
38771
38771
38771
38771
38771
38771
38771
38771
38771
38771
38771
38771
38771
38771
38771
38771
38771
38771
38771
38771
38771
38771
2742
2742
2742
2742
2742
2742
2742
2742
2742
2742
2742
2742
2742
2742
2742
2742
2742
2742
2742
2742
2742
2742
2742
2742
2742
2742
2742
2742
2742
2742
2742
2742
16613 16623 16633 16643 16653 16663 16673 16683
16613 16623 16633 16643 16653 16663 16673 16683
16613 16623 16633 16643 16653 16663 16673 16683
16613 16623 16633 16643 16653 16663 16673 16683
16613 16623 16633 16643 16653 16663 16673 16683
16613 16623 16633 16643 16653 16663 16673 16683
16613 16623 16633 16643 16653 16663 16673 16683
16613 16623 16633 16643 16653 16663 16673 16683
16613 16623 16633 16643 16653 16663 16673 16683
16613 16623 16633 16643 16653 16663 16673 16683
16613 16623 16633 16643 16653 16663 16673 16683
16613 16623 16633 16643 16653 16663 16673 16683
16613 16623 16633 16643 16653 16663 16673 16683
16613 16623 16633 16643 16653 16663 16673 16683
16613 16623 16633 16643 16653 16663 16673 16683
16613 16623 16633 16643 16653 16663 16673 16683
16613 16623 16633 16643 16653 16663 16673 16683
16613 16623 16633 16643 16653 16663 16673 16683
16613 16623 16633 16643 16653 16663 16673 16683
16613 16623 16633 16643 16653 16663 16673 16683
16613 16623 16633 16643 16653 16663 16673 16683
16613 16623 16633 16643 16653 16663 16673 16683
16613 16623 16633 16643 16653 16663 16673 16683
16613 16623 16633 16643 16653 16663 16673 16683
16613 16623 16633 16643 16653 16663 16673 16683
16613 16623 16633 16643 16653 16663 16673 16683
16613 16623 16633 16643 16653 16663 16673 16683
16613 16623 16633 16643 16653 16663 16673 16683
16613 16623 16633 16643 16653 16663 16673 16683
16613 16623 16633 16643 16653 16663 16673 16683
16613 16623 16633 16643 16653 16663 16673 16683
16613 16623 16633 16643 16653 16663 16673 16683
16613 16623 16633 16643 16653 16663 16673 16683
16613 16623 16633 16643 16653 16663 16673 16683
16613 16623 16633 16643 16653 16663 16673 16683
16613 16623 16633 16643 16653 16663 16673 16683
16613 16623 16633 16643 16653 16663 16673 16683
16613 16623 16633 16643 16653 16663 16673 16683
16613 16623 16633 16643 16653 16663 16673 16683
16613 16623 16633 16643 16653 16663 16673 16683
16613 16623 16633 16643 16653 16663 16673 16683
16613 16623 16633 16643 16653 16663 16673 16683
16613 16623 16633 16643 16653 16663 16673 16683
16613 16623 16633 16643 16653 16663 16673 16683
16613 16623 16633 16643 16653 16663 16673 16683
16613 16623 16633 16643 16653 16663 16673 16683
16613 16623 16633 16643 16653 16663 16673 16683
16613 16623 16633 16643 16653 16663 16673 16683
16613 16623 16633 16643 16653 16663 16673 16683
16613 16623 16633 16643 16653 16663 16673 16683
16613 16623 16633 16643 16653 16663 16673 16683
16613 16623 16633 16643 16653 16663 16673 16683
16613 16623 16633 16643 16653 16663 16673 16683
16613 16623 16633 16643 16653 16663 16673 16683
16613 16623 16633 16643 16653 16663 16673 16683
16613 16623 16633 16643 16653 16663 16673 16683
16613 16623 16633 16643 16653 16663 16673 16683
16613 16623 16633 16643 16653 16663 16673 16683
16613 16623 16633 16643 16653 16663 16673 16683
16613 16623 16633 16643 16653 16663 16673 16683
16693 16623 16633 16693 16653 16663 16673 16683
16613 16623 16633 16643 16653 16663 16673 16683
16613 16623 16633 16643 16653 16663 16673 16683
16693 16623 16633 16693 16653 16663 16673 16683
16693 16623 16633 16693 16653 16663 16673 16683
16693 16623 16633 16693 16653 16663 16673 16683
16693 16623 16633 16693 16653 16663 16673 16683
16613 16623 16633 16643 16653 16663 16673 16683
16613 16623 16633 16643 16653 16663 16673 16683
16693 16623 16633 16693 16653 16663 16673 16683
16693 16623 16633 16693 16653 16663 16673 16683
16613 16623 16633 16643 16653 16663 16673 16683
16613 16623 16633 16643 16653 16663 16673 16683
16693 16623 16633 16693 16653 16663 16673 16683
16693 16623 16633 16693 16653 16663 16673 16683
16693 16623 16633 16693 16653 16663 16673 16683
16613 16623 16633 16643 16653 16663 16673 16683
16613 16623 16633 16643 16653 16663 16673 16683
16693 16623 16633 16693 16653 16663 16673 16683
16693 16623 16633 16693 16653 16663 16673 16683
16613 16623 16633 16643 16653 16663 16673 16683
16613 16623 16633 16643 16653 16663 16673 16683
16613 16623 16633 16643 16653 16663 16673 16683
16613 16623 16633 16643 16653 16663 16673 16683
16613 16623 16633 16643 16653 16663 16673 16683
16613 16623 16633 16643 16653 16663 16673 16683
16613 16623 16633 16643 16653 16663 16673 16683
16613 16623 16633 16643 16653 16663 16673 16683
16613 16623 16633 16643 16653 16663 16673 16683
16613 16623 16633 16643 16653 16663 16673 16683
30804
30804
30804
30804
30804
30804
30804
30804
30804
30804
30804
30804
30804
30804
30804
30804
30804
30804
30804
30804
30804
30804
30804
30804
30804
30804
30804
30804
