84611
84611
84611
84611
84611
84611
84611
84611
84611
84611
84611
84611
84611
84611
84611
84611
84611
84611
84611
84611
84611
84611
84611
84611
84611
84611
84611
84611
84611
84611
8012 8012 8012
8012 8012 8012
8012 8012 8012
8012 8012 8012
8012 8012 8012
8012 8012 8012
8012 8012 8012
8012 8012 8012
8012 8012 8012
8012 8012 8012
8012 8012 8012
8012 8012 8012
8012 8012 8012
8012 8012 8012
8012 8012 8012
8012 8012 8012
8012 8012 8012
8012 8012 8012
8012 8012 8012
8012 8012 8012
8012 8012 8012
8012 8012 8012
8012 8012 8012
8012 8012 8012
8012 8012 8012
8012 8012 8012
8012 8012 8012
8012 8012 8012
8012 8012 8012
8012 8012 8012
8012 8012 8012
8012 8012 8012
32653 32663 32673 32683 32693 32703 32713 32723
32653 32663 32673 32683 32693 32703 32713 32723
32653 32663 32673 32683 32693 32703 32713 32723
32653 32663 32673 32683 32693 32703 32713 32723
32653 32663 32673 32683 32693 32703 32713 32723
32653 32663 32673 32683 32693 32703 32713 32723
32653 32663 32673 32683 32693 32703 32713 32723
32653 32663 32673 32683 32693 32703 32713 32723
32653 32663 32673 32683 32693 32703 32713 32723
32653 32663 32673 32683 32693 32703 32713 32723
32653 32663 32673 32683 32693 32703 32713 32723
32653 32663 32673 32683 32693 32703 32713 32723
32653 32663 32673 32683 32693 32703 32713 32723
32653 32663 32673 32683 32693 32703 32713 32723
32653 32663 32673 32683 32693 32703 32713 32723
32653 32663 32673 32683 34643 34643 32713 32723
32653 32663 32673 32683 34643 34643 32713 32723
32653 32663 32673 32683 34643 34643 32713 32723
32653 32663 32673 32683 32693 32703 32713 32723
32653 32663 32673 32683 32693 32703 32713 32723
32653 32663 32673 32683 32693 32703 32713 32723
32653 32663 32673 32683 32693 32703 32713 32723
32653 32663 32673 32683 32693 32703 32713 32723
32653 32663 32673 32683 32693 32703 32713 32723
32653 32663 32673 32683 32693 32703 32713 32723
32653 32663 32673 32683 32693 32703 32713 32723
32653 32663 32673 32683 32693 32703 32713 32723
32653 32663 32673 32683 32693 32703 32713 32723
32653 32663 32673 32683 32693 32703 32713 32723
32653 32663 32673 32683 32693 32703 32713 32723
32653 32663 32673 32683 32693 32703 32713 32723
32653 32663 32673 32683 32693 32703 32713 32723
32653 32663 32673 32683 32693 32703 32713 32723
32653 32663 32673 32683 32693 32703 32713 32723
32653 32663 32673 32683 32693 32703 32713 32723
32653 32663 32673 32683 32693 32703 32713 32723
32653 32663 32673 32683 32693 32703 32713 32723
32653 32663 32673 32683 32693 32703 32713 32723
32653 32663 32673 32683 32693 32703 32713 32723
32653 32663 32673 32683 32693 32703 32713 32723
32653 32663 32673 32683 32693 32703 32713 32723
32653 32663 32673 32683 32693 32703 32713 32723
32653 32663 32673 32683 32693 32703 32713 32723
32653 32663 32673 32683 32693 32703 32713 32723
32653 32663 32673 32683 32693 32703 32713 32723
32653 32663 32673 32683 32693 32703 32713 32723
32653 32663 32673 32683 32693 32703 32713 32723
32733 32663 32673 32733 32693 32703 32713 32733
32753 32663 32673 32753 32693 32703 32713 32753
32653 32663 32673 32683 32693 32703 32713 32723
32743 32743 32743 32743 32743 32743 32743 32743
32743 32743 32743 32743 32743 32743 32743 32743
32733 32733 32733 32733 32733 32703 32713 32723
32653 32663 32673 32683 32693 32703 32713 32723
32733 32733 32673 32733 32733 32703 32713 32723
32653 32663 32673 32683 32693 32703 32713 32723
32783 32663 32673 32783 32783 32783 32783 32783
32793 32663 32673 32793 32693 32703 32713 32793
32803 32663 32673 32683 32693 32703 32713 32803
32813 32663 32673 32813 32693 32703 32713 32723
32653 32663 32673 32683 32693 32703 32713 32723
32653 32663 32673 32683 32693 32703 32713 32723
32823 32663 32673 32823 32693 32703 32713 32723
32653 32663 32673 32683 32693 32703 32713 32723
32823 32823 32823 32823 32823 32823 32823 32823
32823 32823 32823 32823 32823 32823 32823 32823
32823 32823 32823 32823 32823 32823 32823 32823
32653 32663 32673 32683 32693 32703 32713 32723
32833 32663 32673 32833 32693 32703 32713 32723
32653 32663 32673 32683 32693 32703 32713 32723
32833 32663 32673 32683 32693 32703 32713 32833
32653 32663 32673 32683 32693 32703 32713 32723
32733 32663 32673 32733 32693 32703 32713 32723
32653 32663 32673 32683 32693 32703 32713 32723
32653 32663 32673 32683 32693 32703 32713 32723
32653 32663 32673 32683 32693 32703 32713 32723
32653 32663 32673 32683 32693 32703 32713 32723
32853 32663 32673 32853 32693 32703 32713 32723
32653 32663 32673 32683 32693 32703 32713 32723
32853 32663 32673 32853 32853 32853 32853 32853
32653 32663 32673 32683 32693 32703 32713 32723
32733 32733 32673 32733 32733 32703 32713 32723
32653 32663 32673 32683 32693 32703 32713 32723
32653 32663 32673 32683 32693 32703 32713 32723
32863 32663 32673 32863 32863 32863 32863 32863
32843 32663 32673 32843 32843 32843 32843 32843
32763 32663 32673 32683 32693 32703 32713 32723
32773 32663 32673 32683 32693 32703 32713 32723
32873 32663 34643 32873 34643 34643 34643 34643
32883 32663 32673 32683 32693 32703 32713 32723
64514
64514
64514
64514
64514
64514
64514
64514
64514
64514
64514
64514
64514
64514
64514
64514
64514
64514
64514
64514
64514
64514
64514
64514
64514
64514
64514
64514
