84621
84621
84621
84621
84621
84621
84621
84621
84621
84621
84621
84621
84621
84621
84621
84621
84621
84621
84621
84621
84621
84621
84621
84621
84621
84621
84621
84621
84621
84621
74532 74542 74552 74562 74572 74582 74592 74602 74612 74622
74532 74542 74552 74562 74572 74582 74592 74602 74612 74622
74532 74542 74552 74562 74572 74582 74592 74602 74612 74622
74532 74542 74552 74562 74572 74582 74592 74602 74612 74622
74532 74542 74552 74562 74572 74582 74592 74602 74612 74622
74532 74542 74552 74562 74572 74582 74592 74602 74612 74622
74532 74542 74552 74562 74572 74582 74592 74602 74612 74622
74532 74542 74552 74562 74572 74582 74592 74602 74612 74622
74532 74542 74552 74562 74572 74582 74592 74602 74612 74622
74532 74542 74552 74562 74572 74582 74592 74602 74612 74622
74532 74542 74552 74562 74572 74582 74592 74602 74612 74622
74532 74542 74552 74562 74572 74582 74592 74602 74612 74622
74532 74542 74552 74562 74572 74582 74592 74602 74612 74622
74532 74542 74552 74562 74572 74582 74592 74602 74612 74622
74532 74542 74552 74562 74572 74582 74592 74602 74612 74622
74532 74542 74552 74562 74572 74582 74592 74602 74612 74622
74532 74542 74552 74562 74572 74582 74592 74602 74612 74622
74532 74542 74552 74562 74572 74582 74592 74602 74612 74622
74532 74542 74552 74562 74572 74582 74592 74602 74612 74622
74532 74542 74552 74562 74572 74582 74592 74602 74612 74622
74532 74542 74552 74562 74572 74582 74592 74602 74612 74622
74532 74542 74552 74562 74572 74582 74592 74602 74612 74622
74532 74542 74552 74562 74572 74582 74592 74602 74612 74622
74532 74542 74552 74562 74572 74582 74592 74602 74612 74622
74532 74542 74552 74562 74572 74582 74592 74602 74612 74622
74532 74542 74552 74562 74572 74582 74592 74602 74612 74622
74532 74542 74552 74562 74572 74582 74592 74602 74612 74622
74532 74542 74552 74562 74572 74582 74592 74602 74612 74622
74532 74542 74552 74562 74572 74582 74592 74602 74612 74622
74532 74542 74552 74562 74572 74582 74592 74602 74612 74622
74532 74542 74552 74562 74572 74582 74592 74602 74612 74622
74532 74542 74552 74562 74572 74582 74592 74602 74612 74622
74532 74542 74552 74562 74572 74582 74592 74602 74612 74622
74532 74542 74552 74562 74572 74582 74592 74602 74612 74622
74532 74542 74552 74562 74572 74582 74592 74602 74612 74622
74532 74542 74552 74562 74572 74582 74592 74602 74612 74622
74532 74542 74552 74562 74572 74582 74592 74602 74612 74622
74532 74542 74552 74562 74572 74582 74592 74602 74612 74622
74532 74542 74552 74562 74572 74582 74592 74602 74612 74622
74532 74542 74552 74562 74572 74582 74592 74602 74612 74622
74532 74542 74552 74562 74572 74582 74592 74602 74612 74622
74532 74542 74552 74562 74572 74582 74592 74602 74612 74622
74532 74542 74552 74562 74572 74582 74592 74602 74612 74622
74532 74542 74552 74562 74572 74582 74592 74602 74612 74622
74532 74542 74552 74562 74572 74582 74592 74602 74612 74622
74532 81082 81082 81082 81082 81082 81082 81082 81082 74622
74532 81082 81082 81082 81082 81082 81082 81082 81082 74622
74532 81082 81082 81082 81082 81082 81082 81082 81082 74622
74532 74542 74552 74562 74572 74582 74592 81092 81092 74622
74532 74542 74552 74562 74572 74582 74592 81092 81092 74622
74532 74542 74552 74562 74572 74582 74592 81092 81092 74622
74532 74542 74552 74562 74572 74582 74592 81102 81102 74622
74532 81112 81112 81112 81112 81112 81112 81112 81112 74622
74532 81112 81112 81112 81112 81112 81112 81112 81112 74622
74532 81112 81112 81112 81112 81112 81112 81112 81112 74622
74532 81112 81112 81112 81112 81112 81112 81112 81112 74622
74532 81112 81112 81112 81112 81112 81112 81112 81112 74622
74532 81112 81112 81112 81112 81112 81112 81112 81112 74622
74532 74542 74552 74562 74572 74582 74592 74602 74612 74622
74532 74542 74552 74562 74572 74582 74592 74602 74612 74622
74532 74542 74552 74562 74572 74582 74592 74602 74612 74622
74532 74542 74552 74562 74572 74582 74592 74602 74612 74622
74532 81122 81122 81122 81122 81122 81122 81122 81122 74622
74532 81122 81122 81122 81122 81122 81122 81122 81122 74622
74532 81122 81122 81122 81122 81122 81122 81122 81122 74622
74532 81132 81132 81132 81132 81132 81132 81132 81132 74622
74532 81132 81132 81132 81132 81132 81132 81132 81132 74622
74532 81132 81132 81132 81132 81132 81132 81132 81132 74622
74532 81142 81142 81142 81142 81142 81142 81142 81142 74622
74532 81142 81142 81142 81142 81142 81142 81142 81142 74622
74532 81142 81142 81142 81142 81142 81142 81142 81142 74622
