38781
38781
38781
38781
38781
38781
38781
38781
38781
38781
38781
38781
38781
38781
38781
38781
38781
38781
38781
38781
38781
38781
38781
38781
38781
38781
38781
38781
38781
38781
34682 34692 34702 34712 34722 34732 34742 34752 34762
34682 34692 34702 34712 34722 34732 34742 34752 34762
34682 34692 34702 34712 34722 34732 34742 34752 34762
34682 34692 34702 34712 34722 34732 34742 34752 34762
34682 34692 34702 34712 34722 34732 34742 34752 34762
34682 34692 34702 34712 34722 34732 34742 34752 34762
34682 34692 34702 34712 34722 34732 34742 34752 34762
34682 34692 34702 34712 34722 34732 34742 34752 34762
34682 34692 34702 34712 34722 34732 34742 34752 34762
34682 34692 34702 34712 34722 34732 34742 34752 34762
34682 34692 34702 34712 34722 34732 34742 34752 34762
34682 34692 34702 34712 34722 34732 34742 34752 34762
34682 34692 34702 34712 34722 34732 34742 34752 34762
34682 34692 34702 34712 34722 34732 34742 34752 34762
34682 34692 34702 34712 34722 34732 34742 34752 34762
34682 34692 34702 34712 34722 34732 34742 34752 34762
34682 34692 34702 34712 34722 34732 34742 34752 34762
34682 34692 34702 34712 34722 34732 34742 34752 34762
34682 34692 34702 34712 34722 34732 34742 34752 34762
34682 34692 34702 34712 34722 34732 34742 34752 34762
34682 34692 34702 34712 34722 34732 34742 34752 34762
34682 34692 34702 34712 34722 34732 34742 34752 34762
34682 34692 34702 34712 34722 34732 34742 34752 34762
34682 34692 34702 34712 34722 34732 34742 34752 34762
34682 34692 34702 34712 34722 34732 34742 34752 34762
34682 34692 34702 34712 34722 34732 34742 34752 34762
34682 34692 34702 34712 34722 34732 34742 34752 34762
34682 34692 34702 34712 34722 34732 34742 34752 34762
34682 34692 34702 34712 34722 34732 34742 34752 34762
34682 34692 34702 34712 34722 34732 34742 34752 34762
34682 34692 34702 34712 34722 34732 34742 34752 34762
34682 34692 34702 34712 34722 34732 34742 34752 34762
34682 34692 34702 34712 34722 34732 34742 34752 34762
34682 34692 34702 34712 34722 34732 34742 34752 34762
34682 34692 34702 34712 34722 34732 34742 34752 34762
34682 34692 34702 34712 34722 34732 34742 34752 34762
34682 34692 34702 34712 34722 34732 34742 34752 34762
34682 34692 34702 34712 34722 34732 34742 34752 34762
34682 34692 34702 34712 34722 34732 34742 34752 34762
34682 34692 34702 34712 34722 34732 34742 34752 34762
34682 34692 34702 34712 34722 34732 34742 34752 34762
34682 34692 34702 34712 34722 34732 34742 34752 34762
34682 34692 34702 34712 34722 34732 34742 34752 34762
34682 34692 34702 34712 34722 34732 34742 34752 34762
34682 34692 34702 34712 34722 34732 34742 34752 34762
34682 34692 34702 34712 34722 34732 34742 34752 34762
34682 34692 34702 34712 34722 34732 34742 34752 34762
34682 34692 34702 34712 34722 34732 34742 34752 34762
34682 34692 34702 34712 34722 34732 34742 34752 34762
34682 34692 34702 34712 34722 34732 34742 34752 34762
34682 34692 34702 34712 34722 34732 34742 34752 34762
34682 34692 34702 34712 34722 34732 34742 34752 34762
34682 34692 34702 34712 34722 34732 34742 34752 34762
34682 34692 34702 34712 34722 34732 34742 34752 34762
34682 34692 34702 34712 34722 34732 34742 34752 34762
34682 34692 34702 34712 34722 34732 34742 34752 34762
34682 34692 34702 34712 34722 34732 34742 34752 34762
34682 34692 34702 34712 34722 34732 34742 34752 34762
34682 34692 34702 34712 34722 34732 34742 34752 34762
34682 34692 34702 34712 34722 34732 34742 34752 34762
34682 34692 34702 34712 34722 34732 34742 34752 34762
34682 34692 34702 34712 34722 34732 34742 34752 34762
34682 34692 34702 34712 34722 34732 34742 34752 34762
34682 34692 34702 34712 34722 34732 34742 34752 34762
34682 34692 34702 34712 34722 34732 34742 34752 34762
34682 34692 34702 34712 34722 34732 34742 34752 34762
34682 34692 34702 34712 34722 34732 34742 34752 34762
34682 34692 34702 34712 34722 34732 34742 34752 34762
34682 34692 34702 34712 34722 34732 34742 34752 34762
34682 34692 34702 34712 34722 34732 34742 34752 34762
34682 34692 34702 34712 34722 34732 34742 34752 34762
