21722
21722
21722
21722
21722
21722
21722
21722
21782
21802
21792
21812
21822
21832
21842
21852
21862
21872
21882
21892
21902
21912
22873
22873
22873
22873
22873
22873
22873
22873
22933
22953
22943
22963
22973
22983
22993
23003
23013
23023
23033
23043
23053
23063
24024
24024
24024
24024
24024
24024
24024
24024
24084
24104
24094
24114
24124
24134
24144
24154
24164
24174
24184
24194
24204
24214
45172
45973
46024
47585
47585
47585
47585
47585
47585
47585
47585
47645
47665
47655
47675
47685
47695
47705
47715
47725
47735
47745
47755
47765
47775
47855
47865
47875
102191
