38731
38731
38731
38731
38731
38731
38731
38731
38731
38731
38731
38731
38731
38731
38731
38731
38731
38731
38731
38731
38731
38731
38731
38731
38731
38731
38731
38731
38731
38731
2272
2272
2272
2272
2272
2272
2272
2272
2272
2272
2272
2272
2272
2272
2272
2272
2272
2272
2272
2272
2272
2272
2272
2272
2272
2272
2272
2272
2272
2272
2272
2272
2272
2272
2272
2272
2272
2272
2272
2272
2272
2272
2272
2272
2272
2272
2272
2272
2272
2272
3243 3233 3253 3263 3273 3283
3243 3233 3253 3263 3273 3283
3243 3233 3253 3263 3273 3283
3243 3233 3253 3263 3273 3283
3243 3233 3253 3263 3273 3283
3243 3233 3253 3263 3273 3283
3243 3233 3253 3263 3273 3283
3243 3233 3253 3263 3273 3283
3243 3233 3253 3263 3273 3283
3243 3233 3253 3263 3273 3283
3243 3233 3253 3263 3273 3283
3243 3233 3253 3263 3273 3283
3243 3233 3253 3263 3273 3283
3243 3233 3253 3263 3273 3283
3243 3233 3253 3263 3273 3283
3243 3233 3253 3263 3273 3283
3243 3233 3253 3263 3273 3283
3243 3233 3253 3263 3273 3283
3243 3233 3253 3263 3273 3283
3243 3233 3253 3263 3273 3283
3243 3233 3253 3263 3273 3283
3243 3233 3253 3263 3273 3283
3243 3233 3253 3263 3273 3283
3243 3233 3253 3263 3273 3283
3243 3233 3253 3263 3273 3283
3243 3233 3253 3263 3273 3283
3243 3233 3253 3263 3273 3283
3243 3233 3253 3263 3273 3283
3243 3233 3253 3263 3273 3283
3243 3233 3253 3263 3273 3283
3243 3233 3253 3263 3273 3283
3243 3233 3253 3263 3273 3283
3243 3233 3253 3263 3273 3283
3243 3233 3253 3263 3273 3283
3243 3233 3253 3263 3273 3283
3243 3233 3253 3263 3273 3283
3243 3233 3253 3263 3273 3283
3243 3233 3253 3263 3273 3283
3243 3233 3253 3263 3273 3283
3243 3233 3253 3263 3273 3283
3243 3233 3253 3263 3273 3283
3243 3233 3253 3263 3273 3283
3243 3233 3253 3263 3273 3283
3243 3233 3253 3263 3273 3283
3243 3233 3253 3263 3273 3283
3243 3233 3253 3263 3273 3283
3243 3233 3253 3263 3273 3283
3243 3233 3253 3263 3273 3283
3243 3233 3253 3263 3273 3283
3243 3233 3253 3263 3273 3283
3243 3233 3253 3263 3273 3283
3243 3233 3253 3263 3273 3283
3243 3233 3253 3263 3273 3283
3243 3233 3253 3263 3273 3283
3243 3233 3253 3263 3273 3283
3243 3233 3253 3263 3273 3283
3243 3233 3253 3263 3273 3283
3243 3233 3253 3263 3273 3283
3243 3233 3253 3263 3273 3283
3243 3233 3253 3263 3273 3283
3243 3233 3253 3263 3273 3283
3243 3233 3253 3263 3273 3283
3243 3233 3253 3263 3273 3283
3243 3233 3253 3263 3273 3283
3243 3233 3253 3263 3273 3283
3243 3233 3253 3263 3273 3283
29854
29854
29854
29854
29854
29854
29854
29854
29854
29854
29854
29854
29854
29854
29854
29854
29854
29854
29854
29854
29854
29854
29854
29854
29854
29854
29854
29854
29854
29854
29854
29854
29854
29854
29854
29854
29854
29854
29854
29854
29854
29854
29854
29854
29854
29854
29854
29854
29854
29854
