84621
84621
84621
84621
84621
84621
84621
84621
84621
84621
84621
84621
84621
84621
84621
84621
84621
84621
84621
84621
84621
84621
84621
84621
84621
84621
84621
84621
84621
84621
18762 18772 18782 18792 18802 18812 18822 18832
18762 18772 18782 18792 18802 18812 18822 18832
18762 18772 18782 18792 18802 18812 18822 18832
18762 18772 18782 18792 18802 18812 18822 18832
18762 18772 18782 18792 18802 18812 18822 18832
18762 18772 18782 18792 18802 18812 18822 18832
18762 18772 18782 18792 18802 18812 18822 18832
18762 18772 18782 18792 18802 18812 18822 18832
18762 18772 18782 18792 18802 18812 18822 18832
18762 18772 18782 18792 18802 18812 18822 18832
18762 18772 18782 18792 18802 18812 18822 18832
18762 18772 18782 18792 18802 18812 18822 18832
18762 18772 18782 18792 18802 18812 18822 18832
18762 18772 18782 18792 18802 18812 18822 18832
18762 18772 18782 18792 18802 18812 18822 18832
18762 18772 18782 33462 33462 33462 18822 18832
18762 18772 18782 33462 33462 33462 18822 18832
18762 18772 18782 33462 33462 33462 18822 18832
18762 18772 18782 18792 18802 18812 18822 18832
18762 18772 18782 18792 18802 18812 18822 18832
18762 18772 18782 18792 18802 18812 18822 18832
18762 18772 18782 18792 18802 18812 18822 18832
18762 18772 18782 18792 18802 18812 18822 18832
18762 18772 18782 18792 18802 18812 18822 18832
18762 18772 18782 18792 18802 18812 18822 18832
18762 18772 18782 18792 18802 18812 18822 18832
18762 18772 18782 18792 18802 18812 18822 18832
18762 18772 18782 18792 18802 18812 18822 18832
18762 18772 18782 18792 18802 18812 18822 18832
18762 18772 18782 18792 18802 18812 18822 18832
18762 18772 18782 18792 18802 18812 18822 18832
18762 18772 18782 18792 18802 18812 18822 18832
18762 18772 18782 18792 18802 18812 18822 18832
18762 18772 18782 18792 18802 18812 18822 18832
18762 18772 18782 18792 18802 18812 18822 18832
18762 18772 18782 18792 18802 18812 18822 18832
18762 18772 18782 18792 18802 18812 18822 18832
18762 18772 18782 18792 18802 18812 18822 18832
18762 18772 18782 18792 18802 18812 18822 18832
18762 18772 18782 18792 18802 18812 18822 18832
18762 18772 18782 18792 18802 18812 18822 18832
18762 18772 18782 18792 18802 18812 18822 18832
18762 18772 18782 18792 18802 18812 18822 18832
18762 18772 18782 18792 18802 18812 18822 18832
18762 18772 18782 18792 18802 18812 18822 18832
18762 18772 18782 18792 18802 18812 18822 18832
18762 18772 18782 18792 18802 18812 18822 18832
18842 18772 18782 18842 18802 18812 18822 18842
18862 18772 18782 18862 18802 18812 18822 18862
18762 18772 18782 18792 18802 18812 18822 18832
18852 18852 18852 18852 18852 18852 18852 18852
18852 18852 18852 18852 18852 18852 18852 18852
18872 18872 18872 18872 18872 18812 18822 18832
18762 18772 18782 18792 18802 18812 18822 18832
18882 18882 18782 18882 18882 18812 18822 18832
18762 18772 18782 18792 18802 18812 18822 18832
18892 18772 18782 18892 18892 18892 18892 18892
18902 18772 18782 18902 18802 18812 18822 18902
18912 18772 18782 18792 18802 18812 18822 18912
18922 18772 18782 18922 18802 18812 18822 18832
18762 18772 18782 18792 18802 18812 18822 18832
18762 18772 18782 18792 18802 18812 18822 18832
18932 18772 18782 18932 18802 18812 18822 18832
18762 18772 18782 18792 18802 18812 18822 18832
18932 18932 18932 18932 18932 18932 18932 18932
18932 18932 18932 18932 18932 18932 18932 18932
18932 18932 18932 18932 18932 18932 18932 18932
18762 18772 18782 18792 18802 18812 18822 18832
18942 18772 18782 18942 18802 18812 18822 18832
18762 18772 18782 18792 18802 18812 18822 18832
18942 18772 18782 18792 18802 18812 18822 18942
18762 18772 18782 18792 18802 18812 18822 18832
18952 18772 18782 18952 18802 18812 18822 18832
18762 18772 18782 18792 18802 18812 18822 18832
18762 18772 18782 18792 18802 18812 18822 18832
18762 18772 18782 18792 18802 18812 18822 18832
18762 18772 18782 18792 18802 18812 18822 18832
18962 18772 18782 18962 18802 18812 18822 18832
18762 18772 18782 18792 18802 18812 18822 18832
18962 18772 18782 18962 18962 18962 18962 18962
18762 18772 18782 18792 18802 18812 18822 18832
18972 18972 18782 18972 18972 18812 18822 18832
18762 18772 18782 18792 18802 18812 18822 18832
18762 18772 18782 18792 18802 18812 18822 18832
22183 22193 22203 22213 22223
22183 22193 22203 22213 22223
22183 22193 22203 22213 22223
22183 22193 22203 22213 22223
22183 22193 22203 22213 22223
22183 22193 22203 22213 22223
22183 22193 22203 22213 22223
22183 22193 22203 22213 22223
22183 22193 22203 22213 22223
22183 22193 22203 22213 22223
22183 22193 22203 22213 22223
22183 22193 22203 22213 22223
22183 22193 22203 22213 22223
22183 22193 22203 22213 22223
22183 22193 22203 22213 22223
22183 22193 22203 22213 22223
22183 22193 22203 22213 22223
22183 22193 22203 22213 22223
22183 22193 22203 22213 22223
22183 22193 22203 22213 22223
22183 22193 22203 22213 22223
22183 22193 22203 22213 22223
22183 22193 22203 22213 22223
22183 22193 22203 22213 22223
22183 22193 22203 22213 22223
22183 22193 22203 22213 22223
22183 22193 22203 22213 22223
22183 22193 22203 22213 22223
22183 22193 22203 22213 22223
22183 22193 22203 22213 22223
22183 22193 22203 22213 22223
22183 22193 22203 22213 22223
22183 22193 22203 22213 22223
22183 22193 22203 22213 22223
22183 22193 22203 22213 22223
22183 22193 22203 22213 22223
22183 22193 22203 22213 22223
22183 22193 22203 22213 22223
22183 22193 22203 22213 22223
22183 22193 22203 22213 22223
22183 22193 22203 22213 22223
22183 22193 22203 22213 22223
22183 22193 22203 22213 22223
22183 22193 22203 22213 22223
22183 22193 22203 22213 22223
22183 22193 22203 22213 22223
22183 22193 22203 22213 22223
22183 22193 22203 22213 22223
22183 22193 22203 22213 22223
22183 22193 22233 22233 22233 22233
22183 22193 22233 22233 22233 22233
22183 22193 22233 22233 22233 22233
22183 22193 34973 34973 34973 34973
22183 22193 34973 34973 34973 34973
22183 22193 34973 34973 34973 34973
22183 22193 22243 22243 22243 22243
22183 22193 22243 22243 22243 22243
22183 22193 34983 34983 34983 34983
22183 22193 34983 34983 34983 34983
22183 22193 22203 22213 22223
22183 22193 22203 22213 22223
22183 22193 22203 22213 22223
22183 22193 22203 22213 22223
22183 22193 22203 22213 22223
22183 22193 22203 22213 22223
22183 22193 22203 22213 22223
22183 22193 22203 22213 22223
22183 22193 22203 22213 22223
22183 22193 22203 22213 22223
22183 22193 22203 22213 22223
22183 22193 22203 22213 22223
22183 22193 22203 22213 22223
