38781
38781
38781
38781
38781
38781
38781
38781
38781
38781
38781
38781
38781
38781
38781
38781
38781
38781
38781
38781
38781
38781
38781
38781
38781
38781
38781
38781
38781
38781
7072 7082 7092 7102 7112 7122 7132 7142
7072 7082 7092 7102 7112 7122 7132 7142
7072 7082 7092 7102 7112 7122 7132 7142
7072 7082 7092 7102 7112 7122 7132 7142
7072 7082 7092 7102 7112 7122 7132 7142
7072 7082 7092 7102 7112 7122 7132 7142
7072 7082 7092 7102 7112 7122 7132 7142
7072 7082 7092 7102 7112 7122 7132 7142
7072 7082 7092 7102 7112 7122 7132 7142
7072 7082 7092 7102 7112 7122 7132 7142
7072 7082 7092 7102 7112 7122 7132 7142
7072 7082 7092 7102 7112 7122 7132 7142
7072 7082 7092 7102 7112 7122 7132 7142
7072 7082 7092 7102 7112 7122 7132 7142
7072 7082 7092 7102 7112 7122 7132 7142
7072 7082 7092 7102 7112 7122 7132 7142
7072 7082 7092 7102 7112 7122 7132 7142
7072 7082 7092 7102 7112 7122 7132 7142
7072 7082 7092 7102 7112 7122 7132 7142
7072 7082 7092 7102 7112 7122 7132 7142
7072 7082 7092 7102 7112 7122 7132 7142
7072 7082 7092 7102 7112 7122 7132 7142
7072 7082 7092 7102 7112 7122 7132 7142
7072 7082 7092 7102 7112 7122 7132 7142
7072 7082 7092 7102 7112 7122 7132 7142
7072 7082 7092 7102 7112 7122 7132 7142
7072 7082 7092 7102 7112 7122 7132 7142
7072 7082 7092 7102 7112 7122 7132 7142
7072 7082 7092 7102 7112 7122 7132 7142
7072 7082 7092 7102 7112 7122 7132 7142
7072 7082 7092 7102 7112 7122 7132 7142
7072 7082 7092 7102 7112 7122 7132 7142
7072 7082 7092 7102 7112 7122 7132 7142
7072 7082 7092 7102 7112 7122 7132 7142
7072 7082 7092 7102 7112 7122 7132 7142
7072 7082 7092 7102 7112 7122 7132 7142
7072 7082 7092 7102 7112 7122 7132 7142
7072 7082 7092 7102 7112 7122 7132 7142
7072 7082 7092 7102 7112 7122 7132 7142
7072 7082 7092 7102 7112 7122 7132 7142
7072 7082 7092 7102 7112 7122 7132 7142
7072 7082 7092 7102 7112 7122 7132 7142
7072 7082 7092 7102 7112 7122 7132 7142
7072 7082 7092 7102 7112 7122 7132 7142
7072 7082 7092 7102 7112 7122 7132 7142
7072 7082 7092 7102 7112 7122 7132 7142
7072 7082 7092 7102 7112 7122 7132 7142
7072 7082 7092 7102 7112 7122 7132 7142
7072 7082 7092 7102 7112 7122 7132 7142
7072 7082 7092 7102 7112 7122 7132 7142
7072 7082 7092 7102 7112 7122 7132 7142
7072 7082 7092 7102 7112 7122 7132 7142
7072 7082 7092 7102 7112 7122 7132 7142
7072 7082 7092 7102 7112 7122 7132 7142
7072 7082 7092 7102 7112 7122 7132 7142
7072 7082 7092 7102 7112 7122 7132 7142
7072 7082 7092 7102 7112 7122 7132 7142
7072 7082 7092 7102 7112 7122 7132 7142
7072 7082 7092 7102 7112 7122 7132 7142
7072 7082 7092 7102 7112 7122 7132 7142
7152 7082 7092 7152 7112 7122 7132 7142
7072 7082 7092 7102 7112 7122 7132 7142
7072 7082 7092 7102 7112 7122 7132 7142
7152 7082 7092 7152 7112 7122 7132 7142
7152 7082 7092 7152 7112 7122 7132 7142
7152 7082 7092 7152 7112 7122 7132 7142
7152 7082 7092 7152 7112 7122 7132 7142
7072 7082 7092 7102 7112 7122 7132 7142
7072 7082 7092 7102 7112 7122 7132 7142
7152 7082 7092 7152 7112 7122 7132 7142
7152 7082 7092 7152 7112 7122 7132 7142
7072 7082 7092 7102 7112 7122 7132 7142
7072 7082 7092 7102 7112 7122 7132 7142
7152 7082 7092 7152 7112 7122 7132 7142
7152 7082 7092 7152 7112 7122 7132 7142
7152 7082 7092 7152 7112 7122 7132 7142
7072 7082 7092 7102 7112 7122 7132 7142
7072 7082 7092 7102 7112 7122 7132 7142
7152 7082 7092 7152 7112 7122 7132 7142
7152 7082 7092 7152 7112 7122 7132 7142
7072 7082 7092 7102 7112 7122 7132 7142
7072 7082 7092 7102 7112 7122 7132 7142
7072 7082 7092 7102 7112 7122 7132 7142
7072 7082 7092 7102 7112 7122 7132 7142
8803 8813 8823 8833 8843 8853 8863
8803 8813 8823 8833 8843 8853 8863
8803 8813 8823 8833 8843 8853 8863
8803 8813 8823 8833 8843 8853 8863
8803 8813 8823 8833 8843 8853 8863
8803 8813 8823 8833 8843 8853 8863
8803 8813 8823 8833 8843 8853 8863
8803 8813 8823 8833 8843 8853 8863
8803 8813 8823 8833 8843 8853 8863
8803 8813 8823 8833 8843 8853 8863
8803 8813 8823 8833 8843 8853 8863
8803 8813 8823 8833 8843 8853 8863
8803 8813 8823 8833 8843 8853 8863
8803 8813 8823 8833 8843 8853 8863
8803 8813 8823 8833 8843 8853 8863
8803 8813 8823 8833 8843 8853 8863
8803 8813 8823 8833 8843 8853 8863
8803 8813 8823 8833 8843 8853 8863
8803 8813 8823 8833 8843 8853 8863
8803 8813 8823 8833 8843 8853 8863
8803 8813 8823 8833 8843 8853 8863
8803 8813 8823 8833 8843 8853 8863
8803 8813 8823 8833 8843 8853 8863
8803 8813 8823 8833 8843 8853 8863
8803 8813 8823 8833 8843 8853 8863
8803 8813 8823 8833 8843 8853 8863
8803 8813 8823 8833 8843 8853 8863
8803 8813 8823 8833 8843 8853 8863
8803 8813 8823 8833 8843 8853 8863
8803 8813 8823 8833 8843 8853 8863
8803 8813 8823 8833 8843 8853 8863
8803 8813 8823 8833 8843 8853 8863
8803 8813 8823 8833 8843 8853 8863
8803 15633 8823 15633 15633 8853 8863 15633
8803 15633 8823 15633 15633 8853 8863 15633
8803 15633 8823 15633 15633 8853 8863 15633
8803 15633 8823 15633 15633 8853 8863 15633
8803 15633 8823 15633 15633 8853 8863 15633
8803 15633 8823 15633 15633 8853 8863 15633
8803 8813 8823 8833 8843 8853 8863
8803 8813 8823 8833 8843 8853 8863
8803 8813 8823 8833 8843 8853 8863
8803 8813 8823 8833 8843 8853 8863
8803 8813 8823 8833 8843 8853 8863
8803 8813 8823 8833 8843 8853 8863
8803 8813 8823 8833 8843 8853 8863
8803 8813 8823 8833 8843 8853 8863
8803 8813 8823 8833 8843 8853 8863
8803 8813 8823 8833 8843 8853 8863
8803 8813 8823 8833 8843 8853 8863
8803 8813 8823 8833 8843 8853 8863
8803 8813 8823 8833 8843 8853 8863
8803 8813 8823 8833 8843 8853 8863
8803 8813 8823 8833 8843 8853 8863
8803 8813 8823 8833 8843 8853 8863
8803 8813 8823 8833 8843 8853 8863
8803 8813 8823 8833 8843 8853 8863
8803 8813 8823 8833 8843 8853 8863
8803 8813 8823 8833 8843 8853 8863
8803 8813 8823 8833 8843 8853 8863
8803 8813 8823 8833 8843 8853 8863
8803 8813 8823 8833 8843 8853 8863
8803 8813 8823 8833 8843 8853 8863
8803 8813 8823 8833 8843 8853 8863
8803 8813 8823 8833 8843 8853 8863
8803 8813 8823 8833 8843 8853 8863
8803 8813 8823 8833 8843 8853 8863
8803 8813 8823 8833 8843 8853 8863
8803 8813 8823 8833 8843 8853 8863
8803 8813 8823 8833 8843 8853 8863
8803 8813 8823 8833 8843 8853 8863
8803 8813 8823 8833 8843 8853 8863
