29361
29361
29361
29361
29361
29361
29361
29361
29361
29361
29361
29361
29361
29361
29361
29361
29361
29361
29361
29361
29361
29361
29361
29361
29361
29361
29361
29361
29361
29361
182 12062 12072 12082 12092 12102 12112
182 12062 12072 12082 12092 12102 12112
182 12062 12072 12082 12092 12102 12112
182 12062 12072 12082 12092 12102 12112
182 12062 12072 12082 12092 12102 12112
182 12062 12072 12082 12092 12102 12112
182 12062 12072 12082 12092 12102 12112
182 12062 12072 12082 12092 12102 12112
182 12062 12072 12082 12092 12102 12112
182 12062 12072 12082 12092 12102 12112
182 12062 12072 12082 12092 12102 12112
182 12062 12072 12082 12092 12102 12112
182 12062 12072 12082 12092 12102 12112
182 12062 12072 12082 12092 12102 12112
182 12062 12072 12082 12092 12102 12112
182 12062 12072 12082 12092 12102 12112
182 12062 12072 12082 12092 12102 12112
182 12062 12072 12082 12092 12102 12112
182 12062 12072 12082 12092 12102 12112
182 12062 12072 12082 12092 12102 12112
182 12062 12072 12082 12092 12102 12112
182 12062 12072 12082 12092 12102 12112
182 12062 12072 12082 12092 12102 12112
182 12062 12072 12082 12092 12102 12112
182 12062 12072 12082 12092 12102 12112
182 12062 12072 12082 12092 12102 12112
182 12062 12072 12082 12092 12102 12112
182 12062 12072 12082 12092 12102 12112
182 12062 12072 12082 12092 12102 12112
182 12062 12072 12082 12092 12102 12112
182 12062 12072 12082 12092 12102 12112
182 12062 12072 12082 12092 12102 12112
182 12062 12072 12082 12092 12102 12112
182 12062 12072 12082 12092 12102 12112
182 12062 12072 12082 12092 12102 12112
182 12062 12072 12082 12092 12102 12112
182 12062 12072 12082 12092 12102 12112
182 12062 12072 12082 12092 12102 12112
182 12062 12072 12082 12092 12102 12112
182 12062 12072 12082 12092 12102 12112
182 12062 12072 12082 12092 12102 12112
182 12062 12072 12082 12092 12102 12112
182 12062 12072 12082 12092 12102 12112
182 12062 12072 12082 12092 12102 12112
182 12062 12072 12082 12092 12102 12112
182 12062 12072 12082 12092 12102 12112
182 12062 12072 12082 12092 12102 12112
182 12062 12072 12082 12092 12102 12112
182 12062 12072 12082 12092 12102 12112
182 12062 12072 12082 12092 12102 12112
182 12062 12072 12082 12092 12102 12112
182 12062 12072 12082 12092 12102 12112
182 12062 12072 12082 12092 12102 12112
182 12062 12072 12082 12092 12102 12112
182 12062 12072 12082 12092 12102 12112
182 12062 12072 12082 12092 12102 12112
182 12062 12072 12082 12092 12102 12112
182 12062 12072 12082 12092 12102 12112
182 12062 12072 12082 12092 12102 12112
182 12062 12072 12082 12092 12102 12112
182 12062 12072 12082 12092 12102 12112
182 12062 12072 12082 12092 12102 12112
182 12062 12072 12082 12092 12102 12112
182 12062 12072 12082 12092 12102 12112
182 12062 12072 12082 12092 12102 12112
182 12062 12072 12082 12092 12102 12112
182 12062 12072 12082 12092 12102 12112
1273 12123 12133 12143 12153 12163 12173
1273 12123 12133 12143 12153 12163 12173
1273 12123 12133 12143 12153 12163 12173
1273 12123 12133 12143 12153 12163 12173
1273 12123 12133 12143 12153 12163 12173
1273 12123 12133 12143 12153 12163 12173
1273 12123 12133 12143 12153 12163 12173
1273 12123 12133 12143 12153 12163 12173
1273 12123 12133 12143 12153 12163 12173
1273 12123 12133 12143 12153 12163 12173
1273 12123 12133 12143 12153 12163 12173
1273 12123 12133 12143 12153 12163 12173
1273 12123 12133 12143 12153 12163 12173
1273 12123 12133 12143 12153 12163 12173
1273 12123 12133 12143 12153 12163 12173
1273 12123 12133 12143 12153 12163 12173
1273 12123 12133 12143 12153 12163 12173
1273 12123 12133 12143 12153 12163 12173
1273 12123 12133 12143 12153 12163 12173
1273 12123 12133 12143 12153 12163 12173
1273 12123 12133 12143 12153 12163 12173
1273 12123 12133 12143 12153 12163 12173
1273 12123 12133 12143 12153 12163 12173
1273 12123 12133 12143 12153 12163 12173
1273 12123 12133 12143 12153 12163 12173
1273 12123 12133 12143 12153 12163 12173
1273 12123 12133 12143 12153 12163 12173
1273 12123 12133 12143 12153 12163 12173
1273 12123 12133 12143 12153 12163 12173
1273 12123 12133 12143 12153 12163 12173
1273 12123 12133 12143 12153 12163 12173
1273 12123 12133 12143 12153 12163 12173
1273 12123 12133 12143 12153 12163 12173
1273 12123 12133 12143 12153 12163 12173
1273 12123 12133 12143 12153 12163 12173
1273 12123 12133 12143 12153 12163 12173
1273 12123 12133 12143 12153 12163 12173
1273 12123 12133 12143 12153 12163 12173
1273 12123 12133 12143 12153 12163 12173
1273 12123 12133 12143 12153 12163 12173
1273 12123 12133 12143 12153 12163 12173
1273 12123 12133 12143 12153 12163 12173
1273 12123 12133 12143 12153 12163 12173
1273 12123 12133 12143 12153 12163 12173
1273 12123 12133 12143 12153 12163 12173
1273 12123 12133 12143 12153 12163 12173
1273 12123 12133 12143 12153 12163 12173
1273 12123 12133 12143 12153 12163 12173
1273 12123 12133 12143 12153 12163 12173
1273 12123 12133 12143 12153 12163 12173
1273 12123 12133 12143 12153 12163 12173
1273 12123 12133 12143 12153 12163 12173
1273 12123 12133 12143 12153 12163 12173
1273 12123 12133 12143 12153 12163 12173
1273 12123 12133 12143 12153 12163 12173
1273 12123 12133 12143 12153 12163 12173
1273 12123 12133 12143 12153 12163 12173
1273 12123 12133 12143 12153 12163 12173
1273 12123 12133 12143 12153 12163 12173
1273 12123 12133 12143 12153 12163 12173
1273 12123 12133 12143 12153 12163 12173
1273 12123 12133 12143 12153 12163 12173
1273 12123 12133 12143 12153 12163 12173
1273 12123 12133 12143 12153 12163 12173
1273 12123 12133 12143 12153 12163 12173
1273 12123 12133 12143 12153 12163 12173
1273 12123 12133 12143 12153 12163 12173
16124 16134 16144 16154 16164 16174 16184
16124 16134 16144 16154 16164 16174 16184
16124 16134 16144 16154 16164 16174 16184
16124 16134 16144 16154 16164 16174 16184
16124 16134 16144 16154 16164 16174 16184
16124 16134 16144 16154 16164 16174 16184
16124 16134 16144 16154 16164 16174 16184
16124 16134 16144 16154 16164 16174 16184
16124 16134 16144 16154 16164 16174 16184
16124 16134 16144 16154 16164 16174 16184
16124 16134 16144 16154 16164 16174 16184
16124 16134 16144 16154 16164 16174 16184
16124 16134 16144 16154 16164 16174 16184
16124 16134 16144 16154 16164 16174 16184
16124 16134 16144 16154 16164 16174 16184
16124 16134 16144 16154 16164 16174 16184
16124 16134 16144 16154 16164 16174 16184
16124 16134 16144 16154 16164 16174 16184
16124 16134 16144 16154 16164 16174 16184
16124 16134 16144 16154 16164 16174 16184
16124 16134 16144 16154 16164 16174 16184
16124 16134 16144 16154 16164 16174 16184
16124 16134 16144 16154 16164 16174 16184
16124 16134 16144 16154 16164 16174 16184
16124 16134 16144 16154 16164 16174 16184
16124 16134 16144 16154 16164 16174 16184
16124 16134 16144 16154 16164 16174 16184
16124 16134 16144 16154 16164 16174 16184
16124 16134 16144 16154 16164 16174 16184
16124 16134 16144 16154 16164 16174 16184
16124 16134 16144 16154 16164 16174 16184
16124 16134 16144 16154 16164 16174 16184
16124 16134 16144 16154 16164 16174 16184
16124 16134 16144 16154 16164 16174 16184
16124 16134 16144 16154 16164 16174 16184
16124 16134 16144 16154 16164 16174 16184
16124 16134 16144 16154 16164 16174 16184
16124 16134 16144 16154 16164 16174 16184
16124 16134 16144 16154 16164 16174 16184
16124 16134 16144 16154 16164 16174 16184
16124 16134 16144 16154 16164 16174 16184
16124 16134 16144 16154 16164 16174 16184
16124 16134 16144 16154 16164 16174 16184
16124 16134 16144 16154 16164 16174 16184
16124 16134 16144 16154 16164 16174 16184
16124 16134 16144 16154 16164 16174 16184
16124 16134 16144 16154 16164 16174 16184
16124 16134 16144 16154 16164 16174 16184
16124 16134 16144 16154 16164 16174 16184
16124 16134 16144 16154 16164 16174 16184
16124 16134 16144 16154 16164 16174 16184
16124 16134 16144 16154 16164 16174 16184
16124 16134 16144 16154 16164 16174 16184
16124 16134 16144 16154 16164 16174 16184
16124 16134 16144 16154 16164 16174 16184
16124 16134 16144 16154 16164 16174 16184
16124 16134 16144 16154 16164 16174 16184
16124 16134 16144 16154 16164 16174 16184
16124 16134 16144 16154 16164 16174 16184
16124 16134 16144 16154 16164 16174 16184
16124 16134 16144 16154 16164 16174 16184
16124 16134 16144 16154 16164 16174 16184
16124 16134 16144 16154 16164 16174 16184
16124 16134 16144 16154 16164 16174 16184
16124 16134 16144 16154 16164 16174 16184
16124 16134 16144 16154 16164 16174 16184
16124 16134 16144 16154 16164 16174 16184
