61581
61581
61581
61581
61581
61581
61581
61581
61581
61581
61581
61581
61581
61581
61581
61581
61581
61581
61581
61581
61581
61581
61581
61581
61581
61581
61581
61581
61581
61581
572 802 812 822 832 842 852
572 802 812 822 832 842 852
572 802 812 822 832 842 852
572 802 812 822 832 842 852
572 802 812 822 832 842 852
572 802 812 822 832 842 852
572 802 812 822 832 842 852
572 802 812 822 832 842 852
572 802 812 822 832 842 852
572 802 812 822 832 842 852
572 802 812 822 832 842 852
572 802 812 822 832 842 852
572 802 812 822 832 842 852
572 802 812 822 832 842 852
572 802 812 822 832 842 852
572 802 812 822 832 842 852
572 802 812 822 33162 842 852
572 802 812 822 33162 842 852
572 802 812 822 832 842 852
572 802 812 822 832 842 852
572 802 812 822 832 842 852
572 802 812 822 832 842 852
572 802 812 822 832 842 852
572 802 812 822 832 842 852
572 802 812 822 832 842 852
572 802 812 822 832 842 852
572 802 812 822 832 842 852
572 802 812 822 832 842 852
572 802 812 822 832 842 852
572 802 812 822 832 842 852
572 802 812 822 832 842 852
572 802 812 822 832 842 852
572 802 812 822 832 842 852
572 802 812 822 832 842 852
572 802 812 822 832 842 852
572 802 812 822 832 842 852
572 802 812 822 832 842 852
572 802 812 822 832 842 852
572 802 812 822 832 842 852
572 802 812 822 832 842 852
572 802 812 822 832 842 852
572 802 812 822 832 842 852
572 802 812 822 832 842 852
572 802 812 822 832 842 852
572 802 812 822 832 842 852
762 762 762 762 762 762 762
772 772 772 772 772 772 772
572 802 812 822 832 842 852
782 782 782 782 33162 782 782
782 782 782 782 782 782 782
572 802 812 822 832 842 852
572 802 812 822 832 842 852
572 802 812 822 832 842 852
572 802 812 822 832 842 852
572 802 812 822 832 842 852
792 792 792 792 792 792 792
792 792 792 792 792 792 792
792 792 792 792 792 792 792
572 802 812 822 832 842 852
572 802 812 822 832 842 852
572 802 812 822 832 842 852
572 802 812 822 832 842 852
572 802 812 822 832 842 852
572 802 812 822 832 842 852
572 802 812 822 832 842 852
572 802 812 822 832 842 852
572 802 812 822 832 842 852
3673 3723 3733 3743 3753 3763 3773
3673 3723 3733 3743 3753 3763 3773
3673 3723 3733 3743 3753 3763 3773
3673 3723 3733 3743 3753 3763 3773
3673 3723 3733 3743 3753 3763 3773
3673 3723 3733 3743 3753 3763 3773
3673 3723 3733 3743 3753 3763 3773
3673 3723 3733 3743 3753 3763 3773
3673 3723 3733 3743 3753 3763 3773
3673 3723 3733 3743 3753 3763 3773
3673 3723 3733 3743 3753 3763 3773
3673 3723 3733 3743 3753 3763 3773
3673 3723 3733 3743 3753 3763 3773
3673 3723 3733 3743 3753 3763 3773
3673 3723 3733 3743 3753 3763 3773
3673 3723 3733 3743 3753 3763 3773
3673 3723 3733 3743 33173 3763 3773
3673 3723 3733 3743 33173 3763 3773
3673 3723 3733 3743 3753 3763 3773
3673 3723 3733 3743 3753 3763 3773
3673 3723 3733 3743 3753 3763 3773
3673 3723 3733 3743 3753 3763 3773
3673 3723 3733 3743 3753 3763 3773
3673 3723 3733 3743 3753 3763 3773
3673 3723 3733 3743 3753 3763 3773
3673 3723 3733 3743 3753 3763 3773
3673 3723 3733 3743 3753 3763 3773
3673 3723 3733 3743 3753 3763 3773
3673 3723 3733 3743 3753 3763 3773
3673 3723 3733 3743 3753 3763 3773
3673 3723 3733 3743 3753 3763 3773
3673 3723 3733 3743 3753 3763 3773
3673 3723 3733 3743 3753 3763 3773
3673 3723 3733 3743 3753 3763 3773
3673 3723 3733 3743 3753 3763 3773
3673 3723 3733 3743 3753 3763 3773
3673 3723 3733 3743 3753 3763 3773
3673 3723 3733 3743 3753 3763 3773
3673 3723 3733 3743 3753 3763 3773
3673 3723 3733 3743 3753 3763 3773
3673 3723 3733 3743 3753 3763 3773
3673 3723 3733 3743 3753 3763 3773
3673 3723 3733 3743 3753 3763 3773
3673 3723 3733 3743 3753 3763 3773
3673 3723 3733 3743 3753 3763 3773
3683 3683 3683 3683 3683 3683 3683
3693 3693 3693 3693 3693 3693 3693
3673 3723 3733 3743 3753 3763 3773
3703 3703 3703 3703 33173 3703 3703
3703 3703 3703 3703 3703 3703 3703
3673 3723 3733 3743 3753 3763 3773
3673 3723 3733 3743 3753 3763 3773
3673 3723 3733 3743 3753 3763 3773
3673 3723 3733 3743 3753 3763 3773
3673 3723 3733 3743 3753 3763 3773
3713 3713 3713 3713 3713 3713 3713
3713 3713 3713 3713 3713 3713 3713
3713 3713 3713 3713 3713 3713 3713
3673 3723 3733 3743 3753 3763 3773
3673 3723 3733 3743 3753 3763 3773
3673 3723 3733 3743 3753 3763 3773
3673 3723 3733 3743 3753 3763 3773
3673 3723 3733 3743 3753 3763 3773
3673 3723 3733 3743 3753 3763 3773
3673 3723 3733 3743 3753 3763 3773
3673 3723 3733 3743 3753 3763 3773
3673 3723 3733 3743 3753 3763 3773
31884 31934 31944 31954 31964 31974 31984
31884 31934 31944 31954 31964 31974 31984
31884 31934 31944 31954 31964 31974 31984
31884 31934 31944 31954 31964 31974 31984
31884 31934 31944 31954 31964 31974 31984
31884 31934 31944 31954 31964 31974 31984
31884 31934 31944 31954 31964 31974 31984
31884 31934 31944 31954 31964 31974 31984
31884 31934 31944 31954 31964 31974 31984
31884 31934 31944 31954 31964 31974 31984
31884 31934 31944 31954 31964 31974 31984
31884 31934 31944 31954 31964 31974 31984
31884 31934 31944 31954 31964 31974 31984
31884 31934 31944 31954 31964 31974 31984
31884 31934 31944 31954 31964 31974 31984
31884 31934 31944 31954 31964 31974 31984
31884 31934 31944 31954 33204 31974 31984
31884 31934 31944 31954 33204 31974 31984
31884 31934 31944 31954 31964 31974 31984
31884 31934 31944 31954 31964 31974 31984
31884 31934 31944 31954 31964 31974 31984
31884 31934 31944 31954 31964 31974 31984
31884 31934 31944 31954 31964 31974 31984
31884 31934 31944 31954 31964 31974 31984
31884 31934 31944 31954 31964 31974 31984
31884 31934 31944 31954 31964 31974 31984
31884 31934 31944 31954 31964 31974 31984
31884 31934 31944 31954 31964 31974 31984
31884 31934 31944 31954 31964 31974 31984
31884 31934 31944 31954 31964 31974 31984
31884 31934 31944 31954 31964 31974 31984
31884 31934 31944 31954 31964 31974 31984
31884 31934 31944 31954 31964 31974 31984
31884 31934 31944 31954 31964 31974 31984
31884 31934 31944 31954 31964 31974 31984
31884 31934 31944 31954 31964 31974 31984
31884 31934 31944 31954 31964 31974 31984
31884 31934 31944 31954 31964 31974 31984
31884 31934 31944 31954 31964 31974 31984
31884 31934 31944 31954 31964 31974 31984
31884 31934 31944 31954 31964 31974 31984
31884 31934 31944 31954 31964 31974 31984
31884 31934 31944 31954 31964 31974 31984
31884 31934 31944 31954 31964 31974 31984
31884 31934 31944 31954 31964 31974 31984
31894 31894 31894 31894 31894 31894 31894
31904 31904 31904 31904 31904 31904 31904
31884 31934 31944 31954 31964 31974 31984
31914 31914 31914 31914 33204 31914 31914
31914 31914 31914 31914 31914 31914 31914
31884 31934 31944 31954 31964 31974 31984
31884 31934 31944 31954 31964 31974 31984
31884 31934 31944 31954 31964 31974 31984
31884 31934 31944 31954 31964 31974 31984
31884 31934 31944 31954 31964 31974 31984
31924 31924 31924 31924 31924 31924 31924
31924 31924 31924 31924 31924 31924 31924
31924 31924 31924 31924 31924 31924 31924
31884 31934 31944 31954 31964 31974 31984
31884 31934 31944 31954 31964 31974 31984
31884 31934 31944 31954 31964 31974 31984
31884 31934 31944 31954 31964 31974 31984
31884 31934 31944 31954 31964 31974 31984
31884 31934 31944 31954 31964 31974 31984
31884 31934 31944 31954 31964 31974 31984
31884 31934 31944 31954 31964 31974 31984
31884 31934 31944 31954 31964 31974 31984
