38791
38791
38791
38791
38791
38791
38791
38791
38791
38791
38791
38791
38791
38791
38791
38791
38791
38791
38791
38791
38791
38791
38791
38791
38791
38791
38791
38791
38791
38791
5032 5042 5052 5062 5082 5072
5032 5042 5052 5062 5082 5072
5032 5042 5052 5062 5082 5072
5032 5042 5052 5062 5082 5072
5032 5042 5052 5062 5082 5072
5032 5042 5052 5062 5082 5072
5032 5042 5052 5062 5082 5072
5032 5042 5052 5062 5082 5072
5032 5042 5052 5062 5082 5072
5032 5042 5052 5062 5082 5072
5032 5042 5052 5062 5082 5072
5032 5042 5052 5062 5082 5072
5032 5042 5052 5062 5082 5072
5032 5042 5052 5062 5082 5072
5032 5042 5052 5062 5082 5072
5032 5042 5052 5062 5082 5072
5032 5042 5052 5062 5082 5072
5032 5042 5052 5062 5082 5072
5032 5042 5052 5062 5082 5072
5032 5042 5052 5062 5082 5072
5032 5042 5052 5062 5082 5072
5032 5042 5052 5062 5082 5072
5032 5042 5052 5062 5082 5072
5032 5042 5052 5062 5082 5072
5032 5042 5052 5062 5082 5072
5032 5042 5052 5062 5082 5072
5032 5042 5052 5062 5082 5072
5032 5042 5052 5062 5082 5072
5032 5042 5052 5062 5082 5072
5032 5042 5052 5062 5082 5072
5032 5042 5052 5062 5082 5072
5032 5042 5052 5062 5082 5072
5032 5042 5052 5062 5082 5072
5032 5042 5052 5062 5082 5072
5032 5042 5052 5062 5082 5072
5032 5042 5052 5062 5082 5072
5032 5042 5052 5062 5082 5072
5032 5042 5052 5062 5082 5072
5032 5042 5052 5062 5082 5072
5032 5042 5052 5062 5082 5072
5032 5042 5052 5062 5082 5072
5032 5042 5052 5062 5082 5072
5032 5042 5052 5062 5082 5072
5032 5042 5052 5062 5082 5072
5032 5042 5052 5062 5082 5072
5032 5042 5052 5062 5082 5072
5032 5042 5052 5062 5082 5072
5032 5042 5052 5062 5082 5072
5032 5042 5052 5062 5082 5072
5032 5042 5052 5062 5082 5072
5032 5042 5052 5062 5082 5072
5032 5042 5052 5062 5082 5072
5032 5042 5052 5062 5082 5072
5032 5042 5052 5062 5082 5072
5032 5042 5052 5062 5082 5072
5032 5042 5052 5062 5082 5072
5032 5042 5052 5062 5082 5072
5032 5042 5052 5062 5082 5072
5032 5042 5052 5062 5082 5072
5032 5042 5052 5062 5082 5072
5032 5042 5052 5062 5082 5072
5032 5042 5052 5062 5082 5072
5032 5042 5052 5062 5082 5072
5032 5042 5052 5062 5082 5072
5032 5042 5052 5062 5082 5072
5032 5042 5052 5062 5082 5072
5032 5042 5052 5062 5082 5072
6653 6663 6673 6683 6693 6703 6713 14303
6653 6663 6673 6683 6693 6703 6713 14303
6653 6663 6673 6683 6693 6703 6713 14303
6653 6663 6673 6683 6693 6703 6713 14303
6653 6663 6673 6683 6693 6703 6713 14303
6653 6663 6673 6683 6693 6703 6713 14303
6653 6663 6673 6683 6693 6703 6713 14303
6653 6663 6673 6683 6693 6703 6713 14303
6653 6663 6673 6683 6693 6703 6713 14303
6653 6663 6673 6683 6693 6703 6713 14303
6653 6663 6673 6683 6693 6703 6713 14303
6653 6663 6673 6683 6693 6703 6713 14303
6653 6663 6673 6683 6693 6703 6713 14303
6653 6663 6673 6683 6693 6703 6713 14303
6653 6663 6673 6683 6693 6703 6713 14303
6653 6663 6673 6683 6693 6703 6713 14303
6653 6663 6673 6683 6693 6703 6713 14303
6653 6663 6673 6683 6693 6703 6713 14303
6653 6663 6673 6683 6693 6703 6713 14303
6653 6663 6673 6683 6693 6703 6713 14303
6653 6663 6673 6683 6693 6703 6713 14303
6653 6663 6673 6683 6693 6703 6713 14303
6653 6663 6673 6683 6693 6703 6713 14303
6653 6663 6673 6683 6693 6703 6713 14303
6653 6663 6673 6683 6693 6703 6713 14303
6653 6663 6673 6683 6693 6703 6713 14303
6653 6663 6673 6683 6693 6703 6713 14303
6653 6663 6673 6683 6693 6703 6713 14303
6653 6663 6673 6683 6693 6703 6713 14303
6653 6663 6673 6683 6693 6703 6713 14303
6653 6663 6673 6683 6693 6703 6713 14303
6653 6663 6673 6683 6693 6703 6713 14303
6653 6663 6673 6683 6693 6703 6713 14303
6653 6663 6673 6683 6693 6703 6713 14303
6653 6663 6673 6683 6693 6703 6713 14303
6653 6663 6673 6683 6693 6703 6713 14303
6653 6663 6673 6683 6693 6703 6713 14303
6653 6663 6673 6683 6693 6703 6713 14303
6653 6663 6673 6683 6693 6703 6713 14303
6653 6663 6673 6683 6693 6703 6713 14303
6653 6663 6673 6683 6693 6703 6713 14303
6653 6663 6673 6683 6693 6703 6713 14303
6653 6663 6673 6683 6693 6703 6713 14303
6653 6663 6673 6683 6693 6703 6713 14303
6653 6663 6673 6683 6693 6703 6713 14303
6653 6663 6673 6683 6693 6703 6713 14303
6653 6663 6673 6683 6693 6703 6713 14303
6653 6663 6673 6683 6693 6703 6713 14303
6653 6663 6673 6683 6693 6703 6713 14303
6653 6663 6673 6683 6693 6703 6713 14303
6653 6663 6673 6683 6693 6703 6713 14303
6653 6663 6673 6683 6693 6703 6713 14303
6653 6663 6673 6683 6693 6703 6713 14303
6653 6663 6673 6683 6693 6703 6713 14303
6653 6663 6673 6683 6693 6703 6713 14303
6653 6663 6673 6683 6693 6703 6713 14303
6653 6663 6673 6683 6693 6703 6713 14303
6653 6663 6673 6683 6693 6703 6713 14303
6653 6663 6673 6683 6693 6703 6713 14303
6653 6663 6673 6683 6693 6703 6713 14303
6653 6663 6673 6683 6693 6703 6713 14303
6653 6663 6673 6683 6693 6703 6713 14303
6653 6663 6673 6683 6693 6703 6713 14303
6653 6663 6673 6683 6693 6703 6713 14303
6653 6663 6673 6683 6693 6703 6713 14303
6653 6663 6673 6683 6693 6703 6713 14303
6653 6663 6673 6683 6693 6703 6713 14303
6653 6663 6673 6683 6693 6703 6713 14303
6653 6663 6673 6683 6693 6703 6713 14303
6653 6663 6673 6683 6693 6703 6713 14303
6653 6663 6673 6683 6693 6703 6713 14303
6653 6663 6673 6683 6693 6703 6713 14303
6653 6663 6673 6683 6693 6703 6713 14303
6653 6663 6673 6683 6693 6703 6713 14303
6653 6663 6673 6683 6693 6703 6713 14303
6653 6663 6673 6683 6693 6703 6713 14303
6653 6663 6673 6683 6693 6703 6713 14303
6653 6663 6673 6683 6693 6703 6713 14303
6653 6663 6673 6683 6693 6703 6713 14303
6653 6663 6673 6683 6693 6703 6713 14303
6653 6663 6673 6683 6693 6703 6713 14303
6653 6663 6673 6683 6693 6703 6713 14303
6653 6663 6673 6683 6693 6703 6713 14303
6653 6663 6673 6683 6693 6703 6713 14303
6653 6663 6673 6683 6693 6703 6713 14303
6653 6663 6673 6683 6693 6703 6713 14303
6653 6663 6673 6683 6693 6703 6713 14303
6653 6663 6673 6683 6693 6703 6713 14303
6653 6663 6673 6683 6693 6703 6713 14303
6653 6663 6673 6683 6693 6703 6713 14303
6653 6663 6673 6683 6693 6703 6713 14303
