84631
84631
84631
84631
84631
84631
84631
84631
84631
84631
84631
84631
84631
84631
84631
84631
84631
84631
84631
84631
84631
84631
84631
84631
84631
84631
84631
84631
84631
84631
14442 14462 14472 14482 14492
14442 14462 14472 14482 14492
14442 14462 14472 14482 14492
14442 14462 14472 14482 14492
14442 14462 14472 14482 14492
14442 14462 14472 14482 14492
14442 14462 14472 14482 14492
14442 14462 14472 14482 14492
14442 14462 14472 14482 14492
14442 14462 14472 14482 14492
14442 14462 14472 14482 14492
14442 14462 14472 14482 14492
14442 14462 14472 14482 14492
14442 14462 14472 14482 14492
14442 14462 14472 14482 14492
14442 14462 14472 14482 34132
14442 14462 14472 14482 34132
14442 14462 14472 14482 34132
14442 14462 14472 14482 14492
14442 14462 14472 14482 14492
14442 14462 14472 14482 14492
14442 14462 14472 14482 14492
14442 14462 14472 14482 14492
14442 14462 14472 14482 14492
14442 14462 14472 14482 14492
14442 14462 14472 14482 14492
14442 14462 14472 14482 14492
14442 14462 14472 14482 14492
14442 14462 14472 14482 14492
14442 14462 14472 14482 14492
14442 14462 14472 14482 14492
14442 14462 14472 14482 14492
14442 14462 14472 14482 14492
14442 14462 14472 14482 14492
14442 14462 14472 14482 14492
14442 14462 14472 14482 14492
14442 14462 14472 14482 14492
14442 14462 14472 14482 14492
14442 14462 14472 14482 14492
14442 14462 14472 14482 14492
14442 14462 14472 14482 14492
14442 14462 14472 14482 14492
14442 14462 14472 14482 14492
14442 14462 14472 14482 14492
14442 14462 14472 14482 14492
14442 14462 14472 14482 14492
14442 14462 14472 14482 14492
14452 14452 14452 14482 14492
14442 14462 14472 14482 14492
14442 14462 14472 14482 14492
14442 14462 14472 14482 14492
14442 14462 14472 14482 14492
14442 14462 14472 14482 14492
14442 14462 14472 14482 14492
14442 14462 14472 14482 14492
14442 14462 14472 14482 14492
14442 14522 14472 14482 14492
14442 14462 14472 14482 14492
14442 14462 14472 14482 14492
14532 14532 14532 14482 14492
14442 14462 14472 14482 14492
14442 14462 14472 14482 14492
28782 28782 28782 14482 14492
28792 28792 28792 28792 28792
28792 28792 28792 28792 28792
28792 28792 28792 28792 28792
14442 14462 14472 14482 14492
17753 17763 17773 17783 17793 17803 17813 17823
17753 17763 17773 17783 17793 17803 17813 17823
17753 17763 17773 17783 17793 17803 17813 17823
17753 17763 17773 17783 17793 17803 17813 17823
17753 17763 17773 17783 17793 17803 17813 17823
17753 17763 17773 17783 17793 17803 17813 17823
17753 17763 17773 17783 17793 17803 17813 17823
17753 17763 17773 17783 17793 17803 17813 17823
17753 17763 17773 17783 17793 17803 17813 17823
17753 17763 17773 17783 17793 17803 17813 17823
17753 17763 17773 17783 17793 17803 17813 17823
17753 17763 17773 17783 17793 17803 17813 17823
17753 17763 17773 17783 17793 17803 17813 17823
17753 17763 17773 17783 17793 17803 17813 17823
17753 17763 17773 17783 17793 17803 17813 17823
17753 17763 17773 17783 17793 17803 17813 17823
17753 17763 17773 17783 17793 17803 17813 17823
17753 17763 17773 17783 17793 17803 17813 17823
17753 17763 17773 17783 17793 17803 17813 17823
17753 17763 17773 17783 17793 17803 17813 17823
17753 17763 17773 17783 17793 17803 17813 17823
17753 17763 17773 17783 17793 17803 17813 17823
17753 17763 17773 17783 17793 17803 17813 17823
17753 17763 17773 17783 17793 17803 17813 17823
17753 17763 17773 17783 17793 17803 17813 17823
17753 17763 17773 17783 17793 17803 17813 17823
17753 17763 17773 17783 17793 17803 17813 17823
17753 17763 17773 17783 17793 17803 17813 17823
17753 17763 17773 17783 17793 17803 17813 17823
17753 17763 17773 17783 17793 17803 17813 17823
17753 17763 17773 17783 17793 17803 17813 17823
17753 17763 17773 17783 17793 17803 17813 17823
17753 17763 17773 17783 17793 17803 17813 17823
17753 17763 17773 17783 17793 17803 17813 17823
17753 17763 17773 17783 17793 17803 17813 17823
17753 17763 17773 17783 17793 17803 17813 17823
17753 17763 17773 17783 17793 17803 17813 17823
17753 17763 17773 17783 17793 17803 17813 17823
17753 17763 17773 17783 17793 17803 17813 17823
17753 17763 17773 17783 17793 17803 17813 17823
17753 17763 17773 17783 17793 17803 17813 17823
17753 17763 17773 17783 17793 17803 17813 17823
17753 17763 17773 17783 17793 17803 17813 17823
17753 17763 17773 17783 17793 17803 17813 17823
17753 17763 17773 17783 17793 17803 17813 17823
17753 17763 17773 17783 17793 17803 17813 17823
17753 17763 17773 17783 17793 17803 17813 17823
17753 17763 17773 17783 17793 17803 17813 17823
17753 17763 17773 17783 17793 17803 17813 17823
17753 17763 17773 17783 17793 17803 17813 17823
17753 17763 17773 17783 17793 17803 17813 17823
17753 17843 17773 17783 17793 17803 17813 17823
17753 17833 17773 17783 17793 17803 17813 17823
17753 17763 17773 17853 17793 17803 17813 17823
17753 17763 17773 17783 17793 17803 17813 17823
17753 17863 17863 17863 17863 17803 17863 17823
17753 17863 17863 17863 17863 17803 17863 17823
17753 17863 17863 17863 17863 17803 17863 17823
17753 17863 17863 17863 17863 17803 17863 17823
17753 17873 17873 17873 17873 17803 17873 17823
17753 17873 17873 17873 17873 17803 17873 17823
17753 17863 17863 17863 17863 17803 17863 17823
17753 17863 17863 17863 17863 17803 17863 17823
17753 17883 17883 17883 17883 17803 17883 17823
17753 17883 17883 17883 17883 17803 17883 17823
17753 17863 17863 17863 17863 17803 17863 17823
17753 17863 17863 17863 17863 17803 17863 17823
17753 17893 17893 17893 17893 17803 17893 17823
17753 17893 17893 17893 17893 17803 17893 17823
17753 17763 17773 17783 17793 17803 17813 17823
17753 17763 17773 17783 17793 17803 17813 17823
17753 17903 17903 17903 17903 17903 17903 17903
17753 17913 17913 17913 17913 17913 17913 17913
17753 17913 17913 17913 17913 17913 17913 17913
17753 17763 17773 17783 17793 17803 17813 17823
17753 17763 17773 17783 17793 17803 17813 17823
17753 17763 17773 17783 17793 17803 17813 17823
17753 17763 17773 17783 17793 17803 17813 17823
17753 17763 17773 17783 17793 17803 17813 17823
17753 17763 17773 17783 17793 17803 17813 17823
17753 17763 17773 17783 17793 17803 17813 17823
17753 17763 17773 17783 17793 17803 17813 17823
17753 17763 17773 17783 17793 17803 17813 17823
17753 17763 17773 17783 17793 17803 17813 17823
17753 17763 17773 17783 17793 17803 17813 17823
17753 17763 17773 17783 17793 17803 17813 17823
17753 17763 17773 17783 17793 17803 17813 17823
17753 17763 17773 17783 17793 17803 17813 17823
17753 17763 17773 17783 17793 17803 17813 17823
17753 17763 17773 17783 17793 17803 17813 17823
17753 17763 17773 17783 17793 17803 17813 17823
