29361
29361
29361
29361
29361
29361
29361
29361
29361
29361
29361
29361
29361
29361
29361
29361
29361
29361
29361
29361
29361
29361
29361
29361
29361
29361
29361
29361
29361
29361
1222
1222
1222
1222
1222
1222
1222
1222
1222
1222
1222
1222
1222
1222
1222
1222
1222
1222
1222
1222
1222
1222
1222
1222
1222
1222
1222
1222
1222
1222
1222
1222
1933 1943 1953 1963 1973 1983 1993 2003 2013
1933 1943 1953 1963 1973 1983 1993 2003 2013
1933 1943 1953 1963 1973 1983 1993 2003 2013
1933 1943 1953 1963 1973 1983 1993 2003 2013
1933 1943 1953 1963 1973 1983 1993 2003 2013
1933 1943 1953 1963 1973 1983 1993 2003 2013
1933 1943 1953 1963 1973 1983 1993 2003 2013
1933 1943 1953 1963 1973 1983 1993 2003 2013
1933 1943 1953 1963 1973 1983 1993 2003 2013
1933 1943 1953 1963 1973 1983 1993 2003 2013
1933 1943 1953 1963 1973 1983 1993 2003 2013
1933 1943 1953 1963 1973 1983 1993 2003 2013
1933 1943 1953 1963 1973 1983 1993 2003 2013
1933 1943 1953 1963 1973 1983 1993 2003 2013
1933 1943 1953 1963 1973 1983 1993 2003 2013
1933 1943 1953 1963 1973 1983 1993 2003 2013
1933 1943 1953 1963 1973 1983 1993 2003 2013
1933 1943 1953 1963 1973 1983 1993 2003 2013
1933 1943 1953 1963 1973 1983 1993 2003 2013
1933 1943 1953 1963 1973 1983 1993 2003 2013
1933 1943 1953 1963 1973 1983 1993 2003 2013
1933 1943 1953 1963 1973 1983 1993 2003 2013
1933 1943 1953 1963 1973 1983 1993 2003 2013
1933 1943 1953 1963 1973 1983 1993 2003 2013
1933 1943 1953 1963 1973 1983 1993 2003 2013
1933 1943 1953 1963 1973 1983 1993 2003 2013
1933 1943 1953 1963 1973 1983 1993 2003 2013
1933 1943 1953 1963 1973 1983 1993 2003 2013
1933 1943 1953 1963 1973 1983 1993 2003 2013
1933 1943 1953 1963 1973 1983 1993 2003 2013
1933 1943 1953 1963 1973 1983 1993 2003 2013
1933 1943 1953 14403 1973 1983 1993 14773 2013
1933 1943 1953 14403 1973 1983 1993 14773 2013
1933 1943 1953 14403 1973 1983 1993 14773 2013
1933 1943 1953 1963 1973 1983 1993 2003 2013
1933 1943 1953 1963 1973 1983 1993 2003 2013
1933 1943 1953 1963 1973 1983 1993 2003 2013
1933 1943 1953 1963 1973 1983 1993 2003 2013
1933 1943 1953 1963 1973 1983 1993 2003 2013
1933 1943 1953 1963 1973 1983 1993 2003 2013
1933 1943 1953 1963 1973 1983 1993 2003 2013
1933 1943 1953 1963 1973 1983 1993 2003 2013
1933 1943 1953 1963 1973 1983 1993 2003 2013
1933 1943 1953 1963 1973 1983 1993 2003 2013
1933 1943 1953 1963 1973 1983 1993 2003 2013
1933 1943 1953 1963 1973 1983 1993 2003 2013
1933 1943 1953 1963 1973 1983 1993 2003 2013
1933 1943 1953 1963 1973 1983 1993 2003 2013
1933 1943 1953 1963 1973 1983 1993 2003 2013
1933 1943 1953 1963 1973 1983 1993 2003 2013
1933 1943 1953 1963 1973 1983 1993 2003 2013
1933 1943 1953 1963 1973 1983 1993 2003 2013
1933 1943 1953 1963 1973 1983 1993 2003 2013
1933 1943 1953 1963 1973 1983 1993 2003 2013
1933 1943 1953 1963 1973 1983 1993 2003 2013
1933 1943 1953 1963 1973 1983 1993 2003 2013
1933 1943 1953 1963 1973 1983 1993 2003 2013
1933 1943 1953 1963 1973 1983 1993 2003 2013
1933 1943 1953 1963 1973 1983 1993 2003 2013
1933 1943 1953 1963 1973 1983 1993 2003 2013
1933 1943 1953 1963 1973 1983 1993 2003 2013
1933 1943 1953 1963 1973 1983 1993 2003 2013
1933 1943 1953 1963 1973 1983 1993 2003 2013
1933 1943 1953 1963 1973 1983 1993 2003 2013
1933 1943 1953 1963 1973 1983 1993 2003 2013
1933 1943 1953 1963 1973 1983 1993 2003 2013
1933 1943 1953 1963 1973 1983 1993 2003 2013
1933 1943 1953 14403 1973 1983 1993 14773 2013
1933 1943 1953 14403 1973 1983 1993 14773 2013
1933 1943 1953 1963 1973 1983 1993 2003 2013
1933 1943 1953 1963 1973 1983 1993 2003 2013
1933 1943 1953 1963 1973 1983 1993 2003 2013
1933 1943 1953 1963 1973 1983 1993 2003 2013
1933 1943 1953 1963 1973 1983 1993 2003 2013
1933 1943 1953 1963 1973 1983 1993 2003 2013
1933 1943 1953 14403 1973 1983 1993 14773 2013
1933 1943 1953 14403 1973 1983 1993 14773 2013
1933 1943 1953 1963 1973 1983 1993 2003 2013
1933 1943 1953 1963 1973 1983 1993 2003 2013
1933 1943 1953 1963 1973 1983 1993 2003 2013
1933 1943 1953 1963 1973 1983 1993 2003 2013
1933 1943 1953 1963 1973 1983 1993 2003 2013
1933 1943 1953 1963 1973 1983 1993 2003 2013
