61581
61581
61581
61581
61581
61581
61581
61581
61581
61581
61581
61581
61581
61581
61581
61581
61581
61581
61581
61581
61581
61581
61581
61581
61581
61581
61581
61581
61581
61581
3502 3502 3502
3502 3502 3502
3502 3502 3502
3502 3502 3502
3502 3502 3502
3502 3502 3502
3502 3502 3502
3502 3502 3502
3502 3502 3502
3502 3502 3502
3502 3502 3502
3502 3502 3502
3502 3502 3502
3502 3502 3502
3502 3502 3502
3502 3502 3502
3502 3502 3502
3502 3502 3502
3502 3502 3502
3502 3502 3502
3502 3502 3502
3502 3502 3502
3502 3502 3502
3502 3502 3502
3502 3502 3502
3502 3502 3502
3502 3502 3502
3502 3502 3502
3502 3502 3502
3502 3502 3502
3502 3502 3502
3502 3502 3502
5053 5063 5073 5083 5093 5103 5113
5053 5063 5073 5083 5093 5103 5113
5053 5063 5073 5083 5093 5103 5113
5053 5063 5073 5083 5093 5103 5113
5053 5063 5073 5083 5093 5103 5113
5053 5063 5073 5083 5093 5103 5113
5053 5063 5073 5083 5093 5103 5113
5053 5063 5073 5083 5093 5103 5113
5053 5063 5073 5083 5093 5103 5113
5053 5063 5073 5083 5093 5103 5113
5053 5063 5073 5083 5093 5103 5113
5053 5063 5073 5083 5093 5103 5113
5053 5063 5073 5083 5093 5103 5113
5053 5063 5073 5083 5093 5103 5113
5053 5063 5073 5083 5093 5103 5113
33623 33623 33623 33623 33623 33623 33623
33623 33623 33623 33623 33623 33623 33623
33623 33623 33623 33623 33623 33623 33623
5053 5063 5073 5083 5093 5103 5113
5053 5063 5073 5083 5093 5103 5113
5053 5063 5073 5083 5093 5103 5113
5053 5063 5073 5083 5093 5103 5113
5053 5063 5073 5083 5093 5103 5113
5053 5063 5073 5083 5093 5103 5113
5053 5063 5073 5083 5093 5103 5113
5053 5063 5073 5083 5093 5103 5113
5053 5063 5073 5083 5093 5103 5113
5053 5063 5073 5083 5093 5103 5113
5053 5063 5073 5083 5093 5103 5113
5053 5063 5073 5083 5093 5103 5113
5053 5063 5073 5083 5093 5103 5113
5053 5063 5073 5083 5093 5103 5113
5053 5063 5073 5083 5093 5103 5113
5053 5063 5073 5083 5093 5103 5113
5053 5063 5073 5083 5093 5103 5113
5053 5063 5073 5083 5093 5103 5113
5053 5063 5073 5083 5093 5103 5113
5053 5063 5073 5083 5093 5103 5113
5053 5063 5073 5083 5093 5103 5113
5053 5063 5073 5083 5093 5103 5113
5053 5063 5073 5083 5093 5103 5113
5053 5063 5073 5083 5093 5103 5113
5053 5063 5073 5083 5093 5103 5113
5053 5063 5073 5083 5093 5103 5113
5053 5063 5073 5083 5093 5103 5113
5053 5063 5073 5083 5093 5103 5113
5053 5063 5073 5083 5093 5103 5113
5123 5123 5123 5123 5123 5123 5123 5123
5133 5133 5133 5133 5133 5133 5133 5133
5053 5063 5073 5083 5093 5103 5113
5053 5063 5073 5083 5093 5103 5113
5053 5063 5073 5083 5093 5103 5113
5053 5063 5073 5083 5093 5103 5113
5143 5143 5143 5143 5143 5143 5143 5143
5153 5153 5153 5153 5153 5153 5153 5153
5153 5153 5153 5153 5153 5153 5153 5153
5153 5153 5153 5153 5153 5153 5153 5153
5163 5163 5163 5163 5163 5163 5163 5163
5163 5163 5163 5163 5163 5163 5163 5163
5163 5163 5163 5163 5163 5163 5163 5163
5173 5063 5173 5083 5173 5103 5113
5183 5183 5183 5183 5183 5183 5183 5183
5183 5183 5183 5183 5183 5183 5183 5183
5183 5183 5183 5183 5183 5183 5183 5183
5193 5193 5193 5193 5193 5193 5193 5193
5193 5193 5193 5193 5193 5193 5193 5193
5193 5193 5193 5193 5193 5193 5193 5193
5203 5063 5073 5203 5093 5103 5113
5053 5063 5073 5083 5093 5103 5113
5213 5213 5073 5083 5213 5103 5113
5053 5063 5073 5083 5093 5103 5113
5223 5223 5073 5083 5223 5103 5113
5053 5063 5073 5083 5093 5103 5113
5053 5063 5073 5083 5093 5103 5113
5053 5063 5073 5083 5093 5103 5113
5233 5063 5073 5233 5093 5103 5113
5053 5063 5073 5083 5093 5103 5113
5053 5063 5073 5083 5093 5103 5113
5243 5243 5073 5083 5243 5103 5113
5053 5063 5073 5083 5093 5103 5113
5053 5063 5073 5083 5093 5103 5113
5053 5063 5073 5083 5093 5103 5113
5053 5063 5073 5083 5093 5103 5113
