84601
84601
84601
84601
84601
84601
84601
84601
84601
84601
84601
84601
84601
84601
84601
84601
84601
84601
84601
84601
84601
84601
84601
84601
84601
84601
84601
84601
84601
84601
8252 8262 8272
8252 8262 8272
8252 8262 8272
8252 8262 8272
8252 8262 8272
8252 8262 8272
8252 8262 8272
8252 8262 8272
8252 8262 8272
8252 8262 8272
8252 8262 8272
8252 8262 8272
8252 8262 8272
8252 8262 8272
8252 8262 8272
8252 8262 8272
8252 8262 8272
8252 8262 8272
8252 8262 8272
8252 8262 8272
8252 8262 8272
8252 8262 8272
8252 8262 8272
8252 8262 8272
8252 8262 8272
8252 8262 8272
8252 8262 8272
8252 8262 8272
8252 8262 8272
8252 8262 8272
8252 8262 8272
8252 8262 8272
8252 8262 8272
8252 8262 8272
8252 8262 8272
8252 8262 8272
8252 8262 8272
8282 8282 8282
8292 8292 8292
8252 8262 8272
8252 8262 8272
8252 8262 8272
8252 8262 8272
8252 8262 8272
8252 8262 8272
8252 8262 8272
8252 8262 8272
8252 8262 8272
8252 8262 8272
10893 10943 10953 10963 10973 10983 10993
10893 10943 10953 10963 10973 10983 10993
10893 10943 10953 10963 10973 10983 10993
10893 10943 10953 10963 10973 10983 10993
10893 10943 10953 10963 10973 10983 10993
10893 10943 10953 10963 10973 10983 10993
10893 10943 10953 10963 10973 10983 10993
10893 10943 10953 10963 10973 10983 10993
10893 10943 10953 10963 10973 10983 10993
10893 10943 10953 10963 10973 10983 10993
10893 10943 10953 10963 10973 10983 10993
10893 10943 10953 10963 10973 10983 10993
10893 10943 10953 10963 10973 10983 10993
10893 10943 10953 10963 10973 10983 10993
10893 10943 10953 10963 10973 10983 10993
10893 10943 10953 10963 10973 10983 10993
10893 10943 10953 10963 33353 10983 10993
10893 10943 10953 10963 33353 10983 10993
10893 10943 10953 10963 10973 10983 10993
10893 10943 10953 10963 10973 10983 10993
10893 10943 10953 10963 10973 10983 10993
10893 10943 10953 10963 10973 10983 10993
10893 10943 10953 10963 10973 10983 10993
10893 10943 10953 10963 10973 10983 10993
10893 10943 10953 10963 10973 10983 10993
10893 10943 10953 10963 10973 10983 10993
10893 10943 10953 10963 10973 10983 10993
10893 10943 10953 10963 10973 10983 10993
10893 10943 10953 10963 10973 10983 10993
10893 10943 10953 10963 10973 10983 10993
10893 10943 10953 10963 10973 10983 10993
10893 10943 10953 10963 10973 10983 10993
10893 10943 10953 10963 10973 10983 10993
10893 10943 10953 10963 10973 10983 10993
10893 10943 10953 10963 10973 10983 10993
10893 10943 10953 10963 10973 10983 10993
10893 10943 10953 10963 10973 10983 10993
10893 10943 10953 10963 10973 10983 10993
10893 10943 10953 10963 10973 10983 10993
10893 10943 10953 10963 10973 10983 10993
10893 10943 10953 10963 10973 10983 10993
10893 10943 10953 10963 10973 10983 10993
10893 10943 10953 10963 10973 10983 10993
10893 10943 10953 10963 10973 10983 10993
10893 10943 10953 10963 10973 10983 10993
10903 10903 10903 10903 10903 10903 10903
10913 10913 10913 10913 10913 10913 10913
10893 10943 10953 10963 10973 10983 10993
10923 10923 10923 10923 33353 10923 10923
10923 10923 10923 10923 10923 10923 10923
10893 10943 10953 10963 10973 10983 10993
10893 10943 10953 10963 10973 10983 10993
10893 10943 10953 10963 10973 10983 10993
10893 10943 10953 10963 10973 10983 10993
10893 10943 10953 10963 10973 10983 10993
10933 10933 10933 10933 10933 10933 10933
10933 10933 10933 10933 10933 10933 10933
10933 10933 10933 10933 10933 10933 10933
10893 10943 10953 10963 10973 10983 10993
10893 10943 10953 10963 10973 10983 10993
10893 10943 10953 10963 10973 10983 10993
10893 10943 10953 10963 10973 10983 10993
10893 10943 10953 10963 10973 10983 10993
10893 10943 10953 10963 10973 10983 10993
10893 10943 10953 10963 10973 10983 10993
10893 10943 10953 10963 10973 10983 10993
10893 10943 10953 10963 10973 10983 10993
24274 24284 24294 24304 24314 24324 24334
24274 24284 24294 24304 24314 24324 24334
24274 24284 24294 24304 24314 24324 24334
24274 24284 24294 24304 24314 24324 24334
24274 24284 24294 24304 24314 24324 24334
24274 24284 24294 24304 24314 24324 24334
24274 24284 24294 24304 24314 24324 24334
24274 24284 24294 24304 24314 24324 24334
24274 24284 24294 24304 24314 24324 24334
24274 24284 24294 24304 24314 24324 24334
24274 24284 24294 24304 24314 24324 24334
24274 24284 24294 24304 24314 24324 24334
24274 24284 24294 24304 24314 24324 24334
24274 24284 24294 24304 24314 24324 24334
24274 24284 24294 24304 24314 24324 24334
34374 34374 34374 34374 34374 34374 34374
34374 34374 34374 34374 34374 34374 34374
34374 34374 34374 34374 34374 34374 34374
24274 24284 24294 24304 24314 24324 24334
24274 24284 24294 24304 24314 24324 24334
24274 24284 24294 24304 24314 24324 24334
24274 24284 24294 24304 24314 24324 24334
24274 24284 24294 24304 24314 24324 24334
24274 24284 24294 24304 24314 24324 24334
24274 24284 24294 24304 24314 24324 24334
24274 24284 24294 24304 24314 24324 24334
24274 24284 24294 24304 24314 24324 24334
24274 24284 24294 24304 24314 24324 24334
24274 24284 24294 24304 24314 24324 24334
24274 24284 24294 24304 24314 24324 24334
24274 24284 24294 24304 24314 24324 24334
24274 24284 24294 24304 24314 24324 24334
24274 24284 24294 24304 24314 24324 24334
24274 24284 24294 24304 24314 24324 24334
24274 24284 24294 24304 24314 24324 24334
24274 24284 24294 24304 24314 24324 24334
24274 24284 24294 24304 24314 24324 24334
24274 24284 24294 24304 24314 24324 24334
24274 24284 24294 24304 24314 24324 24334
24274 24284 24294 24304 24314 24324 24334
24274 24284 24294 24304 24314 24324 24334
24274 24284 24294 24304 24314 24324 24334
24274 24284 24294 24304 24314 24324 24334
24274 24284 24294 24304 24314 24324 24334
24274 24284 24294 24304 24314 24324 24334
24274 24284 24294 24304 24314 24324 24334
24274 24284 24294 24304 24314 24324 24334
24344 24344 24344 24344 24344 24344 24344 24344
24354 24354 24354 24354 24354 24354 24354 24354
24274 24284 24294 24304 24314 24324 24334
24274 24284 24294 24304 24314 24324 24334
24274 24284 24294 24304 24314 24324 24334
24274 24284 24294 24304 24314 24324 24334
24364 24364 24364 24364 24364 24364 24364 24364
24374 24374 24374 24374 24374 24374 24374 24374
24374 24374 24374 24374 24374 24374 24374 24374
24374 24374 24374 24374 24374 24374 24374 24374
24384 24384 24384 24384 24384 24384 24384 24384
24384 24384 24384 24384 24384 24384 24384 24384
24384 24384 24384 24384 24384 24384 24384 24384
24394 24284 24394 24304 24394 24324 24334
24404 24404 24404 24404 24404 24404 24404 24404
24404 24404 24404 24404 24404 24404 24404 24404
24404 24404 24404 24404 24404 24404 24404 24404
24414 24414 24414 24414 24414 24414 24414 24414
24414 24414 24414 24414 24414 24414 24414 24414
24414 24414 24414 24414 24414 24414 24414 24414
24424 24284 24294 24424 24314 24324 24334
24274 24284 24294 24304 24314 24324 24334
24434 24434 24294 24304 24434 24324 24334
24274 24284 24294 24304 24314 24324 24334
24444 24444 24294 24304 24444 24324 24334
24274 24284 24294 24304 24314 24324 24334
24274 24284 24294 24304 24314 24324 24334
24274 24284 24294 24304 24314 24324 24334
24454 24284 24294 24454 24314 24324 24334
24274 24284 24294 24304 24314 24324 24334
24274 24284 24294 24304 24314 24324 24334
24464 24464 24294 24304 24464 24324 24334
24274 24284 24294 24304 24314 24324 24334
24274 24284 24294 24304 24314 24324 24334
24274 24284 24294 24304 24314 24324 24334
24274 24284 24294 24304 24314 24324 24334
