38761
38761
38761
38761
38761
38761
38761
38761
38761
38761
38761
38761
38761
38761
38761
38761
38761
38761
38761
38761
38761
38761
38761
38761
38761
38761
38761
38761
38761
38761
2822
2822
2822
2822
2822
2822
2822
2822
2822
2822
2822
2822
2822
2822
2822
2822
2822
2822
2822
2822
2822
2822
2822
2822
2822
2822
2822
2822
2822
2822
2822
2822
2822
2822
2822
2822
2822
2822
2822
2822
2822
2822
2822
2822
2822
2822
2822
2822
2822
3183 13093 13103 13113 13123 13133 13143
3183 13093 13103 13113 13123 13133 13143
3183 13093 13103 13113 13123 13133 13143
3183 13093 13103 13113 13123 13133 13143
3183 13093 13103 13113 13123 13133 13143
3183 13093 13103 13113 13123 13133 13143
3183 13093 13103 13113 13123 13133 13143
3183 13093 13103 13113 13123 13133 13143
3183 13093 13103 13113 13123 13133 13143
3183 13093 13103 13113 13123 13133 13143
3183 13093 13103 13113 13123 13133 13143
3183 13093 13103 13113 13123 13133 13143
3183 13093 13103 13113 13123 13133 13143
3183 13093 13103 13113 13123 13133 13143
3183 13093 13103 13113 13123 13133 13143
3183 13093 13103 13113 13123 13133 13143
3183 13093 13103 13113 13123 13133 13143
3183 13093 13103 13113 13123 13133 13143
3183 13093 13103 13113 13123 13133 13143
3183 13093 13103 13113 13123 13133 13143
3183 13093 13103 13113 13123 13133 13143
3183 13093 13103 13113 13123 13133 13143
3183 13093 13103 13113 13123 13133 13143
3183 13093 13103 13113 13123 13133 13143
3183 13093 13103 13113 13123 13133 13143
3183 13093 13103 13113 13123 13133 13143
3183 13093 13103 13113 13123 13133 13143
3183 13093 13103 13113 13123 13133 13143
3183 13093 13103 13113 13123 13133 13143
3183 13093 13103 13113 13123 13133 13143
3183 13093 13103 13113 13123 13133 13143
3183 13093 13103 13113 13123 13133 13143
3183 13093 13103 13113 13123 13133 13143
3183 13093 13103 13113 13123 13133 13143
3183 13093 13103 13113 13123 13133 13143
3183 13093 13103 13113 13123 13133 13143
3183 13093 13103 13113 13123 13133 13143
3183 13093 13103 13113 13123 13133 13143
3183 13093 13103 13113 13123 13133 13143
3183 13093 13103 13113 13123 13133 13143
3183 13093 13103 13113 13123 13133 13143
3183 13093 13103 13113 13123 13133 13143
3183 13093 13103 13113 13123 13133 13143
3183 13093 13103 13113 13123 13133 13143
3183 13093 13103 13113 13123 13133 13143
3183 13093 13103 13113 13123 13133 13143
3183 13093 13103 13113 13123 13133 13143
3183 13093 13103 13113 13123 13133 13143
3183 13093 13103 13113 13123 13133 13143
3183 13093 13103 13113 13123 13133 13143
3183 13093 13103 13113 13123 13133 13143
3183 13093 13103 13113 13123 13133 13143
3183 13093 13103 13113 13123 13133 13143
3183 13093 13103 13113 13123 13133 13143
3183 13093 13103 13113 13123 13133 13143
3183 13093 13103 13113 13123 13133 13143
3183 13093 13103 13113 13123 13133 13143
3183 13093 13103 13113 13123 13133 13143
3183 13093 13103 13113 13123 13133 13143
3183 13093 13103 13113 13123 13133 13143
3183 13093 13103 13113 13123 13133 13143
3183 13093 13103 13113 13123 13133 13143
3183 13093 13103 13113 13123 13133 13143
3183 13093 13103 13113 13123 13133 13143
3183 13093 13103 13113 13123 13133 13143
3183 13093 13103 13113 13123 13133 13143
3183 13093 13103 13113 13123 13133 13143
10014 10024 10034 10044 10054 10064 10074 10084 10094
10014 10024 10034 10044 10054 10064 10074 10084 10094
10014 10024 10034 10044 10054 10064 10074 10084 10094
10014 10024 10034 10044 10054 10064 10074 10084 10094
10014 10024 10034 10044 10054 10064 10074 10084 10094
10014 10024 10034 10044 10054 10064 10074 10084 10094
10014 10024 10034 10044 10054 10064 10074 10084 10094
10014 10024 10034 10044 10054 10064 10074 10084 10094
10014 10024 10034 10044 10054 10064 10074 10084 10094
10014 10024 10034 10044 10054 10064 10074 10084 10094
10014 10024 10034 10044 10054 10064 10074 10084 10094
10014 10024 10034 10044 10054 10064 10074 10084 10094
10014 10024 10034 10044 10054 10064 10074 10084 10094
10014 10024 10034 10044 10054 10064 10074 10084 10094
10014 10024 10034 10044 10054 10064 10074 10084 10094
10014 10024 10034 10044 10054 10064 10074 10084 10094
10014 10024 10034 10044 10054 10064 10074 10084 10094
10014 10024 10034 10044 10054 10064 10074 10084 10094
10014 10024 10034 10044 10054 10064 10074 10084 10094
10014 10024 10034 10044 10054 10064 10074 10084 10094
10014 10024 10034 10044 10054 10064 10074 10084 10094
10014 10024 10034 10044 10054 10064 10074 10084 10094
10014 10024 10034 10044 10054 10064 10074 10084 10094
10014 10024 10034 10044 10054 10064 10074 10084 10094
10014 10024 10034 10044 10054 10064 10074 10084 10094
10014 10024 10034 10044 10054 10064 10074 10084 10094
10014 10024 10034 10044 10054 10064 10074 10084 10094
10014 10024 10034 10044 10054 10064 10074 10084 10094
10014 10024 10034 10044 10054 10064 10074 10084 10094
10014 10024 10034 10044 10054 10064 10074 10084 10094
10014 10024 10034 10044 10054 10064 10074 10084 10094
10014 10024 10034 14424 10054 10064 10074 14874 10094
10014 10024 10034 14424 10054 10064 10074 14874 10094
10014 10024 10034 14424 10054 10064 10074 14874 10094
10014 10024 10034 10044 10054 10064 10074 10084 10094
10014 10024 10034 10044 10054 10064 10074 10084 10094
10014 10024 10034 10044 10054 10064 10074 10084 10094
10014 10024 10034 10044 10054 10064 10074 10084 10094
10014 10024 10034 10044 10054 10064 10074 10084 10094
10014 10024 10034 10044 10054 10064 10074 10084 10094
10014 10024 10034 10044 10054 10064 10074 10084 10094
10014 10024 10034 10044 10054 10064 10074 10084 10094
10014 10024 10034 10044 10054 10064 10074 10084 10094
10014 10024 10034 10044 10054 10064 10074 10084 10094
10014 10024 10034 10044 10054 10064 10074 10084 10094
10014 10024 10034 10044 10054 10064 10074 10084 10094
10014 10024 10034 10044 10054 10064 10074 10084 10094
10014 10024 10034 10044 10054 10064 10074 10084 10094
10014 10024 10034 10044 10054 10064 10074 10084 10094
10014 10024 10034 10044 10054 10064 10074 10084 10094
10014 10024 10034 10044 10054 10064 10074 10084 10094
10014 10024 10034 10044 10054 10064 10074 10084 10094
10014 10024 10034 10044 10054 10064 10074 10084 10094
10014 10024 10034 10044 10054 10064 10074 10084 10094
10014 10024 10034 10044 10054 10064 10074 10084 10094
10014 10024 10034 10044 10054 10064 10074 10084 10094
10014 10024 10034 10044 10054 10064 10074 10084 10094
10014 10024 10034 10044 10054 10064 10074 10084 10094
10014 10024 10034 10044 10054 10064 10074 10084 10094
10014 10024 10034 10044 10054 10064 10074 10084 10094
10014 10024 10034 10044 10054 10064 10074 10084 10094
10014 10024 10034 10044 10054 10064 10074 10084 10094
10014 10024 10034 10044 10054 10064 10074 10084 10094
10014 10024 10034 10044 10054 10064 10074 10084 10094
10014 10024 10034 10044 10054 10064 10074 10084 10094
10014 10024 10034 10044 10054 10064 10074 10084 10094
10014 10024 10034 10044 10054 10064 10074 10084 10094
10014 10024 10034 14424 10054 10064 10074 14874 10094
10014 10024 10034 14424 10054 10064 10074 14874 10094
10014 10024 10034 10044 10054 10064 10074 10084 10094
10014 10024 10034 10044 10054 10064 10074 10084 10094
10014 10024 10034 10044 10054 10064 10074 10084 10094
10014 10024 10034 10044 10054 10064 10074 10084 10094
10014 10024 10034 10044 10054 10064 10074 10084 10094
10014 10024 10034 10044 10054 10064 10074 10084 10094
10014 10024 10034 14424 10054 10064 10074 14874 10094
10014 10024 10034 14424 10054 10064 10074 14874 10094
10014 10024 10034 10044 10054 10064 10074 10084 10094
10014 10024 10034 10044 10054 10064 10074 10084 10094
10014 10024 10034 10044 10054 10064 10074 10084 10094
10014 10024 10034 10044 10054 10064 10074 10084 10094
10014 10024 10034 10044 10054 10064 10074 10084 10094
10014 10024 10034 10044 10054 10064 10074 10084 10094
