38761
38761
38761
38761
38761
38761
38761
38761
38761
38761
38761
38761
38761
38761
38761
38761
38761
38761
38761
38761
38761
38761
38761
38761
38761
38761
38761
38761
38761
38761
2892
2892
2892
2892
2892
2892
2892
2892
2892
2892
2892
2892
2892
2892
2892
2892
2892
2892
2892
2892
2892
2892
2892
2892
2892
2892
2892
2892
2892
2892
2892
2892
2892
2892
2892
2892
2892
2892
2892
2892
2892
2892
2892
2892
2892
2892
2892
2892
2892
7793 7803 7813 7823 7833 7843 7853 7863
7793 7803 7813 7823 7833 7843 7853 7863
7793 7803 7813 7823 7833 7843 7853 7863
7793 7803 7813 7823 7833 7843 7853 7863
7793 7803 7813 7823 7833 7843 7853 7863
7793 7803 7813 7823 7833 7843 7853 7863
7793 7803 7813 7823 7833 7843 7853 7863
7793 7803 7813 7823 7833 7843 7853 7863
7793 7803 7813 7823 7833 7843 7853 7863
7793 7803 7813 7823 7833 7843 7853 7863
7793 7803 7813 7823 7833 7843 7853 7863
7793 7803 7813 7823 7833 7843 7853 7863
7793 7803 7813 7823 7833 7843 7853 7863
7793 7803 7813 7823 7833 7843 7853 7863
7793 7803 7813 7823 7833 7843 7853 7863
7793 7803 7813 7823 7833 7843 7853 7863
7793 7803 7813 7823 7833 7843 7853 7863
7793 7803 7813 7823 7833 7843 7853 7863
7793 7803 7813 7823 7833 7843 7853 7863
7793 7803 7813 7823 7833 7843 7853 7863
7793 7803 7813 7823 7833 7843 7853 7863
7793 7803 7813 7823 7833 7843 7853 7863
7793 7803 7813 7823 7833 7843 7853 7863
7793 7803 7813 7823 7833 7843 7853 7863
7793 7803 7813 7823 7833 7843 7853 7863
7793 7803 7813 7823 7833 7843 7853 7863
7793 7803 7813 7823 7833 7843 7853 7863
7793 7803 7813 7823 7833 7843 7853 7863
7793 7803 7813 7823 7833 7843 7853 7863
7793 7803 7813 7823 7833 7843 7853 7863
7793 7803 7813 7823 7833 7843 7853 7863
7793 7803 7813 7823 7833 7843 7853 7863
7793 7803 7813 7823 7833 7843 7853 7863
7793 7803 7813 7823 7833 7843 7853 7863
7793 7803 7813 7823 7833 7843 7853 7863
7793 7803 7813 7823 7833 7843 7853 7863
7793 7803 7813 7823 7833 7843 7853 7863
7793 7803 7813 7823 7833 7843 7853 7863
7793 7803 7813 7823 7833 7843 7853 7863
7793 7803 7813 7823 7833 7843 7853 7863
7793 7803 7813 7823 7833 7843 7853 7863
7793 7803 7813 7823 7833 7843 7853 7863
7793 7803 7813 7823 7833 7843 7853 7863
7793 7803 7813 7823 7833 7843 7853 7863
7793 7803 7813 7823 7833 7843 7853 7863
7793 7803 7813 7823 7833 7843 7853 7863
7793 7803 7813 7823 7833 7843 7853 7863
7793 7803 7813 7823 7833 7843 7853 7863
7793 7803 7813 7823 7833 7843 7853 7863
7793 7803 7813 7823 7833 7843 7853 7863
7793 7803 7813 7823 7833 7843 7853 7863
7793 7803 7813 7823 7833 7843 7853 7863
7793 7803 7813 7823 7833 7843 7853 7863
7793 7803 7813 7823 7833 7843 7853 7863
7793 7803 7813 7823 7833 7843 7853 7863
7793 7803 7813 7823 7833 7843 7853 7863
7793 7803 7813 7823 7833 7843 7853 7863
7793 7803 7813 7823 7833 7843 7853 7863
7793 7803 7813 7823 7833 7843 7853 7863
7793 7803 7813 7823 7833 7843 7853 7863
7873 7803 7813 7873 7833 7843 7853 7863
7793 7803 7813 7823 7833 7843 7853 7863
7793 7803 7813 7823 7833 7843 7853 7863
7873 7803 7813 7873 7833 7843 7853 7863
7873 7803 7813 7873 7833 7843 7853 7863
7873 7803 7813 7873 7833 7843 7853 7863
7873 7803 7813 7873 7833 7843 7853 7863
7793 7803 7813 7823 7833 7843 7853 7863
7793 7803 7813 7823 7833 7843 7853 7863
7873 7803 7813 7873 7833 7843 7853 7863
7873 7803 7813 7873 7833 7843 7853 7863
7793 7803 7813 7823 7833 7843 7853 7863
7793 7803 7813 7823 7833 7843 7853 7863
7873 7803 7813 7873 7833 7843 7853 7863
7873 7803 7813 7873 7833 7843 7853 7863
7873 7803 7813 7873 7833 7843 7853 7863
7793 7803 7813 7823 7833 7843 7853 7863
7793 7803 7813 7823 7833 7843 7853 7863
7873 7803 7813 7873 7833 7843 7853 7863
7873 7803 7813 7873 7833 7843 7853 7863
7793 7803 7813 7823 7833 7843 7853 7863
7793 7803 7813 7823 7833 7843 7853 7863
7793 7803 7813 7823 7833 7843 7853 7863
7793 7803 7813 7823 7833 7843 7853 7863
