84591
84591
84591
84591
84591
84591
84591
84591
84591
84591
84591
84591
84591
84591
84591
84591
84591
84591
84591
84591
84591
84591
84591
84591
84591
84591
84591
84591
84591
84591
13542 13562 13572 13582 13592
13542 13562 13572 13582 13592
13542 13562 13572 13582 13592
13542 13562 13572 13582 13592
13542 13562 13572 13582 13592
13542 13562 13572 13582 13592
13542 13562 13572 13582 13592
13542 13562 13572 13582 13592
13542 13562 13572 13582 13592
13542 13562 13572 13582 13592
13542 13562 13572 13582 13592
13542 13562 13572 13582 13592
13542 13562 13572 13582 13592
13542 13562 13572 13582 13592
13542 13562 13572 13582 13592
13542 13562 13572 13582 34042
13542 13562 13572 13582 34042
13542 13562 13572 13582 34042
13542 13562 13572 13582 13592
13542 13562 13572 13582 13592
13542 13562 13572 13582 13592
13542 13562 13572 13582 13592
13542 13562 13572 13582 13592
13542 13562 13572 13582 13592
13542 13562 13572 13582 13592
13542 13562 13572 13582 13592
13542 13562 13572 13582 13592
13542 13562 13572 13582 13592
13542 13562 13572 13582 13592
13542 13562 13572 13582 13592
13542 13562 13572 13582 13592
13542 13562 13572 13582 13592
13542 13562 13572 13582 13592
13542 13562 13572 13582 13592
13542 13562 13572 13582 13592
13542 13562 13572 13582 13592
13542 13562 13572 13582 13592
13542 13562 13572 13582 13592
13542 13562 13572 13582 13592
13542 13562 13572 13582 13592
13542 13562 13572 13582 13592
13542 13562 13572 13582 13592
13542 13562 13572 13582 13592
13542 13562 13572 13582 13592
13542 13562 13572 13582 13592
13542 13562 13572 13582 13592
13542 13562 13572 13582 13592
13552 13552 13552 13582 13592
13542 13562 13572 13582 13592
13542 13562 13572 13582 13592
13542 13562 13572 13582 13592
13542 13562 13572 13582 13592
13542 13562 13572 13582 13592
13542 13562 13572 13582 13592
13542 13562 13572 13582 13592
13542 13562 13572 13582 13592
13542 13622 13572 13582 13592
13542 13562 13572 13582 13592
13542 13562 13572 13582 13592
13632 13632 13632 13582 13592
13542 13562 13572 13582 13592
13542 13562 13572 13582 13592
28602 28602 28602 13582 13592
28612 28612 28612 28612 28612
28612 28612 28612 28612 28612
28612 28612 28612 28612 28612
13542 13562 13572 13582 13592
15233 15243 15253 15263 15273 15283 15293 15303
15233 15243 15253 15263 15273 15283 15293 15303
15233 15243 15253 15263 15273 15283 15293 15303
15233 15243 15253 15263 15273 15283 15293 15303
15233 15243 15253 15263 15273 15283 15293 15303
15233 15243 15253 15263 15273 15283 15293 15303
15233 15243 15253 15263 15273 15283 15293 15303
15233 15243 15253 15263 15273 15283 15293 15303
15233 15243 15253 15263 15273 15283 15293 15303
15233 15243 15253 15263 15273 15283 15293 15303
15233 15243 15253 15263 15273 15283 15293 15303
15233 15243 15253 15263 15273 15283 15293 15303
15233 15243 15253 15263 15273 15283 15293 15303
15233 15243 15253 15263 15273 15283 15293 15303
15233 15243 15253 15263 15273 15283 15293 15303
15233 15243 15253 15263 15273 15283 15293 15303
15233 15243 15253 15263 15273 15283 15293 15303
15233 15243 15253 15263 15273 15283 15293 15303
15233 15243 15253 15263 15273 15283 15293 15303
15233 15243 15253 15263 15273 15283 15293 15303
15233 15243 15253 15263 15273 15283 15293 15303
15233 15243 15253 15263 15273 15283 15293 15303
15233 15243 15253 15263 15273 15283 15293 15303
15233 15243 15253 15263 15273 15283 15293 15303
15233 15243 15253 15263 15273 15283 15293 15303
15233 15243 15253 15263 15273 15283 15293 15303
15233 15243 15253 15263 15273 15283 15293 15303
15233 15243 15253 15263 15273 15283 15293 15303
15233 15243 15253 15263 15273 15283 15293 15303
15233 15243 15253 15263 15273 15283 15293 15303
15233 15243 15253 15263 15273 15283 15293 15303
15233 15243 15253 15263 15273 15283 15293 15303
15233 15243 15253 15263 15273 15283 15293 15303
15233 15243 15253 15263 15273 15283 15293 15303
15233 15243 15253 15263 15273 15283 15293 15303
15233 15243 15253 15263 15273 15283 15293 15303
15233 15243 15253 15263 15273 15283 15293 15303
15233 15243 15253 15263 15273 15283 15293 15303
15233 15243 15253 15263 15273 15283 15293 15303
15233 15243 15253 15263 15273 15283 15293 15303
15233 15243 15253 15263 15273 15283 15293 15303
15233 15243 15253 15263 15273 15283 15293 15303
15233 15243 15253 15263 15273 15283 15293 15303
15233 15243 15253 15263 15273 15283 15293 15303
15233 15243 15253 15263 15273 15283 15293 15303
15233 15243 15253 15263 15273 15283 15293 15303
15233 15243 15253 15263 15273 15283 15293 15303
15233 15243 15253 15263 15273 15283 15293 15303
15233 15243 15253 15263 15273 15283 15293 15303
15233 15243 15253 15263 15273 15283 15293 15303
15233 15243 15253 15263 15273 15283 15293 15303
15233 15323 15253 15263 15273 15283 15293 15303
15233 15313 15253 15263 15273 15283 15293 15303
15233 15243 15253 15333 15273 15283 15293 15303
15233 15243 15253 15263 15273 15283 15293 15303
15233 15343 15343 15343 15343 15283 15343 15303
15233 15343 15343 15343 15343 15283 15343 15303
15233 15343 15343 15343 15343 15283 15343 15303
15233 15343 15343 15343 15343 15283 15343 15303
15233 15353 15353 15353 15353 15283 15353 15303
15233 15353 15353 15353 15353 15283 15353 15303
15233 15343 15343 15343 15343 15283 15343 15303
15233 15343 15343 15343 15343 15283 15343 15303
15233 15363 15363 15363 15363 15283 15363 15303
15233 15363 15363 15363 15363 15283 15363 15303
15233 15343 15343 15343 15343 15283 15343 15303
15233 15343 15343 15343 15343 15283 15343 15303
15233 15373 15373 15373 15373 15283 15373 15303
15233 15373 15373 15373 15373 15283 15373 15303
15233 15243 15253 15263 15273 15283 15293 15303
15233 15243 15253 15263 15273 15283 15293 15303
15233 15383 15383 15383 15383 15383 15383 15383
15233 15393 15393 15393 15393 15393 15393 15393
15233 15243 15253 15263 15273 15283 15293 15303
15233 15243 15253 15263 15273 15283 15293 15303
15233 15243 15253 15263 15273 15283 15293 15303
15233 15243 15253 15263 15273 15283 15293 15303
15233 15243 15253 15263 15273 15283 15293 15303
15233 15243 15253 15263 15273 15283 15293 15303
15233 15243 15253 15263 15273 15283 15293 15303
15233 15243 15253 15263 15273 15283 15293 15303
15233 15243 15253 15263 15273 15283 15293 15303
15233 15243 15253 15263 15273 15283 15293 15303
15233 15243 15253 15263 15273 15283 15293 15303
15233 15243 15253 15263 15273 15283 15293 15303
15233 15243 15253 15263 15273 15283 15293 15303
15233 15243 15253 15263 15273 15283 15293 15303
15233 15243 15253 15263 15273 15283 15293 15303
15233 15243 15253 15263 15273 15283 15293 15303
15233 15243 15253 15263 15273 15283 15293 15303
15233 15243 15253 15263 15273 15283 15293 15303
23074 23084 23094 23104 23114 23124 23134
23074 23084 23094 23104 23114 23124 23134
23074 23084 23094 23104 23114 23124 23134
23074 23084 23094 23104 23114 23124 23134
23074 23084 23094 23104 23114 23124 23134
23074 23084 23094 23104 23114 23124 23134
23074 23084 23094 23104 23114 23124 23134
23074 23084 23094 23104 23114 23124 23134
23074 23084 23094 23104 23114 23124 23134
23074 23084 23094 23104 23114 23124 23134
23074 23084 23094 23104 23114 23124 23134
23074 23084 23094 23104 23114 23124 23134
23074 23084 23094 23104 23114 23124 23134
23074 23084 23094 23104 23114 23124 23134
23074 23084 23094 23104 23114 23124 23134
34314 34314 34314 34314 34314 34314 34314
34314 34314 34314 34314 34314 34314 34314
34314 34314 34314 34314 34314 34314 34314
23074 23084 23094 23104 23114 23124 23134
23074 23084 23094 23104 23114 23124 23134
23074 23084 23094 23104 23114 23124 23134
23074 23084 23094 23104 23114 23124 23134
23074 23084 23094 23104 23114 23124 23134
23074 23084 23094 23104 23114 23124 23134
23074 23084 23094 23104 23114 23124 23134
23074 23084 23094 23104 23114 23124 23134
23074 23084 23094 23104 23114 23124 23134
23074 23084 23094 23104 23114 23124 23134
23074 23084 23094 23104 23114 23124 23134
23074 23084 23094 23104 23114 23124 23134
23074 23084 23094 23104 23114 23124 23134
23074 23084 23094 23104 23114 23124 23134
23074 23084 23094 23104 23114 23124 23134
23074 23084 23094 23104 23114 23124 23134
23074 23084 23094 23104 23114 23124 23134
23074 23084 23094 23104 23114 23124 23134
23074 23084 23094 23104 23114 23124 23134
23074 23084 23094 23104 23114 23124 23134
23074 23084 23094 23104 23114 23124 23134
23074 23084 23094 23104 23114 23124 23134
23074 23084 23094 23104 23114 23124 23134
23074 23084 23094 23104 23114 23124 23134
23074 23084 23094 23104 23114 23124 23134
23074 23084 23094 23104 23114 23124 23134
23074 23084 23094 23104 23114 23124 23134
23074 23084 23094 23104 23114 23124 23134
23074 23084 23094 23104 23114 23124 23134
23144 23144 23144 23144 23144 23144 23144 23144
23154 23154 23154 23154 23154 23154 23154 23154
23074 23084 23094 23104 23114 23124 23134
23074 23084 23094 23104 23114 23124 23134
23074 23084 23094 23104 23114 23124 23134
23074 23084 23094 23104 23114 23124 23134
23164 23164 23164 23164 23164 23164 23164 23164
23174 23174 23174 23174 23174 23174 23174 23174
23174 23174 23174 23174 23174 23174 23174 23174
23174 23174 23174 23174 23174 23174 23174 23174
23184 23184 23184 23184 23184 23184 23184 23184
23184 23184 23184 23184 23184 23184 23184 23184
23184 23184 23184 23184 23184 23184 23184 23184
23194 23084 23194 23104 23194 23124 23134
23204 23204 23204 23204 23204 23204 23204 23204
23204 23204 23204 23204 23204 23204 23204 23204
23204 23204 23204 23204 23204 23204 23204 23204
23214 23214 23214 23214 23214 23214 23214 23214
23214 23214 23214 23214 23214 23214 23214 23214
23214 23214 23214 23214 23214 23214 23214 23214
23224 23084 23094 23224 23114 23124 23134
23074 23084 23094 23104 23114 23124 23134
23234 23234 23094 23104 23234 23124 23134
23074 23084 23094 23104 23114 23124 23134
23244 23244 23094 23104 23244 23124 23134
23074 23084 23094 23104 23114 23124 23134
23074 23084 23094 23104 23114 23124 23134
23074 23084 23094 23104 23114 23124 23134
23254 23084 23094 23254 23114 23124 23134
23074 23084 23094 23104 23114 23124 23134
23074 23084 23094 23104 23114 23124 23134
23264 23264 23094 23104 23264 23124 23134
23074 23084 23094 23104 23114 23124 23134
23074 23084 23094 23104 23114 23124 23134
23074 23084 23094 23104 23114 23124 23134
23074 23084 23094 23104 23114 23124 23134
64325
64325
64325
64325
64325
64325
64325
64325
64325
64325
64325
64325
64325
64325
64325
64325
64325
64325
64325
64325
64325
64325
64325
64325
64325
64325
64325
64325
64325
64325
64325
64325
64325
64325
64325
64325
64325
64325
64325
64335
64335
64325
64325
64325
