38751
38751
38751
38751
38751
38751
38751
38751
38751
38751
38751
38751
38751
38751
38751
38751
38751
38751
38751
38751
38751
38751
38751
38751
38751
38751
38751
38751
38751
38751
4492 4502 4512 4522 4542 4532
4492 4502 4512 4522 4542 4532
4492 4502 4512 4522 4542 4532
4492 4502 4512 4522 4542 4532
4492 4502 4512 4522 4542 4532
4492 4502 4512 4522 4542 4532
4492 4502 4512 4522 4542 4532
4492 4502 4512 4522 4542 4532
4492 4502 4512 4522 4542 4532
4492 4502 4512 4522 4542 4532
4492 4502 4512 4522 4542 4532
4492 4502 4512 4522 4542 4532
4492 4502 4512 4522 4542 4532
4492 4502 4512 4522 4542 4532
4492 4502 4512 4522 4542 4532
4492 4502 4512 4522 4542 4532
4492 4502 4512 4522 4542 4532
4492 4502 4512 4522 4542 4532
4492 4502 4512 4522 4542 4532
4492 4502 4512 4522 4542 4532
4492 4502 4512 4522 4542 4532
4492 4502 4512 4522 4542 4532
4492 4502 4512 4522 4542 4532
4492 4502 4512 4522 4542 4532
4492 4502 4512 4522 4542 4532
4492 4502 4512 4522 4542 4532
4492 4502 4512 4522 4542 4532
4492 4502 4512 4522 4542 4532
4492 4502 4512 4522 4542 4532
4492 4502 4512 4522 4542 4532
4492 4502 4512 4522 4542 4532
4492 4502 4512 4522 4542 4532
4492 4502 4512 4522 4542 4532
4492 4502 4512 4522 4542 4532
4492 4502 4512 4522 4542 4532
4492 4502 4512 4522 4542 4532
4492 4502 4512 4522 4542 4532
4492 4502 4512 4522 4542 4532
4492 4502 4512 4522 4542 4532
4492 4502 4512 4522 4542 4532
4492 4502 4512 4522 4542 4532
4492 4502 4512 4522 4542 4532
4492 4502 4512 4522 4542 4532
4492 4502 4512 4522 4542 4532
4492 4502 4512 4522 4542 4532
4492 4502 4512 4522 4542 4532
4492 4502 4512 4522 4542 4532
4492 4502 4512 4522 4542 4532
4492 4502 4512 4522 4542 4532
4492 4502 4512 4522 4542 4532
4492 4502 4512 4522 4542 4532
4492 4502 4512 4522 4542 4532
4492 4502 4512 4522 4542 4532
4492 4502 4512 4522 4542 4532
4492 4502 4512 4522 4542 4532
4492 4502 4512 4522 4542 4532
4492 4502 4512 4522 4542 4532
4492 4502 4512 4522 4542 4532
4492 4502 4512 4522 4542 4532
4492 4502 4512 4522 4542 4532
4492 4502 4512 4522 4542 4532
4492 4502 4512 4522 4542 4532
4492 4502 4512 4522 4542 4532
4492 4502 4512 4522 4542 4532
4492 4502 4512 4522 4542 4532
4492 4502 4512 4522 4542 4532
4492 4502 4512 4522 4542 4532
5483 5493 5503 5513 5523 5533 5543
5483 5493 5503 5513 5523 5533 5543
5483 5493 5503 5513 5523 5533 5543
5483 5493 5503 5513 5523 5533 5543
5483 5493 5503 5513 5523 5533 5543
5483 5493 5503 5513 5523 5533 5543
5483 5493 5503 5513 5523 5533 5543
5483 5493 5503 5513 5523 5533 5543
5483 5493 5503 5513 5523 5533 5543
5483 5493 5503 5513 5523 5533 5543
5483 5493 5503 5513 5523 5533 5543
5483 5493 5503 5513 5523 5533 5543
5483 5493 5503 5513 5523 5533 5543
5483 5493 5503 5513 5523 5533 5543
5483 5493 5503 5513 5523 5533 5543
5483 5493 5503 5513 5523 5533 5543
5483 5493 5503 5513 5523 5533 5543
5483 5493 5503 5513 5523 5533 5543
5483 5493 5503 5513 5523 5533 5543
5483 5493 5503 5513 5523 5533 5543
5483 5493 5503 5513 5523 5533 5543
5483 5493 5503 5513 5523 5533 5543
5483 5493 5503 5513 5523 5533 5543
5483 5493 5503 5513 5523 5533 5543
5483 5493 5503 5513 5523 5533 5543
5483 5493 5503 5513 5523 5533 5543
5483 5493 5503 5513 5523 5533 5543
5483 5493 5503 5513 5523 5533 5543
5483 5493 5503 5513 5523 5533 5543
5483 5493 5503 5513 5523 5533 5543
5483 5493 5503 5513 5523 5533 5543
5483 5493 5503 5513 5523 5533 5543
5483 5493 5503 5513 5523 5533 5543
5483 5493 5503 5513 5523 5533 5543
5483 5493 5503 5513 5523 5533 5543
5483 5493 5503 5513 5523 5533 5543
5483 5493 5503 5513 5523 5533 5543
5483 5493 5503 5513 5523 5533 5543
5483 5493 5503 5513 5523 5533 5543
5483 5493 5503 5513 5523 5533 5543
5483 5493 5503 5513 5523 5533 5543
5483 5493 5503 5513 5523 5533 5543
5483 5493 5503 5513 5523 5533 5543
5483 5493 5503 5513 5523 5533 5543
5483 5493 5503 5513 5523 5533 5543
5483 5493 5503 5513 5523 5533 5543
5483 5493 5503 5513 5523 5533 5543
5483 5493 5503 5513 5523 5533 5543
5483 5493 5503 5513 5523 5533 5543
5483 5493 5503 5513 5523 5533 5543
5483 5493 5503 5513 5523 5533 5543
5483 5493 5503 5513 5523 5533 5543
5483 5493 5503 5513 5523 5533 5543
5483 5493 5503 5513 5523 5533 5543
5483 5493 5503 5513 5523 5533 5543
5483 5493 5503 5513 5523 5533 5543
5483 5493 5503 5513 5523 5533 5543
5483 5493 5503 5513 5523 5533 5543
5483 5493 5503 5513 5523 5533 5543
5483 5493 5503 5513 5523 5533 5543
5483 5493 5503 5513 5523 5533 5543
5483 5493 5503 5513 5523 5533 5543
5483 5493 5503 5513 5523 5533 5543
5483 5493 5503 5513 5523 5533 5543
5483 5493 5503 5513 5523 5533 5543
5483 5493 5503 5513 5523 5533 5543
5483 5493 5503 5513 5523 5533 5543
5483 5493 5503 5513 5523 5533 5543
5483 5493 5503 5513 5523 5533 5543
5483 5493 5503 5513 5523 5533 5543
5483 5493 5503 5513 5523 5533 5543
5483 5493 5503 5513 5523 5533 5543
5483 5493 5503 5513 5523 5533 5543
5483 5493 5503 5513 5523 5533 5543
5483 5493 5503 5513 5523 5533 5543
5483 5493 5503 5513 5523 5533 5543
5483 5493 5503 5513 5523 5533 5543
5483 5493 5503 5513 5523 5533 5543
5483 5493 5503 5513 5523 5533 5543
5483 5493 5503 5513 5523 5533 5543
5483 5493 5503 5513 5523 5533 5543
5483 5493 5503 5513 5523 5533 5543
5483 5493 5503 5513 5523 5533 5543
5483 5493 5503 5513 5523 5533 5543
5483 5493 5503 5513 5523 5533 5543
5483 5493 5503 5513 5523 5533 5543
5483 5493 5503 5513 5523 5533 5543
5483 5493 5503 5513 5523 5533 5543
5483 5493 5503 5513 5523 5533 5543
5483 5493 5503 5513 5523 5533 5543
5483 5493 5503 5513 5523 5533 5543
9474 9484 9494 9504 9514 9524 9534 9544 9554
9474 9484 9494 9504 9514 9524 9534 9544 9554
9474 9484 9494 9504 9514 9524 9534 9544 9554
9474 9484 9494 9504 9514 9524 9534 9544 9554
9474 9484 9494 9504 9514 9524 9534 9544 9554
9474 9484 9494 9504 9514 9524 9534 9544 9554
9474 9484 9494 9504 9514 9524 9534 9544 9554
9474 9484 9494 9504 9514 9524 9534 9544 9554
9474 9484 9494 9504 9514 9524 9534 9544 9554
9474 9484 9494 9504 9514 9524 9534 9544 9554
9474 9484 9494 9504 9514 9524 9534 9544 9554
9474 9484 9494 9504 9514 9524 9534 9544 9554
9474 9484 9494 9504 9514 9524 9534 9544 9554
9474 9484 9494 9504 9514 9524 9534 9544 9554
9474 9484 9494 9504 9514 9524 9534 9544 9554
9474 9484 9494 9504 9514 9524 9534 9544 9554
9474 9484 9494 9504 9514 9524 9534 9544 9554
9474 9484 9494 9504 9514 9524 9534 9544 9554
9474 9484 9494 9504 9514 9524 9534 9544 9554
9474 9484 9494 9504 9514 9524 9534 9544 9554
9474 9484 9494 9504 9514 9524 9534 9544 9554
9474 9484 9494 9504 9514 9524 9534 9544 9554
9474 9484 9494 9504 9514 9524 9534 9544 9554
9474 9484 9494 9504 9514 9524 9534 9544 9554
9474 9484 9494 9504 9514 9524 9534 9544 9554
9474 9484 9494 9504 9514 9524 9534 9544 9554
9474 9484 9494 9504 9514 9524 9534 9544 9554
9474 9484 9494 9504 9514 9524 9534 9544 9554
9474 9484 9494 9504 9514 9524 9534 9544 9554
9474 9484 9494 9504 9514 9524 9534 9544 9554
9474 9484 9494 9504 9514 9524 9534 9544 9554
9474 9484 9494 14124 9514 9524 9534 14814 9554
9474 9484 9494 14124 9514 9524 9534 14814 9554
9474 9484 9494 14124 9514 9524 9534 14814 9554
9474 9484 9494 9504 9514 9524 9534 9544 9554
9474 9484 9494 9504 9514 9524 9534 9544 9554
9474 9484 9494 9504 9514 9524 9534 9544 9554
9474 9484 9494 9504 9514 9524 9534 9544 9554
9474 9484 9494 9504 9514 9524 9534 9544 9554
9474 9484 9494 9504 9514 9524 9534 9544 9554
9474 9484 9494 9504 9514 9524 9534 9544 9554
9474 9484 9494 9504 9514 9524 9534 9544 9554
9474 9484 9494 9504 9514 9524 9534 9544 9554
9474 9484 9494 9504 9514 9524 9534 9544 9554
9474 9484 9494 9504 9514 9524 9534 9544 9554
9474 9484 9494 9504 9514 9524 9534 9544 9554
9474 9484 9494 9504 9514 9524 9534 9544 9554
9474 9484 9494 9504 9514 9524 9534 9544 9554
9474 9484 9494 9504 9514 9524 9534 9544 9554
9474 9484 9494 9504 9514 9524 9534 9544 9554
9474 9484 9494 9504 9514 9524 9534 9544 9554
9474 9484 9494 9504 9514 9524 9534 9544 9554
9474 9484 9494 9504 9514 9524 9534 9544 9554
9474 9484 9494 9504 9514 9524 9534 9544 9554
9474 9484 9494 9504 9514 9524 9534 9544 9554
9474 9484 9494 9504 9514 9524 9534 9544 9554
9474 9484 9494 9504 9514 9524 9534 9544 9554
9474 9484 9494 9504 9514 9524 9534 9544 9554
9474 9484 9494 9504 9514 9524 9534 9544 9554
9474 9484 9494 9504 9514 9524 9534 9544 9554
9474 9484 9494 9504 9514 9524 9534 9544 9554
9474 9484 9494 9504 9514 9524 9534 9544 9554
9474 9484 9494 9504 9514 9524 9534 9544 9554
9474 9484 9494 9504 9514 9524 9534 9544 9554
9474 9484 9494 9504 9514 9524 9534 9544 9554
9474 9484 9494 9504 9514 9524 9534 9544 9554
9474 9484 9494 9504 9514 9524 9534 9544 9554
9474 9484 9494 14124 9514 9524 9534 14814 9554
9474 9484 9494 14124 9514 9524 9534 14814 9554
9474 9484 9494 9504 9514 9524 9534 9544 9554
9474 9484 9494 9504 9514 9524 9534 9544 9554
9474 9484 9494 9504 9514 9524 9534 9544 9554
9474 9484 9494 9504 9514 9524 9534 9544 9554
9474 9484 9494 9504 9514 9524 9534 9544 9554
9474 9484 9494 9504 9514 9524 9534 9544 9554
9474 9484 9494 14124 9514 9524 9534 14814 9554
9474 9484 9494 14124 9514 9524 9534 14814 9554
9474 9484 9494 9504 9514 9524 9534 9544 9554
9474 9484 9494 9504 9514 9524 9534 9544 9554
9474 9484 9494 9504 9514 9524 9534 9544 9554
9474 9484 9494 9504 9514 9524 9534 9544 9554
9474 9484 9494 9504 9514 9524 9534 9544 9554
9474 9484 9494 9504 9514 9524 9534 9544 9554
30685
30685
30685
30685
30685
30685
30685
30685
30685
30685
30685
30685
30685
30685
30685
30685
30685
30685
30685
30685
30685
30685
30685
30685
30685
30685
30685
30685
30685
30685
30685
30685
30685
30685
30685
30685
30685
30685
30685
30685
30685
30685
30685
30685
