29361
29361
29361
29361
29361
29361
29361
29361
29361
29361
29361
29361
29361
29361
29361
29361
29361
29361
29361
29361
29361
29361
29361
29361
29361
29361
29361
29361
29361
29361
1222
1222
1222
1222
1222
1222
1222
1222
1222
1222
1222
1222
1222
1222
1222
1222
1222
1222
1222
1222
1222
1222
1222
1222
1222
1222
1222
1222
1222
1222
1222
1222
1303 1293 1313 1323 1333 1343 13903
1303 1293 1313 1323 1333 1343 13903
1303 1293 1313 1323 1333 1343 13903
1303 1293 1313 1323 1333 1343 13903
1303 1293 1313 1323 1333 1343 13903
1303 1293 1313 1323 1333 1343 13903
1303 1293 1313 1323 1333 1343 13903
1303 1293 1313 1323 1333 1343 13903
1303 1293 1313 1323 1333 1343 13903
1303 1293 1313 1323 1333 1343 13903
1303 1293 1313 1323 1333 1343 13903
1303 1293 1313 1323 1333 1343 13903
1303 1293 1313 1323 1333 1343 13903
1303 1293 1313 1323 1333 1343 13903
1303 1293 1313 1323 1333 1343 13903
1303 1293 1313 1323 1333 1343 13903
1303 1293 1313 1323 1333 1343 13903
1303 1293 1313 1323 1333 1343 13903
1303 1293 1313 1323 1333 1343 13903
1303 1293 1313 1323 1333 1343 13903
1303 1293 1313 1323 1333 1343 13903
1303 1293 1313 1323 1333 1343 13903
1303 1293 1313 1323 1333 1343 13903
1303 1293 1313 1323 1333 1343 13903
1303 1293 1313 1323 1333 1343 13903
1303 1293 1313 1323 1333 1343 13903
1303 1293 1313 1323 1333 1343 13903
1303 1293 1313 1323 1333 1343 13903
1303 1293 1313 1323 1333 1343 13903
1303 1293 1313 1323 1333 1343 13903
1303 1293 1313 1323 1333 1343 13903
1303 1293 1313 1323 1333 1343 13903
1303 1293 1313 1323 1333 1343 13903
1303 1293 1313 1323 1333 1343 13903
1303 1293 1313 1323 1333 1343 13903
1303 1293 1313 1323 1333 1343 13903
1303 1293 1313 1323 1333 1343 13903
1303 1293 1313 1323 1333 1343 13903
1303 1293 1313 1323 1333 1343 13903
1303 1293 1313 1323 1333 1343 13903
1303 1293 1313 1323 1333 1343 13903
1303 1293 1313 1323 1333 1343 13903
1303 1293 1313 1323 1333 1343 13903
1303 1293 1313 1323 1333 1343 13903
1303 1293 1313 1323 1333 1343 13903
1303 1293 1313 1323 1333 1343 13903
1303 1293 1313 1323 1333 1343 13903
1303 1293 1313 1323 1333 1343 13903
1303 1293 1313 1323 1333 1343 13903
1303 1293 1313 1323 1333 1343 13903
1303 1293 1313 1323 1333 1343 13903
1303 1293 1313 1323 1333 1343 13903
1303 1293 1313 1323 1333 1343 13903
1303 1293 1313 1323 1333 1343 13903
1303 1293 1313 1323 1333 1343 13903
1303 1293 1313 1323 1333 1343 13903
1303 1293 1313 1323 1333 1343 13903
1303 1293 1313 1323 1333 1343 13903
1303 1293 1313 1323 1333 1343 13903
1303 1293 1313 1323 1333 1343 13903
1303 1293 1313 1323 1333 1343 13903
1303 1293 1313 1323 1333 1343 13903
1303 1293 1313 1323 1333 1343 13903
1303 1293 1313 1323 1333 1343 13903
1303 1293 1313 1323 1333 1343 13903
1303 1293 1313 1323 1333 1343 13903
1934 1944 1954 1964 1974 1984 1994 2004 2014
1934 1944 1954 1964 1974 1984 1994 2004 2014
1934 1944 1954 1964 1974 1984 1994 2004 2014
1934 1944 1954 1964 1974 1984 1994 2004 2014
1934 1944 1954 1964 1974 1984 1994 2004 2014
1934 1944 1954 1964 1974 1984 1994 2004 2014
1934 1944 1954 1964 1974 1984 1994 2004 2014
1934 1944 1954 1964 1974 1984 1994 2004 2014
1934 1944 1954 1964 1974 1984 1994 2004 2014
1934 1944 1954 1964 1974 1984 1994 2004 2014
1934 1944 1954 1964 1974 1984 1994 2004 2014
1934 1944 1954 1964 1974 1984 1994 2004 2014
1934 1944 1954 1964 1974 1984 1994 2004 2014
1934 1944 1954 1964 1974 1984 1994 2004 2014
1934 1944 1954 1964 1974 1984 1994 2004 2014
1934 1944 1954 1964 1974 1984 1994 2004 2014
1934 1944 1954 1964 1974 1984 1994 2004 2014
1934 1944 1954 1964 1974 1984 1994 2004 2014
1934 1944 1954 1964 1974 1984 1994 2004 2014
1934 1944 1954 1964 1974 1984 1994 2004 2014
1934 1944 1954 1964 1974 1984 1994 2004 2014
1934 1944 1954 1964 1974 1984 1994 2004 2014
1934 1944 1954 1964 1974 1984 1994 2004 2014
1934 1944 1954 1964 1974 1984 1994 2004 2014
1934 1944 1954 1964 1974 1984 1994 2004 2014
1934 1944 1954 1964 1974 1984 1994 2004 2014
1934 1944 1954 1964 1974 1984 1994 2004 2014
1934 1944 1954 1964 1974 1984 1994 2004 2014
1934 1944 1954 1964 1974 1984 1994 2004 2014
1934 1944 1954 1964 1974 1984 1994 2004 2014
1934 1944 1954 1964 1974 1984 1994 2004 2014
1934 1944 1954 14404 1974 1984 1994 14774 2014
1934 1944 1954 14404 1974 1984 1994 14774 2014
1934 1944 1954 14404 1974 1984 1994 14774 2014
1934 1944 1954 1964 1974 1984 1994 2004 2014
1934 1944 1954 1964 1974 1984 1994 2004 2014
1934 1944 1954 1964 1974 1984 1994 2004 2014
1934 1944 1954 1964 1974 1984 1994 2004 2014
1934 1944 1954 1964 1974 1984 1994 2004 2014
1934 1944 1954 1964 1974 1984 1994 2004 2014
1934 1944 1954 1964 1974 1984 1994 2004 2014
1934 1944 1954 1964 1974 1984 1994 2004 2014
1934 1944 1954 1964 1974 1984 1994 2004 2014
1934 1944 1954 1964 1974 1984 1994 2004 2014
1934 1944 1954 1964 1974 1984 1994 2004 2014
1934 1944 1954 1964 1974 1984 1994 2004 2014
1934 1944 1954 1964 1974 1984 1994 2004 2014
1934 1944 1954 1964 1974 1984 1994 2004 2014
1934 1944 1954 1964 1974 1984 1994 2004 2014
1934 1944 1954 1964 1974 1984 1994 2004 2014
1934 1944 1954 1964 1974 1984 1994 2004 2014
1934 1944 1954 1964 1974 1984 1994 2004 2014
1934 1944 1954 1964 1974 1984 1994 2004 2014
1934 1944 1954 1964 1974 1984 1994 2004 2014
1934 1944 1954 1964 1974 1984 1994 2004 2014
1934 1944 1954 1964 1974 1984 1994 2004 2014
1934 1944 1954 1964 1974 1984 1994 2004 2014
1934 1944 1954 1964 1974 1984 1994 2004 2014
1934 1944 1954 1964 1974 1984 1994 2004 2014
1934 1944 1954 1964 1974 1984 1994 2004 2014
1934 1944 1954 1964 1974 1984 1994 2004 2014
1934 1944 1954 1964 1974 1984 1994 2004 2014
1934 1944 1954 1964 1974 1984 1994 2004 2014
1934 1944 1954 1964 1974 1984 1994 2004 2014
1934 1944 1954 1964 1974 1984 1994 2004 2014
1934 1944 1954 1964 1974 1984 1994 2004 2014
1934 1944 1954 1964 1974 1984 1994 2004 2014
1934 1944 1954 14404 1974 1984 1994 14774 2014
1934 1944 1954 14404 1974 1984 1994 14774 2014
1934 1944 1954 1964 1974 1984 1994 2004 2014
1934 1944 1954 1964 1974 1984 1994 2004 2014
1934 1944 1954 1964 1974 1984 1994 2004 2014
1934 1944 1954 1964 1974 1984 1994 2004 2014
1934 1944 1954 1964 1974 1984 1994 2004 2014
1934 1944 1954 1964 1974 1984 1994 2004 2014
1934 1944 1954 14404 1974 1984 1994 14774 2014
1934 1944 1954 14404 1974 1984 1994 14774 2014
1934 1944 1954 1964 1974 1984 1994 2004 2014
1934 1944 1954 1964 1974 1984 1994 2004 2014
1934 1944 1954 1964 1974 1984 1994 2004 2014
1934 1944 1954 1964 1974 1984 1994 2004 2014
1934 1944 1954 1964 1974 1984 1994 2004 2014
1934 1944 1954 1964 1974 1984 1994 2004 2014
