61581
61581
61581
61581
61581
61581
61581
61581
61581
61581
61581
61581
61581
61581
61581
61581
61581
61581
61581
61581
61581
61581
61581
61581
61581
61581
61581
61581
61581
61581
3502 3502 3502
3502 3502 3502
3502 3502 3502
3502 3502 3502
3502 3502 3502
3502 3502 3502
3502 3502 3502
3502 3502 3502
3502 3502 3502
3502 3502 3502
3502 3502 3502
3502 3502 3502
3502 3502 3502
3502 3502 3502
3502 3502 3502
3502 3502 3502
3502 3502 3502
3502 3502 3502
3502 3502 3502
3502 3502 3502
3502 3502 3502
3502 3502 3502
3502 3502 3502
3502 3502 3502
3502 3502 3502
3502 3502 3502
3502 3502 3502
3502 3502 3502
3502 3502 3502
3502 3502 3502
3502 3502 3502
3502 3502 3502
3893 3903 3913 3923 3933 29633
3893 3903 3913 3923 3933 29633
3893 3903 3913 3923 3933 29633
3893 3903 3913 3923 3933 29633
3893 3903 3913 3923 3933 29633
3893 3903 3913 3923 3933 29633
3893 3903 3913 3923 3933 29633
3893 3903 3913 3923 3933 29633
3893 3903 3913 3923 3933 29633
3893 3903 3913 3923 3933 29633
3893 3903 3913 3923 3933 29633
3893 3903 3913 3923 3933 29633
3893 3903 3913 3923 3933 29633
3893 3903 3913 3923 3933 29633
3893 3903 3913 3923 3933 29633
3893 33523 3913 33523 3933 29633
3893 33523 3913 33523 3933 29633
3893 33523 3913 33523 3933 29633
3893 3903 3913 3923 3933 29633
3893 3903 3913 3923 3933 29633
3893 3903 3913 3923 3933 29633
3893 3903 3913 3923 3933 29633
3893 3903 3913 3923 3933 29633
3893 3903 3913 3923 3933 29633
3893 3903 3913 3923 3933 29633
3893 3903 3913 3923 3933 29633
3893 3903 3913 3923 3933 29633
3893 3903 3913 3923 3933 29633
3893 3903 3913 3923 3933 29633
3893 3903 3913 3923 3933 29633
3893 3903 3913 3923 3933 29633
3893 3903 3913 3923 3933 29633
3893 3903 3913 3923 3933 29633
3893 3903 3913 3923 3933 29633
3893 3903 3913 3923 3933 29633
3893 3903 3913 3923 3933 29633
3893 3903 3913 3923 3933 29633
3893 3903 3913 3923 3933 29633
3893 3903 3913 3923 3933 29633
3893 3903 3913 3923 3933 29633
3893 3903 3913 3923 3933 29633
3893 3903 3913 3923 3933 29633
3893 3903 3913 3923 3933 29633
3893 3903 3913 3923 3933 29633
3893 3903 3913 3923 3933 29633
3893 3903 3913 3923 3933 29633
3893 3903 3913 3923 3933 29633
3943 3943 3943 3943 3943 29633
3893 3903 3913 3923 3933 29633
3953 3953 3953 3953 3953 29633
3963 3963 3963 3963 3963 29633
3973 3973 3973 3973 3973 29633
3973 3973 3973 3973 3973 29633
3973 3973 3973 3973 3973 29633
3893 3903 3913 3923 3933 29633
3893 3903 3913 3923 3933 29633
3893 3903 3913 3923 3933 29633
3983 3983 3983 3983 3983 29633
3893 3903 3913 3923 3933 29633
3893 3903 3913 3923 3933 29633
3893 3903 33533 3923 3933 29633
3893 3903 33533 3923 3933 29633
3893 3903 33533 3923 3933 29633
3893 3903 3913 3923 3933 29633
3893 3903 3913 3923 3933 29633
3893 3903 3913 3923 3933 29633
5054 5064 5074 5084 5094 5104 5114
5054 5064 5074 5084 5094 5104 5114
5054 5064 5074 5084 5094 5104 5114
5054 5064 5074 5084 5094 5104 5114
5054 5064 5074 5084 5094 5104 5114
5054 5064 5074 5084 5094 5104 5114
5054 5064 5074 5084 5094 5104 5114
5054 5064 5074 5084 5094 5104 5114
5054 5064 5074 5084 5094 5104 5114
5054 5064 5074 5084 5094 5104 5114
5054 5064 5074 5084 5094 5104 5114
5054 5064 5074 5084 5094 5104 5114
5054 5064 5074 5084 5094 5104 5114
5054 5064 5074 5084 5094 5104 5114
5054 5064 5074 5084 5094 5104 5114
33624 33624 33624 33624 33624 33624 33624
33624 33624 33624 33624 33624 33624 33624
33624 33624 33624 33624 33624 33624 33624
5054 5064 5074 5084 5094 5104 5114
5054 5064 5074 5084 5094 5104 5114
5054 5064 5074 5084 5094 5104 5114
5054 5064 5074 5084 5094 5104 5114
5054 5064 5074 5084 5094 5104 5114
5054 5064 5074 5084 5094 5104 5114
5054 5064 5074 5084 5094 5104 5114
5054 5064 5074 5084 5094 5104 5114
5054 5064 5074 5084 5094 5104 5114
5054 5064 5074 5084 5094 5104 5114
5054 5064 5074 5084 5094 5104 5114
5054 5064 5074 5084 5094 5104 5114
5054 5064 5074 5084 5094 5104 5114
5054 5064 5074 5084 5094 5104 5114
5054 5064 5074 5084 5094 5104 5114
5054 5064 5074 5084 5094 5104 5114
5054 5064 5074 5084 5094 5104 5114
5054 5064 5074 5084 5094 5104 5114
5054 5064 5074 5084 5094 5104 5114
5054 5064 5074 5084 5094 5104 5114
5054 5064 5074 5084 5094 5104 5114
5054 5064 5074 5084 5094 5104 5114
5054 5064 5074 5084 5094 5104 5114
5054 5064 5074 5084 5094 5104 5114
5054 5064 5074 5084 5094 5104 5114
5054 5064 5074 5084 5094 5104 5114
5054 5064 5074 5084 5094 5104 5114
5054 5064 5074 5084 5094 5104 5114
5054 5064 5074 5084 5094 5104 5114
5124 5124 5124 5124 5124 5124 5124 5124
5134 5134 5134 5134 5134 5134 5134 5134
5054 5064 5074 5084 5094 5104 5114
5054 5064 5074 5084 5094 5104 5114
5054 5064 5074 5084 5094 5104 5114
5054 5064 5074 5084 5094 5104 5114
5144 5144 5144 5144 5144 5144 5144 5144
5154 5154 5154 5154 5154 5154 5154 5154
5154 5154 5154 5154 5154 5154 5154 5154
5154 5154 5154 5154 5154 5154 5154 5154
5164 5164 5164 5164 5164 5164 5164 5164
5164 5164 5164 5164 5164 5164 5164 5164
5164 5164 5164 5164 5164 5164 5164 5164
5174 5064 5174 5084 5174 5104 5114
5184 5184 5184 5184 5184 5184 5184 5184
5184 5184 5184 5184 5184 5184 5184 5184
5184 5184 5184 5184 5184 5184 5184 5184
5194 5194 5194 5194 5194 5194 5194 5194
5194 5194 5194 5194 5194 5194 5194 5194
5194 5194 5194 5194 5194 5194 5194 5194
5204 5064 5074 5204 5094 5104 5114
5054 5064 5074 5084 5094 5104 5114
5214 5214 5074 5084 5214 5104 5114
5054 5064 5074 5084 5094 5104 5114
5224 5224 5074 5084 5224 5104 5114
5054 5064 5074 5084 5094 5104 5114
5054 5064 5074 5084 5094 5104 5114
5054 5064 5074 5084 5094 5104 5114
5234 5064 5074 5234 5094 5104 5114
5054 5064 5074 5084 5094 5104 5114
5054 5064 5074 5084 5094 5104 5114
5244 5244 5074 5084 5244 5104 5114
5054 5064 5074 5084 5094 5104 5114
5054 5064 5074 5084 5094 5104 5114
5054 5064 5074 5084 5094 5104 5114
5054 5064 5074 5084 5094 5104 5114
