61581
61581
61581
61581
61581
61581
61581
61581
61581
61581
61581
61581
61581
61581
61581
61581
61581
61581
61581
61581
61581
61581
61581
61581
61581
61581
61581
61581
61581
61581
4472 4482 4492 4502 4512 4522 4532 4542
4472 4482 4492 4502 4512 4522 4532 4542
4472 4482 4492 4502 4512 4522 4532 4542
4472 4482 4492 4502 4512 4522 4532 4542
4472 4482 4492 4502 4512 4522 4532 4542
4472 4482 4492 4502 4512 4522 4532 4542
4472 4482 4492 4502 4512 4522 4532 4542
4472 4482 4492 4502 4512 4522 4532 4542
4472 4482 4492 4502 4512 4522 4532 4542
4472 4482 4492 4502 4512 4522 4532 4542
4472 4482 4492 4502 4512 4522 4532 4542
4472 4482 4492 4502 4512 4522 4532 4542
4472 4482 4492 4502 4512 4522 4532 4542
4472 4482 4492 4502 4512 4522 4532 4542
4472 4482 4492 4502 4512 4522 4532 4542
4472 4482 4492 33562 33562 33562 4532 4542
4472 4482 4492 33562 33562 33562 4532 4542
4472 4482 4492 33562 33562 33562 4532 4542
4472 4482 4492 4502 4512 4522 4532 4542
4472 4482 4492 4502 4512 4522 4532 4542
4472 4482 4492 4502 4512 4522 4532 4542
4472 4482 4492 4502 4512 4522 4532 4542
4472 4482 4492 4502 4512 4522 4532 4542
4472 4482 4492 4502 4512 4522 4532 4542
4472 4482 4492 4502 4512 4522 4532 4542
4472 4482 4492 4502 4512 4522 4532 4542
4472 4482 4492 4502 4512 4522 4532 4542
4472 4482 4492 4502 4512 4522 4532 4542
4472 4482 4492 4502 4512 4522 4532 4542
4472 4482 4492 4502 4512 4522 4532 4542
4472 4482 4492 4502 4512 4522 4532 4542
4472 4482 4492 4502 4512 4522 4532 4542
4472 4482 4492 4502 4512 4522 4532 4542
4472 4482 4492 4502 4512 4522 4532 4542
4472 4482 4492 4502 4512 4522 4532 4542
4472 4482 4492 4502 4512 4522 4532 4542
4472 4482 4492 4502 4512 4522 4532 4542
4472 4482 4492 4502 4512 4522 4532 4542
4472 4482 4492 4502 4512 4522 4532 4542
4472 4482 4492 4502 4512 4522 4532 4542
4472 4482 4492 4502 4512 4522 4532 4542
4472 4482 4492 4502 4512 4522 4532 4542
4472 4482 4492 4502 4512 4522 4532 4542
4472 4482 4492 4502 4512 4522 4532 4542
4472 4482 4492 4502 4512 4522 4532 4542
4472 4482 4492 4502 4512 4522 4532 4542
4472 4482 4492 4502 4512 4522 4532 4542
4552 4482 4492 4552 4512 4522 4532 4552
4572 4482 4492 4572 4512 4522 4532 4572
4472 4482 4492 4502 4512 4522 4532 4542
4562 4562 4562 4562 4562 4562 4562 4562
4562 4562 4562 4562 4562 4562 4562 4562
4582 4582 4582 4582 4582 4522 4532 4542
4472 4482 4492 4502 4512 4522 4532 4542
4592 4592 4492 4592 4592 4522 4532 4542
4472 4482 4492 4502 4512 4522 4532 4542
4602 4482 4492 4602 4602 4602 4602 4602
4612 4482 4492 4612 4512 4522 4532 4612
4622 4482 4492 4502 4512 4522 4532 4622
4632 4482 4492 4632 4512 4522 4532 4542
4472 4482 4492 4502 4512 4522 4532 4542
4472 4482 4492 4502 4512 4522 4532 4542
4642 4482 4492 4642 4512 4522 4532 4542
4472 4482 4492 4502 4512 4522 4532 4542
4642 4642 4642 4642 4642 4642 4642 4642
4642 4642 4642 4642 4642 4642 4642 4642
4642 4642 4642 4642 4642 4642 4642 4642
4472 4482 4492 4502 4512 4522 4532 4542
4652 4482 4492 4652 4512 4522 4532 4542
4472 4482 4492 4502 4512 4522 4532 4542
4652 4482 4492 4502 4512 4522 4532 4652
4472 4482 4492 4502 4512 4522 4532 4542
4662 4482 4492 4662 4512 4522 4532 4542
4472 4482 4492 4502 4512 4522 4532 4542
4472 4482 4492 4502 4512 4522 4532 4542
4472 4482 4492 4502 4512 4522 4532 4542
4472 4482 4492 4502 4512 4522 4532 4542
4672 4482 4492 4672 4512 4522 4532 4542
4472 4482 4492 4502 4512 4522 4532 4542
4672 4482 4492 4672 4672 4672 4672 4672
4472 4482 4492 4502 4512 4522 4532 4542
4682 4682 4492 4682 4682 4522 4532 4542
4472 4482 4492 4502 4512 4522 4532 4542
4472 4482 4492 4502 4512 4522 4532 4542
4693 4703 4713 4723 4733 4743 4753 4763
4693 4703 4713 4723 4733 4743 4753 4763
4693 4703 4713 4723 4733 4743 4753 4763
4693 4703 4713 4723 4733 4743 4753 4763
4693 4703 4713 4723 4733 4743 4753 4763
4693 4703 4713 4723 4733 4743 4753 4763
4693 4703 4713 4723 4733 4743 4753 4763
4693 4703 4713 4723 4733 4743 4753 4763
4693 4703 4713 4723 4733 4743 4753 4763
4693 4703 4713 4723 4733 4743 4753 4763
4693 4703 4713 4723 4733 4743 4753 4763
4693 4703 4713 4723 4733 4743 4753 4763
4693 4703 4713 4723 4733 4743 4753 4763
4693 4703 4713 4723 4733 4743 4753 4763
4693 4703 4713 4723 4733 4743 4753 4763
4693 4703 4713 33573 33573 33573 4753 4763
4693 4703 4713 33573 33573 33573 4753 4763
4693 4703 4713 33573 33573 33573 4753 4763
4693 4703 4713 4723 4733 4743 4753 4763
4693 4703 4713 4723 4733 4743 4753 4763
4693 4703 4713 4723 4733 4743 4753 4763
4693 4703 4713 4723 4733 4743 4753 4763
4693 4703 4713 4723 4733 4743 4753 4763
4693 4703 4713 4723 4733 4743 4753 4763
4693 4703 4713 4723 4733 4743 4753 4763
4693 4703 4713 4723 4733 4743 4753 4763
4693 4703 4713 4723 4733 4743 4753 4763
4693 4703 4713 4723 4733 4743 4753 4763
4693 4703 4713 4723 4733 4743 4753 4763
4693 4703 4713 4723 4733 4743 4753 4763
4693 4703 4713 4723 4733 4743 4753 4763
4693 4703 4713 4723 4733 4743 4753 4763
4693 4703 4713 4723 4733 4743 4753 4763
4693 4703 4713 4723 4733 4743 4753 4763
4693 4703 4713 4723 4733 4743 4753 4763
4693 4703 4713 4723 4733 4743 4753 4763
4693 4703 4713 4723 4733 4743 4753 4763
4693 4703 4713 4723 4733 4743 4753 4763
4693 4703 4713 4723 4733 4743 4753 4763
4693 4703 4713 4723 4733 4743 4753 4763
4693 4703 4713 4723 4733 4743 4753 4763
4693 4703 4713 4723 4733 4743 4753 4763
4693 4703 4713 4723 4733 4743 4753 4763
4693 4703 4713 4723 4733 4743 4753 4763
4693 4703 4713 4723 4733 4743 4753 4763
4693 4703 4713 4723 4733 4743 4753 4763
4693 4703 4713 4723 4733 4743 4753 4763
4773 4703 4713 4773 4733 4743 4753 4773
4793 4703 4713 4793 4733 4743 4753 4793
4693 4703 4713 4723 4733 4743 4753 4763
4783 4783 4783 4783 4783 4783 4783 4783
4783 4783 4783 4783 4783 4783 4783 4783
4803 4803 4803 4803 4803 4743 4753 4763
4693 4703 4713 4723 4733 4743 4753 4763
4813 4813 4713 4813 4813 4743 4753 4763
4693 4703 4713 4723 4733 4743 4753 4763
4823 4703 4713 4823 4823 4823 4823 4823
4833 4703 4713 4833 4733 4743 4753 4833
4843 4703 4713 4723 4733 4743 4753 4843
4853 4703 4713 4853 4733 4743 4753 4763
4693 4703 4713 4723 4733 4743 4753 4763
4693 4703 4713 4723 4733 4743 4753 4763
4863 4703 4713 4863 4733 4743 4753 4763
4693 4703 4713 4723 4733 4743 4753 4763
4863 4863 4863 4863 4863 4863 4863 4863
4863 4863 4863 4863 4863 4863 4863 4863
4863 4863 4863 4863 4863 4863 4863 4863
4693 4703 4713 4723 4733 4743 4753 4763
4873 4703 4713 4873 4733 4743 4753 4763
4693 4703 4713 4723 4733 4743 4753 4763
4873 4703 4713 4723 4733 4743 4753 4873
4693 4703 4713 4723 4733 4743 4753 4763
4883 4703 4713 4883 4733 4743 4753 4763
4693 4703 4713 4723 4733 4743 4753 4763
4693 4703 4713 4723 4733 4743 4753 4763
4693 4703 4713 4723 4733 4743 4753 4763
4693 4703 4713 4723 4733 4743 4753 4763
4893 4703 4713 4893 4733 4743 4753 4763
4693 4703 4713 4723 4733 4743 4753 4763
4893 4703 4713 4893 4893 4893 4893 4893
4693 4703 4713 4723 4733 4743 4753 4763
4903 4903 4713 4903 4903 4743 4753 4763
4693 4703 4713 4723 4733 4743 4753 4763
4693 4703 4713 4723 4733 4743 4753 4763
