29361
29361
29361
29361
29361
29361
29361
29361
29361
29361
29361
29361
29361
29361
29361
29361
29361
29361
29361
29361
29361
29361
29361
29361
29361
29361
29361
29361
29361
29361
1612 1622 1632 1642 1652 1662 1672 1682
1612 1622 1632 1642 1652 1662 1672 1682
1612 1622 1632 1642 1652 1662 1672 1682
1612 1622 1632 1642 1652 1662 1672 1682
1612 1622 1632 1642 1652 1662 1672 1682
1612 1622 1632 1642 1652 1662 1672 1682
1612 1622 1632 1642 1652 1662 1672 1682
1612 1622 1632 1642 1652 1662 1672 1682
1612 1622 1632 1642 1652 1662 1672 1682
1612 1622 1632 1642 1652 1662 1672 1682
1612 1622 1632 1642 1652 1662 1672 1682
1612 1622 1632 1642 1652 1662 1672 1682
1612 1622 1632 1642 1652 1662 1672 1682
1612 1622 1632 1642 1652 1662 1672 1682
1612 1622 1632 1642 1652 1662 1672 1682
1612 1622 1632 1642 1652 1662 1672 1682
1612 1622 1632 1642 1652 1662 1672 1682
1612 1622 1632 1642 1652 1662 1672 1682
1612 1622 1632 1642 1652 1662 1672 1682
1612 1622 1632 1642 1652 1662 1672 1682
1612 1622 1632 1642 1652 1662 1672 1682
1612 1622 1632 1642 1652 1662 1672 1682
1612 1622 1632 1642 1652 1662 1672 1682
1612 1622 1632 1642 1652 1662 1672 1682
1612 1622 1632 1642 1652 1662 1672 1682
1612 1622 1632 1642 1652 1662 1672 1682
1612 1622 1632 1642 1652 1662 1672 1682
1612 1622 1632 1642 1652 1662 1672 1682
1612 1622 1632 1642 1652 1662 1672 1682
1612 1622 1632 1642 1652 1662 1672 1682
1612 1622 1632 1642 1652 1662 1672 1682
1612 1622 1632 1642 1652 1662 1672 1682
1612 1622 1632 1642 1652 1662 1672 1682
1612 1622 1632 1642 1652 1662 1672 1682
1612 1622 1632 1642 1652 1662 1672 1682
1612 1622 1632 1642 1652 1662 1672 1682
1612 1622 1632 1642 1652 1662 1672 1682
1612 1622 1632 1642 1652 1662 1672 1682
1612 1622 1632 1642 1652 1662 1672 1682
1612 1622 1632 1642 1652 1662 1672 1682
1612 1622 1632 1642 1652 1662 1672 1682
1612 1622 1632 1642 1652 1662 1672 1682
1612 1622 1632 1642 1652 1662 1672 1682
1612 1622 1632 1642 1652 1662 1672 1682
1612 1622 1632 1642 1652 1662 1672 1682
1612 1622 1632 1642 1652 1662 1672 1682
1612 1622 1632 1642 1652 1662 1672 1682
1612 1622 1632 1642 1652 1662 1672 1682
1612 1622 1632 1642 1652 1662 1672 1682
1612 1622 1632 1642 1652 1662 1672 1682
1612 1622 1632 1642 1652 1662 1672 1682
1612 1622 1632 1642 1652 1662 1672 1682
1612 1622 1632 1642 1652 1662 1672 1682
1612 1622 1632 1642 1652 1662 1672 1682
1612 1622 1632 1642 1652 1662 1672 1682
1612 1622 1632 1642 1652 1662 1672 1682
1612 1622 1632 1642 1652 1662 1672 1682
1612 1622 1632 1642 1652 1662 1672 1682
1612 1622 1632 1642 1652 1662 1672 1682
1612 1622 1632 1642 1652 1662 1672 1682
1692 1622 1632 1692 1652 1662 1672 1682
1612 1622 1632 1642 1652 1662 1672 1682
1612 1622 1632 1642 1652 1662 1672 1682
1692 1622 1632 1692 1652 1662 1672 1682
1692 1622 1632 1692 1652 1662 1672 1682
1692 1622 1632 1692 1652 1662 1672 1682
1692 1622 1632 1692 1652 1662 1672 1682
1612 1622 1632 1642 1652 1662 1672 1682
1612 1622 1632 1642 1652 1662 1672 1682
1692 1622 1632 1692 1652 1662 1672 1682
1692 1622 1632 1692 1652 1662 1672 1682
1612 1622 1632 1642 1652 1662 1672 1682
1612 1622 1632 1642 1652 1662 1672 1682
1692 1622 1632 1692 1652 1662 1672 1682
1692 1622 1632 1692 1652 1662 1672 1682
1692 1622 1632 1692 1652 1662 1672 1682
1612 1622 1632 1642 1652 1662 1672 1682
1612 1622 1632 1642 1652 1662 1672 1682
1692 1622 1632 1692 1652 1662 1672 1682
1692 1622 1632 1692 1652 1662 1672 1682
1612 1622 1632 1642 1652 1662 1672 1682
1612 1622 1632 1642 1652 1662 1672 1682
1612 1622 1632 1642 1652 1662 1672 1682
1612 1622 1632 1642 1652 1662 1672 1682
1703 1713 1723 1733 1743 1753 1763 1773
1703 1713 1723 1733 1743 1753 1763 1773
1703 1713 1723 1733 1743 1753 1763 1773
1703 1713 1723 1733 1743 1753 1763 1773
1703 1713 1723 1733 1743 1753 1763 1773
1703 1713 1723 1733 1743 1753 1763 1773
1703 1713 1723 1733 1743 1753 1763 1773
1703 1713 1723 1733 1743 1753 1763 1773
1703 1713 1723 1733 1743 1753 1763 1773
1703 1713 1723 1733 1743 1753 1763 1773
1703 1713 1723 1733 1743 1753 1763 1773
1703 1713 1723 1733 1743 1753 1763 1773
1703 1713 1723 1733 1743 1753 1763 1773
1703 1713 1723 1733 1743 1753 1763 1773
1703 1713 1723 1733 1743 1753 1763 1773
1703 1713 1723 1733 1743 1753 1763 1773
1703 1713 1723 1733 1743 1753 1763 1773
1703 1713 1723 1733 1743 1753 1763 1773
1703 1713 1723 1733 1743 1753 1763 1773
1703 1713 1723 1733 1743 1753 1763 1773
1703 1713 1723 1733 1743 1753 1763 1773
1703 1713 1723 1733 1743 1753 1763 1773
1703 1713 1723 1733 1743 1753 1763 1773
1703 1713 1723 1733 1743 1753 1763 1773
1703 1713 1723 1733 1743 1753 1763 1773
1703 1713 1723 1733 1743 1753 1763 1773
1703 1713 1723 1733 1743 1753 1763 1773
1703 1713 1723 1733 1743 1753 1763 1773
1703 1713 1723 1733 1743 1753 1763 1773
1703 1713 1723 1733 1743 1753 1763 1773
1703 1713 1723 1733 1743 1753 1763 1773
1703 1713 1723 1733 1743 1753 1763 1773
1703 1713 1723 1733 1743 1753 1763 1773
1703 1713 1723 1733 1743 1753 1763 1773
1703 1713 1723 1733 1743 1753 1763 1773
1703 1713 1723 1733 1743 1753 1763 1773
1703 1713 1723 1733 1743 1753 1763 1773
1703 1713 1723 1733 1743 1753 1763 1773
1703 1713 1723 1733 1743 1753 1763 1773
1703 1713 1723 1733 1743 1753 1763 1773
1703 1713 1723 1733 1743 1753 1763 1773
1703 1713 1723 1733 1743 1753 1763 1773
1703 1713 1723 1733 1743 1753 1763 1773
1703 1713 1723 1733 1743 1753 1763 1773
1703 1713 1723 1733 1743 1753 1763 1773
1703 1713 1723 1733 1743 1753 1763 1773
1703 1713 1723 1733 1743 1753 1763 1773
1703 1713 1723 1733 1743 1753 1763 1773
1703 1713 1723 1733 1743 1753 1763 1773
1703 1713 1723 1733 1743 1753 1763 1773
1703 1713 1723 1733 1743 1753 1763 1773
1703 1713 1723 1733 1743 1753 1763 1773
1703 1713 1723 1733 1743 1753 1763 1773
1703 1713 1723 1733 1743 1753 1763 1773
1703 1713 1723 1733 1743 1753 1763 1773
1703 1713 1723 1733 1743 1753 1763 1773
1703 1713 1723 1733 1743 1753 1763 1773
1703 1713 1723 1733 1743 1753 1763 1773
1703 1713 1723 1733 1743 1753 1763 1773
1703 1713 1723 1733 1743 1753 1763 1773
1783 1713 1723 1783 1743 1753 1763 1773
1703 1713 1723 1733 1743 1753 1763 1773
1703 1713 1723 1733 1743 1753 1763 1773
1783 1713 1723 1783 1743 1753 1763 1773
1783 1713 1723 1783 1743 1753 1763 1773
1783 1713 1723 1783 1743 1753 1763 1773
1783 1713 1723 1783 1743 1753 1763 1773
1703 1713 1723 1733 1743 1753 1763 1773
1703 1713 1723 1733 1743 1753 1763 1773
1783 1713 1723 1783 1743 1753 1763 1773
1783 1713 1723 1783 1743 1753 1763 1773
1703 1713 1723 1733 1743 1753 1763 1773
1703 1713 1723 1733 1743 1753 1763 1773
1783 1713 1723 1783 1743 1753 1763 1773
1783 1713 1723 1783 1743 1753 1763 1773
1783 1713 1723 1783 1743 1753 1763 1773
1703 1713 1723 1733 1743 1753 1763 1773
1703 1713 1723 1733 1743 1753 1763 1773
1783 1713 1723 1783 1743 1753 1763 1773
1783 1713 1723 1783 1743 1753 1763 1773
1703 1713 1723 1733 1743 1753 1763 1773
1703 1713 1723 1733 1743 1753 1763 1773
1703 1713 1723 1733 1743 1753 1763 1773
1703 1713 1723 1733 1743 1753 1763 1773
