45 75 45 30 135 75 135 45 45
80 60 80 90 90 90 35 40 90
80 80 80 90 90 90 40 80 80
65 90 90 90 90 90 30 90 90
90 80 90 90 90 90 40 90 90
20 20 20 90 90 90 30 90 10
120 45 37 75 135 60 135 45 37
60 60 60 30 30 90 90 60 60
90 90 10 20 20 90 90 10 5
20 25 30 50 50 90 90 90 90
45 45 90 40 40 90 90 80 80
55 55 55 60 60 90 90 30 90
15 20 40 40 40 90 90 90 20
70 70 60 90 90 90 25 10 90
55 55 40 90 90 90 30 90 25
40 40 40 60 15 60 60 40 40
30 30 30 80 15 80 80 40 30
60 40 60 80 35 80 80 30 55
70 70 65 80 50 80 80 70 65
50 65 25 80 25 80 80 45 25
40 60 60 80 80 80 80 65 45
45 75 70 80 65 80 80 75 75
35 35 35 35 35 35 35 35 35
