84581
84581
84581
84581
84581
84581
84581
84581
84581
84581
84581
84581
84581
84581
84581
84581
84581
84581
84581
84581
84581
84581
84581
84581
84581
84581
84581
84581
84581
84581
8152 8162 8172
8152 8162 8172
8152 8162 8172
8152 8162 8172
8152 8162 8172
8152 8162 8172
8152 8162 8172
8152 8162 8172
8152 8162 8172
8152 8162 8172
8152 8162 8172
8152 8162 8172
8152 8162 8172
8152 8162 8172
8152 8162 8172
8152 8162 8172
8152 8162 8172
8152 8162 8172
8152 8162 8172
8152 8162 8172
8152 8162 8172
8152 8162 8172
8152 8162 8172
8152 8162 8172
8152 8162 8172
8152 8162 8172
8152 8162 8172
8152 8162 8172
8152 8162 8172
8152 8162 8172
8152 8162 8172
8152 8162 8172
8152 8162 8172
8152 8162 8172
8152 8162 8172
8152 8162 8172
8152 8162 8172
8182 8182 8182
8192 8192 8192
8152 8162 8172
8152 8162 8172
8152 8162 8172
8152 8162 8172
8152 8162 8172
8152 8162 8172
8152 8162 8172
8152 8162 8172
8152 8162 8172
8152 8162 8172
9463 9513 9523 9533 9543 9553 9563
9463 9513 9523 9533 9543 9553 9563
9463 9513 9523 9533 9543 9553 9563
9463 9513 9523 9533 9543 9553 9563
9463 9513 9523 9533 9543 9553 9563
9463 9513 9523 9533 9543 9553 9563
9463 9513 9523 9533 9543 9553 9563
9463 9513 9523 9533 9543 9553 9563
9463 9513 9523 9533 9543 9553 9563
9463 9513 9523 9533 9543 9553 9563
9463 9513 9523 9533 9543 9553 9563
9463 9513 9523 9533 9543 9553 9563
9463 9513 9523 9533 9543 9553 9563
9463 9513 9523 9533 9543 9553 9563
9463 9513 9523 9533 9543 9553 9563
9463 9513 9523 9533 9543 9553 9563
9463 9513 9523 9533 33223 9553 9563
9463 9513 9523 9533 33223 9553 9563
9463 9513 9523 9533 9543 9553 9563
9463 9513 9523 9533 9543 9553 9563
9463 9513 9523 9533 9543 9553 9563
9463 9513 9523 9533 9543 9553 9563
9463 9513 9523 9533 9543 9553 9563
9463 9513 9523 9533 9543 9553 9563
9463 9513 9523 9533 9543 9553 9563
9463 9513 9523 9533 9543 9553 9563
9463 9513 9523 9533 9543 9553 9563
9463 9513 9523 9533 9543 9553 9563
9463 9513 9523 9533 9543 9553 9563
9463 9513 9523 9533 9543 9553 9563
9463 9513 9523 9533 9543 9553 9563
9463 9513 9523 9533 9543 9553 9563
9463 9513 9523 9533 9543 9553 9563
9463 9513 9523 9533 9543 9553 9563
9463 9513 9523 9533 9543 9553 9563
9463 9513 9523 9533 9543 9553 9563
9463 9513 9523 9533 9543 9553 9563
9463 9513 9523 9533 9543 9553 9563
9463 9513 9523 9533 9543 9553 9563
9463 9513 9523 9533 9543 9553 9563
9463 9513 9523 9533 9543 9553 9563
9463 9513 9523 9533 9543 9553 9563
9463 9513 9523 9533 9543 9553 9563
9463 9513 9523 9533 9543 9553 9563
9463 9513 9523 9533 9543 9553 9563
9473 9473 9473 9473 9473 9473 9473
9483 9483 9483 9483 9483 9483 9483
9463 9513 9523 9533 9543 9553 9563
9493 9493 9493 9493 33223 9493 9493
9493 9493 9493 9493 9493 9493 9493
9463 9513 9523 9533 9543 9553 9563
9463 9513 9523 9533 9543 9553 9563
9463 9513 9523 9533 9543 9553 9563
9463 9513 9523 9533 9543 9553 9563
9463 9513 9523 9533 9543 9553 9563
9503 9503 9503 9503 9503 9503 9503
9503 9503 9503 9503 9503 9503 9503
9503 9503 9503 9503 9503 9503 9503
9463 9513 9523 9533 9543 9553 9563
9463 9513 9523 9533 9543 9553 9563
9463 9513 9523 9533 9543 9553 9563
9463 9513 9523 9533 9543 9553 9563
9463 9513 9523 9533 9543 9553 9563
9463 9513 9523 9533 9543 9553 9563
9463 9513 9523 9533 9543 9553 9563
9463 9513 9523 9533 9543 9553 9563
9463 9513 9523 9533 9543 9553 9563
