38741
38741
38741
38741
38741
38741
38741
38741
38741
38741
38741
38741
38741
38741
38741
38741
38741
38741
38741
38741
38741
38741
38741
38741
38741
38741
38741
38741
38741
38741
2802
2802
2802
2802
2802
2802
2802
2802
2802
2802
2802
2802
2802
2802
2802
2802
2802
2802
2802
2802
2802
2802
2802
2802
2802
2802
2802
2802
2802
2802
2802
2802
2802
2802
2802
2802
2802
2802
2802
2802
2802
2802
2802
2802
2802
2802
2802
2802
2802
3053 12313 12323 12333 12343 12353 12363
3053 12313 12323 12333 12343 12353 12363
3053 12313 12323 12333 12343 12353 12363
3053 12313 12323 12333 12343 12353 12363
3053 12313 12323 12333 12343 12353 12363
3053 12313 12323 12333 12343 12353 12363
3053 12313 12323 12333 12343 12353 12363
3053 12313 12323 12333 12343 12353 12363
3053 12313 12323 12333 12343 12353 12363
3053 12313 12323 12333 12343 12353 12363
3053 12313 12323 12333 12343 12353 12363
3053 12313 12323 12333 12343 12353 12363
3053 12313 12323 12333 12343 12353 12363
3053 12313 12323 12333 12343 12353 12363
3053 12313 12323 12333 12343 12353 12363
3053 12313 12323 12333 12343 12353 12363
3053 12313 12323 12333 12343 12353 12363
3053 12313 12323 12333 12343 12353 12363
3053 12313 12323 12333 12343 12353 12363
3053 12313 12323 12333 12343 12353 12363
3053 12313 12323 12333 12343 12353 12363
3053 12313 12323 12333 12343 12353 12363
3053 12313 12323 12333 12343 12353 12363
3053 12313 12323 12333 12343 12353 12363
3053 12313 12323 12333 12343 12353 12363
3053 12313 12323 12333 12343 12353 12363
3053 12313 12323 12333 12343 12353 12363
3053 12313 12323 12333 12343 12353 12363
3053 12313 12323 12333 12343 12353 12363
3053 12313 12323 12333 12343 12353 12363
3053 12313 12323 12333 12343 12353 12363
3053 12313 12323 12333 12343 12353 12363
3053 12313 12323 12333 12343 12353 12363
3053 12313 12323 12333 12343 12353 12363
3053 12313 12323 12333 12343 12353 12363
3053 12313 12323 12333 12343 12353 12363
3053 12313 12323 12333 12343 12353 12363
3053 12313 12323 12333 12343 12353 12363
3053 12313 12323 12333 12343 12353 12363
3053 12313 12323 12333 12343 12353 12363
3053 12313 12323 12333 12343 12353 12363
3053 12313 12323 12333 12343 12353 12363
3053 12313 12323 12333 12343 12353 12363
3053 12313 12323 12333 12343 12353 12363
3053 12313 12323 12333 12343 12353 12363
3053 12313 12323 12333 12343 12353 12363
3053 12313 12323 12333 12343 12353 12363
3053 12313 12323 12333 12343 12353 12363
3053 12313 12323 12333 12343 12353 12363
3053 12313 12323 12333 12343 12353 12363
3053 12313 12323 12333 12343 12353 12363
3053 12313 12323 12333 12343 12353 12363
3053 12313 12323 12333 12343 12353 12363
3053 12313 12323 12333 12343 12353 12363
3053 12313 12323 12333 12343 12353 12363
3053 12313 12323 12333 12343 12353 12363
3053 12313 12323 12333 12343 12353 12363
3053 12313 12323 12333 12343 12353 12363
3053 12313 12323 12333 12343 12353 12363
3053 12313 12323 12333 12343 12353 12363
3053 12313 12323 12333 12343 12353 12363
3053 12313 12323 12333 12343 12353 12363
3053 12313 12323 12333 12343 12353 12363
3053 12313 12323 12333 12343 12353 12363
3053 12313 12323 12333 12343 12353 12363
3053 12313 12323 12333 12343 12353 12363
3053 12313 12323 12333 12343 12353 12363
