84591
84591
84591
84591
84591
84591
84591
84591
84591
84591
84591
84591
84591
84591
84591
84591
84591
84591
84591
84591
84591
84591
84591
84591
84591
84591
84591
84591
84591
84591
52662 52672 52682 52692 52702 52712 52722 52732
52662 52672 52682 52692 52702 52712 52722 52732
52662 52672 52682 52692 52702 52712 52722 52732
52662 52672 52682 52692 52702 52712 52722 52732
52662 52672 52682 52692 52702 52712 52722 52732
52662 52672 52682 52692 52702 52712 52722 52732
52662 52672 52682 52692 52702 52712 52722 52732
52662 52672 52682 52692 52702 52712 52722 52732
52662 52672 52682 52692 52702 52712 52722 52732
52662 52672 52682 52692 52702 52712 52722 52732
52662 52672 52682 52692 52702 52712 52722 52732
52662 52672 52682 52692 52702 52712 52722 52732
52662 52672 52682 52692 52702 52712 52722 52732
52662 52672 52682 52692 52702 52712 52722 52732
52662 52672 52682 52692 52702 52712 52722 52732
52662 52672 52682 52692 52702 52712 52722 52732
52662 52672 52682 52692 52702 52712 52722 52732
52662 52672 52682 52692 52702 52712 52722 52732
52662 52672 52682 52692 52702 52712 52722 52732
52662 52672 52682 52692 52702 52712 52722 52732
52662 52672 52682 52692 52702 52712 52722 52732
52662 52672 52682 52692 52702 52712 52722 52732
52662 52672 52682 52692 52702 52712 52722 52732
52662 52672 52682 52692 52702 52712 52722 52732
52662 52672 52682 52692 52702 52712 52722 52732
52662 52672 52682 52692 52702 52712 52722 52732
52662 52672 52682 52692 52702 52712 52722 52732
52662 52672 52682 52692 52702 52712 52722 52732
52662 52672 52682 52692 52702 52712 52722 52732
52662 52672 52682 52692 52702 52712 52722 52732
52662 52672 52682 52692 52702 52712 52722 52732
52662 52672 52682 52692 52702 52712 52722 52732
52662 52672 52682 52692 52702 52712 52722 52732
52662 52672 52682 52692 52702 52712 52722 52732
52662 52672 52682 52692 52702 52712 52722 52732
52662 52672 52682 52692 52702 52712 52722 52732
52662 52672 52682 52692 52702 52712 52722 52732
52662 52672 52682 52692 52702 52712 52722 52732
52662 52672 52682 52692 52702 52712 52722 52732
52662 52672 52682 52692 52702 52712 52722 52732
52662 52672 52682 52692 52702 52712 52722 52732
52662 52672 52682 52692 52702 52712 52722 52732
52662 52672 52682 52692 52702 52712 52722 52732
52662 52672 52682 52692 52702 52712 52722 52732
52662 52672 52682 52692 52702 52712 52722 52732
52662 52672 52682 52692 52702 52712 52722 52732
52662 52672 52682 52692 52702 52712 52722 52732
52662 52672 52682 52692 52702 52712 52722 52732
52662 52672 52682 52692 52702 52712 52722 52732
52662 52672 52682 52692 52702 52712 52722 52732
52662 52672 52682 52692 52702 52712 52722 52732
52662 52672 52682 52692 52702 52712 52722 52732
52662 52672 52682 52692 52702 52712 52722 52732
52662 52672 52682 52692 52702 52712 52722 52732
52662 52672 52682 52692 52702 52712 52722 52732
52662 52672 52682 52692 52702 52712 52722 52732
52662 52672 52682 52692 52702 52712 52722 52732
52662 52672 52682 52692 52702 52712 52722 52732
52662 52672 52682 52692 52702 52712 52722 52732
52662 52672 52682 52692 52702 52712 52722 52732
52662 52672 52682 52692 52702 52712 52722 52732
52662 52672 52682 52692 52702 52712 52722 52732
52662 52672 52682 52692 52702 52712 52722 52732
52662 52672 52682 52692 52702 52712 52722 52732
52662 52672 52682 52692 52702 52712 52722 52732
52662 52672 52682 52692 52702 52712 52722 52732
52662 52672 52682 52692 52702 52712 52722 52732
52662 52672 52682 52692 52702 52712 52722 52732
52662 52672 52682 52692 52702 52712 52722 52732
52662 52672 52682 52692 52702 52712 52722 52732
52662 52672 52682 52692 52702 52712 52722 52732
52662 52672 52682 52692 52702 52712 52722 52732
52662 52672 52682 52692 52702 52712 52722 52732
52662 52672 52682 52692 52702 52712 52722 52732
52662 52672 52682 52692 52702 52712 52722 52732
52662 52672 52682 52692 52702 52712 52722 52732
52662 52672 52682 52692 52702 52712 52722 52732
52662 52672 52682 52692 52702 52712 52722 52732
52662 52672 52682 52692 52702 52712 52722 52732
52662 52672 52682 52692 52702 52712 52722 52732
52662 52672 52682 52692 52702 52712 52722 52732
52662 52672 52682 52692 52702 52712 52722 52732
52662 52672 52682 52692 52702 52712 52722 52732
52662 52672 52682 52692 52702 52712 52722 52732
52662 52672 52682 52692 52702 52712 52722 52732
53143 53153 53163 53173 53183 53193 53203 53213
53143 53153 53163 53173 53183 53193 53203 53213
53143 53153 53163 53173 53183 53193 53203 53213
53143 53153 53163 53173 53183 53193 53203 53213
53143 53153 53163 53173 53183 53193 53203 53213
53143 53153 53163 53173 53183 53193 53203 53213
53143 53153 53163 53173 53183 53193 53203 53213
53143 53153 53163 53173 53183 53193 53203 53213
53143 53153 53163 53173 53183 53193 53203 53213
53143 53153 53163 53173 53183 53193 53203 53213
53143 53153 53163 53173 53183 53193 53203 53213
53143 53153 53163 53173 53183 53193 53203 53213
53143 53153 53163 53173 53183 53193 53203 53213
53143 53153 53163 53173 53183 53193 53203 53213
53143 53153 53163 53173 53183 53193 53203 53213
53143 53153 53163 53173 53183 53193 53203 53213
53143 53153 53163 53173 53183 53193 53203 53213
53143 53153 53163 53173 53183 53193 53203 53213
53143 53153 53163 53173 53183 53193 53203 53213
53143 53153 53163 53173 53183 53193 53203 53213
53143 53153 53163 53173 53183 53193 53203 53213
53143 53153 53163 53173 53183 53193 53203 53213
53143 53153 53163 53173 53183 53193 53203 53213
53143 53153 53163 53173 53183 53193 53203 53213
53143 53153 53163 53173 53183 53193 53203 53213
53143 53153 53163 53173 53183 53193 53203 53213
53143 53153 53163 53173 53183 53193 53203 53213
53143 53153 53163 53173 53183 53193 53203 53213
53143 53153 53163 53173 53183 53193 53203 53213
53143 53153 53163 53173 53183 53193 53203 53213
53143 53153 53163 53173 53183 53193 53203 53213
53143 53153 53163 53173 53183 53193 53203 53213
53143 53153 53163 53173 53183 53193 53203 53213
53143 53153 53163 53173 53183 53193 53203 53213
53143 53153 53163 53173 53183 53193 53203 53213
53143 53153 53163 53173 53183 53193 53203 53213
53143 53153 53163 53173 53183 53193 53203 53213
53143 53153 53163 53173 53183 53193 53203 53213
53143 53153 53163 53173 53183 53193 53203 53213
53143 53153 53163 53173 53183 53193 53203 53213
53143 53153 53163 53173 53183 53193 53203 53213
53143 53153 53163 53173 53183 53193 53203 53213
53143 53153 53163 53173 53183 53193 53203 53213
53143 53153 53163 53173 53183 53193 53203 53213
53143 53153 53163 53173 53183 53193 53203 53213
53143 53153 53163 53173 53183 53193 53203 53213
53143 53153 53163 53173 53183 53193 53203 53213
53143 53153 53163 53173 53183 53193 53203 53213
53143 53153 53163 53173 53183 53193 53203 53213
53143 53153 53163 53173 53183 53193 53203 53213
53143 53153 53163 53173 53183 53193 53203 53213
53143 53153 53163 53173 53183 53193 53203 53213
53143 53153 53163 53173 53183 53193 53203 53213
53143 53153 53163 53173 53183 53193 53203 53213
53143 53153 53163 53173 53183 53193 53203 53213
53143 53153 53163 53173 53183 53193 53203 53213
53143 53153 53163 53173 53183 53193 53203 53213
53143 53153 53163 53173 53183 53193 53203 53213
53143 53153 53163 53173 53183 53193 53203 53213
53143 53153 53163 53173 53183 53193 53203 53213
53143 53233 53233 53223 53233 53233 53233 53223
53143 53243 53243 53243 53243 53243 53243 53243
53143 53243 53243 53243 53243 53243 53243 53243
53143 53243 53243 53243 53243 53243 53243 53243
53143 53263 53263 53253 53263 53263 53263 53253
53143 53263 53263 53253 53263 53263 53263 53253
53143 53263 53263 53253 53263 53263 53263 53253
53143 53263 53263 53253 53263 53263 53263 53253
53143 53263 53263 53253 53263 53263 53263 53253
53143 53263 53263 53253 53263 53263 53263 53253
53143 53153 53163 53173 53183 53193 53203 53213
53143 53153 53163 53173 53183 53193 53203 53213
53143 53243 53243 53243 53243 53243 53243 53213
53143 53243 53243 53223 53243 53243 53243 53223
53143 53263 53263 53253 53263 53263 53263 53253
53143 53263 53263 53253 53263 53263 53263 53253
53143 53263 53263 53253 53263 53263 53263 53253
53143 53153 53163 53173 53183 53193 53203 53213
53143 53153 53163 53173 53183 53193 53203 53213
53143 53153 53163 53173 53183 53193 53203 53213
53143 53273 53273 53273 53273 53273 53273 53273
53143 53153 53163 53173 53183 53193 53203 53213
53143 53283 53283 53283 53283 53283 53283 53283
53143 53283 53283 53283 53283 53283 53283 53283
53143 53153 53163 53173 53183 53193 53203 53213
