38781
38781
38781
38781
38781
38781
38781
38781
38781
38781
38781
38781
38781
38781
38781
38781
38781
38781
38781
38781
38781
38781
38781
38781
38781
38781
38781
38781
38781
38781
5212 5222 5232 5242 5262 5252
5212 5222 5232 5242 5262 5252
5212 5222 5232 5242 5262 5252
5212 5222 5232 5242 5262 5252
5212 5222 5232 5242 5262 5252
5212 5222 5232 5242 5262 5252
5212 5222 5232 5242 5262 5252
5212 5222 5232 5242 5262 5252
5212 5222 5232 5242 5262 5252
5212 5222 5232 5242 5262 5252
5212 5222 5232 5242 5262 5252
5212 5222 5232 5242 5262 5252
5212 5222 5232 5242 5262 5252
5212 5222 5232 5242 5262 5252
5212 5222 5232 5242 5262 5252
5212 5222 5232 5242 5262 5252
5212 5222 5232 5242 5262 5252
5212 5222 5232 5242 5262 5252
5212 5222 5232 5242 5262 5252
5212 5222 5232 5242 5262 5252
5212 5222 5232 5242 5262 5252
5212 5222 5232 5242 5262 5252
5212 5222 5232 5242 5262 5252
5212 5222 5232 5242 5262 5252
5212 5222 5232 5242 5262 5252
5212 5222 5232 5242 5262 5252
5212 5222 5232 5242 5262 5252
5212 5222 5232 5242 5262 5252
5212 5222 5232 5242 5262 5252
5212 5222 5232 5242 5262 5252
5212 5222 5232 5242 5262 5252
5212 5222 5232 5242 5262 5252
5212 5222 5232 5242 5262 5252
5212 5222 5232 5242 5262 5252
5212 5222 5232 5242 5262 5252
5212 5222 5232 5242 5262 5252
5212 5222 5232 5242 5262 5252
5212 5222 5232 5242 5262 5252
5212 5222 5232 5242 5262 5252
5212 5222 5232 5242 5262 5252
5212 5222 5232 5242 5262 5252
5212 5222 5232 5242 5262 5252
5212 5222 5232 5242 5262 5252
5212 5222 5232 5242 5262 5252
5212 5222 5232 5242 5262 5252
5212 5222 5232 5242 5262 5252
5212 5222 5232 5242 5262 5252
5212 5222 5232 5242 5262 5252
5212 5222 5232 5242 5262 5252
5212 5222 5232 5242 5262 5252
5212 5222 5232 5242 5262 5252
5212 5222 5232 5242 5262 5252
5212 5222 5232 5242 5262 5252
5212 5222 5232 5242 5262 5252
5212 5222 5232 5242 5262 5252
5212 5222 5232 5242 5262 5252
5212 5222 5232 5242 5262 5252
5212 5222 5232 5242 5262 5252
5212 5222 5232 5242 5262 5252
5212 5222 5232 5242 5262 5252
5212 5222 5232 5242 5262 5252
5212 5222 5232 5242 5262 5252
5212 5222 5232 5242 5262 5252
5212 5222 5232 5242 5262 5252
5212 5222 5232 5242 5262 5252
5212 5222 5232 5242 5262 5252
5212 5222 5232 5242 5262 5252
7973 7983 7993 8003 8013 8023 8033 8043
7973 7983 7993 8003 8013 8023 8033 8043
7973 7983 7993 8003 8013 8023 8033 8043
7973 7983 7993 8003 8013 8023 8033 8043
7973 7983 7993 8003 8013 8023 8033 8043
7973 7983 7993 8003 8013 8023 8033 8043
7973 7983 7993 8003 8013 8023 8033 8043
7973 7983 7993 8003 8013 8023 8033 8043
7973 7983 7993 8003 8013 8023 8033 8043
7973 7983 7993 8003 8013 8023 8033 8043
7973 7983 7993 8003 8013 8023 8033 8043
7973 7983 7993 8003 8013 8023 8033 8043
7973 7983 7993 8003 8013 8023 8033 8043
7973 7983 7993 8003 8013 8023 8033 8043
7973 7983 7993 8003 8013 8023 8033 8043
7973 7983 7993 8003 8013 8023 8033 8043
7973 7983 7993 8003 8013 8023 8033 8043
7973 7983 7993 8003 8013 8023 8033 8043
7973 7983 7993 8003 8013 8023 8033 8043
7973 7983 7993 8003 8013 8023 8033 8043
7973 7983 7993 8003 8013 8023 8033 8043
7973 7983 7993 8003 8013 8023 8033 8043
7973 7983 7993 8003 8013 8023 8033 8043
7973 7983 7993 8003 8013 8023 8033 8043
7973 7983 7993 8003 8013 8023 8033 8043
7973 7983 7993 8003 8013 8023 8033 8043
7973 7983 7993 8003 8013 8023 8033 8043
7973 7983 7993 8003 8013 8023 8033 8043
7973 7983 7993 8003 8013 8023 8033 8043
7973 7983 7993 8003 8013 8023 8033 8043
7973 7983 7993 8003 8013 8023 8033 8043
7973 7983 7993 8003 8013 8023 8033 8043
7973 7983 7993 8003 8013 8023 8033 8043
7973 7983 7993 8003 8013 8023 8033 8043
7973 7983 7993 8003 8013 8023 8033 8043
7973 7983 7993 8003 8013 8023 8033 8043
7973 7983 7993 8003 8013 8023 8033 8043
7973 7983 7993 8003 8013 8023 8033 8043
7973 7983 7993 8003 8013 8023 8033 8043
7973 7983 7993 8003 8013 8023 8033 8043
7973 7983 7993 8003 8013 8023 8033 8043
7973 7983 7993 8003 8013 8023 8033 8043
7973 7983 7993 8003 8013 8023 8033 8043
7973 7983 7993 8003 8013 8023 8033 8043
7973 7983 7993 8003 8013 8023 8033 8043
7973 7983 7993 8003 8013 8023 8033 8043
7973 7983 7993 8003 8013 8023 8033 8043
7973 7983 7993 8003 8013 8023 8033 8043
7973 7983 7993 8003 8013 8023 8033 8043
7973 7983 7993 8003 8013 8023 8033 8043
7973 7983 7993 8003 8013 8023 8033 8043
7973 7983 7993 8003 8013 8023 8033 8043
7973 7983 7993 8003 8013 8023 8033 8043
7973 7983 7993 8003 8013 8023 8033 8043
7973 7983 7993 8003 8013 8023 8033 8043
7973 7983 7993 8003 8013 8023 8033 8043
7973 7983 7993 8003 8013 8023 8033 8043
7973 7983 7993 8003 8013 8023 8033 8043
7973 7983 7993 8003 8013 8023 8033 8043
7973 7983 7993 8003 8013 8023 8033 8043
8053 7983 7993 8053 8013 8023 8033 8043
7973 7983 7993 8003 8013 8023 8033 8043
7973 7983 7993 8003 8013 8023 8033 8043
8053 7983 7993 8053 8013 8023 8033 8043
8053 7983 7993 8053 8013 8023 8033 8043
8053 7983 7993 8053 8013 8023 8033 8043
8053 7983 7993 8053 8013 8023 8033 8043
7973 7983 7993 8003 8013 8023 8033 8043
7973 7983 7993 8003 8013 8023 8033 8043
8053 7983 7993 8053 8013 8023 8033 8043
8053 7983 7993 8053 8013 8023 8033 8043
7973 7983 7993 8003 8013 8023 8033 8043
7973 7983 7993 8003 8013 8023 8033 8043
8053 7983 7993 8053 8013 8023 8033 8043
8053 7983 7993 8053 8013 8023 8033 8043
8053 7983 7993 8053 8013 8023 8033 8043
7973 7983 7993 8003 8013 8023 8033 8043
7973 7983 7993 8003 8013 8023 8033 8043
8053 7983 7993 8053 8013 8023 8033 8043
8053 7983 7993 8053 8013 8023 8033 8043
7973 7983 7993 8003 8013 8023 8033 8043
7973 7983 7993 8003 8013 8023 8033 8043
7973 7983 7993 8003 8013 8023 8033 8043
7973 7983 7993 8003 8013 8023 8033 8043
