84621
84621
84621
84621
84621
84621
84621
84621
84621
84621
84621
84621
84621
84621
84621
84621
84621
84621
84621
84621
84621
84621
84621
84621
84621
84621
84621
84621
84621
84621
14742 14762 14772 14782 14792
14742 14762 14772 14782 14792
14742 14762 14772 14782 14792
14742 14762 14772 14782 14792
14742 14762 14772 14782 14792
14742 14762 14772 14782 14792
14742 14762 14772 14782 14792
14742 14762 14772 14782 14792
14742 14762 14772 14782 14792
14742 14762 14772 14782 14792
14742 14762 14772 14782 14792
14742 14762 14772 14782 14792
14742 14762 14772 14782 14792
14742 14762 14772 14782 14792
14742 14762 14772 14782 14792
14742 14762 14772 14782 34162
14742 14762 14772 14782 34162
14742 14762 14772 14782 34162
14742 14762 14772 14782 14792
14742 14762 14772 14782 14792
14742 14762 14772 14782 14792
14742 14762 14772 14782 14792
14742 14762 14772 14782 14792
14742 14762 14772 14782 14792
14742 14762 14772 14782 14792
14742 14762 14772 14782 14792
14742 14762 14772 14782 14792
14742 14762 14772 14782 14792
14742 14762 14772 14782 14792
14742 14762 14772 14782 14792
14742 14762 14772 14782 14792
14742 14762 14772 14782 14792
14742 14762 14772 14782 14792
14742 14762 14772 14782 14792
14742 14762 14772 14782 14792
14742 14762 14772 14782 14792
14742 14762 14772 14782 14792
14742 14762 14772 14782 14792
14742 14762 14772 14782 14792
14742 14762 14772 14782 14792
14742 14762 14772 14782 14792
14742 14762 14772 14782 14792
14742 14762 14772 14782 14792
14742 14762 14772 14782 14792
14742 14762 14772 14782 14792
14742 14762 14772 14782 14792
14742 14762 14772 14782 14792
14752 14752 14752 14782 14792
14742 14762 14772 14782 14792
14742 14762 14772 14782 14792
14742 14762 14772 14782 14792
14742 14762 14772 14782 14792
14742 14762 14772 14782 14792
14742 14762 14772 14782 14792
14742 14762 14772 14782 14792
14742 14762 14772 14782 14792
14742 14822 14772 14782 14792
14742 14762 14772 14782 14792
14742 14762 14772 14782 14792
14832 14832 14832 14782 14792
14742 14762 14772 14782 14792
14742 14762 14772 14782 14792
28842 28842 28842 14782 14792
28852 28852 28852 28852 28852
28852 28852 28852 28852 28852
28852 28852 28852 28852 28852
14742 14762 14772 14782 14792
20963 20973 20983 20993 21003 21013 21023 21033
20963 20973 20983 20993 21003 21013 21023 21033
20963 20973 20983 20993 21003 21013 21023 21033
20963 20973 20983 20993 21003 21013 21023 21033
20963 20973 20983 20993 21003 21013 21023 21033
20963 20973 20983 20993 21003 21013 21023 21033
20963 20973 20983 20993 21003 21013 21023 21033
20963 20973 20983 20993 21003 21013 21023 21033
20963 20973 20983 20993 21003 21013 21023 21033
20963 20973 20983 20993 21003 21013 21023 21033
20963 20973 20983 20993 21003 21013 21023 21033
20963 20973 20983 20993 21003 21013 21023 21033
20963 20973 20983 20993 21003 21013 21023 21033
20963 20973 20983 20993 21003 21013 21023 21033
20963 20973 20983 20993 21003 21013 21023 21033
20963 20973 20983 34263 34263 34263 21023 21033
20963 20973 20983 34263 34263 34263 21023 21033
20963 20973 20983 34263 34263 34263 21023 21033
20963 20973 20983 20993 21003 21013 21023 21033
20963 20973 20983 20993 21003 21013 21023 21033
20963 20973 20983 20993 21003 21013 21023 21033
20963 20973 20983 20993 21003 21013 21023 21033
20963 20973 20983 20993 21003 21013 21023 21033
20963 20973 20983 20993 21003 21013 21023 21033
20963 20973 20983 20993 21003 21013 21023 21033
20963 20973 20983 20993 21003 21013 21023 21033
20963 20973 20983 20993 21003 21013 21023 21033
20963 20973 20983 20993 21003 21013 21023 21033
20963 20973 20983 20993 21003 21013 21023 21033
20963 20973 20983 20993 21003 21013 21023 21033
20963 20973 20983 20993 21003 21013 21023 21033
20963 20973 20983 20993 21003 21013 21023 21033
20963 20973 20983 20993 21003 21013 21023 21033
20963 20973 20983 20993 21003 21013 21023 21033
20963 20973 20983 20993 21003 21013 21023 21033
20963 20973 20983 20993 21003 21013 21023 21033
20963 20973 20983 20993 21003 21013 21023 21033
20963 20973 20983 20993 21003 21013 21023 21033
20963 20973 20983 20993 21003 21013 21023 21033
20963 20973 20983 20993 21003 21013 21023 21033
20963 20973 20983 20993 21003 21013 21023 21033
20963 20973 20983 20993 21003 21013 21023 21033
20963 20973 20983 20993 21003 21013 21023 21033
20963 20973 20983 20993 21003 21013 21023 21033
20963 20973 20983 20993 21003 21013 21023 21033
20963 20973 20983 20993 21003 21013 21023 21033
20963 20973 20983 20993 21003 21013 21023 21033
21043 20973 20983 21043 21003 21013 21023 21043
21063 20973 20983 21063 21003 21013 21023 21063
20963 20973 20983 20993 21003 21013 21023 21033
21053 21053 21053 21053 21053 21053 21053 21053
21053 21053 21053 21053 21053 21053 21053 21053
21073 21073 21073 21073 21073 21013 21023 21033
20963 20973 20983 20993 21003 21013 21023 21033
21083 21083 20983 21083 21083 21013 21023 21033
20963 20973 20983 20993 21003 21013 21023 21033
21093 20973 20983 21093 21093 21093 21093 21093
21103 20973 20983 21103 21003 21013 21023 21103
21113 20973 20983 20993 21003 21013 21023 21113
21123 20973 20983 21123 21003 21013 21023 21033
20963 20973 20983 20993 21003 21013 21023 21033
20963 20973 20983 20993 21003 21013 21023 21033
21133 20973 20983 21133 21003 21013 21023 21033
20963 20973 20983 20993 21003 21013 21023 21033
21133 21133 21133 21133 21133 21133 21133 21133
21133 21133 21133 21133 21133 21133 21133 21133
21133 21133 21133 21133 21133 21133 21133 21133
20963 20973 20983 20993 21003 21013 21023 21033
21143 20973 20983 21143 21003 21013 21023 21033
20963 20973 20983 20993 21003 21013 21023 21033
21143 20973 20983 20993 21003 21013 21023 21143
20963 20973 20983 20993 21003 21013 21023 21033
21153 20973 20983 21153 21003 21013 21023 21033
20963 20973 20983 20993 21003 21013 21023 21033
20963 20973 20983 20993 21003 21013 21023 21033
20963 20973 20983 20993 21003 21013 21023 21033
20963 20973 20983 20993 21003 21013 21023 21033
21163 20973 20983 21163 21003 21013 21023 21033
20963 20973 20983 20993 21003 21013 21023 21033
21163 20973 20983 21163 21163 21163 21163 21163
20963 20973 20983 20993 21003 21013 21023 21033
21173 21173 20983 21173 21173 21013 21023 21033
20963 20973 20983 20993 21003 21013 21023 21033
20963 20973 20983 20993 21003 21013 21023 21033
