84561
84561
84561
84561
84561
84561
84561
84561
84561
84561
84561
84561
84561
84561
84561
84561
84561
84561
84561
84561
84561
84561
84561
84561
84561
84561
84561
84561
84561
84561
7792 7792 7792
7792 7792 7792
7792 7792 7792
7792 7792 7792
7792 7792 7792
7792 7792 7792
7792 7792 7792
7792 7792 7792
7792 7792 7792
7792 7792 7792
7792 7792 7792
7792 7792 7792
7792 7792 7792
7792 7792 7792
7792 7792 7792
7792 7792 7792
7792 7792 7792
7792 7792 7792
7792 7792 7792
7792 7792 7792
7792 7792 7792
7792 7792 7792
7792 7792 7792
7792 7792 7792
7792 7792 7792
7792 7792 7792
7792 7792 7792
7792 7792 7792
7792 7792 7792
7792 7792 7792
7792 7792 7792
7792 7792 7792
64463
64463
64463
64463
64463
64463
64463
64463
64463
64463
64463
64463
64463
64463
64463
64463
64463
64463
64463
64463
64463
64463
64463
64463
64463
64463
64463
64463
