61581
61581
61581
61581
61581
61581
61581
61581
61581
61581
61581
61581
61581
61581
61581
61581
61581
61581
61581
61581
61581
61581
61581
61581
61581
61581
61581
61581
61581
61581
342 732 742 752
342 732 742 752
342 732 742 752
342 732 742 752
342 732 742 752
342 732 742 752
342 732 742 752
342 732 742 752
342 732 742 752
342 732 742 752
342 732 742 752
342 732 742 752
342 732 742 752
342 732 742 752
342 732 742 752
342 732 742 752
342 732 742 752
342 732 742 752
342 732 742 752
342 732 742 752
342 732 742 752
342 732 742 752
342 732 742 752
342 732 742 752
342 732 742 752
342 732 742 752
342 732 742 752
342 732 742 752
342 732 742 752
342 732 742 752
342 732 742 752
342 732 742 752
342 732 742 752
342 732 742 752
342 732 742 752
342 732 742 752
342 732 742 752
342 732 742 752
692 692 692 692
702 702 702 702
342 732 742 752
712 712 712 712
712 712 712 712
342 732 742 752
342 732 742 752
722 722 722 722
342 732 742 752
342 732 742 752
342 732 742 752
342 732 742 752
3573 3583 3593
3573 3583 3593
3573 3583 3593
3573 3583 3593
3573 3583 3593
3573 3583 3593
3573 3583 3593
3573 3583 3593
3573 3583 3593
3573 3583 3593
3573 3583 3593
3573 3583 3593
3573 3583 3593
3573 3583 3593
3573 3583 3593
3573 3583 3593
3573 3583 3593
3573 3583 3593
3573 3583 3593
3573 3583 3593
3573 3583 3593
3573 3583 3593
3573 3583 3593
3573 3583 3593
3573 3583 3593
3573 3583 3593
3573 3583 3593
3573 3583 3593
3573 3583 3593
3573 3583 3593
3573 3583 3593
3573 3583 3593
3573 3583 3593
3573 3583 3593
3573 3583 3593
3573 3583 3593
3573 3583 3593
3603 3603 3603
3613 3613 3613
3573 3583 3593
3573 3583 3593
3573 3583 3593
3573 3583 3593
3573 3583 3593
3573 3583 3593
3573 3583 3593
3573 3583 3593
3573 3583 3593
3573 3583 3593
3894 3904 3914 3924 3934 29634
3894 3904 3914 3924 3934 29634
3894 3904 3914 3924 3934 29634
3894 3904 3914 3924 3934 29634
3894 3904 3914 3924 3934 29634
3894 3904 3914 3924 3934 29634
3894 3904 3914 3924 3934 29634
3894 3904 3914 3924 3934 29634
3894 3904 3914 3924 3934 29634
3894 3904 3914 3924 3934 29634
3894 3904 3914 3924 3934 29634
3894 3904 3914 3924 3934 29634
3894 3904 3914 3924 3934 29634
3894 3904 3914 3924 3934 29634
3894 3904 3914 3924 3934 29634
3894 33524 3914 33524 3934 29634
3894 33524 3914 33524 3934 29634
3894 33524 3914 33524 3934 29634
3894 3904 3914 3924 3934 29634
3894 3904 3914 3924 3934 29634
3894 3904 3914 3924 3934 29634
3894 3904 3914 3924 3934 29634
3894 3904 3914 3924 3934 29634
3894 3904 3914 3924 3934 29634
3894 3904 3914 3924 3934 29634
3894 3904 3914 3924 3934 29634
3894 3904 3914 3924 3934 29634
3894 3904 3914 3924 3934 29634
3894 3904 3914 3924 3934 29634
3894 3904 3914 3924 3934 29634
3894 3904 3914 3924 3934 29634
3894 3904 3914 3924 3934 29634
3894 3904 3914 3924 3934 29634
3894 3904 3914 3924 3934 29634
3894 3904 3914 3924 3934 29634
3894 3904 3914 3924 3934 29634
3894 3904 3914 3924 3934 29634
3894 3904 3914 3924 3934 29634
3894 3904 3914 3924 3934 29634
3894 3904 3914 3924 3934 29634
3894 3904 3914 3924 3934 29634
3894 3904 3914 3924 3934 29634
3894 3904 3914 3924 3934 29634
3894 3904 3914 3924 3934 29634
3894 3904 3914 3924 3934 29634
3894 3904 3914 3924 3934 29634
3894 3904 3914 3924 3934 29634
3944 3944 3944 3944 3944 29634
3894 3904 3914 3924 3934 29634
3954 3954 3954 3954 3954 29634
3964 3964 3964 3964 3964 29634
3974 3974 3974 3974 3974 29634
3974 3974 3974 3974 3974 29634
3974 3974 3974 3974 3974 29634
3894 3904 3914 3924 3934 29634
3894 3904 3914 3924 3934 29634
3894 3904 3914 3924 3934 29634
3984 3984 3984 3984 3984 29634
3894 3904 3914 3924 3934 29634
3894 3904 3914 3924 3934 29634
3894 3904 33534 3924 3934 29634
3894 3904 33534 3924 3934 29634
3894 3904 33534 3924 3934 29634
3894 3904 3914 3924 3934 29634
3894 3904 3914 3924 3934 29634
3894 3904 3914 3924 3934 29634
