29361
29361
29361
29361
29361
29361
29361
29361
29361
29361
29361
29361
29361
29361
29361
29361
29361
29361
29361
29361
29361
29361
29361
29361
29361
29361
29361
29361
29361
29361
92
92
92
92
92
92
92
92
92
92
92
92
92
92
92
92
92
92
92
92
92
92
92
92
92
92
92
92
92
92
92
92
92
92
92
92
92
92
92
92
92
92
92
92
92
92
92
92
92
92
1253
1253
1253
1253
1253
1253
1253
1253
1253
1253
1253
1253
1253
1253
1253
1253
1253
1253
1253
1253
1253
1253
1253
1253
1253
1253
1253
1253
1253
1253
1253
1253
1253
1253
1253
1253
1253
1253
1253
1253
1253
1253
1253
1253
1253
1253
1253
1253
1253
1304 1294 1314 1324 1334 1344 13904
1304 1294 1314 1324 1334 1344 13904
1304 1294 1314 1324 1334 1344 13904
1304 1294 1314 1324 1334 1344 13904
1304 1294 1314 1324 1334 1344 13904
1304 1294 1314 1324 1334 1344 13904
1304 1294 1314 1324 1334 1344 13904
1304 1294 1314 1324 1334 1344 13904
1304 1294 1314 1324 1334 1344 13904
1304 1294 1314 1324 1334 1344 13904
1304 1294 1314 1324 1334 1344 13904
1304 1294 1314 1324 1334 1344 13904
1304 1294 1314 1324 1334 1344 13904
1304 1294 1314 1324 1334 1344 13904
1304 1294 1314 1324 1334 1344 13904
1304 1294 1314 1324 1334 1344 13904
1304 1294 1314 1324 1334 1344 13904
1304 1294 1314 1324 1334 1344 13904
1304 1294 1314 1324 1334 1344 13904
1304 1294 1314 1324 1334 1344 13904
1304 1294 1314 1324 1334 1344 13904
1304 1294 1314 1324 1334 1344 13904
1304 1294 1314 1324 1334 1344 13904
1304 1294 1314 1324 1334 1344 13904
1304 1294 1314 1324 1334 1344 13904
1304 1294 1314 1324 1334 1344 13904
1304 1294 1314 1324 1334 1344 13904
1304 1294 1314 1324 1334 1344 13904
1304 1294 1314 1324 1334 1344 13904
1304 1294 1314 1324 1334 1344 13904
1304 1294 1314 1324 1334 1344 13904
1304 1294 1314 1324 1334 1344 13904
1304 1294 1314 1324 1334 1344 13904
1304 1294 1314 1324 1334 1344 13904
1304 1294 1314 1324 1334 1344 13904
1304 1294 1314 1324 1334 1344 13904
1304 1294 1314 1324 1334 1344 13904
1304 1294 1314 1324 1334 1344 13904
1304 1294 1314 1324 1334 1344 13904
1304 1294 1314 1324 1334 1344 13904
1304 1294 1314 1324 1334 1344 13904
1304 1294 1314 1324 1334 1344 13904
1304 1294 1314 1324 1334 1344 13904
1304 1294 1314 1324 1334 1344 13904
1304 1294 1314 1324 1334 1344 13904
1304 1294 1314 1324 1334 1344 13904
1304 1294 1314 1324 1334 1344 13904
1304 1294 1314 1324 1334 1344 13904
1304 1294 1314 1324 1334 1344 13904
1304 1294 1314 1324 1334 1344 13904
1304 1294 1314 1324 1334 1344 13904
1304 1294 1314 1324 1334 1344 13904
1304 1294 1314 1324 1334 1344 13904
1304 1294 1314 1324 1334 1344 13904
1304 1294 1314 1324 1334 1344 13904
1304 1294 1314 1324 1334 1344 13904
1304 1294 1314 1324 1334 1344 13904
1304 1294 1314 1324 1334 1344 13904
1304 1294 1314 1324 1334 1344 13904
1304 1294 1314 1324 1334 1344 13904
1304 1294 1314 1324 1334 1344 13904
1304 1294 1314 1324 1334 1344 13904
1304 1294 1314 1324 1334 1344 13904
1304 1294 1314 1324 1334 1344 13904
1304 1294 1314 1324 1334 1344 13904
1304 1294 1314 1324 1334 1344 13904
