84581
84581
84581
84581
84581
84581
84581
84581
84581
84581
84581
84581
84581
84581
84581
84581
84581
84581
84581
84581
84581
84581
84581
84581
84581
84581
84581
84581
84581
84581
9462 9512 9522 9532 9542 9552 9562
9462 9512 9522 9532 9542 9552 9562
9462 9512 9522 9532 9542 9552 9562
9462 9512 9522 9532 9542 9552 9562
9462 9512 9522 9532 9542 9552 9562
9462 9512 9522 9532 9542 9552 9562
9462 9512 9522 9532 9542 9552 9562
9462 9512 9522 9532 9542 9552 9562
9462 9512 9522 9532 9542 9552 9562
9462 9512 9522 9532 9542 9552 9562
9462 9512 9522 9532 9542 9552 9562
9462 9512 9522 9532 9542 9552 9562
9462 9512 9522 9532 9542 9552 9562
9462 9512 9522 9532 9542 9552 9562
9462 9512 9522 9532 9542 9552 9562
9462 9512 9522 9532 9542 9552 9562
9462 9512 9522 9532 33222 9552 9562
9462 9512 9522 9532 33222 9552 9562
9462 9512 9522 9532 9542 9552 9562
9462 9512 9522 9532 9542 9552 9562
9462 9512 9522 9532 9542 9552 9562
9462 9512 9522 9532 9542 9552 9562
9462 9512 9522 9532 9542 9552 9562
9462 9512 9522 9532 9542 9552 9562
9462 9512 9522 9532 9542 9552 9562
9462 9512 9522 9532 9542 9552 9562
9462 9512 9522 9532 9542 9552 9562
9462 9512 9522 9532 9542 9552 9562
9462 9512 9522 9532 9542 9552 9562
9462 9512 9522 9532 9542 9552 9562
9462 9512 9522 9532 9542 9552 9562
9462 9512 9522 9532 9542 9552 9562
9462 9512 9522 9532 9542 9552 9562
9462 9512 9522 9532 9542 9552 9562
9462 9512 9522 9532 9542 9552 9562
9462 9512 9522 9532 9542 9552 9562
9462 9512 9522 9532 9542 9552 9562
9462 9512 9522 9532 9542 9552 9562
9462 9512 9522 9532 9542 9552 9562
9462 9512 9522 9532 9542 9552 9562
9462 9512 9522 9532 9542 9552 9562
9462 9512 9522 9532 9542 9552 9562
9462 9512 9522 9532 9542 9552 9562
9462 9512 9522 9532 9542 9552 9562
9462 9512 9522 9532 9542 9552 9562
9472 9472 9472 9472 9472 9472 9472
9482 9482 9482 9482 9482 9482 9482
9462 9512 9522 9532 9542 9552 9562
9492 9492 9492 9492 33222 9492 9492
9492 9492 9492 9492 9492 9492 9492
9462 9512 9522 9532 9542 9552 9562
9462 9512 9522 9532 9542 9552 9562
9462 9512 9522 9532 9542 9552 9562
9462 9512 9522 9532 9542 9552 9562
9462 9512 9522 9532 9542 9552 9562
9502 9502 9502 9502 9502 9502 9502
9502 9502 9502 9502 9502 9502 9502
9502 9502 9502 9502 9502 9502 9502
9462 9512 9522 9532 9542 9552 9562
9462 9512 9522 9532 9542 9552 9562
9462 9512 9522 9532 9542 9552 9562
9462 9512 9522 9532 9542 9552 9562
9462 9512 9522 9532 9542 9552 9562
9462 9512 9522 9532 9542 9552 9562
9462 9512 9522 9532 9542 9552 9562
9462 9512 9522 9532 9542 9552 9562
9462 9512 9522 9532 9542 9552 9562
49543 49543 49543
49543 49543 49543
49543 49543 49543
49543 49543 49543
49543 49543 49543
49543 49543 49543
49543 49543 49543
49543 49543 49543
49543 49543 49543
49543 49543 49543
49543 49543 49543
49543 49543 49543
49543 49543 49543
49543 49543 49543
49543 49543 49543
49543 49543 49543
49543 49543 49543
49543 49543 49543
49543 49543 49543
49543 49543 49543
49543 49543 49543
49543 49543 49543
49543 49543 49543
49543 49543 49543
49543 49543 49543
49543 49543 49543
49543 49543 49543
49543 49543 49543
49543 49543 49543
49543 49543 49543
49543 49543 49543
49543 49543 49543
