38741
38741
38741
38741
38741
38741
38741
38741
38741
38741
38741
38741
38741
38741
38741
38741
38741
38741
38741
38741
38741
38741
38741
38741
38741
38741
38741
38741
38741
38741
3052 12312 12322 12332 12342 12352 12362
3052 12312 12322 12332 12342 12352 12362
3052 12312 12322 12332 12342 12352 12362
3052 12312 12322 12332 12342 12352 12362
3052 12312 12322 12332 12342 12352 12362
3052 12312 12322 12332 12342 12352 12362
3052 12312 12322 12332 12342 12352 12362
3052 12312 12322 12332 12342 12352 12362
3052 12312 12322 12332 12342 12352 12362
3052 12312 12322 12332 12342 12352 12362
3052 12312 12322 12332 12342 12352 12362
3052 12312 12322 12332 12342 12352 12362
3052 12312 12322 12332 12342 12352 12362
3052 12312 12322 12332 12342 12352 12362
3052 12312 12322 12332 12342 12352 12362
3052 12312 12322 12332 12342 12352 12362
3052 12312 12322 12332 12342 12352 12362
3052 12312 12322 12332 12342 12352 12362
3052 12312 12322 12332 12342 12352 12362
3052 12312 12322 12332 12342 12352 12362
3052 12312 12322 12332 12342 12352 12362
3052 12312 12322 12332 12342 12352 12362
3052 12312 12322 12332 12342 12352 12362
3052 12312 12322 12332 12342 12352 12362
3052 12312 12322 12332 12342 12352 12362
3052 12312 12322 12332 12342 12352 12362
3052 12312 12322 12332 12342 12352 12362
3052 12312 12322 12332 12342 12352 12362
3052 12312 12322 12332 12342 12352 12362
3052 12312 12322 12332 12342 12352 12362
3052 12312 12322 12332 12342 12352 12362
3052 12312 12322 12332 12342 12352 12362
3052 12312 12322 12332 12342 12352 12362
3052 12312 12322 12332 12342 12352 12362
3052 12312 12322 12332 12342 12352 12362
3052 12312 12322 12332 12342 12352 12362
3052 12312 12322 12332 12342 12352 12362
3052 12312 12322 12332 12342 12352 12362
3052 12312 12322 12332 12342 12352 12362
3052 12312 12322 12332 12342 12352 12362
3052 12312 12322 12332 12342 12352 12362
3052 12312 12322 12332 12342 12352 12362
3052 12312 12322 12332 12342 12352 12362
3052 12312 12322 12332 12342 12352 12362
3052 12312 12322 12332 12342 12352 12362
3052 12312 12322 12332 12342 12352 12362
3052 12312 12322 12332 12342 12352 12362
3052 12312 12322 12332 12342 12352 12362
3052 12312 12322 12332 12342 12352 12362
3052 12312 12322 12332 12342 12352 12362
3052 12312 12322 12332 12342 12352 12362
3052 12312 12322 12332 12342 12352 12362
3052 12312 12322 12332 12342 12352 12362
3052 12312 12322 12332 12342 12352 12362
3052 12312 12322 12332 12342 12352 12362
3052 12312 12322 12332 12342 12352 12362
3052 12312 12322 12332 12342 12352 12362
3052 12312 12322 12332 12342 12352 12362
3052 12312 12322 12332 12342 12352 12362
3052 12312 12322 12332 12342 12352 12362
3052 12312 12322 12332 12342 12352 12362
3052 12312 12322 12332 12342 12352 12362
3052 12312 12322 12332 12342 12352 12362
3052 12312 12322 12332 12342 12352 12362
3052 12312 12322 12332 12342 12352 12362
3052 12312 12322 12332 12342 12352 12362
3052 12312 12322 12332 12342 12352 12362
23623
23623
23623
23623
23623
23623
23623
23623
23623
23623
23623
23623
23623
23623
23623
23623
23623
23623
23623
23623
23623
23623
23623
23623
23623
23623
23623
23623
23623
23623
23623
23623
