29361
29361
29361
29361
29361
29361
29361
29361
29361
29361
29361
29361
29361
29361
29361
29361
29361
29361
29361
29361
29361
29361
29361
29361
29361
29361
29361
29361
29361
29361
1202
1202
1202
1202
1202
1202
1202
1202
1202
1202
1202
1202
1202
1202
1202
1202
1202
1202
1202
1202
1202
1202
1202
1202
1202
1202
1202
1202
1202
1202
1202
1202
1202
1202
1202
1202
1202
1202
1202
1202
1202
1202
1202
1202
1202
1202
1202
1202
1202
1202
1413 1423 1433 1443 1463 1453
1413 1423 1433 1443 1463 1453
1413 1423 1433 1443 1463 1453
1413 1423 1433 1443 1463 1453
1413 1423 1433 1443 1463 1453
1413 1423 1433 1443 1463 1453
1413 1423 1433 1443 1463 1453
1413 1423 1433 1443 1463 1453
1413 1423 1433 1443 1463 1453
1413 1423 1433 1443 1463 1453
1413 1423 1433 1443 1463 1453
1413 1423 1433 1443 1463 1453
1413 1423 1433 1443 1463 1453
1413 1423 1433 1443 1463 1453
1413 1423 1433 1443 1463 1453
1413 1423 1433 1443 1463 1453
1413 1423 1433 1443 1463 1453
1413 1423 1433 1443 1463 1453
1413 1423 1433 1443 1463 1453
1413 1423 1433 1443 1463 1453
1413 1423 1433 1443 1463 1453
1413 1423 1433 1443 1463 1453
1413 1423 1433 1443 1463 1453
1413 1423 1433 1443 1463 1453
1413 1423 1433 1443 1463 1453
1413 1423 1433 1443 1463 1453
1413 1423 1433 1443 1463 1453
1413 1423 1433 1443 1463 1453
1413 1423 1433 1443 1463 1453
1413 1423 1433 1443 1463 1453
1413 1423 1433 1443 1463 1453
1413 1423 1433 1443 1463 1453
1413 1423 1433 1443 1463 1453
1413 1423 1433 1443 1463 1453
1413 1423 1433 1443 1463 1453
1413 1423 1433 1443 1463 1453
1413 1423 1433 1443 1463 1453
1413 1423 1433 1443 1463 1453
1413 1423 1433 1443 1463 1453
1413 1423 1433 1443 1463 1453
1413 1423 1433 1443 1463 1453
1413 1423 1433 1443 1463 1453
1413 1423 1433 1443 1463 1453
1413 1423 1433 1443 1463 1453
1413 1423 1433 1443 1463 1453
1413 1423 1433 1443 1463 1453
1413 1423 1433 1443 1463 1453
1413 1423 1433 1443 1463 1453
1413 1423 1433 1443 1463 1453
1413 1423 1433 1443 1463 1453
1413 1423 1433 1443 1463 1453
1413 1423 1433 1443 1463 1453
1413 1423 1433 1443 1463 1453
1413 1423 1433 1443 1463 1453
1413 1423 1433 1443 1463 1453
1413 1423 1433 1443 1463 1453
1413 1423 1433 1443 1463 1453
1413 1423 1433 1443 1463 1453
1413 1423 1433 1443 1463 1453
1413 1423 1433 1443 1463 1453
1413 1423 1433 1443 1463 1453
1413 1423 1433 1443 1463 1453
1413 1423 1433 1443 1463 1453
1413 1423 1433 1443 1463 1453
1413 1423 1433 1443 1463 1453
1413 1423 1433 1443 1463 1453
1413 1423 1433 1443 1463 1453
21874 21884 21894 21904 21914 21924 21934
21874 21884 21894 21904 21914 21924 21934
21874 21884 21894 21904 21914 21924 21934
21874 21884 21894 21904 21914 21924 21934
21874 21884 21894 21904 21914 21924 21934
21874 21884 21894 21904 21914 21924 21934
21874 21884 21894 21904 21914 21924 21934
21874 21884 21894 21904 21914 21924 21934
21874 21884 21894 21904 21914 21924 21934
21874 21884 21894 21904 21914 21924 21934
21874 21884 21894 21904 21914 21924 21934
21874 21884 21894 21904 21914 21924 21934
21874 21884 21894 21904 21914 21924 21934
21874 21884 21894 21904 21914 21924 21934
21874 21884 21894 21904 21914 21924 21934
21874 21884 21894 21904 21914 21924 21934
21874 21884 21894 21904 21914 21924 21934
21874 21884 21894 21904 21914 21924 21934
21874 21884 21894 21904 21914 21924 21934
21874 21884 21894 21904 21914 21924 21934
21874 21884 21894 21904 21914 21924 21934
21874 21884 21894 21904 21914 21924 21934
21874 21884 21894 21904 21914 21924 21934
21874 21884 21894 21904 21914 21924 21934
21874 21884 21894 21904 21914 21924 21934
21874 21884 21894 21904 21914 21924 21934
21874 21884 21894 21904 21914 21924 21934
21874 21884 21894 21904 21914 21924 21934
21874 21884 21894 21904 21914 21924 21934
21874 21884 21894 21904 21914 21924 21934
21874 21884 21894 21904 21914 21924 21934
21874 21884 21894 21904 21914 21924 21934
21874 21884 21894 21904 21914 21924 21934
21874 21884 21894 21904 21914 21924 21934
21874 21884 21894 21904 21914 21924 21934
21874 21884 21894 21904 21914 21924 21934
21874 21884 21894 21904 21914 21924 21934
21874 21884 21894 21904 21914 21924 21934
21874 21884 21894 21904 21914 21924 21934
21874 21884 21894 21904 21914 21924 21934
21874 21884 21894 21904 21914 21924 21934
21874 21884 21894 21904 21914 21924 21934
21874 21884 21894 21904 21914 21924 21934
21874 21884 21894 21904 21914 21924 21934
21874 21884 21894 21904 21914 21924 21934
21874 21884 21894 21904 21914 21924 21934
21874 21884 21894 21904 21914 21924 21934
21874 21884 21894 21904 21914 21924 21934
21874 21884 21894 21904 21914 21924 21934
21874 21884 21894 21904 21914 21924 21934
21874 21884 21894 21904 21914 21924 21934
21874 21884 21894 21904 21914 21924 21934
21874 21884 21894 21904 21914 21924 21934
21874 21884 21894 21904 21914 21924 21934
21874 21884 21894 21904 21914 21924 21934
21874 21884 21894 21904 21914 21924 21934
21874 21884 21894 21904 21914 21924 21934
21874 21884 21894 21904 21914 21924 21934
21874 21884 21894 21904 21914 21924 21934
21874 21884 21894 21904 21914 21924 21934
21874 21884 21894 21904 21914 21924 21934
21874 21884 21894 21904 21914 21924 21934
21874 21884 21894 21904 21914 21924 21934
21874 21884 21894 21904 21914 21924 21934
21874 21884 21894 21904 21914 21924 21934
21874 21884 21894 21904 21914 21924 21934
21874 21884 21894 21904 21914 21924 21934
21874 21884 21894 21904 21914 21924 21934
21874 21884 21894 21904 21914 21924 21934
21874 21884 21894 21904 21914 21924 21934
21874 21884 21894 21904 21914 21924 21934
21874 21884 21894 21904 21914 21924 21934
21874 21884 21894 21904 21914 21924 21934
21874 21884 21894 21904 21914 21924 21934
21874 21884 21894 21904 21914 21924 21934
21874 21884 21894 21904 21914 21924 21934
21874 21884 21894 21904 21914 21924 21934
21874 21884 21894 21904 21914 21924 21934
21874 21884 21894 21904 21914 21924 21934
21874 21884 21894 21904 21914 21924 21934
21874 21884 21894 21904 21914 21924 21934
21874 21884 21894 21904 21914 21924 21934
21874 21884 21894 21904 21914 21924 21934
21874 21884 21894 21904 21914 21924 21934
21874 21884 21894 21904 21914 21924 21934
21874 21884 21894 21904 21914 21924 21934
21874 21884 21894 21904 21914 21924 21934
21874 21884 21894 21904 21914 21924 21934
21874 21884 21894 21904 21914 21924 21934
21874 21884 21894 21904 21914 21924 21934
21874 21884 21894 21904 21914 21924 21934
21874 21884 21894 21904 21914 21924 21934
21874 21884 21894 21904 21914 21924 21934
21874 21884 21894 21904 21914 21924 21934
21874 21884 21894 21904 21914 21924 21934
21874 21944 21944 21944 21944 21944 22204
21874 21944 21944 21944 21944 21944 22204
21874 21944 21944 21944 21944 21944 22204
21874 21884 21894 21904 21914 21924 21934
21874 21884 21894 21904 21914 21924 21934
21874 21884 21894 21904 21914 21924 21934
21874 21884 21894 21904 21914 21924 21934
21874 21884 21894 21904 21914 21924 21934
21874 21884 21894 21904 21914 21924 21934
21874 21884 21894 21904 21914 21924 21934
