61581
61581
61581
61581
61581
61581
61581
61581
61581
61581
61581
61581
61581
61581
61581
61581
61581
61581
61581
61581
61581
61581
61581
61581
61581
61581
61581
61581
61581
61581
3412 3462 3472 3482
3412 3462 3472 3482
3412 3462 3472 3482
3412 3462 3472 3482
3412 3462 3472 3482
3412 3462 3472 3482
3412 3462 3472 3482
3412 3462 3472 3482
3412 3462 3472 3482
3412 3462 3472 3482
3412 3462 3472 3482
3412 3462 3472 3482
3412 3462 3472 3482
3412 3462 3472 3482
3412 3462 3472 3482
3412 3462 3472 3482
3412 3462 3472 3482
3412 3462 3472 3482
3412 3462 3472 3482
3412 3462 3472 3482
3412 3462 3472 3482
3412 3462 3472 3482
3412 3462 3472 3482
3412 3462 3472 3482
3412 3462 3472 3482
3412 3462 3472 3482
3412 3462 3472 3482
3412 3462 3472 3482
3412 3462 3472 3482
3412 3462 3472 3482
3412 3462 3472 3482
3412 3462 3472 3482
3412 3462 3472 3482
3412 3462 3472 3482
3412 3462 3472 3482
3412 3462 3472 3482
3412 3462 3472 3482
3412 3462 3472 3482
3422 3422 3422 3422
3432 3432 3432 3432
3412 3462 3472 3482
3442 3442 3442 3442
3442 3442 3442 3442
3412 3462 3472 3482
3412 3462 3472 3482
3452 3452 3452 3452
3412 3462 3472 3482
3412 3462 3472 3482
3412 3462 3472 3482
3412 3462 3472 3482
4093 4113 4123 4133 4143
4093 4113 4123 4133 4143
4093 4113 4123 4133 4143
4093 4113 4123 4133 4143
4093 4113 4123 4133 4143
4093 4113 4123 4133 4143
4093 4113 4123 4133 4143
4093 4113 4123 4133 4143
4093 4113 4123 4133 4143
4093 4113 4123 4133 4143
4093 4113 4123 4133 4143
4093 4113 4123 4133 4143
4093 4113 4123 4133 4143
4093 4113 4123 4133 4143
4093 4113 4123 4133 4143
4093 4113 4123 4133 33593
4093 4113 4123 4133 33593
4093 4113 4123 4133 33593
4093 4113 4123 4133 4143
4093 4113 4123 4133 4143
4093 4113 4123 4133 4143
4093 4113 4123 4133 4143
4093 4113 4123 4133 4143
4093 4113 4123 4133 4143
4093 4113 4123 4133 4143
4093 4113 4123 4133 4143
4093 4113 4123 4133 4143
4093 4113 4123 4133 4143
4093 4113 4123 4133 4143
4093 4113 4123 4133 4143
4093 4113 4123 4133 4143
4093 4113 4123 4133 4143
4093 4113 4123 4133 4143
4093 4113 4123 4133 4143
4093 4113 4123 4133 4143
4093 4113 4123 4133 4143
4093 4113 4123 4133 4143
4093 4113 4123 4133 4143
4093 4113 4123 4133 4143
4093 4113 4123 4133 4143
4093 4113 4123 4133 4143
4093 4113 4123 4133 4143
4093 4113 4123 4133 4143
4093 4113 4123 4133 4143
4093 4113 4123 4133 4143
4093 4113 4123 4133 4143
4093 4113 4123 4133 4143
4103 4103 4103 4133 4143
4093 4113 4123 4133 4143
4093 4113 4123 4133 4143
4093 4113 4123 4133 4143
4093 4113 4123 4133 4143
4093 4113 4123 4133 4143
4093 4113 4123 4133 4143
4093 4113 4123 4133 4143
4093 4113 4123 4133 4143
4093 4173 4123 4133 4143
4093 4113 4123 4133 4143
4093 4113 4123 4133 4143
4183 4183 4183 4133 4143
4093 4113 4123 4133 4143
4093 4113 4123 4133 4143
28313 28313 28313 4133 4143
28323 28323 28323 28323 28323
28323 28323 28323 28323 28323
28323 28323 28323 28323 28323
4093 4113 4123 4133 4143
46314 46324 46334 46344 46354 46364 46374 46384
46314 46324 46334 46344 46354 46364 46374 46384
46314 46324 46334 46344 46354 46364 46374 46384
46314 46324 46334 46344 46354 46364 46374 46384
46314 46324 46334 46344 46354 46364 46374 46384
46314 46324 46334 46344 46354 46364 46374 46384
46314 46324 46334 46344 46354 46364 46374 46384
46314 46324 46334 46344 46354 46364 46374 46384
46314 46324 46334 46344 46354 46364 46374 46384
46314 46324 46334 46344 46354 46364 46374 46384
46314 46324 46334 46344 46354 46364 46374 46384
46314 46324 46334 46344 46354 46364 46374 46384
46314 46324 46334 46344 46354 46364 46374 46384
46314 46324 46334 46344 46354 46364 46374 46384
46314 46324 46334 46344 46354 46364 46374 46384
46314 46324 46334 46344 46354 46364 46374 46384
46314 46324 46334 46344 46354 46364 46374 46384
46314 46324 46334 46344 46354 46364 46374 46384
46314 46324 46334 46344 46354 46364 46374 46384
46314 46324 46334 46344 46354 46364 46374 46384
46314 46324 46334 46344 46354 46364 46374 46384
46314 46324 46334 46344 46354 46364 46374 46384
46314 46324 46334 46344 46354 46364 46374 46384
46314 46324 46334 46344 46354 46364 46374 46384
46314 46324 46334 46344 46354 46364 46374 46384
46314 46324 46334 46344 46354 46364 46374 46384
46314 46324 46334 46344 46354 46364 46374 46384
46314 46324 46334 46344 46354 46364 46374 46384
46314 46324 46334 46344 46354 46364 46374 46384
46314 46324 46334 46344 46354 46364 46374 46384
46314 46324 46334 46344 46354 46364 46374 46384
46314 46324 46334 46344 46354 46364 46374 46384
46314 46324 46334 46344 46354 46364 46374 46384
46314 46324 46334 46344 46354 46364 46374 46384
46314 46324 46334 46344 46354 46364 46374 46384
46314 46324 46334 46344 46354 46364 46374 46384
46314 46324 46334 46344 46354 46364 46374 46384
46314 46324 46334 46344 46354 46364 46374 46384
46314 46324 46334 46344 46354 46364 46374 46384
46314 46324 46334 46344 46354 46364 46374 46384
46314 46324 46334 46344 46354 46364 46374 46384
46314 46324 46334 46344 46354 46364 46374 46384
46314 46324 46334 46344 46354 46364 46374 46384
46314 46324 46334 46344 46354 46364 46374 46384
46314 46324 46334 46344 46354 46364 46374 46384
46314 46324 46334 46344 46354 46364 46374 46384
46314 46324 46334 46344 46354 46364 46374 46384
46314 46324 46334 46344 46354 46364 46374 46384
46314 46324 46334 46344 46354 46364 46374 46384
46314 46324 46334 46344 46354 46364 46374 46384
46314 46324 46334 46344 46354 46364 46374 46384
46314 46324 46334 46344 46354 46364 46374 46384
46314 46324 46334 46344 46354 46364 46374 46384
46314 46324 46334 46344 46354 46364 46374 46384
46314 46894 46894 46344 46354 46364 46374 46894
46314 46894 46894 46344 46354 46364 46374 46894
46314 46944 46944 46944 46944 46364 46374 46384
46314 46944 46944 46944 46944 46364 46374 46384
46314 46324 46334 46344 46354 46364 46374 46384
46314 46904 46904 46904 46904 46904 46904 46384
46314 46904 46904 46904 46904 46904 46904 46384
46314 46324 46334 46344 46354 46364 46374 46384
46314 46914 46914 46914 46914 46914 46914 46384
46314 46904 46904 46904 46904 46904 46904 46384
46314 46904 46904 46904 46904 46904 46904 46384
46314 46324 46334 46344 46354 46364 46374 46384
46314 46914 46914 46914 46914 46914 46914 46384
46314 46904 46904 46904 46904 46904 46904 46384
46314 46924 46924 46924 46924 46924 46924 46384
46314 46324 46334 46344 46354 46364 46374 46384
46314 46904 46904 46904 46904 46904 46904 46384
46314 46924 46924 46924 46924 46924 46924 46384
46314 46904 46904 46904 46904 46904 46904 46384
46314 46904 46904 46904 46904 46904 46904 46384
46314 46324 46334 46344 46354 46364 46374 46384
46314 46324 46334 46344 46354 46364 46374 46384
46314 46324 46334 46344 46354 46364 46374 46384
46314 46324 46334 46344 46354 46364 46374 46384
46314 46324 46334 46344 46354 46364 46374 46384
46314 46324 46334 46344 46354 46364 46374 46384
46314 46324 46334 46344 46354 46364 46374 46384
46314 46324 46334 46344 46354 46364 46374 46384
46314 46324 46334 46344 46354 46364 46374 46384
46314 46324 46334 46344 46354 46364 46374 46384
46314 46324 46334 46344 46354 46364 46374 46384
46314 46324 46334 46344 46354 46364 46374 46384
46314 46324 46334 46344 46354 46364 46374 46384
46314 46324 46334 46344 46354 46364 46374 46384
46314 46324 46334 46344 46354 46364 46374 46384
46314 46324 46334 46344 46354 46364 46374 46384
46314 46324 46334 46344 46354 46364 46374 46384
46314 46324 46334 46344 46354 46364 46374 46384
46314 46944 46944 46944 46944 46364 46374 46384
46314 46944 46944 46944 46944 46364 46374 46384
46314 46944 46944 46944 46944 46364 46374 46384
46314 46324 46334 46344 46354 46364 46374 46384
46314 46324 46334 46344 46354 46934 46374 46934
46314 46324 46334 46344 46354 46364 46374 46384
46314 46944 46944 46944 46944 46364 46374 46384
46314 46944 46944 46944 46944 46364 46374 46384
46314 46944 46944 46944 46944 46364 46374 46384
46314 46944 46944 46944 46944 46364 46374 46384
46314 46944 46944 46944 46944 46364 46374 46384
46314 46944 46944 46944 46944 46364 46374 46384
46314 46324 46334 46344 46354 46364 46374 46384
