38771
38771
38771
38771
38771
38771
38771
38771
38771
38771
38771
38771
38771
38771
38771
38771
38771
38771
38771
38771
38771
38771
38771
38771
38771
38771
38771
38771
38771
38771
2742
2742
2742
2742
2742
2742
2742
2742
2742
2742
2742
2742
2742
2742
2742
2742
2742
2742
2742
2742
2742
2742
2742
2742
2742
2742
2742
2742
2742
2742
2742
2742
4913 4923 4933 4943 4963 4953
4913 4923 4933 4943 4963 4953
4913 4923 4933 4943 4963 4953
4913 4923 4933 4943 4963 4953
4913 4923 4933 4943 4963 4953
4913 4923 4933 4943 4963 4953
4913 4923 4933 4943 4963 4953
4913 4923 4933 4943 4963 4953
4913 4923 4933 4943 4963 4953
4913 4923 4933 4943 4963 4953
4913 4923 4933 4943 4963 4953
4913 4923 4933 4943 4963 4953
4913 4923 4933 4943 4963 4953
4913 4923 4933 4943 4963 4953
4913 4923 4933 4943 4963 4953
4913 4923 4933 4943 4963 4953
4913 4923 4933 4943 4963 4953
4913 4923 4933 4943 4963 4953
4913 4923 4933 4943 4963 4953
4913 4923 4933 4943 4963 4953
4913 4923 4933 4943 4963 4953
4913 4923 4933 4943 4963 4953
4913 4923 4933 4943 4963 4953
4913 4923 4933 4943 4963 4953
4913 4923 4933 4943 4963 4953
4913 4923 4933 4943 4963 4953
4913 4923 4933 4943 4963 4953
4913 4923 4933 4943 4963 4953
4913 4923 4933 4943 4963 4953
4913 4923 4933 4943 4963 4953
4913 4923 4933 4943 4963 4953
4913 4923 4933 4943 4963 4953
4913 4923 4933 4943 4963 4953
4913 4923 4933 4943 4963 4953
4913 4923 4933 4943 4963 4953
4913 4923 4933 4943 4963 4953
4913 4923 4933 4943 4963 4953
4913 4923 4933 4943 4963 4953
4913 4923 4933 4943 4963 4953
4913 4923 4933 4943 4963 4953
4913 4923 4933 4943 4963 4953
4913 4923 4933 4943 4963 4953
4913 4923 4933 4943 4963 4953
4913 4923 4933 4943 4963 4953
4913 4923 4933 4943 4963 4953
4913 4923 4933 4943 4963 4953
4913 4923 4933 4943 4963 4953
4913 4923 4933 4943 4963 4953
4913 4923 4933 4943 4963 4953
4913 4923 4933 4943 4963 4953
4913 4923 4933 4943 4963 4953
4913 4923 4933 4943 4963 4953
4913 4923 4933 4943 4963 4953
4913 4923 4933 4943 4963 4953
4913 4923 4933 4943 4963 4953
4913 4923 4933 4943 4963 4953
4913 4923 4933 4943 4963 4953
4913 4923 4933 4943 4963 4953
4913 4923 4933 4943 4963 4953
4913 4923 4933 4943 4963 4953
4913 4923 4933 4943 4963 4953
4913 4923 4933 4943 4963 4953
4913 4923 4933 4943 4963 4953
4913 4923 4933 4943 4963 4953
4913 4923 4933 4943 4963 4953
4913 4923 4933 4943 4963 4953
4913 4923 4933 4943 4963 4953
5644 5654 5664 5674 5684 5694 5704
5644 5654 5664 5674 5684 5694 5704
5644 5654 5664 5674 5684 5694 5704
5644 5654 5664 5674 5684 5694 5704
5644 5654 5664 5674 5684 5694 5704
5644 5654 5664 5674 5684 5694 5704
5644 5654 5664 5674 5684 5694 5704
5644 5654 5664 5674 5684 5694 5704
5644 5654 5664 5674 5684 5694 5704
5644 5654 5664 5674 5684 5694 5704
5644 5654 5664 5674 5684 5694 5704
5644 5654 5664 5674 5684 5694 5704
5644 5654 5664 5674 5684 5694 5704
5644 5654 5664 5674 5684 5694 5704
5644 5654 5664 5674 5684 5694 5704
5644 5654 5664 5674 5684 5694 5704
5644 5654 5664 5674 5684 5694 5704
5644 5654 5664 5674 5684 5694 5704
5644 5654 5664 5674 5684 5694 5704
5644 5654 5664 5674 5684 5694 5704
5644 5654 5664 5674 5684 5694 5704
5644 5654 5664 5674 5684 5694 5704
5644 5654 5664 5674 5684 5694 5704
5644 5654 5664 5674 5684 5694 5704
5644 5654 5664 5674 5684 5694 5704
5644 5654 5664 5674 5684 5694 5704
5644 5654 5664 5674 5684 5694 5704
5644 5654 5664 5674 5684 5694 5704
5644 5654 5664 5674 5684 5694 5704
5644 5654 5664 5674 5684 5694 5704
5644 5654 5664 5674 5684 5694 5704
5644 5654 5664 5674 5684 5694 5704
5644 5654 5664 5674 5684 5694 5704
5644 5654 5664 5674 5684 5694 5704
5644 5654 5664 5674 5684 5694 5704
5644 5654 5664 5674 5684 5694 5704
5644 5654 5664 5674 5684 5694 5704
5644 5654 5664 5674 5684 5694 5704
5644 5654 5664 5674 5684 5694 5704
5644 5654 5664 5674 5684 5694 5704
5644 5654 5664 5674 5684 5694 5704
5644 5654 5664 5674 5684 5694 5704
5644 5654 5664 5674 5684 5694 5704
5644 5654 5664 5674 5684 5694 5704
5644 5654 5664 5674 5684 5694 5704
5644 5654 5664 5674 5684 5694 5704
5644 5654 5664 5674 5684 5694 5704
5644 5654 5664 5674 5684 5694 5704
5644 5654 5664 5674 5684 5694 5704
5644 5654 5664 5674 5684 5694 5704
5644 5654 5664 5674 5684 5694 5704
5644 5654 5664 5674 5684 5694 5704
5644 5654 5664 5674 5684 5694 5704
5644 5654 5664 5674 5684 5694 5704
5644 5654 5664 5674 5684 5694 5704
5644 5654 5664 5674 5684 5694 5704
5644 5654 5664 5674 5684 5694 5704
5644 5654 5664 5674 5684 5694 5704
5644 5654 5664 5674 5684 5694 5704
5644 5654 5664 5674 5684 5694 5704
5644 5654 5664 5674 5684 5694 5704
5644 5654 5664 5674 5684 5694 5704
5644 5654 5664 5674 5684 5694 5704
5644 5654 5664 5674 5684 5694 5704
5644 5654 5664 5674 5684 5694 5704
5644 5654 5664 5674 5684 5694 5704
5644 5654 5664 5674 5684 5694 5704
5644 5654 5664 5674 5684 5694 5704
5644 5654 5664 5674 5684 5694 5704
5644 5654 5664 5674 5684 5694 5704
5644 5654 5664 5674 5684 5694 5704
5644 5654 5664 5674 5684 5694 5704
5644 5654 5664 5674 5684 5694 5704
5644 5654 5664 5674 5684 5694 5704
5644 5654 5664 5674 5684 5694 5704
5644 5654 5664 5674 5684 5694 5704
5644 5654 5664 5674 5684 5694 5704
5644 5654 5664 5674 5684 5694 5704
5644 5654 5664 5674 5684 5694 5704
5644 5654 5664 5674 5684 5694 5704
5644 5654 5664 5674 5684 5694 5704
5644 5654 5664 5674 5684 5694 5704
5644 5654 5664 5674 5684 5694 5704
5644 5654 5664 5674 5684 5694 5704
5644 5654 5664 5674 5684 5694 5704
5644 5654 5664 5674 5684 5694 5704
5644 5654 5664 5674 5684 5694 5704
5644 5654 5664 5674 5684 5694 5704
5644 5654 5664 5674 5684 5694 5704
5644 5654 5664 5674 5684 5694 5704
5644 5654 5664 5674 5684 5694 5704
