84611
84611
84611
84611
84611
84611
84611
84611
84611
84611
84611
84611
84611
84611
84611
84611
84611
84611
84611
84611
84611
84611
84611
84611
84611
84611
84611
84611
84611
84611
8012 8012 8012
8012 8012 8012
8012 8012 8012
8012 8012 8012
8012 8012 8012
8012 8012 8012
8012 8012 8012
8012 8012 8012
8012 8012 8012
8012 8012 8012
8012 8012 8012
8012 8012 8012
8012 8012 8012
8012 8012 8012
8012 8012 8012
8012 8012 8012
8012 8012 8012
8012 8012 8012
8012 8012 8012
8012 8012 8012
8012 8012 8012
8012 8012 8012
8012 8012 8012
8012 8012 8012
8012 8012 8012
8012 8012 8012
8012 8012 8012
8012 8012 8012
8012 8012 8012
8012 8012 8012
8012 8012 8012
8012 8012 8012
14243 14263 14273 14283 14293
14243 14263 14273 14283 14293
14243 14263 14273 14283 14293
14243 14263 14273 14283 14293
14243 14263 14273 14283 14293
14243 14263 14273 14283 14293
14243 14263 14273 14283 14293
14243 14263 14273 14283 14293
14243 14263 14273 14283 14293
14243 14263 14273 14283 14293
14243 14263 14273 14283 14293
14243 14263 14273 14283 14293
14243 14263 14273 14283 14293
14243 14263 14273 14283 14293
14243 14263 14273 14283 14293
14243 14263 14273 14283 34113
14243 14263 14273 14283 34113
14243 14263 14273 14283 34113
14243 14263 14273 14283 14293
14243 14263 14273 14283 14293
14243 14263 14273 14283 14293
14243 14263 14273 14283 14293
14243 14263 14273 14283 14293
14243 14263 14273 14283 14293
14243 14263 14273 14283 14293
14243 14263 14273 14283 14293
14243 14263 14273 14283 14293
14243 14263 14273 14283 14293
14243 14263 14273 14283 14293
14243 14263 14273 14283 14293
14243 14263 14273 14283 14293
14243 14263 14273 14283 14293
14243 14263 14273 14283 14293
14243 14263 14273 14283 14293
14243 14263 14273 14283 14293
14243 14263 14273 14283 14293
14243 14263 14273 14283 14293
14243 14263 14273 14283 14293
14243 14263 14273 14283 14293
14243 14263 14273 14283 14293
14243 14263 14273 14283 14293
14243 14263 14273 14283 14293
14243 14263 14273 14283 14293
14243 14263 14273 14283 14293
14243 14263 14273 14283 14293
14243 14263 14273 14283 14293
14243 14263 14273 14283 14293
14253 14253 14253 14283 14293
14243 14263 14273 14283 14293
14243 14263 14273 14283 14293
14243 14263 14273 14283 14293
14243 14263 14273 14283 14293
14243 14263 14273 14283 14293
14243 14263 14273 14283 14293
14243 14263 14273 14283 14293
14243 14263 14273 14283 14293
14243 14323 14273 14283 14293
14243 14263 14273 14283 14293
14243 14263 14273 14283 14293
14333 14333 14333 14283 14293
14243 14263 14273 14283 14293
14243 14263 14273 14283 14293
28743 28743 28743 14283 14293
28753 28753 28753 28753 28753
28753 28753 28753 28753 28753
28753 28753 28753 28753 28753
14243 14263 14273 14283 14293
15594 15604 15614 15624 15634 15644 15654 15664
15594 15604 15614 15624 15634 15644 15654 15664
15594 15604 15614 15624 15634 15644 15654 15664
15594 15604 15614 15624 15634 15644 15654 15664
15594 15604 15614 15624 15634 15644 15654 15664
15594 15604 15614 15624 15634 15644 15654 15664
15594 15604 15614 15624 15634 15644 15654 15664
15594 15604 15614 15624 15634 15644 15654 15664
15594 15604 15614 15624 15634 15644 15654 15664
15594 15604 15614 15624 15634 15644 15654 15664
15594 15604 15614 15624 15634 15644 15654 15664
15594 15604 15614 15624 15634 15644 15654 15664
15594 15604 15614 15624 15634 15644 15654 15664
15594 15604 15614 15624 15634 15644 15654 15664
15594 15604 15614 15624 15634 15644 15654 15664
15594 15604 15614 15624 15634 15644 15654 15664
15594 15604 15614 15624 15634 15644 15654 15664
15594 15604 15614 15624 15634 15644 15654 15664
15594 15604 15614 15624 15634 15644 15654 15664
15594 15604 15614 15624 15634 15644 15654 15664
15594 15604 15614 15624 15634 15644 15654 15664
15594 15604 15614 15624 15634 15644 15654 15664
15594 15604 15614 15624 15634 15644 15654 15664
15594 15604 15614 15624 15634 15644 15654 15664
15594 15604 15614 15624 15634 15644 15654 15664
15594 15604 15614 15624 15634 15644 15654 15664
15594 15604 15614 15624 15634 15644 15654 15664
15594 15604 15614 15624 15634 15644 15654 15664
15594 15604 15614 15624 15634 15644 15654 15664
15594 15604 15614 15624 15634 15644 15654 15664
15594 15604 15614 15624 15634 15644 15654 15664
15594 15604 15614 15624 15634 15644 15654 15664
15594 15604 15614 15624 15634 15644 15654 15664
15594 15604 15614 15624 15634 15644 15654 15664
15594 15604 15614 15624 15634 15644 15654 15664
15594 15604 15614 15624 15634 15644 15654 15664
15594 15604 15614 15624 15634 15644 15654 15664
15594 15604 15614 15624 15634 15644 15654 15664
15594 15604 15614 15624 15634 15644 15654 15664
15594 15604 15614 15624 15634 15644 15654 15664
15594 15604 15614 15624 15634 15644 15654 15664
15594 15604 15614 15624 15634 15644 15654 15664
15594 15604 15614 15624 15634 15644 15654 15664
15594 15604 15614 15624 15634 15644 15654 15664
15594 15604 15614 15624 15634 15644 15654 15664
15594 15604 15614 15624 15634 15644 15654 15664
15594 15604 15614 15624 15634 15644 15654 15664
15594 15604 15614 15624 15634 15644 15654 15664
15594 15604 15614 15624 15634 15644 15654 15664
15594 15604 15614 15624 15634 15644 15654 15664
15594 15604 15614 15624 15634 15644 15654 15664
15594 15684 15614 15624 15634 15644 15654 15664
15594 15674 15614 15624 15634 15644 15654 15664
15594 15604 15614 15694 15634 15644 15654 15664
15594 15604 15614 15624 15634 15644 15654 15664
15594 15704 15704 15704 15704 15644 15704 15664
15594 15704 15704 15704 15704 15644 15704 15664
15594 15704 15704 15704 15704 15644 15704 15664
15594 15704 15704 15704 15704 15644 15704 15664
15594 15714 15714 15714 15714 15644 15714 15664
15594 15714 15714 15714 15714 15644 15714 15664
15594 15704 15704 15704 15704 15644 15704 15664
15594 15704 15704 15704 15704 15644 15704 15664
15594 15724 15724 15724 15724 15644 15724 15664
15594 15724 15724 15724 15724 15644 15724 15664
15594 15704 15704 15704 15704 15644 15704 15664
15594 15704 15704 15704 15704 15644 15704 15664
15594 15734 15734 15734 15734 15644 15734 15664
15594 15734 15734 15734 15734 15644 15734 15664
15594 15604 15614 15624 15634 15644 15654 15664
15594 15604 15614 15624 15634 15644 15654 15664
15594 15744 15744 15744 15744 15744 15744 15744
15594 15754 15754 15754 15754 15754 15754 15754
15594 15604 15614 15624 15634 15644 15654 15664
15594 15604 15614 15624 15634 15644 15654 15664
15594 15604 15614 15624 15634 15644 15654 15664
15594 15604 15614 15624 15634 15644 15654 15664
15594 15604 15614 15624 15634 15644 15654 15664
15594 15604 15614 15624 15634 15644 15654 15664
15594 15604 15614 15624 15634 15644 15654 15664
15594 15604 15614 15624 15634 15644 15654 15664
15594 15604 15614 15624 15634 15644 15654 15664
15594 15604 15614 15624 15634 15644 15654 15664
15594 15604 15614 15624 15634 15644 15654 15664
15594 15604 15614 15624 15634 15644 15654 15664
15594 15604 15614 15624 15634 15644 15654 15664
15594 15604 15614 15624 15634 15644 15654 15664
15594 15604 15614 15624 15634 15644 15654 15664
15594 15604 15614 15624 15634 15644 15654 15664
15594 15604 15614 15624 15634 15644 15654 15664
15594 15604 15614 15624 15634 15644 15654 15664
