40 30 50 40 40 40 90 20 40
90 90 35 40 90 90 90 90 30
50 50 50 10 80 80 80 40 50
90 35 90 40 90 90 90 90 35
75 75 75 60 90 90 90 90 90
70 90 15 30 90 90 90 10 10
10 90 90 30 90 90 90 90 90
90 90 90 80 50 60 50 90 90
90 90 90 90 50 80 50 20 90
90 90 90 80 70 90 70 90 90
20 10 90 90 60 80 60 90 90
90 90 90 90 70 80 70 90 90
90 90 35 80 30 60 30 90 10
90 5 90 80 30 60 30 90 10
90 30 20 80 30 60 30 90 90
30 90 90 80 30 60 30 90 10
80 20 90 30 90 90 90 90 15
5 20 90 90 30 90 30 30 30
5 30 20 80 30 60 30 30 30
35 35 35 35 35 35 35 35 35
