38791
38791
38791
38791
38791
38791
38791
38791
38791
38791
38791
38791
38791
38791
38791
38791
38791
38791
38791
38791
38791
38791
38791
38791
38791
38791
38791
38791
38791
38791
2502
2502
2502
2502
2502
2502
2502
2502
2502
2502
2502
2502
2502
2502
2502
2502
2502
2502
2502
2502
2502
2502
2502
2502
2502
2502
2502
2502
2502
2502
2502
2502
2502
2502
2502
2502
2502
2502
2502
2502
2502
2502
2502
2502
2502
2502
2502
2502
2502
2502
5033 5043 5053 5063 5083 5073
5033 5043 5053 5063 5083 5073
5033 5043 5053 5063 5083 5073
5033 5043 5053 5063 5083 5073
5033 5043 5053 5063 5083 5073
5033 5043 5053 5063 5083 5073
5033 5043 5053 5063 5083 5073
5033 5043 5053 5063 5083 5073
5033 5043 5053 5063 5083 5073
5033 5043 5053 5063 5083 5073
5033 5043 5053 5063 5083 5073
5033 5043 5053 5063 5083 5073
5033 5043 5053 5063 5083 5073
5033 5043 5053 5063 5083 5073
5033 5043 5053 5063 5083 5073
5033 5043 5053 5063 5083 5073
5033 5043 5053 5063 5083 5073
5033 5043 5053 5063 5083 5073
5033 5043 5053 5063 5083 5073
5033 5043 5053 5063 5083 5073
5033 5043 5053 5063 5083 5073
5033 5043 5053 5063 5083 5073
5033 5043 5053 5063 5083 5073
5033 5043 5053 5063 5083 5073
5033 5043 5053 5063 5083 5073
5033 5043 5053 5063 5083 5073
5033 5043 5053 5063 5083 5073
5033 5043 5053 5063 5083 5073
5033 5043 5053 5063 5083 5073
5033 5043 5053 5063 5083 5073
5033 5043 5053 5063 5083 5073
5033 5043 5053 5063 5083 5073
5033 5043 5053 5063 5083 5073
5033 5043 5053 5063 5083 5073
5033 5043 5053 5063 5083 5073
5033 5043 5053 5063 5083 5073
5033 5043 5053 5063 5083 5073
5033 5043 5053 5063 5083 5073
5033 5043 5053 5063 5083 5073
5033 5043 5053 5063 5083 5073
5033 5043 5053 5063 5083 5073
5033 5043 5053 5063 5083 5073
5033 5043 5053 5063 5083 5073
5033 5043 5053 5063 5083 5073
5033 5043 5053 5063 5083 5073
5033 5043 5053 5063 5083 5073
5033 5043 5053 5063 5083 5073
5033 5043 5053 5063 5083 5073
5033 5043 5053 5063 5083 5073
5033 5043 5053 5063 5083 5073
5033 5043 5053 5063 5083 5073
5033 5043 5053 5063 5083 5073
5033 5043 5053 5063 5083 5073
5033 5043 5053 5063 5083 5073
5033 5043 5053 5063 5083 5073
5033 5043 5053 5063 5083 5073
5033 5043 5053 5063 5083 5073
5033 5043 5053 5063 5083 5073
5033 5043 5053 5063 5083 5073
5033 5043 5053 5063 5083 5073
5033 5043 5053 5063 5083 5073
5033 5043 5053 5063 5083 5073
5033 5043 5053 5063 5083 5073
5033 5043 5053 5063 5083 5073
5033 5043 5053 5063 5083 5073
5033 5043 5053 5063 5083 5073
5033 5043 5053 5063 5083 5073
33994 34004 34014 34024 34034 34044 34054 34064 34074
33994 34004 34014 34024 34034 34044 34054 34064 34074
33994 34004 34014 34024 34034 34044 34054 34064 34074
33994 34004 34014 34024 34034 34044 34054 34064 34074
33994 34004 34014 34024 34034 34044 34054 34064 34074
33994 34004 34014 34024 34034 34044 34054 34064 34074
33994 34004 34014 34024 34034 34044 34054 34064 34074
33994 34004 34014 34024 34034 34044 34054 34064 34074
33994 34004 34014 34024 34034 34044 34054 34064 34074
33994 34004 34014 34024 34034 34044 34054 34064 34074
33994 34004 34014 34024 34034 34044 34054 34064 34074
33994 34004 34014 34024 34034 34044 34054 34064 34074
33994 34004 34014 34024 34034 34044 34054 34064 34074
33994 34004 34014 34024 34034 34044 34054 34064 34074
33994 34004 34014 34024 34034 34044 34054 34064 34074
33994 34004 34014 34024 34034 34044 34054 34064 34074
33994 34004 34014 34024 34034 34044 34054 34064 34074
33994 34004 34014 34024 34034 34044 34054 34064 34074
33994 34004 34014 34024 34034 34044 34054 34064 34074
33994 34004 34014 34024 34034 34044 34054 34064 34074
33994 34004 34014 34024 34034 34044 34054 34064 34074
33994 34004 34014 34024 34034 34044 34054 34064 34074
33994 34004 34014 34024 34034 34044 34054 34064 34074
33994 34004 34014 34024 34034 34044 34054 34064 34074
33994 34004 34014 34024 34034 34044 34054 34064 34074
33994 34004 34014 34024 34034 34044 34054 34064 34074
33994 34004 34014 34024 34034 34044 34054 34064 34074
33994 34004 34014 34024 34034 34044 34054 34064 34074
33994 34004 34014 34024 34034 34044 34054 34064 34074
33994 34004 34014 34024 34034 34044 34054 34064 34074
33994 34004 34014 34024 34034 34044 34054 34064 34074
33994 34004 34014 34024 34034 34044 34054 34064 34074
33994 34004 34014 34024 34034 34044 34054 34064 34074
33994 34004 34014 34024 34034 34044 34054 34064 34074
33994 34004 34014 34024 34034 34044 34054 34064 34074
33994 34004 34014 34024 34034 34044 34054 34064 34074
33994 34004 34014 34024 34034 34044 34054 34064 34074
33994 34004 34014 34024 34034 34044 34054 34064 34074
33994 34004 34014 34024 34034 34044 34054 34064 34074
33994 34004 34014 34024 34034 34044 34054 34064 34074
33994 34004 34014 34024 34034 34044 34054 34064 34074
33994 34004 34014 34024 34034 34044 34054 34064 34074
33994 34004 34014 34024 34034 34044 34054 34064 34074
33994 34004 34014 34024 34034 34044 34054 34064 34074
33994 34004 34014 34024 34034 34044 34054 34064 34074
33994 34004 34014 34024 34034 34044 34054 34064 34074
33994 34004 34014 34024 34034 34044 34054 34064 34074
33994 34004 34014 34024 34034 34044 34054 34064 34074
33994 34004 34014 34024 34034 34044 34054 34064 34074
33994 34004 34014 34024 34034 34044 34054 34064 34074
33994 34004 34014 34024 34034 34044 34054 34064 34074
33994 34004 34014 34024 34034 34044 34054 34064 34074
33994 34004 34014 34024 34034 34044 34054 34064 34074
33994 34004 34014 34024 34034 34044 34054 34064 34074
33994 34004 34014 34024 34034 34044 34054 34064 34074
33994 34004 34014 34024 34034 34044 34054 34064 34074
33994 34004 34014 34024 34034 34044 34054 34064 34074
33994 34004 34014 34024 34034 34044 34054 34064 34074
33994 34004 34014 34024 34034 34044 34054 34064 34074
