84631
84631
84631
84631
84631
84631
84631
84631
84631
84631
84631
84631
84631
84631
84631
84631
84631
84631
84631
84631
84631
84631
84631
84631
84631
84631
84631
84631
84631
84631
7632 7682 7692 7702
7632 7682 7692 7702
7632 7682 7692 7702
7632 7682 7692 7702
7632 7682 7692 7702
7632 7682 7692 7702
7632 7682 7692 7702
7632 7682 7692 7702
7632 7682 7692 7702
7632 7682 7692 7702
7632 7682 7692 7702
7632 7682 7692 7702
7632 7682 7692 7702
7632 7682 7692 7702
7632 7682 7692 7702
7632 7682 7692 7702
7632 7682 7692 7702
7632 7682 7692 7702
7632 7682 7692 7702
7632 7682 7692 7702
7632 7682 7692 7702
7632 7682 7692 7702
7632 7682 7692 7702
7632 7682 7692 7702
7632 7682 7692 7702
7632 7682 7692 7702
7632 7682 7692 7702
7632 7682 7692 7702
7632 7682 7692 7702
7632 7682 7692 7702
7632 7682 7692 7702
7632 7682 7692 7702
7632 7682 7692 7702
7632 7682 7692 7702
7632 7682 7692 7702
7632 7682 7692 7702
7632 7682 7692 7702
7632 7682 7692 7702
7642 7642 7642 7642
7652 7652 7652 7652
7632 7682 7692 7702
7662 7662 7662 7662
7662 7662 7662 7662
7632 7682 7692 7702
7632 7682 7692 7702
7672 7672 7672 7672
7632 7682 7692 7702
7632 7682 7692 7702
7632 7682 7692 7702
7632 7682 7692 7702
14443 14463 14473 14483 14493
14443 14463 14473 14483 14493
14443 14463 14473 14483 14493
14443 14463 14473 14483 14493
14443 14463 14473 14483 14493
14443 14463 14473 14483 14493
14443 14463 14473 14483 14493
14443 14463 14473 14483 14493
14443 14463 14473 14483 14493
14443 14463 14473 14483 14493
14443 14463 14473 14483 14493
14443 14463 14473 14483 14493
14443 14463 14473 14483 14493
14443 14463 14473 14483 14493
14443 14463 14473 14483 14493
14443 14463 14473 14483 34133
14443 14463 14473 14483 34133
14443 14463 14473 14483 34133
14443 14463 14473 14483 14493
14443 14463 14473 14483 14493
14443 14463 14473 14483 14493
14443 14463 14473 14483 14493
14443 14463 14473 14483 14493
14443 14463 14473 14483 14493
14443 14463 14473 14483 14493
14443 14463 14473 14483 14493
14443 14463 14473 14483 14493
14443 14463 14473 14483 14493
14443 14463 14473 14483 14493
14443 14463 14473 14483 14493
14443 14463 14473 14483 14493
14443 14463 14473 14483 14493
14443 14463 14473 14483 14493
14443 14463 14473 14483 14493
14443 14463 14473 14483 14493
14443 14463 14473 14483 14493
14443 14463 14473 14483 14493
14443 14463 14473 14483 14493
14443 14463 14473 14483 14493
14443 14463 14473 14483 14493
14443 14463 14473 14483 14493
14443 14463 14473 14483 14493
14443 14463 14473 14483 14493
14443 14463 14473 14483 14493
14443 14463 14473 14483 14493
14443 14463 14473 14483 14493
14443 14463 14473 14483 14493
14453 14453 14453 14483 14493
14443 14463 14473 14483 14493
14443 14463 14473 14483 14493
14443 14463 14473 14483 14493
14443 14463 14473 14483 14493
14443 14463 14473 14483 14493
14443 14463 14473 14483 14493
14443 14463 14473 14483 14493
14443 14463 14473 14483 14493
14443 14523 14473 14483 14493
14443 14463 14473 14483 14493
14443 14463 14473 14483 14493
14533 14533 14533 14483 14493
14443 14463 14473 14483 14493
14443 14463 14473 14483 14493
28783 28783 28783 14483 14493
28793 28793 28793 28793 28793
28793 28793 28793 28793 28793
28793 28793 28793 28793 28793
14443 14463 14473 14483 14493
73304 73314 73324 73334 73344 73354 73364 73374 73384 73394
73304 73314 73324 73334 73344 73354 73364 73374 73384 73394
73304 73314 73324 73334 73344 73354 73364 73374 73384 73394
73304 73314 73324 73334 73344 73354 73364 73374 73384 73394
73304 73314 73324 73334 73344 73354 73364 73374 73384 73394
73304 73314 73324 73334 73344 73354 73364 73374 73384 73394
73304 73314 73324 73334 73344 73354 73364 73374 73384 73394
73304 73314 73324 73334 73344 73354 73364 73374 73384 73394
73304 73314 73324 73334 73344 73354 73364 73374 73384 73394
73304 73314 73324 73464 73464 73354 73364 73374 73464 73394
73304 73314 73324 73334 73344 73354 73364 73374 73384 73394
73304 73314 73324 73334 73344 73354 73364 73374 73384 73394
73304 73314 73324 73334 73344 73354 73364 73374 73384 73394
73304 73314 73324 73334 73344 73354 73364 73374 73384 73394
73304 73314 73324 73334 73344 73354 73364 73374 73384 73394
73304 73314 73324 73334 73344 73354 73364 73374 73384 73394
73304 73314 73324 73334 73344 73354 73364 73374 73384 73394
73304 73314 73324 73334 73344 73354 73364 73374 73384 73394
73304 73314 73324 73334 73344 73354 73364 73374 73384 73394
73304 73314 73324 73334 73344 73354 73364 73374 73384 73394
73304 73314 73324 73334 73344 73354 73364 73374 73384 73394
73304 73314 73324 73334 73344 73354 73364 73374 73384 73394
73304 73314 73324 73334 73344 73354 73364 73374 73384 73394
73304 73314 73324 73334 73344 73354 73364 73374 73384 73394
73304 73314 73324 73334 73344 73354 73364 73374 73384 73394
73304 73314 73324 73334 73344 73354 73364 73374 73384 73394
73304 73314 73324 73334 73344 73354 73364 73374 73384 73394
73304 73314 73324 73334 73344 73354 73364 73374 73384 73394
73304 73314 73324 73334 73344 73354 73364 73374 73384 73394
73304 73314 73324 73334 73344 73354 73364 73374 73384 73394
73304 73314 73324 73334 73344 73354 73364 73374 73384 73394
73304 73314 73324 73334 73344 73354 73364 73374 73384 73394
73304 73314 73324 73334 73344 73354 73364 73374 73384 73394
73304 73314 73324 73334 73344 73354 73364 73374 73384 73394
73304 73314 73324 73334 73344 73354 73364 73374 73384 73394
73304 73314 73324 73404 73344 73404 73404 73374 73384 73394
73304 73314 73324 73404 73344 73404 73404 73374 73384 73394
73304 73314 73324 73334 73344 73354 73364 73374 73384 73394
73304 73314 73324 73414 73344 73414 73414 73374 73384 73394
73304 73314 73324 73334 73344 73354 73364 73374 73384 73394
73304 73314 73324 73334 73344 73354 73364 73374 73384 73394
73304 73314 73324 73414 73344 73414 73414 73374 73384 73394
73304 73314 73324 73334 73344 73354 73364 73374 73384 73394
73304 73314 73324 73334 73344 73354 73364 73374 73384 73394
73304 73314 73324 73334 73344 73354 73364 73374 73384 73394
73304 73314 73324 73334 73344 73354 73364 73374 73384 73394
73304 73314 73324 73334 73344 73354 73364 73374 73384 73394
73304 73424 73424 73424 73424 73424 73424 73424 73424 73394
73304 73424 73424 73424 73424 73424 73424 73424 73424 73394
73304 73424 73424 73424 73424 73424 73424 73424 73424 73394
73304 73314 73324 73334 73434 73434 73434 73374 73384 73394
73304 73444 73444 73444 73444 73444 73444 73444 73444 73394
73304 73444 73444 73444 73444 73444 73444 73444 73444 73394
73304 73444 73444 73444 73444 73444 73444 73444 73444 73394
73304 73444 73444 73444 73444 73444 73444 73444 73444 73394
73304 73314 73324 73334 73344 73354 73364 73374 73384 73394
73304 73314 73324 73334 73344 73354 73364 73374 73454 73394
73304 73314 73324 73334 73344 73354 73364 73374 73384 73394
73304 73314 73324 73334 73344 73354 73364 73374 73384 73394
