38731
38731
38731
38731
38731
38731
38731
38731
38731
38731
38731
38731
38731
38731
38731
38731
38731
38731
38731
38731
38731
38731
38731
38731
38731
38731
38731
38731
38731
38731
2532
2532
2532
2532
2532
2532
2532
2532
2532
2532
2532
2532
2532
2532
2532
2532
2532
2532
2532
2532
2532
2532
2532
2532
2532
2532
2532
2532
2532
2532
2532
2532
30913 30923 30933 30943 30953 30963
30913 30923 30933 30943 30953 30963
30913 30923 30933 30943 30953 30963
30913 30923 30933 30943 30953 30963
30913 30923 30933 30943 30953 30963
30913 30923 30933 30943 30953 30963
30913 30923 30933 30943 30953 30963
30913 30923 30933 30943 30953 30963
30913 30923 30933 30943 30953 30963
30913 30923 30933 30943 30953 30963
30913 30923 30933 30943 30953 30963
30913 30923 30933 30943 30953 30963
30913 30923 30933 30943 30953 30963
30913 30923 30933 30943 30953 30963
30913 30923 30933 30943 30953 30963
30913 30923 30933 30943 30953 30963
30913 30923 30933 30943 30953 30963
30913 30923 30933 30943 30953 30963
30913 30923 30933 30943 30953 30963
30913 30923 30933 30943 30953 30963
30913 30923 30933 30943 30953 30963
30913 30923 30933 30943 30953 30963
30913 30923 30933 30943 30953 30963
30913 30923 30933 30943 30953 30963
30913 30923 30933 30943 30953 30963
30913 30923 30933 30943 30953 30963
30913 30923 30933 30943 30953 30963
30913 30923 30933 30943 30953 30963
30913 30923 30933 30943 30953 30963
30913 30923 30933 30943 30953 30963
30913 30923 30933 30943 30953 30963
30913 30923 30933 30943 30953 30963
30913 30923 30933 30943 30953 30963
30913 30923 30933 30943 30953 30963
30913 30923 30933 30943 30953 30963
30913 30923 30933 30943 30953 30963
30913 30923 30933 30943 30953 30963
30913 30923 30933 30943 30953 30963
30913 30923 30933 30943 30953 30963
30913 30923 30933 30943 30953 30963
30913 30923 30933 30943 30953 30963
30913 30923 30933 30943 30953 30963
30913 30923 30933 30943 30953 30963
30913 30923 30933 30943 30953 30963
30913 30923 30933 30943 30953 30963
30913 30923 30933 30943 30953 30963
30913 30923 30933 30943 30953 30963
30913 30923 30933 30943 30953 30963
30913 30923 30933 30943 30953 30963
30913 30923 30933 30943 30953 30963
30913 30923 30933 30943 30953 30963
30913 30923 30933 30943 30953 30963
30913 30923 30933 30943 30953 30963
30913 30923 30933 30943 30953 30963
30913 30923 30933 30943 30953 30963
30913 30923 30933 30943 30953 30963
30913 30923 30933 30943 30953 30963
30913 30923 30933 30943 30953 30963
30913 30923 30933 30943 30953 30963
