84571
84571
84571
84571
84571
84571
84571
84571
84571
84571
84571
84571
84571
84571
84571
84571
84571
84571
84571
84571
84571
84571
84571
84571
84571
84571
84571
84571
84571
84571
7802 7802 7802
7802 7802 7802
7802 7802 7802
7802 7802 7802
7802 7802 7802
7802 7802 7802
7802 7802 7802
7802 7802 7802
7802 7802 7802
7802 7802 7802
7802 7802 7802
7802 7802 7802
7802 7802 7802
7802 7802 7802
7802 7802 7802
7802 7802 7802
7802 7802 7802
7802 7802 7802
7802 7802 7802
7802 7802 7802
7802 7802 7802
7802 7802 7802
7802 7802 7802
7802 7802 7802
7802 7802 7802
7802 7802 7802
7802 7802 7802
7802 7802 7802
7802 7802 7802
7802 7802 7802
7802 7802 7802
7802 7802 7802
64773 64783 64793 64803 64813 64823 64833
64773 64783 64793 64803 64813 64823 64833
64773 64783 64793 64803 64813 64823 64833
64773 64783 64793 64803 64813 64823 64833
64773 64783 64793 64803 64813 64823 64833
64773 64783 64793 64803 64813 64823 64833
64773 64783 64793 64803 64813 64823 64833
64773 64783 64793 64803 64813 64823 64833
64773 64783 64793 64803 64813 64823 64833
64773 64783 64793 64803 64813 64823 64833
64773 64783 64793 64803 64813 64823 64833
64773 64783 64793 64803 64813 64823 64833
64773 64783 64793 64803 64813 64823 64833
64773 64783 64793 64803 64813 64823 64833
64773 64783 64793 64803 64813 64823 64833
64773 64783 64793 64803 64813 64823 64833
64773 64783 64793 64803 64813 64823 64833
64773 64783 64793 64803 64813 64823 64833
64773 64783 64793 64803 64813 64823 64833
64773 64783 64793 64803 64813 64823 64833
64773 64783 64793 64803 64813 64823 64833
64773 64783 64793 64803 64813 64823 64833
64773 64783 64793 64803 64813 64823 64833
64773 64783 64793 64803 64813 64823 64833
64773 64783 64793 64803 64813 64823 64833
64773 64783 64793 64803 64813 64823 64833
64773 64783 64793 64803 64813 64823 64833
64773 64783 64793 64803 64813 64823 64833
64773 64783 64793 64803 64813 64823 64833
64773 64783 64793 64803 64813 64823 64833
64773 64783 64793 64803 64813 64823 64833
64773 64783 64793 64803 64813 64823 64833
64773 64783 64793 64803 64813 64823 64833
64773 64783 64793 64803 64813 64823 64833
64773 64783 64793 64803 64813 64823 64833
64773 64783 64793 64803 64813 64823 64833
64773 64783 64793 64803 64813 64823 64833
64773 64783 64793 64803 64813 64823 64833
64773 64783 64793 64803 64813 64823 64833
64773 64783 64793 64803 64813 64823 64833
64773 64843 64793 64803 64813 64823 64833
64773 64783 64793 64853 64853 64863 64833
64773 64873 64793 64803 64813 64823 64833
64773 64883 64793 64803 64813 64823 64833
64773 64893 64793 64803 64813 64823 64833
64773 64873 64793 64803 64813 64823 64833
64773 64883 64793 64803 64813 64823 64833
64773 64893 64793 64803 64813 64823 64833
64773 64783 64793 64803 64813 64823 64833
64773 64783 64793 64803 64813 64823 64833
64773 64913 64793 64803 64813 64823 64833
64773 64923 64793 64803 64813 64823 64833
64773 64783 64793 64803 64813 64823 64833
64773 64783 64793 64803 64813 64823 64833
64773 64783 64793 64803 64813 64823 64833
64773 64933 64793 64933 64933 64823 64833
64773 64963 64793 64943 64943 64823 64833
64773 64953 64793 64953 64953 64823 64833
64773 64783 64793 64803 64813 64973 64833
