84581
84581
84581
84581
84581
84581
84581
84581
84581
84581
84581
84581
84581
84581
84581
84581
84581
84581
84581
84581
84581
84581
84581
84581
84581
84581
84581
84581
84581
84581
5872 5922 5932 5942
5872 5922 5932 5942
5872 5922 5932 5942
5872 5922 5932 5942
5872 5922 5932 5942
5872 5922 5932 5942
5872 5922 5932 5942
5872 5922 5932 5942
5872 5922 5932 5942
5872 5922 5932 5942
5872 5922 5932 5942
5872 5922 5932 5942
5872 5922 5932 5942
5872 5922 5932 5942
5872 5922 5932 5942
5872 5922 5932 5942
5872 5922 5932 5942
5872 5922 5932 5942
5872 5922 5932 5942
5872 5922 5932 5942
5872 5922 5932 5942
5872 5922 5932 5942
5872 5922 5932 5942
5872 5922 5932 5942
5872 5922 5932 5942
5872 5922 5932 5942
5872 5922 5932 5942
5872 5922 5932 5942
5872 5922 5932 5942
5872 5922 5932 5942
5872 5922 5932 5942
5872 5922 5932 5942
5872 5922 5932 5942
5872 5922 5932 5942
5872 5922 5932 5942
5872 5922 5932 5942
5872 5922 5932 5942
5872 5922 5932 5942
5882 5882 5882 5882
5892 5892 5892 5892
5872 5922 5932 5942
5902 5902 5902 5902
5902 5902 5902 5902
5872 5922 5932 5942
5872 5922 5932 5942
5912 5912 5912 5912
5872 5922 5932 5942
5872 5922 5932 5942
5872 5922 5932 5942
5872 5922 5932 5942
66973 66983 66993 67003 67013 67023 67033 67043
66973 66983 66993 67003 67013 67023 67033 67043
66973 66983 66993 67003 67013 67023 67033 67043
66973 66983 66993 67003 67013 67023 67033 67043
66973 66983 66993 67003 67013 67023 67033 67043
66973 66983 66993 67003 67013 67023 67033 67043
66973 66983 66993 67003 67013 67023 67033 67043
66973 66983 66993 67003 67013 67023 67033 67043
66973 66983 66993 67003 67013 67023 67033 67043
66973 66983 66993 67003 67013 67023 67033 67043
66973 66983 66993 67003 67013 67023 67033 67043
66973 66983 66993 67003 67013 67023 67033 67043
66973 66983 66993 67003 67013 67023 67033 67043
66973 66983 66993 67003 67013 67023 67033 67043
66973 66983 66993 67003 67013 67023 67033 67043
66973 66983 66993 67003 67013 67023 67033 67043
66973 66983 66993 67003 67013 67023 67033 67043
66973 66983 66993 67003 67013 67023 67033 67043
66973 66983 66993 67003 67013 67023 67033 67043
66973 66983 66993 67003 67013 67023 67033 67043
66973 66983 66993 67003 67013 67023 67033 67043
66973 66983 66993 67003 67013 67023 67033 67043
66973 66983 66993 67003 67013 67023 67033 67043
66973 66983 66993 67003 67013 67023 67033 67043
66973 66983 66993 67003 67013 67023 67033 67043
66973 66983 66993 67003 67013 67023 67033 67043
66973 66983 66993 67003 67013 67023 67033 67043
66973 66983 66993 67003 67013 67023 67033 67043
66973 66983 66993 67003 67013 67023 67033 67043
66973 66983 66993 67003 67013 67023 67033 67043
66973 66983 66993 67003 67013 67023 67033 67043
66973 66983 66993 67003 67013 67023 67033 67043
66973 66983 66993 67003 67013 67023 67033 67043
66973 66983 66993 67003 67013 67023 67033 67043
66973 66983 66993 67003 67013 67023 67033 67043
66973 66983 66993 67003 67013 67023 67033 67043
66973 66983 66993 67003 67013 67023 67033 67043
66973 66983 66993 67003 67013 67023 67033 67043
66973 66983 66993 67003 67013 67023 67033 67043
66973 66983 66993 67003 67013 67023 67033 67043
66973 66983 66993 67003 67013 67023 67033 67043
66973 66983 66993 67003 67013 67023 67033 67043
66973 66983 66993 67003 67013 67023 67033 67043
66973 66983 66993 67003 67013 67023 67033 67043
66973 66983 67053 67003 67053 67023 67033 67043
66973 66983 67053 67003 67053 67023 67033 67043
66973 66983 67153 67003 67013 67023 67033 67043
66973 66983 67153 67003 67013 67023 67033 67043
66973 66983 67063 67003 67063 67023 67033 67043
66973 66983 67153 67003 67013 67023 67033 67043
66973 66983 66993 67003 67013 67023 67033 67043
66973 66983 67063 67003 67063 67023 67033 67043
66973 66983 67073 67003 67073 67023 67033 67043
66973 67163 67163 67003 67013 67163 67033 67043
66973 67163 67163 67003 67013 67163 67033 67043
66973 67163 67163 67003 67013 67163 67033 67043
66973 67173 67173 67003 67013 67173 67033 67043
66973 67173 67173 67003 67013 67173 67033 67043
66973 67083 67083 67003 67013 67083 67033 67043
66973 67083 67083 67003 67013 67083 67033 67043
66973 67163 67163 67003 67013 67163 67033 67043
66973 67163 67163 67003 67013 67163 67033 67043
66973 67173 67173 67003 67013 67173 67033 67043
66973 67083 67083 67003 67013 67083 67033 67043
66973 67083 67083 67003 67013 67083 67033 67043
66973 67093 67093 67003 67013 67093 67033 67043
66973 67093 67093 67003 67013 67093 67033 67043
66973 67093 67093 67003 67013 67093 67033 67043
66973 67093 67093 67003 67013 67093 67033 67043
66973 67093 67093 67003 67013 67093 67033 67043
66973 67093 67093 67003 67013 67093 67033 67043
66973 66983 67113 67003 67013 67173 67033 67043
66973 66983 67113 67003 67013 67173 67033 67043
66973 66983 67113 67003 67013 67173 67033 67043
66973 66983 67113 67003 67013 67173 67033 67043
66973 66983 67113 67003 67013 67173 67033 67043
66973 66983 67113 67003 67013 67173 67033 67043
66973 66983 67123 67003 67013 67023 67033 67043
66973 66983 67123 67003 67013 67023 67033 67043
66973 67133 66993 67003 67013 67023 67033 67043
66973 67133 66993 67003 67013 67023 67033 67043
66973 67133 66993 67003 67013 67023 67033 67043
66973 67133 66993 67003 67013 67023 67033 67043
66973 67133 66993 67003 67013 67023 67033 67043
66973 66983 67143 67003 67143 67023 67033 67043
66973 66983 67143 67003 67143 67023 67033 67043
66973 66983 67143 67003 67143 67023 67033 67043
66973 66983 66993 67003 67013 67023 67033 67043
66973 66983 66993 67003 67013 67023 67033 67043
