84631
84631
84631
84631
84631
84631
84631
84631
84631
84631
84631
84631
84631
84631
84631
84631
84631
84631
84631
84631
84631
84631
84631
84631
84631
84631
84631
84631
84631
84631
7232 7282 7292 7302
7232 7282 7292 7302
7232 7282 7292 7302
7232 7282 7292 7302
7232 7282 7292 7302
7232 7282 7292 7302
7232 7282 7292 7302
7232 7282 7292 7302
7232 7282 7292 7302
7232 7282 7292 7302
7232 7282 7292 7302
7232 7282 7292 7302
7232 7282 7292 7302
7232 7282 7292 7302
7232 7282 7292 7302
7232 7282 7292 7302
7232 7282 7292 7302
7232 7282 7292 7302
7232 7282 7292 7302
7232 7282 7292 7302
7232 7282 7292 7302
7232 7282 7292 7302
7232 7282 7292 7302
7232 7282 7292 7302
7232 7282 7292 7302
7232 7282 7292 7302
7232 7282 7292 7302
7232 7282 7292 7302
7232 7282 7292 7302
7232 7282 7292 7302
7232 7282 7292 7302
7232 7282 7292 7302
7232 7282 7292 7302
7232 7282 7292 7302
7232 7282 7292 7302
7232 7282 7292 7302
7232 7282 7292 7302
7232 7282 7292 7302
7242 7242 7242 7242
7252 7252 7252 7252
7232 7282 7292 7302
7262 7262 7262 7262
7262 7262 7262 7262
7232 7282 7292 7302
7232 7282 7292 7302
7272 7272 7272 7272
7232 7282 7292 7302
7232 7282 7292 7302
7232 7282 7292 7302
7232 7282 7292 7302
8753 8763 8773
8753 8763 8773
8753 8763 8773
8753 8763 8773
8753 8763 8773
8753 8763 8773
8753 8763 8773
8753 8763 8773
8753 8763 8773
8753 8763 8773
8753 8763 8773
8753 8763 8773
8753 8763 8773
8753 8763 8773
8753 8763 8773
8753 8763 8773
8753 8763 8773
8753 8763 8773
8753 8763 8773
8753 8763 8773
8753 8763 8773
8753 8763 8773
8753 8763 8773
8753 8763 8773
8753 8763 8773
8753 8763 8773
8753 8763 8773
8753 8763 8773
8753 8763 8773
8753 8763 8773
8753 8763 8773
8753 8763 8773
8753 8763 8773
8753 8763 8773
8753 8763 8773
8753 8763 8773
8753 8763 8773
8783 8783 8783
8793 8793 8793
8753 8763 8773
8753 8763 8773
8753 8763 8773
8753 8763 8773
8753 8763 8773
8753 8763 8773
8753 8763 8773
8753 8763 8773
8753 8763 8773
8753 8763 8773
20084 20094 20104 20114 20124 20134 20144 20154
20084 20094 20104 20114 20124 20134 20144 20154
20084 20094 20104 20114 20124 20134 20144 20154
20084 20094 20104 20114 20124 20134 20144 20154
20084 20094 20104 20114 20124 20134 20144 20154
20084 20094 20104 20114 20124 20134 20144 20154
20084 20094 20104 20114 20124 20134 20144 20154
20084 20094 20104 20114 20124 20134 20144 20154
20084 20094 20104 20114 20124 20134 20144 20154
20084 20094 20104 20114 20124 20134 20144 20154
20084 20094 20104 20114 20124 20134 20144 20154
20084 20094 20104 20114 20124 20134 20144 20154
20084 20094 20104 20114 20124 20134 20144 20154
20084 20094 20104 20114 20124 20134 20144 20154
20084 20094 20104 20114 20124 20134 20144 20154
20084 20094 20104 34224 34224 34224 20144 20154
20084 20094 20104 34224 34224 34224 20144 20154
20084 20094 20104 34224 34224 34224 20144 20154
20084 20094 20104 20114 20124 20134 20144 20154
20084 20094 20104 20114 20124 20134 20144 20154
20084 20094 20104 20114 20124 20134 20144 20154
20084 20094 20104 20114 20124 20134 20144 20154
20084 20094 20104 20114 20124 20134 20144 20154
20084 20094 20104 20114 20124 20134 20144 20154
20084 20094 20104 20114 20124 20134 20144 20154
20084 20094 20104 20114 20124 20134 20144 20154
20084 20094 20104 20114 20124 20134 20144 20154
20084 20094 20104 20114 20124 20134 20144 20154
20084 20094 20104 20114 20124 20134 20144 20154
20084 20094 20104 20114 20124 20134 20144 20154
20084 20094 20104 20114 20124 20134 20144 20154
20084 20094 20104 20114 20124 20134 20144 20154
20084 20094 20104 20114 20124 20134 20144 20154
20084 20094 20104 20114 20124 20134 20144 20154
20084 20094 20104 20114 20124 20134 20144 20154
20084 20094 20104 20114 20124 20134 20144 20154
20084 20094 20104 20114 20124 20134 20144 20154
20084 20094 20104 20114 20124 20134 20144 20154
20084 20094 20104 20114 20124 20134 20144 20154
20084 20094 20104 20114 20124 20134 20144 20154
20084 20094 20104 20114 20124 20134 20144 20154
20084 20094 20104 20114 20124 20134 20144 20154
20084 20094 20104 20114 20124 20134 20144 20154
20084 20094 20104 20114 20124 20134 20144 20154
20084 20094 20104 20114 20124 20134 20144 20154
20084 20094 20104 20114 20124 20134 20144 20154
20084 20094 20104 20114 20124 20134 20144 20154
20164 20094 20104 20164 20124 20134 20144 20164
20184 20094 20104 20184 20124 20134 20144 20184
20084 20094 20104 20114 20124 20134 20144 20154
20174 20174 20174 20174 20174 20174 20174 20174
20174 20174 20174 20174 20174 20174 20174 20174
20194 20194 20194 20194 20194 20134 20144 20154
20084 20094 20104 20114 20124 20134 20144 20154
20204 20204 20104 20204 20204 20134 20144 20154
20084 20094 20104 20114 20124 20134 20144 20154
20214 20094 20104 20214 20214 20214 20214 20214
20224 20094 20104 20224 20124 20134 20144 20224
20234 20094 20104 20114 20124 20134 20144 20234
20244 20094 20104 20244 20124 20134 20144 20154
20084 20094 20104 20114 20124 20134 20144 20154
20084 20094 20104 20114 20124 20134 20144 20154
20254 20094 20104 20254 20124 20134 20144 20154
20084 20094 20104 20114 20124 20134 20144 20154
20254 20254 20254 20254 20254 20254 20254 20254
20254 20254 20254 20254 20254 20254 20254 20254
20254 20254 20254 20254 20254 20254 20254 20254
20084 20094 20104 20114 20124 20134 20144 20154
20264 20094 20104 20264 20124 20134 20144 20154
20084 20094 20104 20114 20124 20134 20144 20154
20264 20094 20104 20114 20124 20134 20144 20264
20084 20094 20104 20114 20124 20134 20144 20154
20274 20094 20104 20274 20124 20134 20144 20154
20084 20094 20104 20114 20124 20134 20144 20154
20084 20094 20104 20114 20124 20134 20144 20154
20084 20094 20104 20114 20124 20134 20144 20154
20084 20094 20104 20114 20124 20134 20144 20154
20284 20094 20104 20284 20124 20134 20144 20154
20084 20094 20104 20114 20124 20134 20144 20154
20284 20094 20104 20284 20284 20284 20284 20284
20084 20094 20104 20114 20124 20134 20144 20154
20294 20294 20104 20294 20294 20134 20144 20154
20084 20094 20104 20114 20124 20134 20144 20154
20084 20094 20104 20114 20124 20134 20144 20154
23875 23885 23895 23905 23915 23925 23935
23875 23885 23895 23905 23915 23925 23935
23875 23885 23895 23905 23915 23925 23935
23875 23885 23895 23905 23915 23925 23935
23875 23885 23895 23905 23915 23925 23935
23875 23885 23895 23905 23915 23925 23935
23875 23885 23895 23905 23915 23925 23935
23875 23885 23895 23905 23915 23925 23935
23875 23885 23895 23905 23915 23925 23935
23875 23885 23895 23905 23915 23925 23935
23875 23885 23895 23905 23915 23925 23935
23875 23885 23895 23905 23915 23925 23935
23875 23885 23895 23905 23915 23925 23935
23875 23885 23895 23905 23915 23925 23935
23875 23885 23895 23905 23915 23925 23935
34355 34355 34355 34355 34355 34355 34355
34355 34355 34355 34355 34355 34355 34355
34355 34355 34355 34355 34355 34355 34355
23875 23885 23895 23905 23915 23925 23935
23875 23885 23895 23905 23915 23925 23935
23875 23885 23895 23905 23915 23925 23935
23875 23885 23895 23905 23915 23925 23935
23875 23885 23895 23905 23915 23925 23935
23875 23885 23895 23905 23915 23925 23935
23875 23885 23895 23905 23915 23925 23935
23875 23885 23895 23905 23915 23925 23935
23875 23885 23895 23905 23915 23925 23935
23875 23885 23895 23905 23915 23925 23935
23875 23885 23895 23905 23915 23925 23935
23875 23885 23895 23905 23915 23925 23935
23875 23885 23895 23905 23915 23925 23935
23875 23885 23895 23905 23915 23925 23935
23875 23885 23895 23905 23915 23925 23935
23875 23885 23895 23905 23915 23925 23935
23875 23885 23895 23905 23915 23925 23935
23875 23885 23895 23905 23915 23925 23935
23875 23885 23895 23905 23915 23925 23935
23875 23885 23895 23905 23915 23925 23935
23875 23885 23895 23905 23915 23925 23935
23875 23885 23895 23905 23915 23925 23935
23875 23885 23895 23905 23915 23925 23935
23875 23885 23895 23905 23915 23925 23935
23875 23885 23895 23905 23915 23925 23935
23875 23885 23895 23905 23915 23925 23935
23875 23885 23895 23905 23915 23925 23935
23875 23885 23895 23905 23915 23925 23935
23875 23885 23895 23905 23915 23925 23935
23945 23945 23945 23945 23945 23945 23945 23945
23955 23955 23955 23955 23955 23955 23955 23955
23875 23885 23895 23905 23915 23925 23935
23875 23885 23895 23905 23915 23925 23935
23875 23885 23895 23905 23915 23925 23935
23875 23885 23895 23905 23915 23925 23935
23965 23965 23965 23965 23965 23965 23965 23965
23975 23975 23975 23975 23975 23975 23975 23975
23975 23975 23975 23975 23975 23975 23975 23975
23975 23975 23975 23975 23975 23975 23975 23975
23985 23985 23985 23985 23985 23985 23985 23985
23985 23985 23985 23985 23985 23985 23985 23985
23985 23985 23985 23985 23985 23985 23985 23985
23995 23885 23995 23905 23995 23925 23935
24005 24005 24005 24005 24005 24005 24005 24005
24005 24005 24005 24005 24005 24005 24005 24005
24005 24005 24005 24005 24005 24005 24005 24005
24015 24015 24015 24015 24015 24015 24015 24015
24015 24015 24015 24015 24015 24015 24015 24015
24015 24015 24015 24015 24015 24015 24015 24015
24025 23885 23895 24025 23915 23925 23935
23875 23885 23895 23905 23915 23925 23935
24035 24035 23895 23905 24035 23925 23935
23875 23885 23895 23905 23915 23925 23935
24045 24045 23895 23905 24045 23925 23935
23875 23885 23895 23905 23915 23925 23935
23875 23885 23895 23905 23915 23925 23935
23875 23885 23895 23905 23915 23925 23935
24055 23885 23895 24055 23915 23925 23935
23875 23885 23895 23905 23915 23925 23935
23875 23885 23895 23905 23915 23925 23935
24065 24065 23895 23905 24065 23925 23935
23875 23885 23895 23905 23915 23925 23935
23875 23885 23895 23905 23915 23925 23935
23875 23885 23895 23905 23915 23925 23935
23875 23885 23895 23905 23915 23925 23935
