38791
38791
38791
38791
38791
38791
38791
38791
38791
38791
38791
38791
38791
38791
38791
38791
38791
38791
38791
38791
38791
38791
38791
38791
38791
38791
38791
38791
38791
38791
2452
2452
2452
2452
2452
2452
2452
2452
2452
2452
2452
2452
2452
2452
2452
2452
2452
2452
2452
2452
2452
2452
2452
2452
2452
2452
2452
2452
2452
2452
2452
2452
2452
2452
2452
2452
2452
2452
2452
2452
2452
2452
2452
2452
2452
2452
2452
2452
2452
2452
2923
2923
2923
2923
2923
2923
2923
2923
2923
2923
2923
2923
2923
2923
2923
2923
2923
2923
2923
2923
2923
2923
2923
2923
2923
2923
2923
2923
2923
2923
2923
2923
2923
2923
2923
2923
2923
2923
2923
2923
2923
2923
2923
2923
2923
2923
2923
2923
2923
7614 7624 7634 7644 7654 7664 7674 7684
7614 7624 7634 7644 7654 7664 7674 7684
7614 7624 7634 7644 7654 7664 7674 7684
7614 7624 7634 7644 7654 7664 7674 7684
7614 7624 7634 7644 7654 7664 7674 7684
7614 7624 7634 7644 7654 7664 7674 7684
7614 7624 7634 7644 7654 7664 7674 7684
7614 7624 7634 7644 7654 7664 7674 7684
7614 7624 7634 7644 7654 7664 7674 7684
7614 7624 7634 7644 7654 7664 7674 7684
7614 7624 7634 7644 7654 7664 7674 7684
7614 7624 7634 7644 7654 7664 7674 7684
7614 7624 7634 7644 7654 7664 7674 7684
7614 7624 7634 7644 7654 7664 7674 7684
7614 7624 7634 7644 7654 7664 7674 7684
7614 7624 7634 7644 7654 7664 7674 7684
7614 7624 7634 7644 7654 7664 7674 7684
7614 7624 7634 7644 7654 7664 7674 7684
7614 7624 7634 7644 7654 7664 7674 7684
7614 7624 7634 7644 7654 7664 7674 7684
7614 7624 7634 7644 7654 7664 7674 7684
7614 7624 7634 7644 7654 7664 7674 7684
7614 7624 7634 7644 7654 7664 7674 7684
7614 7624 7634 7644 7654 7664 7674 7684
7614 7624 7634 7644 7654 7664 7674 7684
7614 7624 7634 7644 7654 7664 7674 7684
7614 7624 7634 7644 7654 7664 7674 7684
7614 7624 7634 7644 7654 7664 7674 7684
7614 7624 7634 7644 7654 7664 7674 7684
7614 7624 7634 7644 7654 7664 7674 7684
7614 7624 7634 7644 7654 7664 7674 7684
7614 7624 7634 7644 7654 7664 7674 7684
7614 7624 7634 7644 7654 7664 7674 7684
7614 7624 7634 7644 7654 7664 7674 7684
7614 7624 7634 7644 7654 7664 7674 7684
7614 7624 7634 7644 7654 7664 7674 7684
7614 7624 7634 7644 7654 7664 7674 7684
7614 7624 7634 7644 7654 7664 7674 7684
7614 7624 7634 7644 7654 7664 7674 7684
7614 7624 7634 7644 7654 7664 7674 7684
7614 7624 7634 7644 7654 7664 7674 7684
7614 7624 7634 7644 7654 7664 7674 7684
7614 7624 7634 7644 7654 7664 7674 7684
7614 7624 7634 7644 7654 7664 7674 7684
7614 7624 7634 7644 7654 7664 7674 7684
7614 7624 7634 7644 7654 7664 7674 7684
7614 7624 7634 7644 7654 7664 7674 7684
7614 7624 7634 7644 7654 7664 7674 7684
7614 7624 7634 7644 7654 7664 7674 7684
7614 7624 7634 7644 7654 7664 7674 7684
7614 7624 7634 7644 7654 7664 7674 7684
7614 7624 7634 7644 7654 7664 7674 7684
7614 7624 7634 7644 7654 7664 7674 7684
7614 7624 7634 7644 7654 7664 7674 7684
7614 7624 7634 7644 7654 7664 7674 7684
7614 7624 7634 7644 7654 7664 7674 7684
7614 7624 7634 7644 7654 7664 7674 7684
7614 7624 7634 7644 7654 7664 7674 7684
7614 7624 7634 7644 7654 7664 7674 7684
7614 7624 7634 7644 7654 7664 7674 7684
7694 7624 7634 7694 7654 7664 7674 7684
7614 7624 7634 7644 7654 7664 7674 7684
7614 7624 7634 7644 7654 7664 7674 7684
7694 7624 7634 7694 7654 7664 7674 7684
7694 7624 7634 7694 7654 7664 7674 7684
7694 7624 7634 7694 7654 7664 7674 7684
7694 7624 7634 7694 7654 7664 7674 7684
7614 7624 7634 7644 7654 7664 7674 7684
7614 7624 7634 7644 7654 7664 7674 7684
7694 7624 7634 7694 7654 7664 7674 7684
7694 7624 7634 7694 7654 7664 7674 7684
7614 7624 7634 7644 7654 7664 7674 7684
7614 7624 7634 7644 7654 7664 7674 7684
7694 7624 7634 7694 7654 7664 7674 7684
7694 7624 7634 7694 7654 7664 7674 7684
7694 7624 7634 7694 7654 7664 7674 7684
7614 7624 7634 7644 7654 7664 7674 7684
7614 7624 7634 7644 7654 7664 7674 7684
7694 7624 7634 7694 7654 7664 7674 7684
7694 7624 7634 7694 7654 7664 7674 7684
7614 7624 7634 7644 7654 7664 7674 7684
7614 7624 7634 7644 7654 7664 7674 7684
7614 7624 7634 7644 7654 7664 7674 7684
7614 7624 7634 7644 7654 7664 7674 7684
9835 9845 9855 9865 9875 9885 9895 9905 9915
9835 9845 9855 9865 9875 9885 9895 9905 9915
9835 9845 9855 9865 9875 9885 9895 9905 9915
9835 9845 9855 9865 9875 9885 9895 9905 9915
9835 9845 9855 9865 9875 9885 9895 9905 9915
9835 9845 9855 9865 9875 9885 9895 9905 9915
9835 9845 9855 9865 9875 9885 9895 9905 9915
9835 9845 9855 9865 9875 9885 9895 9905 9915
9835 9845 9855 9865 9875 9885 9895 9905 9915
9835 9845 9855 9865 9875 9885 9895 9905 9915
9835 9845 9855 9865 9875 9885 9895 9905 9915
9835 9845 9855 9865 9875 9885 9895 9905 9915
9835 9845 9855 9865 9875 9885 9895 9905 9915
9835 9845 9855 9865 9875 9885 9895 9905 9915
9835 9845 9855 9865 9875 9885 9895 9905 9915
9835 9845 9855 9865 9875 9885 9895 9905 9915
9835 9845 9855 9865 9875 9885 9895 9905 9915
9835 9845 9855 9865 9875 9885 9895 9905 9915
9835 9845 9855 9865 9875 9885 9895 9905 9915
9835 9845 9855 9865 9875 9885 9895 9905 9915
9835 9845 9855 9865 9875 9885 9895 9905 9915
9835 9845 9855 9865 9875 9885 9895 9905 9915
9835 9845 9855 9865 9875 9885 9895 9905 9915
9835 9845 9855 9865 9875 9885 9895 9905 9915
9835 9845 9855 9865 9875 9885 9895 9905 9915
9835 9845 9855 9865 9875 9885 9895 9905 9915
9835 9845 9855 9865 9875 9885 9895 9905 9915
9835 9845 9855 9865 9875 9885 9895 9905 9915
9835 9845 9855 9865 9875 9885 9895 9905 9915
9835 9845 9855 9865 9875 9885 9895 9905 9915
9835 9845 9855 9865 9875 9885 9895 9905 9915
9835 9845 9855 14165 9875 9885 9895 14855 9915
9835 9845 9855 14165 9875 9885 9895 14855 9915
9835 9845 9855 14165 9875 9885 9895 14855 9915
9835 9845 9855 9865 9875 9885 9895 9905 9915
9835 9845 9855 9865 9875 9885 9895 9905 9915
9835 9845 9855 9865 9875 9885 9895 9905 9915
9835 9845 9855 9865 9875 9885 9895 9905 9915
9835 9845 9855 9865 9875 9885 9895 9905 9915
9835 9845 9855 9865 9875 9885 9895 9905 9915
9835 9845 9855 9865 9875 9885 9895 9905 9915
9835 9845 9855 9865 9875 9885 9895 9905 9915
9835 9845 9855 9865 9875 9885 9895 9905 9915
9835 9845 9855 9865 9875 9885 9895 9905 9915
9835 9845 9855 9865 9875 9885 9895 9905 9915
9835 9845 9855 9865 9875 9885 9895 9905 9915
9835 9845 9855 9865 9875 9885 9895 9905 9915
9835 9845 9855 9865 9875 9885 9895 9905 9915
9835 9845 9855 9865 9875 9885 9895 9905 9915
9835 9845 9855 9865 9875 9885 9895 9905 9915
9835 9845 9855 9865 9875 9885 9895 9905 9915
9835 9845 9855 9865 9875 9885 9895 9905 9915
9835 9845 9855 9865 9875 9885 9895 9905 9915
9835 9845 9855 9865 9875 9885 9895 9905 9915
9835 9845 9855 9865 9875 9885 9895 9905 9915
9835 9845 9855 9865 9875 9885 9895 9905 9915
9835 9845 9855 9865 9875 9885 9895 9905 9915
9835 9845 9855 9865 9875 9885 9895 9905 9915
9835 9845 9855 9865 9875 9885 9895 9905 9915
9835 9845 9855 9865 9875 9885 9895 9905 9915
9835 9845 9855 9865 9875 9885 9895 9905 9915
9835 9845 9855 9865 9875 9885 9895 9905 9915
9835 9845 9855 9865 9875 9885 9895 9905 9915
9835 9845 9855 9865 9875 9885 9895 9905 9915
9835 9845 9855 9865 9875 9885 9895 9905 9915
9835 9845 9855 9865 9875 9885 9895 9905 9915
9835 9845 9855 9865 9875 9885 9895 9905 9915
9835 9845 9855 14165 9875 9885 9895 14855 9915
9835 9845 9855 14165 9875 9885 9895 14855 9915
9835 9845 9855 9865 9875 9885 9895 9905 9915
9835 9845 9855 9865 9875 9885 9895 9905 9915
9835 9845 9855 9865 9875 9885 9895 9905 9915
9835 9845 9855 9865 9875 9885 9895 9905 9915
9835 9845 9855 9865 9875 9885 9895 9905 9915
9835 9845 9855 9865 9875 9885 9895 9905 9915
9835 9845 9855 14165 9875 9885 9895 14855 9915
9835 9845 9855 14165 9875 9885 9895 14855 9915
9835 9845 9855 9865 9875 9885 9895 9905 9915
9835 9845 9855 9865 9875 9885 9895 9905 9915
9835 9845 9855 9865 9875 9885 9895 9905 9915
9835 9845 9855 9865 9875 9885 9895 9905 9915
9835 9845 9855 9865 9875 9885 9895 9905 9915
9835 9845 9855 9865 9875 9885 9895 9905 9915
