38741
38741
38741
38741
38741
38741
38741
38741
38741
38741
38741
38741
38741
38741
38741
38741
38741
38741
38741
38741
38741
38741
38741
38741
38741
38741
38741
38741
38741
38741
2612
2612
2612
2612
2612
2612
2612
2612
2612
2612
2612
2612
2612
2612
2612
2612
2612
2612
2612
2612
2612
2612
2612
2612
2612
2612
2612
2612
2612
2612
2612
2612
23623
23623
23623
23623
23623
23623
23623
23623
23623
23623
23623
23623
23623
23623
23623
23623
23623
23623
23623
23623
23623
23623
23623
23623
23623
23623
23623
23623
23623
23623
23623
23623
28844 28854 28864 28874 28884 28894 28904
28844 28854 28864 28874 28884 28894 28904
28844 28854 28864 28874 28884 28894 28904
28844 28854 28864 28874 28884 28894 28904
28844 28854 28864 28874 28884 28894 28904
28844 28854 28864 28874 28884 28894 28904
28844 28854 28864 28874 28884 28894 28904
28844 28854 28864 28874 28884 28894 28904
28844 28854 28864 28874 28884 28894 28904
28844 28854 28864 28874 28884 28894 28904
28844 28854 28864 28874 28884 28894 28904
28844 28854 28864 28874 28884 28894 28904
28844 28854 28864 28874 28884 28894 28904
28844 28854 28864 28874 28884 28894 28904
28844 28854 28864 28874 28884 28894 28904
28844 28854 28864 28874 28884 28894 28904
28844 28854 28864 28874 28884 28894 28904
28844 28854 28864 28874 28884 28894 28904
28844 28854 28864 28874 28884 28894 28904
28844 28854 28864 28874 28884 28894 28904
28844 28854 28864 28874 28884 28894 28904
28844 28854 28864 28874 28884 28894 28904
28844 28854 28864 28874 28884 28894 28904
28844 28854 28864 28874 28884 28894 28904
28844 28854 28864 28874 28884 28894 28904
28844 28854 28864 28874 28884 28894 28904
28844 28854 28864 28874 28884 28894 28904
28844 28854 28864 28874 28884 28894 28904
28844 28854 28864 28874 28884 28894 28904
28844 28854 28864 28874 28884 28894 28904
28844 28854 28864 28874 28884 28894 28904
28844 28854 28864 28874 28884 28894 28904
28844 28854 28864 28874 28884 28894 28904
28844 28854 28864 28874 28884 28894 28904
28844 28854 28864 28874 28884 28894 28904
28844 28854 28864 28874 28884 28894 28904
28844 28854 28864 28874 28884 28894 28904
28844 28854 28864 28874 28884 28894 28904
28844 28854 28864 28874 28884 28894 28904
28844 28854 28864 28874 28884 28894 28904
28844 28854 28864 28874 28884 28894 28904
28844 28854 28864 28874 28884 28894 28904
28844 28854 28864 28874 28884 28894 28904
28844 28854 28864 28874 28884 28894 28904
28844 28854 28864 28874 28884 28894 28904
28844 28854 28864 28874 28884 28894 28904
28844 28854 28864 28874 28884 28894 28904
28844 28854 28864 28874 28884 28894 28904
28844 28854 28864 28874 28884 28894 28904
28844 28854 28864 28874 28884 28894 28904
28844 28854 28864 28874 28884 28894 28904
28844 28854 28864 28874 28884 28894 28904
28844 28854 28864 28874 28884 28894 28904
28844 28854 28864 28874 28884 28894 28904
28844 28854 28864 28874 28884 28894 28904
28844 28854 28864 28874 28884 28894 28904
28844 28854 28864 28874 28884 28894 28904
28844 28854 28864 28874 28884 28894 28904
28844 28854 28864 28874 28884 28894 28904
28844 28854 28864 28874 28884 28894 28904
28844 28854 28864 28874 28884 28894 28904
28844 28854 28864 28874 28884 28894 28904
28844 28854 28864 28874 28884 28894 28904
28844 28854 28864 28874 28884 28894 28904
28844 28854 28864 28874 28884 28894 28904
28844 28854 28864 28874 28884 28894 28904
28844 28854 28864 28874 28884 28894 28904
28844 28854 28864 28874 28884 28894 28904
28844 28854 28864 28874 28884 28894 28904
28844 28854 28864 28874 28884 28894 28904
28844 28854 28864 28874 28884 28894 28904
28844 28854 28864 28874 28884 28894 28904
28844 28854 28864 28874 28884 28894 28904
28844 28854 28864 28874 28884 28894 28904
28844 28854 28864 28874 28884 28894 28904
28844 28854 28864 28874 28884 28894 28904
28844 28854 28864 28874 28884 28894 28904
28844 28854 28864 28874 28884 28894 28904
28844 28854 28864 28874 28884 28894 28904
28844 28854 28864 28874 28884 28894 28904
28844 28854 28864 28874 28884 28894 28904
28844 28854 28864 28874 28884 28894 28904
28844 28854 28864 28874 28884 28894 28904
28844 28854 28864 28874 28884 28894 28904
28844 28854 28864 28874 28884 28894 28904
