84581
84581
84581
84581
84581
84581
84581
84581
84581
84581
84581
84581
84581
84581
84581
84581
84581
84581
84581
84581
84581
84581
84581
84581
84581
84581
84581
84581
84581
84581
7882 7882 7882
7882 7882 7882
7882 7882 7882
7882 7882 7882
7882 7882 7882
7882 7882 7882
7882 7882 7882
7882 7882 7882
7882 7882 7882
7882 7882 7882
7882 7882 7882
7882 7882 7882
7882 7882 7882
7882 7882 7882
7882 7882 7882
7882 7882 7882
7882 7882 7882
7882 7882 7882
7882 7882 7882
7882 7882 7882
7882 7882 7882
7882 7882 7882
7882 7882 7882
7882 7882 7882
7882 7882 7882
7882 7882 7882
7882 7882 7882
7882 7882 7882
7882 7882 7882
7882 7882 7882
7882 7882 7882
7882 7882 7882
49543 49543 49543
49543 49543 49543
49543 49543 49543
49543 49543 49543
49543 49543 49543
49543 49543 49543
49543 49543 49543
49543 49543 49543
49543 49543 49543
49543 49543 49543
49543 49543 49543
49543 49543 49543
49543 49543 49543
49543 49543 49543
49543 49543 49543
49543 49543 49543
49543 49543 49543
49543 49543 49543
49543 49543 49543
49543 49543 49543
49543 49543 49543
49543 49543 49543
49543 49543 49543
49543 49543 49543
49543 49543 49543
49543 49543 49543
49543 49543 49543
49543 49543 49543
49543 49543 49543
49543 49543 49543
49543 49543 49543
49543 49543 49543
60474 60484 60494 60504 60514 60524 60534 60544
60474 60484 60494 60504 60514 60524 60534 60544
60474 60484 60494 60504 60514 60524 60534 60544
60474 60484 60494 60504 60514 60524 60534 60544
60474 60484 60494 60504 60514 60524 60534 60544
60474 60484 60494 60504 60514 60524 60534 60544
60474 60484 60494 60504 60514 60524 60534 60544
60474 60484 60494 60504 60514 60524 60534 60544
60474 60484 60494 60504 60514 60524 60534 60544
60474 60484 60494 60504 60514 60524 60534 60544
60474 60484 60494 60504 60514 60524 60534 60544
60474 60484 60494 60504 60514 60524 60534 60544
60474 60484 60494 60504 60514 60524 60534 60544
60474 60484 60494 60504 60514 60524 60534 60544
60474 60484 60494 60504 60514 60524 60534 60544
60474 60484 60494 60504 60514 60524 60534 60544
60474 60484 60494 60504 60514 60524 60534 60544
60474 60484 60494 60504 60514 60524 60534 60544
60474 60484 60494 60504 60514 60524 60534 60544
60474 60484 60494 60504 60514 60524 60534 60544
60474 60484 60494 60504 60514 60524 60534 60544
60474 60484 60494 60504 60514 60524 60534 60544
60474 60484 60494 60504 60514 60524 60534 60544
60474 60484 60494 60504 60514 60524 60534 60544
60474 60484 60494 60504 60514 60524 60534 60544
60474 60484 60494 60504 60514 60524 60534 60544
60474 60484 60494 60504 60514 60524 60534 60544
60474 60484 60494 60504 60514 60524 60534 60544
60474 60484 60494 60504 60514 60524 60534 60544
60474 60484 60494 60504 60514 60524 60534 60544
60474 60484 60494 60504 60514 60524 60534 60544
60474 60484 60494 60504 60514 60524 60534 60544
60474 60484 60494 60504 60514 60524 60534 60544
60474 60484 60494 60504 60514 60524 60534 60544
60474 60484 60494 60504 60514 60524 60534 60544
60474 60484 60494 60504 60514 60524 60534 60544
60474 60484 60494 60504 60514 60524 60534 60544
60474 60484 60494 60504 60514 60524 60534 60544
60474 60484 60494 60504 60514 60524 60534 60544
60474 60484 60494 60504 60514 60524 60534 60544
60474 60484 60494 60504 60514 60524 60534 60544
60474 60484 60494 60504 60514 60524 60534 60544
60474 60484 60494 60504 60514 60524 60534 60544
60474 60484 60494 60504 60514 60524 60534 60544
60474 60484 60494 60504 60514 60524 60534 60544
60474 60484 60494 60504 60514 60524 60534 60544
60474 60484 60494 60504 60514 60524 60534 60544
60474 60484 60494 60504 60514 60524 60534 60544
60474 60484 60494 60504 60514 60524 60534 60544
60474 60484 60494 60504 60514 60524 60534 60544
60474 60484 60494 60504 60514 60524 60534 60544
60474 60484 60494 60504 60514 60524 60534 60544
60474 60484 60494 60504 60514 60524 60534 60544
60474 60484 60494 60504 60514 60524 60534 60544
60474 60484 60494 60504 60514 60524 60534 60544
60474 60484 60494 60504 60514 60524 60534 60544
60474 60484 60494 60504 60514 60524 60534 60544
60474 60484 60494 60504 60514 60524 60534 60544
60474 60484 60494 60504 60514 60524 60534 60544
60474 60484 60494 60504 60514 60524 60534 60544
60474 60484 60494 60504 60514 60524 60534 60544
60474 60484 60494 60504 60514 60524 60534 60544
60474 60484 60494 60504 60514 60524 60534 60544
60474 60484 60494 60504 60514 60524 60534 60544
60474 60484 60494 60504 60514 60524 60534 60544
60474 60484 60494 60504 60514 60524 60534 60544
60474 60484 60494 60504 60514 60524 60534 60544
60474 60484 60494 60504 60514 60524 60534 60544
60474 60484 60494 60504 60514 60524 60534 60544
60474 60484 60494 60504 60514 60524 60534 60544
60474 60484 60494 60504 60514 60524 60534 60544
60474 60484 60494 60504 60514 60524 60534 60544
60474 60484 60494 60504 60514 60524 60534 60544
60474 60484 60494 60504 60514 60524 60534 60544
60474 60484 60494 60504 60514 60524 60534 60544
60474 60484 60494 60504 60514 60524 60534 60544
60474 60484 60494 60504 60514 60524 60534 60544
60474 60484 60494 60504 60514 60524 60534 60544
60474 60484 60494 60504 60514 60524 60534 60544
60474 60484 60494 60504 60514 60524 60534 60544
60474 60484 60494 60504 60514 60524 60534 60544
60474 60484 60494 60504 60514 60524 60534 60544
60474 60484 60494 60504 60514 60524 60534 60544
60474 60484 60494 60504 60514 60524 60534 60544
60474 60484 60494 60504 60514 60524 60534 60544
