38741
38741
38741
38741
38741
38741
38741
38741
38741
38741
38741
38741
38741
38741
38741
38741
38741
38741
38741
38741
38741
38741
38741
38741
38741
38741
38741
38741
38741
38741
3052 12312 12322 12332 12342 12352 12362
3052 12312 12322 12332 12342 12352 12362
3052 12312 12322 12332 12342 12352 12362
3052 12312 12322 12332 12342 12352 12362
3052 12312 12322 12332 12342 12352 12362
3052 12312 12322 12332 12342 12352 12362
3052 12312 12322 12332 12342 12352 12362
3052 12312 12322 12332 12342 12352 12362
3052 12312 12322 12332 12342 12352 12362
3052 12312 12322 12332 12342 12352 12362
3052 12312 12322 12332 12342 12352 12362
3052 12312 12322 12332 12342 12352 12362
3052 12312 12322 12332 12342 12352 12362
3052 12312 12322 12332 12342 12352 12362
3052 12312 12322 12332 12342 12352 12362
3052 12312 12322 12332 12342 12352 12362
3052 12312 12322 12332 12342 12352 12362
3052 12312 12322 12332 12342 12352 12362
3052 12312 12322 12332 12342 12352 12362
3052 12312 12322 12332 12342 12352 12362
3052 12312 12322 12332 12342 12352 12362
3052 12312 12322 12332 12342 12352 12362
3052 12312 12322 12332 12342 12352 12362
3052 12312 12322 12332 12342 12352 12362
3052 12312 12322 12332 12342 12352 12362
3052 12312 12322 12332 12342 12352 12362
3052 12312 12322 12332 12342 12352 12362
3052 12312 12322 12332 12342 12352 12362
3052 12312 12322 12332 12342 12352 12362
3052 12312 12322 12332 12342 12352 12362
3052 12312 12322 12332 12342 12352 12362
3052 12312 12322 12332 12342 12352 12362
3052 12312 12322 12332 12342 12352 12362
3052 12312 12322 12332 12342 12352 12362
3052 12312 12322 12332 12342 12352 12362
3052 12312 12322 12332 12342 12352 12362
3052 12312 12322 12332 12342 12352 12362
3052 12312 12322 12332 12342 12352 12362
3052 12312 12322 12332 12342 12352 12362
3052 12312 12322 12332 12342 12352 12362
3052 12312 12322 12332 12342 12352 12362
3052 12312 12322 12332 12342 12352 12362
3052 12312 12322 12332 12342 12352 12362
3052 12312 12322 12332 12342 12352 12362
3052 12312 12322 12332 12342 12352 12362
3052 12312 12322 12332 12342 12352 12362
3052 12312 12322 12332 12342 12352 12362
3052 12312 12322 12332 12342 12352 12362
3052 12312 12322 12332 12342 12352 12362
3052 12312 12322 12332 12342 12352 12362
3052 12312 12322 12332 12342 12352 12362
3052 12312 12322 12332 12342 12352 12362
3052 12312 12322 12332 12342 12352 12362
3052 12312 12322 12332 12342 12352 12362
3052 12312 12322 12332 12342 12352 12362
3052 12312 12322 12332 12342 12352 12362
3052 12312 12322 12332 12342 12352 12362
3052 12312 12322 12332 12342 12352 12362
3052 12312 12322 12332 12342 12352 12362
3052 12312 12322 12332 12342 12352 12362
3052 12312 12322 12332 12342 12352 12362
3052 12312 12322 12332 12342 12352 12362
3052 12312 12322 12332 12342 12352 12362
3052 12312 12322 12332 12342 12352 12362
3052 12312 12322 12332 12342 12352 12362
3052 12312 12322 12332 12342 12352 12362
3052 12312 12322 12332 12342 12352 12362
3303 3293 3313 3323 3333 3343
3303 3293 3313 3323 3333 3343
3303 3293 3313 3323 3333 3343
3303 3293 3313 3323 3333 3343
3303 3293 3313 3323 3333 3343
3303 3293 3313 3323 3333 3343
3303 3293 3313 3323 3333 3343
3303 3293 3313 3323 3333 3343
3303 3293 3313 3323 3333 3343
3303 3293 3313 3323 3333 3343
3303 3293 3313 3323 3333 3343
3303 3293 3313 3323 3333 3343
3303 3293 3313 3323 3333 3343
3303 3293 3313 3323 3333 3343
3303 3293 3313 3323 3333 3343
3303 3293 3313 3323 3333 3343
3303 3293 3313 3323 3333 3343
3303 3293 3313 3323 3333 3343
3303 3293 3313 3323 3333 3343
3303 3293 3313 3323 3333 3343
3303 3293 3313 3323 3333 3343
3303 3293 3313 3323 3333 3343
3303 3293 3313 3323 3333 3343
3303 3293 3313 3323 3333 3343
3303 3293 3313 3323 3333 3343
3303 3293 3313 3323 3333 3343
3303 3293 3313 3323 3333 3343
3303 3293 3313 3323 3333 3343
3303 3293 3313 3323 3333 3343
3303 3293 3313 3323 3333 3343
3303 3293 3313 3323 3333 3343
3303 3293 3313 3323 3333 3343
3303 3293 3313 3323 3333 3343
3303 3293 3313 3323 3333 3343
3303 3293 3313 3323 3333 3343
3303 3293 3313 3323 3333 3343
3303 3293 3313 3323 3333 3343
3303 3293 3313 3323 3333 3343
3303 3293 3313 3323 3333 3343
3303 3293 3313 3323 3333 3343
3303 3293 3313 3323 3333 3343
3303 3293 3313 3323 3333 3343
3303 3293 3313 3323 3333 3343
3303 3293 3313 3323 3333 3343
3303 3293 3313 3323 3333 3343
3303 3293 3313 3323 3333 3343
3303 3293 3313 3323 3333 3343
3303 3293 3313 3323 3333 3343
3303 3293 3313 3323 3333 3343
3303 3293 3313 3323 3333 3343
3303 3293 3313 3323 3333 3343
3303 3293 3313 3323 3333 3343
3303 3293 3313 3323 3333 3343
3303 3293 3313 3323 3333 3343
3303 3293 3313 3323 3333 3343
3303 3293 3313 3323 3333 3343
3303 3293 3313 3323 3333 3343
3303 3293 3313 3323 3333 3343
3303 3293 3313 3323 3333 3343
3303 3293 3313 3323 3333 3343
3303 3293 3313 3323 3333 3343
3303 3293 3313 3323 3333 3343
3303 3293 3313 3323 3333 3343
3303 3293 3313 3323 3333 3343
3303 3293 3313 3323 3333 3343
3303 3293 3313 3323 3333 3343
23624
23624
23624
23624
23624
23624
23624
23624
23624
23624
23624
23624
23624
23624
23624
23624
23624
23624
23624
23624
23624
23624
23624
23624
23624
23624
23624
23624
23624
23624
23624
23624
