84581
84581
84581
84581
84581
84581
84581
84581
84581
84581
84581
84581
84581
84581
84581
84581
84581
84581
84581
84581
84581
84581
84581
84581
84581
84581
84581
84581
84581
84581
9462 9512 9522 9532 9542 9552 9562
9462 9512 9522 9532 9542 9552 9562
9462 9512 9522 9532 9542 9552 9562
9462 9512 9522 9532 9542 9552 9562
9462 9512 9522 9532 9542 9552 9562
9462 9512 9522 9532 9542 9552 9562
9462 9512 9522 9532 9542 9552 9562
9462 9512 9522 9532 9542 9552 9562
9462 9512 9522 9532 9542 9552 9562
9462 9512 9522 9532 9542 9552 9562
9462 9512 9522 9532 9542 9552 9562
9462 9512 9522 9532 9542 9552 9562
9462 9512 9522 9532 9542 9552 9562
9462 9512 9522 9532 9542 9552 9562
9462 9512 9522 9532 9542 9552 9562
9462 9512 9522 9532 9542 9552 9562
9462 9512 9522 9532 33222 9552 9562
9462 9512 9522 9532 33222 9552 9562
9462 9512 9522 9532 9542 9552 9562
9462 9512 9522 9532 9542 9552 9562
9462 9512 9522 9532 9542 9552 9562
9462 9512 9522 9532 9542 9552 9562
9462 9512 9522 9532 9542 9552 9562
9462 9512 9522 9532 9542 9552 9562
9462 9512 9522 9532 9542 9552 9562
9462 9512 9522 9532 9542 9552 9562
9462 9512 9522 9532 9542 9552 9562
9462 9512 9522 9532 9542 9552 9562
9462 9512 9522 9532 9542 9552 9562
9462 9512 9522 9532 9542 9552 9562
9462 9512 9522 9532 9542 9552 9562
9462 9512 9522 9532 9542 9552 9562
9462 9512 9522 9532 9542 9552 9562
9462 9512 9522 9532 9542 9552 9562
9462 9512 9522 9532 9542 9552 9562
9462 9512 9522 9532 9542 9552 9562
9462 9512 9522 9532 9542 9552 9562
9462 9512 9522 9532 9542 9552 9562
9462 9512 9522 9532 9542 9552 9562
9462 9512 9522 9532 9542 9552 9562
9462 9512 9522 9532 9542 9552 9562
9462 9512 9522 9532 9542 9552 9562
9462 9512 9522 9532 9542 9552 9562
9462 9512 9522 9532 9542 9552 9562
9462 9512 9522 9532 9542 9552 9562
9472 9472 9472 9472 9472 9472 9472
9482 9482 9482 9482 9482 9482 9482
9462 9512 9522 9532 9542 9552 9562
9492 9492 9492 9492 33222 9492 9492
9492 9492 9492 9492 9492 9492 9492
9462 9512 9522 9532 9542 9552 9562
9462 9512 9522 9532 9542 9552 9562
9462 9512 9522 9532 9542 9552 9562
9462 9512 9522 9532 9542 9552 9562
9462 9512 9522 9532 9542 9552 9562
9502 9502 9502 9502 9502 9502 9502
9502 9502 9502 9502 9502 9502 9502
9502 9502 9502 9502 9502 9502 9502
9462 9512 9522 9532 9542 9552 9562
9462 9512 9522 9532 9542 9552 9562
9462 9512 9522 9532 9542 9552 9562
9462 9512 9522 9532 9542 9552 9562
9462 9512 9522 9532 9542 9552 9562
9462 9512 9522 9532 9542 9552 9562
9462 9512 9522 9532 9542 9552 9562
9462 9512 9522 9532 9542 9552 9562
9462 9512 9522 9532 9542 9552 9562
11543 11553 11563 11573 11583
11543 11553 11563 11573 11583
11543 11553 11563 11573 11583
11543 11553 11563 11573 11583
11543 11553 11563 11573 11583
11543 11553 11563 11573 11583
11543 11553 11563 11573 11583
11543 11553 11563 11573 11583
11543 11553 11563 11573 11583
11543 11553 11563 11573 11583
11543 11553 11563 11573 11583
11543 11553 11563 11573 11583
11543 11553 11563 11573 11583
11543 11553 11563 11573 11583
11543 11553 11563 11573 11583
33663 33663 11563 33663 11583
33663 33663 11563 33663 11583
33663 33663 11563 33663 11583
11543 11553 11563 11573 11583
11543 11553 11563 11573 11583
11543 11553 11563 11573 11583
11543 11553 11563 11573 11583
11543 11553 11563 11573 11583
11543 11553 11563 11573 11583
11543 11553 11563 11573 11583
11543 11553 11563 11573 11583
11543 11553 11563 11573 11583
11543 11553 11563 11573 11583
11543 11553 11563 11573 11583
11543 11553 11563 11573 11583
11543 11553 11563 11573 11583
11543 11553 11563 11573 11583
11543 11553 11563 11573 11583
11543 11553 11563 11573 11583
11543 11553 11563 11573 11583
11543 11553 11563 11573 11583
11543 11553 11563 11573 11583
11543 11553 11563 11573 11583
11543 11553 11563 11573 11583
11543 11553 11563 11573 11583
11543 11553 11563 11573 11583
11543 11553 11563 11573 11583
11543 11553 11563 11573 11583
11543 11553 11563 11573 11583
11543 11553 11563 11573 11583
11543 11553 11563 11573 11583
11543 11553 11563 11573 11583
11593 11593 11593 11593 11593
11543 11553 11563 11573 11583
11603 11603 11603 11603 11603
11613 11613 11613 11613 11613
11623 11623 11623 11623 11623
11623 11623 11623 11623 11623
11623 11623 11623 11623 11623
11543 11553 11563 11573 11583
11543 11553 11563 11573 11583
11543 11553 11563 11573 11583
11633 11633 11633 11633 11633
11543 11553 11563 11573 11583
11543 11553 11563 11573 11583
11543 11553 33673 11573 11583
11543 11553 33673 11573 11583
11543 11553 33673 11573 11583
11543 11553 11563 11573 11583
11543 11553 11563 11573 11583
11543 11553 11563 11573 11583
49544 49544 49544
49544 49544 49544
49544 49544 49544
49544 49544 49544
49544 49544 49544
49544 49544 49544
49544 49544 49544
49544 49544 49544
49544 49544 49544
49544 49544 49544
49544 49544 49544
49544 49544 49544
49544 49544 49544
49544 49544 49544
49544 49544 49544
49544 49544 49544
49544 49544 49544
49544 49544 49544
49544 49544 49544
49544 49544 49544
49544 49544 49544
49544 49544 49544
49544 49544 49544
49544 49544 49544
49544 49544 49544
49544 49544 49544
49544 49544 49544
49544 49544 49544
49544 49544 49544
49544 49544 49544
49544 49544 49544
49544 49544 49544
