84571
84571
84571
84571
84571
84571
84571
84571
84571
84571
84571
84571
84571
84571
84571
84571
84571
84571
84571
84571
84571
84571
84571
84571
84571
84571
84571
84571
84571
84571
8102 8112 8122
8102 8112 8122
8102 8112 8122
8102 8112 8122
8102 8112 8122
8102 8112 8122
8102 8112 8122
8102 8112 8122
8102 8112 8122
8102 8112 8122
8102 8112 8122
8102 8112 8122
8102 8112 8122
8102 8112 8122
8102 8112 8122
8102 8112 8122
8102 8112 8122
8102 8112 8122
8102 8112 8122
8102 8112 8122
8102 8112 8122
8102 8112 8122
8102 8112 8122
8102 8112 8122
8102 8112 8122
8102 8112 8122
8102 8112 8122
8102 8112 8122
8102 8112 8122
8102 8112 8122
8102 8112 8122
8102 8112 8122
8102 8112 8122
8102 8112 8122
8102 8112 8122
8102 8112 8122
8102 8112 8122
8132 8132 8132
8142 8142 8142
8102 8112 8122
8102 8112 8122
8102 8112 8122
8102 8112 8122
8102 8112 8122
8102 8112 8122
8102 8112 8122
8102 8112 8122
8102 8112 8122
8102 8112 8122
64473
64473
64473
64473
64473
64473
64473
64473
64473
64473
64473
64473
64473
64473
64473
64473
64473
64473
64473
64473
64473
64473
64473
64473
64473
64473
64473
64473
