38751
38751
38751
38751
38751
38751
38751
38751
38751
38751
38751
38751
38751
38751
38751
38751
38751
38751
38751
38751
38751
38751
38751
38751
38751
38751
38751
38751
38751
38751
16122 16132 16142 16152 16162 16172 16182
16122 16132 16142 16152 16162 16172 16182
16122 16132 16142 16152 16162 16172 16182
16122 16132 16142 16152 16162 16172 16182
16122 16132 16142 16152 16162 16172 16182
16122 16132 16142 16152 16162 16172 16182
16122 16132 16142 16152 16162 16172 16182
16122 16132 16142 16152 16162 16172 16182
16122 16132 16142 16152 16162 16172 16182
16122 16132 16142 16152 16162 16172 16182
16122 16132 16142 16152 16162 16172 16182
16122 16132 16142 16152 16162 16172 16182
16122 16132 16142 16152 16162 16172 16182
16122 16132 16142 16152 16162 16172 16182
16122 16132 16142 16152 16162 16172 16182
16122 16132 16142 16152 16162 16172 16182
16122 16132 16142 16152 16162 16172 16182
16122 16132 16142 16152 16162 16172 16182
16122 16132 16142 16152 16162 16172 16182
16122 16132 16142 16152 16162 16172 16182
16122 16132 16142 16152 16162 16172 16182
16122 16132 16142 16152 16162 16172 16182
16122 16132 16142 16152 16162 16172 16182
16122 16132 16142 16152 16162 16172 16182
16122 16132 16142 16152 16162 16172 16182
16122 16132 16142 16152 16162 16172 16182
16122 16132 16142 16152 16162 16172 16182
16122 16132 16142 16152 16162 16172 16182
16122 16132 16142 16152 16162 16172 16182
16122 16132 16142 16152 16162 16172 16182
16122 16132 16142 16152 16162 16172 16182
16122 16132 16142 16152 16162 16172 16182
16122 16132 16142 16152 16162 16172 16182
16122 16132 16142 16152 16162 16172 16182
16122 16132 16142 16152 16162 16172 16182
16122 16132 16142 16152 16162 16172 16182
16122 16132 16142 16152 16162 16172 16182
16122 16132 16142 16152 16162 16172 16182
16122 16132 16142 16152 16162 16172 16182
16122 16132 16142 16152 16162 16172 16182
16122 16132 16142 16152 16162 16172 16182
16122 16132 16142 16152 16162 16172 16182
16122 16132 16142 16152 16162 16172 16182
16122 16132 16142 16152 16162 16172 16182
16122 16132 16142 16152 16162 16172 16182
16122 16132 16142 16152 16162 16172 16182
16122 16132 16142 16152 16162 16172 16182
16122 16132 16142 16152 16162 16172 16182
16122 16132 16142 16152 16162 16172 16182
16122 16132 16142 16152 16162 16172 16182
16122 16132 16142 16152 16162 16172 16182
16122 16132 16142 16152 16162 16172 16182
16122 16132 16142 16152 16162 16172 16182
16122 16132 16142 16152 16162 16172 16182
16122 16132 16142 16152 16162 16172 16182
16122 16132 16142 16152 16162 16172 16182
16122 16132 16142 16152 16162 16172 16182
16122 16132 16142 16152 16162 16172 16182
16122 16132 16142 16152 16162 16172 16182
16122 16132 16142 16152 16162 16172 16182
16122 16132 16142 16152 16162 16172 16182
16122 16132 16142 16152 16162 16172 16182
16122 16132 16142 16152 16162 16172 16182
16122 16132 16142 16152 16162 16172 16182
16122 16132 16142 16152 16162 16172 16182
16122 16132 16142 16152 16162 16172 16182
16122 16132 16142 16152 16162 16172 16182
16123 16133 16143 16153 16163 16173 16183
16123 16133 16143 16153 16163 16173 16183
16123 16133 16143 16153 16163 16173 16183
16123 16133 16143 16153 16163 16173 16183
16123 16133 16143 16153 16163 16173 16183
16123 16133 16143 16153 16163 16173 16183
16123 16133 16143 16153 16163 16173 16183
16123 16133 16143 16153 16163 16173 16183
16123 16133 16143 16153 16163 16173 16183
16123 16133 16143 16153 16163 16173 16183
16123 16133 16143 16153 16163 16173 16183
16123 16133 16143 16153 16163 16173 16183
16123 16133 16143 16153 16163 16173 16183
16123 16133 16143 16153 16163 16173 16183
16123 16133 16143 16153 16163 16173 16183
16123 16133 16143 16153 16163 16173 16183
16123 16133 16143 16153 16163 16173 16183
16123 16133 16143 16153 16163 16173 16183
16123 16133 16143 16153 16163 16173 16183
16123 16133 16143 16153 16163 16173 16183
16123 16133 16143 16153 16163 16173 16183
16123 16133 16143 16153 16163 16173 16183
16123 16133 16143 16153 16163 16173 16183
16123 16133 16143 16153 16163 16173 16183
16123 16133 16143 16153 16163 16173 16183
16123 16133 16143 16153 16163 16173 16183
16123 16133 16143 16153 16163 16173 16183
16123 16133 16143 16153 16163 16173 16183
16123 16133 16143 16153 16163 16173 16183
16123 16133 16143 16153 16163 16173 16183
16123 16133 16143 16153 16163 16173 16183
16123 16133 16143 16153 16163 16173 16183
16123 16133 16143 16153 16163 16173 16183
16123 16133 16143 16153 16163 16173 16183
16123 16133 16143 16153 16163 16173 16183
16123 16133 16143 16153 16163 16173 16183
16123 16133 16143 16153 16163 16173 16183
16123 16133 16143 16153 16163 16173 16183
16123 16133 16143 16153 16163 16173 16183
16123 16133 16143 16153 16163 16173 16183
16123 16133 16143 16153 16163 16173 16183
16123 16133 16143 16153 16163 16173 16183
16123 16133 16143 16153 16163 16173 16183
16123 16133 16143 16153 16163 16173 16183
16123 16133 16143 16153 16163 16173 16183
16123 16133 16143 16153 16163 16173 16183
16123 16133 16143 16153 16163 16173 16183
16123 16133 16143 16153 16163 16173 16183
16123 16133 16143 16153 16163 16173 16183
16123 16133 16143 16153 16163 16173 16183
16123 16133 16143 16153 16163 16173 16183
16123 16133 16143 16153 16163 16173 16183
16123 16133 16143 16153 16163 16173 16183
16123 16133 16143 16153 16163 16173 16183
16123 16133 16143 16153 16163 16173 16183
16123 16133 16143 16153 16163 16173 16183
16123 16133 16143 16153 16163 16173 16183
16123 16133 16143 16153 16163 16173 16183
16123 16133 16143 16153 16163 16173 16183
16123 16133 16143 16153 16163 16173 16183
16123 16133 16143 16153 16163 16173 16183
16123 16133 16143 16153 16163 16173 16183
16123 16133 16143 16153 16163 16173 16183
16123 16133 16143 16153 16163 16173 16183
16123 16133 16143 16153 16163 16173 16183
16123 16133 16143 16153 16163 16173 16183
16123 16133 16143 16153 16163 16173 16183
