84591
84591
84591
84591
84591
84591
84591
84591
84591
84591
84591
84591
84591
84591
84591
84591
84591
84591
84591
84591
84591
84591
84591
84591
84591
84591
84591
84591
84591
84591
31882 31932 31942 31952 31962 31972 31982
31882 31932 31942 31952 31962 31972 31982
31882 31932 31942 31952 31962 31972 31982
31882 31932 31942 31952 31962 31972 31982
31882 31932 31942 31952 31962 31972 31982
31882 31932 31942 31952 31962 31972 31982
31882 31932 31942 31952 31962 31972 31982
31882 31932 31942 31952 31962 31972 31982
31882 31932 31942 31952 31962 31972 31982
31882 31932 31942 31952 31962 31972 31982
31882 31932 31942 31952 31962 31972 31982
31882 31932 31942 31952 31962 31972 31982
31882 31932 31942 31952 31962 31972 31982
31882 31932 31942 31952 31962 31972 31982
31882 31932 31942 31952 31962 31972 31982
31882 31932 31942 31952 31962 31972 31982
31882 31932 31942 31952 33202 31972 31982
31882 31932 31942 31952 33202 31972 31982
31882 31932 31942 31952 31962 31972 31982
31882 31932 31942 31952 31962 31972 31982
31882 31932 31942 31952 31962 31972 31982
31882 31932 31942 31952 31962 31972 31982
31882 31932 31942 31952 31962 31972 31982
31882 31932 31942 31952 31962 31972 31982
31882 31932 31942 31952 31962 31972 31982
31882 31932 31942 31952 31962 31972 31982
31882 31932 31942 31952 31962 31972 31982
31882 31932 31942 31952 31962 31972 31982
31882 31932 31942 31952 31962 31972 31982
31882 31932 31942 31952 31962 31972 31982
31882 31932 31942 31952 31962 31972 31982
31882 31932 31942 31952 31962 31972 31982
31882 31932 31942 31952 31962 31972 31982
31882 31932 31942 31952 31962 31972 31982
31882 31932 31942 31952 31962 31972 31982
31882 31932 31942 31952 31962 31972 31982
31882 31932 31942 31952 31962 31972 31982
31882 31932 31942 31952 31962 31972 31982
31882 31932 31942 31952 31962 31972 31982
31882 31932 31942 31952 31962 31972 31982
31882 31932 31942 31952 31962 31972 31982
31882 31932 31942 31952 31962 31972 31982
31882 31932 31942 31952 31962 31972 31982
31882 31932 31942 31952 31962 31972 31982
31882 31932 31942 31952 31962 31972 31982
31892 31892 31892 31892 31892 31892 31892
31902 31902 31902 31902 31902 31902 31902
31882 31932 31942 31952 31962 31972 31982
31912 31912 31912 31912 33202 31912 31912
31912 31912 31912 31912 31912 31912 31912
31882 31932 31942 31952 31962 31972 31982
31882 31932 31942 31952 31962 31972 31982
31882 31932 31942 31952 31962 31972 31982
31882 31932 31942 31952 31962 31972 31982
31882 31932 31942 31952 31962 31972 31982
31922 31922 31922 31922 31922 31922 31922
31922 31922 31922 31922 31922 31922 31922
31922 31922 31922 31922 31922 31922 31922
31882 31932 31942 31952 31962 31972 31982
31882 31932 31942 31952 31962 31972 31982
31882 31932 31942 31952 31962 31972 31982
31882 31932 31942 31952 31962 31972 31982
31882 31932 31942 31952 31962 31972 31982
31882 31932 31942 31952 31962 31972 31982
31882 31932 31942 31952 31962 31972 31982
31882 31932 31942 31952 31962 31972 31982
31882 31932 31942 31952 31962 31972 31982
31883 31933 31943 31953 31963 31973 31983
31883 31933 31943 31953 31963 31973 31983
31883 31933 31943 31953 31963 31973 31983
31883 31933 31943 31953 31963 31973 31983
31883 31933 31943 31953 31963 31973 31983
31883 31933 31943 31953 31963 31973 31983
31883 31933 31943 31953 31963 31973 31983
31883 31933 31943 31953 31963 31973 31983
31883 31933 31943 31953 31963 31973 31983
31883 31933 31943 31953 31963 31973 31983
31883 31933 31943 31953 31963 31973 31983
31883 31933 31943 31953 31963 31973 31983
31883 31933 31943 31953 31963 31973 31983
31883 31933 31943 31953 31963 31973 31983
31883 31933 31943 31953 31963 31973 31983
31883 31933 31943 31953 31963 31973 31983
31883 31933 31943 31953 33203 31973 31983
31883 31933 31943 31953 33203 31973 31983
31883 31933 31943 31953 31963 31973 31983
31883 31933 31943 31953 31963 31973 31983
31883 31933 31943 31953 31963 31973 31983
31883 31933 31943 31953 31963 31973 31983
31883 31933 31943 31953 31963 31973 31983
31883 31933 31943 31953 31963 31973 31983
31883 31933 31943 31953 31963 31973 31983
31883 31933 31943 31953 31963 31973 31983
31883 31933 31943 31953 31963 31973 31983
31883 31933 31943 31953 31963 31973 31983
31883 31933 31943 31953 31963 31973 31983
31883 31933 31943 31953 31963 31973 31983
31883 31933 31943 31953 31963 31973 31983
31883 31933 31943 31953 31963 31973 31983
31883 31933 31943 31953 31963 31973 31983
31883 31933 31943 31953 31963 31973 31983
31883 31933 31943 31953 31963 31973 31983
31883 31933 31943 31953 31963 31973 31983
31883 31933 31943 31953 31963 31973 31983
31883 31933 31943 31953 31963 31973 31983
31883 31933 31943 31953 31963 31973 31983
31883 31933 31943 31953 31963 31973 31983
31883 31933 31943 31953 31963 31973 31983
31883 31933 31943 31953 31963 31973 31983
31883 31933 31943 31953 31963 31973 31983
31883 31933 31943 31953 31963 31973 31983
31883 31933 31943 31953 31963 31973 31983
31893 31893 31893 31893 31893 31893 31893
31903 31903 31903 31903 31903 31903 31903
31883 31933 31943 31953 31963 31973 31983
31913 31913 31913 31913 33203 31913 31913
31913 31913 31913 31913 31913 31913 31913
31883 31933 31943 31953 31963 31973 31983
31883 31933 31943 31953 31963 31973 31983
31883 31933 31943 31953 31963 31973 31983
31883 31933 31943 31953 31963 31973 31983
31883 31933 31943 31953 31963 31973 31983
31923 31923 31923 31923 31923 31923 31923
31923 31923 31923 31923 31923 31923 31923
31923 31923 31923 31923 31923 31923 31923
31883 31933 31943 31953 31963 31973 31983
31883 31933 31943 31953 31963 31973 31983
31883 31933 31943 31953 31963 31973 31983
31883 31933 31943 31953 31963 31973 31983
31883 31933 31943 31953 31963 31973 31983
31883 31933 31943 31953 31963 31973 31983
31883 31933 31943 31953 31963 31973 31983
31883 31933 31943 31953 31963 31973 31983
31883 31933 31943 31953 31963 31973 31983
