38801
38801
38801
38801
38801
38801
38801
38801
38801
38801
38801
38801
38801
38801
38801
38801
38801
38801
38801
38801
38801
38801
38801
38801
38801
38801
38801
38801
38801
38801
3172 13032 13042 13052 13062 13072 13082
3172 13032 13042 13052 13062 13072 13082
3172 13032 13042 13052 13062 13072 13082
3172 13032 13042 13052 13062 13072 13082
3172 13032 13042 13052 13062 13072 13082
3172 13032 13042 13052 13062 13072 13082
3172 13032 13042 13052 13062 13072 13082
3172 13032 13042 13052 13062 13072 13082
3172 13032 13042 13052 13062 13072 13082
3172 13032 13042 13052 13062 13072 13082
3172 13032 13042 13052 13062 13072 13082
3172 13032 13042 13052 13062 13072 13082
3172 13032 13042 13052 13062 13072 13082
3172 13032 13042 13052 13062 13072 13082
3172 13032 13042 13052 13062 13072 13082
3172 13032 13042 13052 13062 13072 13082
3172 13032 13042 13052 13062 13072 13082
3172 13032 13042 13052 13062 13072 13082
3172 13032 13042 13052 13062 13072 13082
3172 13032 13042 13052 13062 13072 13082
3172 13032 13042 13052 13062 13072 13082
3172 13032 13042 13052 13062 13072 13082
3172 13032 13042 13052 13062 13072 13082
3172 13032 13042 13052 13062 13072 13082
3172 13032 13042 13052 13062 13072 13082
3172 13032 13042 13052 13062 13072 13082
3172 13032 13042 13052 13062 13072 13082
3172 13032 13042 13052 13062 13072 13082
3172 13032 13042 13052 13062 13072 13082
3172 13032 13042 13052 13062 13072 13082
3172 13032 13042 13052 13062 13072 13082
3172 13032 13042 13052 13062 13072 13082
3172 13032 13042 13052 13062 13072 13082
3172 13032 13042 13052 13062 13072 13082
3172 13032 13042 13052 13062 13072 13082
3172 13032 13042 13052 13062 13072 13082
3172 13032 13042 13052 13062 13072 13082
3172 13032 13042 13052 13062 13072 13082
3172 13032 13042 13052 13062 13072 13082
3172 13032 13042 13052 13062 13072 13082
3172 13032 13042 13052 13062 13072 13082
3172 13032 13042 13052 13062 13072 13082
3172 13032 13042 13052 13062 13072 13082
3172 13032 13042 13052 13062 13072 13082
3172 13032 13042 13052 13062 13072 13082
3172 13032 13042 13052 13062 13072 13082
3172 13032 13042 13052 13062 13072 13082
3172 13032 13042 13052 13062 13072 13082
3172 13032 13042 13052 13062 13072 13082
3172 13032 13042 13052 13062 13072 13082
3172 13032 13042 13052 13062 13072 13082
3172 13032 13042 13052 13062 13072 13082
3172 13032 13042 13052 13062 13072 13082
3172 13032 13042 13052 13062 13072 13082
3172 13032 13042 13052 13062 13072 13082
3172 13032 13042 13052 13062 13072 13082
3172 13032 13042 13052 13062 13072 13082
3172 13032 13042 13052 13062 13072 13082
3172 13032 13042 13052 13062 13072 13082
3172 13032 13042 13052 13062 13072 13082
3172 13032 13042 13052 13062 13072 13082
3172 13032 13042 13052 13062 13072 13082
3172 13032 13042 13052 13062 13072 13082
3172 13032 13042 13052 13062 13072 13082
3172 13032 13042 13052 13062 13072 13082
3172 13032 13042 13052 13062 13072 13082
3172 13032 13042 13052 13062 13072 13082
5333 5343 5353 5363 5383 5373
5333 5343 5353 5363 5383 5373
5333 5343 5353 5363 5383 5373
5333 5343 5353 5363 5383 5373
5333 5343 5353 5363 5383 5373
5333 5343 5353 5363 5383 5373
5333 5343 5353 5363 5383 5373
5333 5343 5353 5363 5383 5373
5333 5343 5353 5363 5383 5373
5333 5343 5353 5363 5383 5373
5333 5343 5353 5363 5383 5373
5333 5343 5353 5363 5383 5373
5333 5343 5353 5363 5383 5373
5333 5343 5353 5363 5383 5373
5333 5343 5353 5363 5383 5373
5333 5343 5353 5363 5383 5373
5333 5343 5353 5363 5383 5373
5333 5343 5353 5363 5383 5373
5333 5343 5353 5363 5383 5373
5333 5343 5353 5363 5383 5373
5333 5343 5353 5363 5383 5373
5333 5343 5353 5363 5383 5373
5333 5343 5353 5363 5383 5373
5333 5343 5353 5363 5383 5373
5333 5343 5353 5363 5383 5373
5333 5343 5353 5363 5383 5373
5333 5343 5353 5363 5383 5373
5333 5343 5353 5363 5383 5373
5333 5343 5353 5363 5383 5373
5333 5343 5353 5363 5383 5373
5333 5343 5353 5363 5383 5373
5333 5343 5353 5363 5383 5373
5333 5343 5353 5363 5383 5373
5333 5343 5353 5363 5383 5373
5333 5343 5353 5363 5383 5373
5333 5343 5353 5363 5383 5373
5333 5343 5353 5363 5383 5373
5333 5343 5353 5363 5383 5373
5333 5343 5353 5363 5383 5373
5333 5343 5353 5363 5383 5373
5333 5343 5353 5363 5383 5373
5333 5343 5353 5363 5383 5373
5333 5343 5353 5363 5383 5373
5333 5343 5353 5363 5383 5373
5333 5343 5353 5363 5383 5373
5333 5343 5353 5363 5383 5373
5333 5343 5353 5363 5383 5373
5333 5343 5353 5363 5383 5373
5333 5343 5353 5363 5383 5373
5333 5343 5353 5363 5383 5373
5333 5343 5353 5363 5383 5373
5333 5343 5353 5363 5383 5373
5333 5343 5353 5363 5383 5373
5333 5343 5353 5363 5383 5373
5333 5343 5353 5363 5383 5373
5333 5343 5353 5363 5383 5373
5333 5343 5353 5363 5383 5373
5333 5343 5353 5363 5383 5373
5333 5343 5353 5363 5383 5373
5333 5343 5353 5363 5383 5373
5333 5343 5353 5363 5383 5373
5333 5343 5353 5363 5383 5373
5333 5343 5353 5363 5383 5373
5333 5343 5353 5363 5383 5373
5333 5343 5353 5363 5383 5373
5333 5343 5353 5363 5383 5373
5333 5343 5353 5363 5383 5373
8944 8954 8964 8974 8984 8994 9004
8944 8954 8964 8974 8984 8994 9004
8944 8954 8964 8974 8984 8994 9004
8944 8954 8964 8974 8984 8994 9004
8944 8954 8964 8974 8984 8994 9004
8944 8954 8964 8974 8984 8994 9004
8944 8954 8964 8974 8984 8994 9004
8944 8954 8964 8974 8984 8994 9004
8944 8954 8964 8974 8984 8994 9004
8944 8954 8964 8974 8984 8994 9004
8944 8954 8964 8974 8984 8994 9004
8944 8954 8964 8974 8984 8994 9004
8944 8954 8964 8974 8984 8994 9004
8944 8954 8964 8974 8984 8994 9004
8944 8954 8964 8974 8984 8994 9004
8944 8954 8964 8974 8984 8994 9004
8944 8954 8964 8974 8984 8994 9004
8944 8954 8964 8974 8984 8994 9004
8944 8954 8964 8974 8984 8994 9004
8944 8954 8964 8974 8984 8994 9004
8944 8954 8964 8974 8984 8994 9004
8944 8954 8964 8974 8984 8994 9004
8944 8954 8964 8974 8984 8994 9004
8944 8954 8964 8974 8984 8994 9004
8944 8954 8964 8974 8984 8994 9004
8944 8954 8964 8974 8984 8994 9004
8944 8954 8964 8974 8984 8994 9004
8944 8954 8964 8974 8984 8994 9004
8944 8954 8964 8974 8984 8994 9004
8944 8954 8964 8974 8984 8994 9004
8944 8954 8964 8974 8984 8994 9004
8944 8954 8964 8974 8984 8994 9004
8944 8954 8964 8974 8984 8994 9004
8944 15654 8964 15654 15654 8994 9004 15654
8944 15654 8964 15654 15654 8994 9004 15654
8944 15654 8964 15654 15654 8994 9004 15654
8944 15654 8964 15654 15654 8994 9004 15654
8944 15654 8964 15654 15654 8994 9004 15654
8944 15654 8964 15654 15654 8994 9004 15654
8944 8954 8964 8974 8984 8994 9004
8944 8954 8964 8974 8984 8994 9004
8944 8954 8964 8974 8984 8994 9004
8944 8954 8964 8974 8984 8994 9004
8944 8954 8964 8974 8984 8994 9004
8944 8954 8964 8974 8984 8994 9004
8944 8954 8964 8974 8984 8994 9004
8944 8954 8964 8974 8984 8994 9004
8944 8954 8964 8974 8984 8994 9004
8944 8954 8964 8974 8984 8994 9004
8944 8954 8964 8974 8984 8994 9004
8944 8954 8964 8974 8984 8994 9004
8944 8954 8964 8974 8984 8994 9004
8944 8954 8964 8974 8984 8994 9004
8944 8954 8964 8974 8984 8994 9004
8944 8954 8964 8974 8984 8994 9004
8944 8954 8964 8974 8984 8994 9004
8944 8954 8964 8974 8984 8994 9004
8944 8954 8964 8974 8984 8994 9004
8944 8954 8964 8974 8984 8994 9004
8944 8954 8964 8974 8984 8994 9004
8944 8954 8964 8974 8984 8994 9004
8944 8954 8964 8974 8984 8994 9004
8944 8954 8964 8974 8984 8994 9004
8944 8954 8964 8974 8984 8994 9004
8944 8954 8964 8974 8984 8994 9004
8944 8954 8964 8974 8984 8994 9004
8944 8954 8964 8974 8984 8994 9004
8944 8954 8964 8974 8984 8994 9004
8944 8954 8964 8974 8984 8994 9004
8944 8954 8964 8974 8984 8994 9004
8944 8954 8964 8974 8984 8994 9004
8944 8954 8964 8974 8984 8994 9004
30735
30735
30735
30735
30735
30735
30735
30735
30735
30735
30735
30735
30735
30735
30735
30735
30735
30735
30735
30735
30735
30735
30735
30735
30735
30735
30735
30735
30735
30735
30735
30735
30735
30735
30735
30735
30735
30735
30735
30735
30735
30735
30735
30735
