84641
84641
84641
84641
84641
84641
84641
84641
84641
84641
84641
84641
84641
84641
84641
84641
84641
84641
84641
84641
84641
84641
84641
84641
84641
84641
84641
84641
84641
84641
10782 10832 10842 10852 10862 10872 10882
10782 10832 10842 10852 10862 10872 10882
10782 10832 10842 10852 10862 10872 10882
10782 10832 10842 10852 10862 10872 10882
10782 10832 10842 10852 10862 10872 10882
10782 10832 10842 10852 10862 10872 10882
10782 10832 10842 10852 10862 10872 10882
10782 10832 10842 10852 10862 10872 10882
10782 10832 10842 10852 10862 10872 10882
10782 10832 10842 10852 10862 10872 10882
10782 10832 10842 10852 10862 10872 10882
10782 10832 10842 10852 10862 10872 10882
10782 10832 10842 10852 10862 10872 10882
10782 10832 10842 10852 10862 10872 10882
10782 10832 10842 10852 10862 10872 10882
10782 10832 10842 10852 10862 10872 10882
10782 10832 10842 10852 33342 10872 10882
10782 10832 10842 10852 33342 10872 10882
10782 10832 10842 10852 10862 10872 10882
10782 10832 10842 10852 10862 10872 10882
10782 10832 10842 10852 10862 10872 10882
10782 10832 10842 10852 10862 10872 10882
10782 10832 10842 10852 10862 10872 10882
10782 10832 10842 10852 10862 10872 10882
10782 10832 10842 10852 10862 10872 10882
10782 10832 10842 10852 10862 10872 10882
10782 10832 10842 10852 10862 10872 10882
10782 10832 10842 10852 10862 10872 10882
10782 10832 10842 10852 10862 10872 10882
10782 10832 10842 10852 10862 10872 10882
10782 10832 10842 10852 10862 10872 10882
10782 10832 10842 10852 10862 10872 10882
10782 10832 10842 10852 10862 10872 10882
10782 10832 10842 10852 10862 10872 10882
10782 10832 10842 10852 10862 10872 10882
10782 10832 10842 10852 10862 10872 10882
10782 10832 10842 10852 10862 10872 10882
10782 10832 10842 10852 10862 10872 10882
10782 10832 10842 10852 10862 10872 10882
10782 10832 10842 10852 10862 10872 10882
10782 10832 10842 10852 10862 10872 10882
10782 10832 10842 10852 10862 10872 10882
10782 10832 10842 10852 10862 10872 10882
10782 10832 10842 10852 10862 10872 10882
10782 10832 10842 10852 10862 10872 10882
10792 10792 10792 10792 10792 10792 10792
10802 10802 10802 10802 10802 10802 10802
10782 10832 10842 10852 10862 10872 10882
10812 10812 10812 10812 33342 10812 10812
10812 10812 10812 10812 10812 10812 10812
10782 10832 10842 10852 10862 10872 10882
10782 10832 10842 10852 10862 10872 10882
10782 10832 10842 10852 10862 10872 10882
10782 10832 10842 10852 10862 10872 10882
10782 10832 10842 10852 10862 10872 10882
10822 10822 10822 10822 10822 10822 10822
10822 10822 10822 10822 10822 10822 10822
10822 10822 10822 10822 10822 10822 10822
10782 10832 10842 10852 10862 10872 10882
10782 10832 10842 10852 10862 10872 10882
10782 10832 10842 10852 10862 10872 10882
10782 10832 10842 10852 10862 10872 10882
10782 10832 10842 10852 10862 10872 10882
10782 10832 10842 10852 10862 10872 10882
10782 10832 10842 10852 10862 10872 10882
10782 10832 10842 10852 10862 10872 10882
10782 10832 10842 10852 10862 10872 10882
14943 14963 14973 14983 14993
14943 14963 14973 14983 14993
14943 14963 14973 14983 14993
14943 14963 14973 14983 14993
14943 14963 14973 14983 14993
14943 14963 14973 14983 14993
14943 14963 14973 14983 14993
14943 14963 14973 14983 14993
14943 14963 14973 14983 14993
14943 14963 14973 14983 14993
14943 14963 14973 14983 14993
14943 14963 14973 14983 14993
14943 14963 14973 14983 14993
14943 14963 14973 14983 14993
14943 14963 14973 14983 14993
14943 14963 14973 14983 34183
14943 14963 14973 14983 34183
14943 14963 14973 14983 34183
14943 14963 14973 14983 14993
14943 14963 14973 14983 14993
14943 14963 14973 14983 14993
14943 14963 14973 14983 14993
14943 14963 14973 14983 14993
14943 14963 14973 14983 14993
14943 14963 14973 14983 14993
14943 14963 14973 14983 14993
14943 14963 14973 14983 14993
14943 14963 14973 14983 14993
14943 14963 14973 14983 14993
14943 14963 14973 14983 14993
14943 14963 14973 14983 14993
14943 14963 14973 14983 14993
14943 14963 14973 14983 14993
14943 14963 14973 14983 14993
14943 14963 14973 14983 14993
14943 14963 14973 14983 14993
14943 14963 14973 14983 14993
14943 14963 14973 14983 14993
14943 14963 14973 14983 14993
14943 14963 14973 14983 14993
14943 14963 14973 14983 14993
14943 14963 14973 14983 14993
14943 14963 14973 14983 14993
14943 14963 14973 14983 14993
14943 14963 14973 14983 14993
14943 14963 14973 14983 14993
14943 14963 14973 14983 14993
14953 14953 14953 14983 14993
14943 14963 14973 14983 14993
14943 14963 14973 14983 14993
14943 14963 14973 14983 14993
14943 14963 14973 14983 14993
14943 14963 14973 14983 14993
14943 14963 14973 14983 14993
14943 14963 14973 14983 14993
14943 14963 14973 14983 14993
14943 15023 14973 14983 14993
14943 14963 14973 14983 14993
14943 14963 14973 14983 14993
15033 15033 15033 14983 14993
14943 14963 14973 14983 14993
14943 14963 14973 14983 14993
28883 28883 28883 14983 14993
28893 28893 28893 28893 28893
28893 28893 28893 28893 28893
28893 28893 28893 28893 28893
14943 14963 14973 14983 14993
22324 22334 22344 22354 22364
22324 22334 22344 22354 22364
22324 22334 22344 22354 22364
22324 22334 22344 22354 22364
22324 22334 22344 22354 22364
22324 22334 22344 22354 22364
22324 22334 22344 22354 22364
22324 22334 22344 22354 22364
22324 22334 22344 22354 22364
22324 22334 22344 22354 22364
22324 22334 22344 22354 22364
22324 22334 22344 22354 22364
22324 22334 22344 22354 22364
22324 22334 22344 22354 22364
22324 22334 22344 22354 22364
22324 22334 22344 22354 22364
22324 22334 22344 22354 22364
22324 22334 22344 22354 22364
22324 22334 22344 22354 22364
22324 22334 22344 22354 22364
22324 22334 22344 22354 22364
22324 22334 22344 22354 22364
22324 22334 22344 22354 22364
22324 22334 22344 22354 22364
22324 22334 22344 22354 22364
22324 22334 22344 22354 22364
22324 22334 22344 22354 22364
22324 22334 22344 22354 22364
22324 22334 22344 22354 22364
22324 22334 22344 22354 22364
22324 22334 22344 22354 22364
22324 22334 22344 22354 22364
22324 22334 22344 22354 22364
22324 22334 22344 22354 22364
22324 22334 22344 22354 22364
22324 22334 22344 22354 22364
22324 22334 22344 22354 22364
22324 22334 22344 22354 22364
22324 22334 22344 22354 22364
22324 22334 22344 22354 22364
22324 22334 22344 22354 22364
22324 22334 22344 22354 22364
22324 22334 22344 22354 22364
22324 22334 22344 22354 22364
22324 22334 22344 22354 22364
22324 22334 22344 22354 22364
22324 22334 22344 22354 22364
22324 22334 22344 22354 22364
22324 22334 22344 22354 22364
22324 22334 22374 22374 22374 22374
22324 22334 22374 22374 22374 22374
22324 22334 22374 22374 22374 22374
22324 22334 35014 35014 35014 35014
22324 22334 35014 35014 35014 35014
22324 22334 35014 35014 35014 35014
22324 22334 22384 22384 22384 22384
22324 22334 22384 22384 22384 22384
22324 22334 35024 35024 35024 35024
22324 22334 35024 35024 35024 35024
22324 22334 22344 22354 22364
22324 22334 22344 22354 22364
22324 22334 22344 22354 22364
22324 22334 22344 22354 22364
22324 22334 22344 22354 22364
22324 22334 22344 22354 22364
22324 22334 22344 22354 22364
22324 22334 22344 22354 22364
22324 22334 22344 22354 22364
22324 22334 22344 22354 22364
22324 22334 22344 22354 22364
22324 22334 22344 22354 22364
22324 22334 22344 22354 22364
64425
64425
64425
64425
64425
64425
64425
64425
64425
64425
64425
64425
64425
64425
64425
64425
64425
64425
64425
64425
64425
64425
64425
64425
64425
64425
64425
64425
64425
64425
64425
64425
64425
64425
64425
64425
64425
64425
64425
64435
64435
64425
64425
64425
