38771
38771
38771
38771
38771
38771
38771
38771
38771
38771
38771
38771
38771
38771
38771
38771
38771
38771
38771
38771
38771
38771
38771
38771
38771
38771
38771
38771
38771
38771
3142 12852 12862 12872 12882 12892 12902
3142 12852 12862 12872 12882 12892 12902
3142 12852 12862 12872 12882 12892 12902
3142 12852 12862 12872 12882 12892 12902
3142 12852 12862 12872 12882 12892 12902
3142 12852 12862 12872 12882 12892 12902
3142 12852 12862 12872 12882 12892 12902
3142 12852 12862 12872 12882 12892 12902
3142 12852 12862 12872 12882 12892 12902
3142 12852 12862 12872 12882 12892 12902
3142 12852 12862 12872 12882 12892 12902
3142 12852 12862 12872 12882 12892 12902
3142 12852 12862 12872 12882 12892 12902
3142 12852 12862 12872 12882 12892 12902
3142 12852 12862 12872 12882 12892 12902
3142 12852 12862 12872 12882 12892 12902
3142 12852 12862 12872 12882 12892 12902
3142 12852 12862 12872 12882 12892 12902
3142 12852 12862 12872 12882 12892 12902
3142 12852 12862 12872 12882 12892 12902
3142 12852 12862 12872 12882 12892 12902
3142 12852 12862 12872 12882 12892 12902
3142 12852 12862 12872 12882 12892 12902
3142 12852 12862 12872 12882 12892 12902
3142 12852 12862 12872 12882 12892 12902
3142 12852 12862 12872 12882 12892 12902
3142 12852 12862 12872 12882 12892 12902
3142 12852 12862 12872 12882 12892 12902
3142 12852 12862 12872 12882 12892 12902
3142 12852 12862 12872 12882 12892 12902
3142 12852 12862 12872 12882 12892 12902
3142 12852 12862 12872 12882 12892 12902
3142 12852 12862 12872 12882 12892 12902
3142 12852 12862 12872 12882 12892 12902
3142 12852 12862 12872 12882 12892 12902
3142 12852 12862 12872 12882 12892 12902
3142 12852 12862 12872 12882 12892 12902
3142 12852 12862 12872 12882 12892 12902
3142 12852 12862 12872 12882 12892 12902
3142 12852 12862 12872 12882 12892 12902
3142 12852 12862 12872 12882 12892 12902
3142 12852 12862 12872 12882 12892 12902
3142 12852 12862 12872 12882 12892 12902
3142 12852 12862 12872 12882 12892 12902
3142 12852 12862 12872 12882 12892 12902
3142 12852 12862 12872 12882 12892 12902
3142 12852 12862 12872 12882 12892 12902
3142 12852 12862 12872 12882 12892 12902
3142 12852 12862 12872 12882 12892 12902
3142 12852 12862 12872 12882 12892 12902
3142 12852 12862 12872 12882 12892 12902
3142 12852 12862 12872 12882 12892 12902
3142 12852 12862 12872 12882 12892 12902
3142 12852 12862 12872 12882 12892 12902
3142 12852 12862 12872 12882 12892 12902
3142 12852 12862 12872 12882 12892 12902
3142 12852 12862 12872 12882 12892 12902
3142 12852 12862 12872 12882 12892 12902
3142 12852 12862 12872 12882 12892 12902
3142 12852 12862 12872 12882 12892 12902
3142 12852 12862 12872 12882 12892 12902
3142 12852 12862 12872 12882 12892 12902
3142 12852 12862 12872 12882 12892 12902
3142 12852 12862 12872 12882 12892 12902
3142 12852 12862 12872 12882 12892 12902
3142 12852 12862 12872 12882 12892 12902
3142 12852 12862 12872 12882 12892 12902
3193 13153 13163 13173 13183 13193 13203
3193 13153 13163 13173 13183 13193 13203
3193 13153 13163 13173 13183 13193 13203
3193 13153 13163 13173 13183 13193 13203
3193 13153 13163 13173 13183 13193 13203
3193 13153 13163 13173 13183 13193 13203
3193 13153 13163 13173 13183 13193 13203
3193 13153 13163 13173 13183 13193 13203
3193 13153 13163 13173 13183 13193 13203
3193 13153 13163 13173 13183 13193 13203
3193 13153 13163 13173 13183 13193 13203
3193 13153 13163 13173 13183 13193 13203
3193 13153 13163 13173 13183 13193 13203
3193 13153 13163 13173 13183 13193 13203
3193 13153 13163 13173 13183 13193 13203
3193 13153 13163 13173 13183 13193 13203
3193 13153 13163 13173 13183 13193 13203
3193 13153 13163 13173 13183 13193 13203
3193 13153 13163 13173 13183 13193 13203
3193 13153 13163 13173 13183 13193 13203
3193 13153 13163 13173 13183 13193 13203
3193 13153 13163 13173 13183 13193 13203
3193 13153 13163 13173 13183 13193 13203
3193 13153 13163 13173 13183 13193 13203
3193 13153 13163 13173 13183 13193 13203
3193 13153 13163 13173 13183 13193 13203
3193 13153 13163 13173 13183 13193 13203
3193 13153 13163 13173 13183 13193 13203
3193 13153 13163 13173 13183 13193 13203
3193 13153 13163 13173 13183 13193 13203
3193 13153 13163 13173 13183 13193 13203
3193 13153 13163 13173 13183 13193 13203
3193 13153 13163 13173 13183 13193 13203
3193 13153 13163 13173 13183 13193 13203
3193 13153 13163 13173 13183 13193 13203
3193 13153 13163 13173 13183 13193 13203
3193 13153 13163 13173 13183 13193 13203
3193 13153 13163 13173 13183 13193 13203
3193 13153 13163 13173 13183 13193 13203
3193 13153 13163 13173 13183 13193 13203
3193 13153 13163 13173 13183 13193 13203
3193 13153 13163 13173 13183 13193 13203
3193 13153 13163 13173 13183 13193 13203
3193 13153 13163 13173 13183 13193 13203
3193 13153 13163 13173 13183 13193 13203
3193 13153 13163 13173 13183 13193 13203
3193 13153 13163 13173 13183 13193 13203
3193 13153 13163 13173 13183 13193 13203
3193 13153 13163 13173 13183 13193 13203
3193 13153 13163 13173 13183 13193 13203
3193 13153 13163 13173 13183 13193 13203
3193 13153 13163 13173 13183 13193 13203
3193 13153 13163 13173 13183 13193 13203
3193 13153 13163 13173 13183 13193 13203
3193 13153 13163 13173 13183 13193 13203
3193 13153 13163 13173 13183 13193 13203
3193 13153 13163 13173 13183 13193 13203
3193 13153 13163 13173 13183 13193 13203
3193 13153 13163 13173 13183 13193 13203
3193 13153 13163 13173 13183 13193 13203
3193 13153 13163 13173 13183 13193 13203
3193 13153 13163 13173 13183 13193 13203
3193 13153 13163 13173 13183 13193 13203
3193 13153 13163 13173 13183 13193 13203
3193 13153 13163 13173 13183 13193 13203
3193 13153 13163 13173 13183 13193 13203
3193 13153 13163 13173 13183 13193 13203
3484 3474 3494 3504 3514 3524
3484 3474 3494 3504 3514 3524
3484 3474 3494 3504 3514 3524
3484 3474 3494 3504 3514 3524
3484 3474 3494 3504 3514 3524
3484 3474 3494 3504 3514 3524
3484 3474 3494 3504 3514 3524
3484 3474 3494 3504 3514 3524
3484 3474 3494 3504 3514 3524
3484 3474 3494 3504 3514 3524
3484 3474 3494 3504 3514 3524
3484 3474 3494 3504 3514 3524
3484 3474 3494 3504 3514 3524
3484 3474 3494 3504 3514 3524
3484 3474 3494 3504 3514 3524
3484 3474 3494 3504 3514 3524
3484 3474 3494 3504 3514 3524
3484 3474 3494 3504 3514 3524
3484 3474 3494 3504 3514 3524
3484 3474 3494 3504 3514 3524
3484 3474 3494 3504 3514 3524
3484 3474 3494 3504 3514 3524
3484 3474 3494 3504 3514 3524
3484 3474 3494 3504 3514 3524
3484 3474 3494 3504 3514 3524
3484 3474 3494 3504 3514 3524
3484 3474 3494 3504 3514 3524
3484 3474 3494 3504 3514 3524
3484 3474 3494 3504 3514 3524
3484 3474 3494 3504 3514 3524
3484 3474 3494 3504 3514 3524
3484 3474 3494 3504 3514 3524
3484 3474 3494 3504 3514 3524
3484 3474 3494 3504 3514 3524
3484 3474 3494 3504 3514 3524
3484 3474 3494 3504 3514 3524
3484 3474 3494 3504 3514 3524
3484 3474 3494 3504 3514 3524
3484 3474 3494 3504 3514 3524
3484 3474 3494 3504 3514 3524
3484 3474 3494 3504 3514 3524
3484 3474 3494 3504 3514 3524
3484 3474 3494 3504 3514 3524
3484 3474 3494 3504 3514 3524
3484 3474 3494 3504 3514 3524
3484 3474 3494 3504 3514 3524
3484 3474 3494 3504 3514 3524
3484 3474 3494 3504 3514 3524
3484 3474 3494 3504 3514 3524
3484 3474 3494 3504 3514 3524
3484 3474 3494 3504 3514 3524
3484 3474 3494 3504 3514 3524
3484 3474 3494 3504 3514 3524
3484 3474 3494 3504 3514 3524
3484 3474 3494 3504 3514 3524
3484 3474 3494 3504 3514 3524
3484 3474 3494 3504 3514 3524
3484 3474 3494 3504 3514 3524
3484 3474 3494 3504 3514 3524
3484 3474 3494 3504 3514 3524
3484 3474 3494 3504 3514 3524
3484 3474 3494 3504 3514 3524
3484 3474 3494 3504 3514 3524
3484 3474 3494 3504 3514 3524
3484 3474 3494 3504 3514 3524
3484 3474 3494 3504 3514 3524
24295 24305 24315 24325 24335 24345 24355
24295 24305 24315 24325 24335 24345 24355
24295 24305 24315 24325 24335 24345 24355
24295 24305 24315 24325 24335 24345 24355
24295 24305 24315 24325 24335 24345 24355
24295 24305 24315 24325 24335 24345 24355
24295 24305 24315 24325 24335 24345 24355
24295 24305 24315 24325 24335 24345 24355
24295 24305 24315 24325 24335 24345 24355
24295 24305 24315 24325 24335 24345 24355
24295 24305 24315 24325 24335 24345 24355
24295 24305 24315 24325 24335 24345 24355
24295 24305 24315 24325 24335 24345 24355
24295 24305 24315 24325 24335 24345 24355
24295 24305 24315 24325 24335 24345 24355
24295 24305 24315 24325 24335 24345 24355
24295 24305 24315 24325 24335 24345 24355
24295 24305 24315 24325 24335 24345 24355
24295 24305 24315 24325 24335 24345 24355
24295 24305 24315 24325 24335 24345 24355
24295 24305 24315 24325 24335 24345 24355
24295 24305 24315 24325 24335 24345 24355
24295 24305 24315 24325 24335 24345 24355
24295 24305 24315 24325 24335 24345 24355
24295 24305 24315 24325 24335 24345 24355
24295 24305 24315 24325 24335 24345 24355
24295 24305 24315 24325 24335 24345 24355
24295 24305 24315 24325 24335 24345 24355
24295 24305 24315 24325 24335 24345 24355
24295 24305 24315 24325 24335 24345 24355
24295 24305 24315 24325 24335 24345 24355
24295 24305 24315 24325 24335 24345 24355
24295 24305 24315 24325 24335 24345 24355
24295 24305 24315 24325 24335 24345 24355
24295 24305 24315 24325 24335 24345 24355
24295 24305 24315 24325 24335 24345 24355
24295 24305 24315 24325 24335 24345 24355
24295 24305 24315 24325 24335 24345 24355
24295 24305 24315 24325 24335 24345 24355
24295 24305 24315 24325 24335 24345 24355
24295 24305 24315 24325 24335 24345 24355
24295 24305 24315 24325 24335 24345 24355
24295 24305 24315 24325 24335 24345 24355
24295 24305 24315 24325 24335 24345 24355
24295 24305 24315 24325 24335 24345 24355
24295 24305 24315 24325 24335 24345 24355
24295 24305 24315 24325 24335 24345 24355
24295 24305 24315 24325 24335 24345 24355
24295 24305 24315 24325 24335 24345 24355
24295 24305 24315 24325 24335 24345 24355
24295 24305 24315 24325 24335 24345 24355
24295 24305 24315 24325 24335 24345 24355
24295 24305 24315 24325 24335 24345 24355
24295 24305 24315 24325 24335 24345 24355
24295 24305 24315 24325 24335 24345 24355
24295 24305 24315 24325 24335 24345 24355
24295 24305 24315 24325 24335 24345 24355
24295 24305 24315 24325 24335 24345 24355
24295 24305 24315 24325 24335 24345 24355
24295 24305 24315 24325 24335 24345 24355
24295 24305 24315 24325 24335 24345 24355
24295 24305 24315 24325 24335 24345 24355
24295 24305 24315 24325 24335 24345 24355
24295 24305 24315 24325 24335 24345 24355
24295 24305 24315 24325 24335 24345 24355
24295 24305 24315 24325 24335 24345 24355
24295 24305 24315 24325 24335 24345 24355
24295 24305 24315 24325 24335 24345 24355
24295 24305 24315 24325 24335 24345 24355
24295 24305 24315 24325 24335 24345 24355
24295 24305 24315 24325 24335 24345 24355
24295 24305 24315 24325 24335 24345 24355
24295 24305 24315 24325 24335 24345 24355
24295 24305 24315 24325 24335 24345 24355
24295 24305 24315 24325 24335 24345 24355
24295 24305 24315 24325 24335 24345 24355
24295 24305 24315 24325 24335 24345 24355
24295 24305 24315 24325 24335 24345 24355
24295 24305 24315 24325 24335 24345 24355
24295 24305 24315 24325 24335 24345 24355
24295 24305 24315 24325 24335 24345 24355
24295 24305 24315 24325 24335 24345 24355
24295 24305 24315 24325 24335 24345 24355
24295 24305 24315 24325 24335 24345 24355
24295 24305 24315 24325 24335 24345 24355
24295 24305 24315 24325 24335 24345 24355
24295 24305 24315 24325 24335 24345 24355
24295 24305 24315 24325 24335 24345 24355
24295 24305 24315 24325 24335 24345 24355
24295 24305 24315 24325 24335 24345 24355
24295 24305 24315 24325 24335 24345 24355
24295 24305 24315 24325 24335 24345 24355
24295 24305 24315 24325 24335 24345 24355
24295 24305 24315 24325 24335 24345 24355
24295 24305 24315 24325 24335 24345 24355
24295 24365 24365 24365 24365 24365 24375
24295 24365 24365 24365 24365 24365 24375
24295 24365 24365 24365 24365 24365 24375
24295 24305 24315 24325 24335 24345 24355
24295 24305 24315 24325 24335 24345 24355
24295 24305 24315 24325 24335 24345 24355
24295 24305 24315 24325 24335 24345 24355
24295 24305 24315 24325 24335 24345 24355
24295 24305 24315 24325 24335 24345 24355
24295 24305 24315 24325 24335 24345 24355
