84611
84611
84611
84611
84611
84611
84611
84611
84611
84611
84611
84611
84611
84611
84611
84611
84611
84611
84611
84611
84611
84611
84611
84611
84611
84611
84611
84611
84611
84611
10452 10502 10512 10522 10532 10542 10552
10452 10502 10512 10522 10532 10542 10552
10452 10502 10512 10522 10532 10542 10552
10452 10502 10512 10522 10532 10542 10552
10452 10502 10512 10522 10532 10542 10552
10452 10502 10512 10522 10532 10542 10552
10452 10502 10512 10522 10532 10542 10552
10452 10502 10512 10522 10532 10542 10552
10452 10502 10512 10522 10532 10542 10552
10452 10502 10512 10522 10532 10542 10552
10452 10502 10512 10522 10532 10542 10552
10452 10502 10512 10522 10532 10542 10552
10452 10502 10512 10522 10532 10542 10552
10452 10502 10512 10522 10532 10542 10552
10452 10502 10512 10522 10532 10542 10552
10452 10502 10512 10522 10532 10542 10552
10452 10502 10512 10522 33312 10542 10552
10452 10502 10512 10522 33312 10542 10552
10452 10502 10512 10522 10532 10542 10552
10452 10502 10512 10522 10532 10542 10552
10452 10502 10512 10522 10532 10542 10552
10452 10502 10512 10522 10532 10542 10552
10452 10502 10512 10522 10532 10542 10552
10452 10502 10512 10522 10532 10542 10552
10452 10502 10512 10522 10532 10542 10552
10452 10502 10512 10522 10532 10542 10552
10452 10502 10512 10522 10532 10542 10552
10452 10502 10512 10522 10532 10542 10552
10452 10502 10512 10522 10532 10542 10552
10452 10502 10512 10522 10532 10542 10552
10452 10502 10512 10522 10532 10542 10552
10452 10502 10512 10522 10532 10542 10552
10452 10502 10512 10522 10532 10542 10552
10452 10502 10512 10522 10532 10542 10552
10452 10502 10512 10522 10532 10542 10552
10452 10502 10512 10522 10532 10542 10552
10452 10502 10512 10522 10532 10542 10552
10452 10502 10512 10522 10532 10542 10552
10452 10502 10512 10522 10532 10542 10552
10452 10502 10512 10522 10532 10542 10552
10452 10502 10512 10522 10532 10542 10552
10452 10502 10512 10522 10532 10542 10552
10452 10502 10512 10522 10532 10542 10552
10452 10502 10512 10522 10532 10542 10552
10452 10502 10512 10522 10532 10542 10552
10462 10462 10462 10462 10462 10462 10462
10472 10472 10472 10472 10472 10472 10472
10452 10502 10512 10522 10532 10542 10552
10482 10482 10482 10482 33312 10482 10482
10482 10482 10482 10482 10482 10482 10482
10452 10502 10512 10522 10532 10542 10552
10452 10502 10512 10522 10532 10542 10552
10452 10502 10512 10522 10532 10542 10552
10452 10502 10512 10522 10532 10542 10552
10452 10502 10512 10522 10532 10542 10552
10492 10492 10492 10492 10492 10492 10492
10492 10492 10492 10492 10492 10492 10492
10492 10492 10492 10492 10492 10492 10492
10452 10502 10512 10522 10532 10542 10552
10452 10502 10512 10522 10532 10542 10552
10452 10502 10512 10522 10532 10542 10552
10452 10502 10512 10522 10532 10542 10552
10452 10502 10512 10522 10532 10542 10552
10452 10502 10512 10522 10532 10542 10552
10452 10502 10512 10522 10532 10542 10552
10452 10502 10512 10522 10532 10542 10552
10452 10502 10512 10522 10532 10542 10552
11003 11053 11063 11073 11083 11093 11103
11003 11053 11063 11073 11083 11093 11103
11003 11053 11063 11073 11083 11093 11103
11003 11053 11063 11073 11083 11093 11103
11003 11053 11063 11073 11083 11093 11103
11003 11053 11063 11073 11083 11093 11103
11003 11053 11063 11073 11083 11093 11103
11003 11053 11063 11073 11083 11093 11103
11003 11053 11063 11073 11083 11093 11103
11003 11053 11063 11073 11083 11093 11103
11003 11053 11063 11073 11083 11093 11103
11003 11053 11063 11073 11083 11093 11103
11003 11053 11063 11073 11083 11093 11103
11003 11053 11063 11073 11083 11093 11103
11003 11053 11063 11073 11083 11093 11103
11003 11053 11063 11073 11083 11093 11103
11003 11053 11063 11073 33363 11093 11103
11003 11053 11063 11073 33363 11093 11103
11003 11053 11063 11073 11083 11093 11103
11003 11053 11063 11073 11083 11093 11103
11003 11053 11063 11073 11083 11093 11103
11003 11053 11063 11073 11083 11093 11103
11003 11053 11063 11073 11083 11093 11103
11003 11053 11063 11073 11083 11093 11103
11003 11053 11063 11073 11083 11093 11103
11003 11053 11063 11073 11083 11093 11103
11003 11053 11063 11073 11083 11093 11103
11003 11053 11063 11073 11083 11093 11103
11003 11053 11063 11073 11083 11093 11103
11003 11053 11063 11073 11083 11093 11103
11003 11053 11063 11073 11083 11093 11103
11003 11053 11063 11073 11083 11093 11103
11003 11053 11063 11073 11083 11093 11103
11003 11053 11063 11073 11083 11093 11103
11003 11053 11063 11073 11083 11093 11103
11003 11053 11063 11073 11083 11093 11103
11003 11053 11063 11073 11083 11093 11103
11003 11053 11063 11073 11083 11093 11103
11003 11053 11063 11073 11083 11093 11103
11003 11053 11063 11073 11083 11093 11103
11003 11053 11063 11073 11083 11093 11103
11003 11053 11063 11073 11083 11093 11103
11003 11053 11063 11073 11083 11093 11103
11003 11053 11063 11073 11083 11093 11103
11003 11053 11063 11073 11083 11093 11103
11013 11013 11013 11013 11013 11013 11013
11023 11023 11023 11023 11023 11023 11023
11003 11053 11063 11073 11083 11093 11103
11033 11033 11033 11033 33363 11033 11033
11033 11033 11033 11033 11033 11033 11033
11003 11053 11063 11073 11083 11093 11103
11003 11053 11063 11073 11083 11093 11103
11003 11053 11063 11073 11083 11093 11103
11003 11053 11063 11073 11083 11093 11103
11003 11053 11063 11073 11083 11093 11103
11043 11043 11043 11043 11043 11043 11043
11043 11043 11043 11043 11043 11043 11043
11043 11043 11043 11043 11043 11043 11043
11003 11053 11063 11073 11083 11093 11103
11003 11053 11063 11073 11083 11093 11103
11003 11053 11063 11073 11083 11093 11103
11003 11053 11063 11073 11083 11093 11103
11003 11053 11063 11073 11083 11093 11103
11003 11053 11063 11073 11083 11093 11103
11003 11053 11063 11073 11083 11093 11103
11003 11053 11063 11073 11083 11093 11103
11003 11053 11063 11073 11083 11093 11103
11844 11854 11864 11874 11884
11844 11854 11864 11874 11884
11844 11854 11864 11874 11884
11844 11854 11864 11874 11884
11844 11854 11864 11874 11884
11844 11854 11864 11874 11884
11844 11854 11864 11874 11884
11844 11854 11864 11874 11884
11844 11854 11864 11874 11884
11844 11854 11864 11874 11884
11844 11854 11864 11874 11884
11844 11854 11864 11874 11884
11844 11854 11864 11874 11884
11844 11854 11864 11874 11884
11844 11854 11864 11874 11884
33724 33724 11864 33724 11884
33724 33724 11864 33724 11884
33724 33724 11864 33724 11884
11844 11854 11864 11874 11884
11844 11854 11864 11874 11884
11844 11854 11864 11874 11884
11844 11854 11864 11874 11884
11844 11854 11864 11874 11884
11844 11854 11864 11874 11884
11844 11854 11864 11874 11884
11844 11854 11864 11874 11884
11844 11854 11864 11874 11884
11844 11854 11864 11874 11884
11844 11854 11864 11874 11884
11844 11854 11864 11874 11884
11844 11854 11864 11874 11884
11844 11854 11864 11874 11884
11844 11854 11864 11874 11884
11844 11854 11864 11874 11884
11844 11854 11864 11874 11884
11844 11854 11864 11874 11884
11844 11854 11864 11874 11884
11844 11854 11864 11874 11884
11844 11854 11864 11874 11884
11844 11854 11864 11874 11884
11844 11854 11864 11874 11884
11844 11854 11864 11874 11884
11844 11854 11864 11874 11884
11844 11854 11864 11874 11884
11844 11854 11864 11874 11884
11844 11854 11864 11874 11884
11844 11854 11864 11874 11884
11894 11894 11894 11894 11894
11844 11854 11864 11874 11884
11904 11904 11904 11904 11904
11914 11914 11914 11914 11914
11924 11924 11924 11924 11924
11924 11924 11924 11924 11924
11924 11924 11924 11924 11924
11844 11854 11864 11874 11884
11844 11854 11864 11874 11884
11844 11854 11864 11874 11884
11934 11934 11934 11934 11934
11844 11854 11864 11874 11884
11844 11854 11864 11874 11884
11844 11854 33734 11874 11884
11844 11854 33734 11874 11884
11844 11854 33734 11874 11884
11844 11854 11864 11874 11884
11844 11854 11864 11874 11884
11844 11854 11864 11874 11884
50865 50875 50885 50895 50905 50915 50925 50935
50865 50875 50885 50895 50905 50915 50925 50935
50865 50875 50885 50895 50905 50915 50925 50935
50865 50875 50885 50895 50905 50915 50925 50935
50865 50875 50885 50895 50905 50915 50925 50935
50865 50875 50885 50895 50905 50915 50925 50935
50865 50875 50885 50895 50905 50915 50925 50935
50865 50875 50885 50895 50905 50915 50925 50935
50865 50875 50885 50895 50905 50915 50925 50935
50865 50875 50885 50895 50905 50915 50925 50935
50865 50875 50885 50895 50905 50915 50925 50935
50865 50875 50885 50895 50905 50915 50925 50935
50865 50875 50885 50895 50905 50915 50925 50935
50865 50875 50885 50895 50905 50915 50925 50935
50865 50875 50885 50895 50905 50915 50925 50935
50865 50875 50885 50895 50905 50915 50925 50935
50865 50875 50885 50895 50905 50915 50925 50935
50865 50875 50885 50895 50905 50915 50925 50935
50865 50875 50885 50895 50905 50915 50925 50935
50865 50875 50885 50895 50905 50915 50925 50935
50865 50875 50885 50895 50905 50915 50925 50935
50865 50875 50885 50895 50905 50915 50925 50935
50865 50875 50885 50895 50905 50915 50925 50935
50865 50875 50885 50895 50905 50915 50925 50935
50865 50875 50885 50895 50905 50915 50925 50935
50865 50875 50885 50895 50905 50915 50925 50935
50865 50875 50885 50895 50905 50915 50925 50935
50865 50875 50885 50895 50905 50915 50925 50935
50865 50875 50885 50895 50905 50915 50925 50935
50865 50875 50885 50895 50905 50915 50925 50935
50865 50875 50885 50895 50905 50915 50925 50935
50865 50875 50885 50895 50905 50915 50925 50935
50865 50875 50885 50895 50905 50915 50925 50935
50865 50875 50885 50895 50905 50915 50925 50935
50865 50875 50885 50895 50905 50915 50925 50935
50865 50875 50885 50895 50905 50915 50925 50935
50865 50875 50885 50895 50905 50915 50925 50935
50865 50875 50885 50895 50905 50915 50925 50935
50865 50875 50885 50895 50905 50915 50925 50935
50865 50875 50885 50895 50905 50915 50925 50935
50865 50875 50885 50895 50905 50915 50925 50935
50865 50875 50885 50895 50905 50915 50925 50935
50865 50875 50885 50895 50905 50915 50925 50935
50865 50875 50885 50895 50905 50915 50925 50935
50865 50875 50885 50895 50905 50915 50925 50935
50865 50875 50885 50895 50905 50915 50925 50935
50865 50875 50885 50895 50905 50915 50925 50935
50865 50875 50885 50895 50905 50915 50925 50935
50865 50875 50885 50895 50905 50915 50925 50935
50865 50875 50885 50895 50905 50915 50925 50935
50865 50875 50885 50895 50905 50915 50925 50935
50865 50875 50885 50895 50905 50915 50925 50935
50865 50875 50885 50895 50905 50915 50925 50935
50865 50875 50885 50895 50905 50915 50925 50935
50865 50945 50945 50895 50905 50915 50925 50945
50865 50945 50945 50895 50905 50915 50925 50945
50865 50995 50995 50995 50995 50915 50925 50935
50865 50995 50995 50995 50995 50915 50925 50935
50865 50875 50885 50895 50905 50915 50925 50935
50865 50955 50955 50955 50955 50955 50955 50935
50865 50955 50955 50955 50955 50955 50955 50935
50865 50875 50885 50895 50905 50915 50925 50935
50865 50965 50965 50965 50965 50965 50965 50935
50865 50955 50955 50955 50955 50955 50955 50935
50865 50955 50955 50955 50955 50955 50955 50935
50865 50875 50885 50895 50905 50915 50925 50935
50865 50965 50965 50965 50965 50965 50965 50935
50865 50955 50955 50955 50955 50955 50955 50935
50865 50975 50975 50975 50975 50975 50975 50935
50865 50875 50885 50895 50905 50915 50925 50935
50865 50955 50955 50955 50955 50955 50955 50935
50865 50975 50975 50975 50975 50975 50975 50935
50865 50955 50955 50955 50955 50955 50955 50935
50865 50955 50955 50955 50955 50955 50955 50935
50865 50875 50885 50895 50905 50915 50925 50935
50865 50875 50885 50895 50905 50915 50925 50935
50865 50875 50885 50895 50905 50915 50925 50935
50865 50875 50885 50895 50905 50915 50925 50935
50865 50875 50885 50895 50905 50915 50925 50935
50865 50875 50885 50895 50905 50915 50925 50935
50865 50875 50885 50895 50905 50915 50925 50935
50865 50875 50885 50895 50905 50915 50925 50935
50865 50875 50885 50895 50905 50915 50925 50935
50865 50875 50885 50895 50905 50915 50925 50935
50865 50875 50885 50895 50905 50915 50925 50935
50865 50875 50885 50895 50905 50915 50925 50935
50865 50875 50885 50895 50905 50915 50925 50935
50865 50875 50885 50895 50905 50915 50925 50935
50865 50875 50885 50895 50905 50915 50925 50935
50865 50875 50885 50895 50905 50915 50925 50935
50865 50875 50885 50895 50905 50915 50925 50935
50865 50875 50885 50895 50905 50915 50925 50935
50865 50995 50995 50995 50995 50915 50925 50935
50865 50995 50995 50995 50995 50915 50925 50935
50865 50995 50995 50995 50995 50915 50925 50935
50865 50875 50885 50895 50905 50915 50925 50935
50865 50875 50885 50895 50905 50985 50925 50985
50865 50875 50885 50895 50905 50915 50925 50935
50865 50995 50995 50995 50995 50915 50925 50935
50865 50995 50995 50995 50995 50915 50925 50935
50865 50995 50995 50995 50995 50915 50925 50935
50865 50995 50995 50995 50995 50915 50925 50935
50865 50995 50995 50995 50995 50915 50925 50935
50865 50995 50995 50995 50995 50915 50925 50935
50865 50875 50885 50895 50905 50915 50925 50935
