30 50 30 20 20 20 90 30 30
40 30 50 40 40 40 90 20 40
75 75 75 90 75 75 90 75 75
40 40 40 90 55 55 90 45 45
75 75 75 90 75 75 90 75 75
50 50 50 90 75 75 90 70 70
75 45 75 90 65 65 90 45 90
75 75 75 90 75 75 90 75 75
40 45 20 90 25 25 90 25 25
50 75 75 90 75 75 90 70 70
75 75 75 90 75 75 90 75 75
60 60 60 30 90 90 90 60 60
90 90 5 20 90 90 90 10 5
25 20 30 50 90 90 90 90 90
60 60 60 70 90 90 90 80 80
55 70 60 60 90 90 90 40 70
15 20 40 40 90 90 90 90 20
30 30 30 20 20 20 90 30 30
35 35 35 35 35 35 35 35 35
