84621
84621
84621
84621
84621
84621
84621
84621
84621
84621
84621
84621
84621
84621
84621
84621
84621
84621
84621
84621
84621
84621
84621
84621
84621
84621
84621
84621
84621
84621
8022 8022 8022
8022 8022 8022
8022 8022 8022
8022 8022 8022
8022 8022 8022
8022 8022 8022
8022 8022 8022
8022 8022 8022
8022 8022 8022
8022 8022 8022
8022 8022 8022
8022 8022 8022
8022 8022 8022
8022 8022 8022
8022 8022 8022
8022 8022 8022
8022 8022 8022
8022 8022 8022
8022 8022 8022
8022 8022 8022
8022 8022 8022
8022 8022 8022
8022 8022 8022
8022 8022 8022
8022 8022 8022
8022 8022 8022
8022 8022 8022
8022 8022 8022
8022 8022 8022
8022 8022 8022
8022 8022 8022
8022 8022 8022
9203 9213 9223
9203 9213 9223
9203 9213 9223
9203 9213 9223
9203 9213 9223
9203 9213 9223
9203 9213 9223
9203 9213 9223
9203 9213 9223
9203 9213 9223
9203 9213 9223
9203 9213 9223
9203 9213 9223
9203 9213 9223
9203 9213 9223
9203 9213 9223
9203 9213 9223
9203 9213 9223
9203 9213 9223
9203 9213 9223
9203 9213 9223
9203 9213 9223
9203 9213 9223
9203 9213 9223
9203 9213 9223
9203 9213 9223
9203 9213 9223
9203 9213 9223
9203 9213 9223
9203 9213 9223
9203 9213 9223
9203 9213 9223
9203 9213 9223
9203 9213 9223
9203 9213 9223
9203 9213 9223
9203 9213 9223
9233 9233 9233
9243 9243 9243
9203 9213 9223
9203 9213 9223
9203 9213 9223
9203 9213 9223
9203 9213 9223
9203 9213 9223
9203 9213 9223
9203 9213 9223
9203 9213 9223
9203 9213 9223
49674 49684 49694 49704 49714 49724 49734
49674 49684 49694 49704 49714 49724 49734
49674 49684 49694 49704 49714 49724 49734
49674 49684 49694 49704 49714 49724 49734
49674 49684 49694 49704 49714 49724 49734
49674 49684 49694 49704 49714 49724 49734
49674 49684 49694 49704 49714 49724 49734
49674 49684 49694 49704 49714 49724 49734
49674 49684 49694 49704 49714 49724 49734
49674 49684 49694 49704 49714 49724 49734
49674 49684 49694 49704 49714 49724 49734
49674 49684 49694 49704 49714 49724 49734
49674 49684 49694 49704 49714 49724 49734
49674 49684 49694 49704 49714 49724 49734
49674 49684 49694 49704 49714 49724 49734
49674 49684 49694 49704 49714 49724 49734
49674 49684 49694 49704 49714 49724 49734
49674 49684 49694 49704 49714 49724 49734
49674 49684 49694 49704 49714 49724 49734
49674 49684 49694 49704 49714 49724 49734
49674 49684 49694 49704 49714 49724 49734
49674 49684 49694 49704 49714 49724 49734
49674 49684 49694 49704 49714 49724 49734
49674 49684 49694 49704 49714 49724 49734
49674 49684 49694 49704 49714 49724 49734
49674 49684 49694 49704 49714 49724 49734
49674 49684 49694 49704 49714 49724 49734
49674 49684 49694 49704 49714 49724 49734
49674 49684 49694 49704 49714 49724 49734
49674 49684 49694 49704 49714 49724 49734
49674 49684 49694 49704 49714 49724 49734
49674 49684 49694 49704 49714 49724 49734
49674 49684 49694 49704 49714 49724 49734
49674 49684 49694 49704 49714 49724 49734
49674 49684 49694 49704 49714 49724 49734
49674 49684 49694 49704 49714 49724 49734
49674 49684 49694 49704 49714 49724 49734
49674 49684 49694 49704 49714 49724 49734
49674 49684 49694 49704 49714 49724 49734
49674 49684 49694 49704 49714 49724 49734
49674 49684 49694 49704 49714 49724 49734
49674 49684 49694 49704 49714 49724 49734
49674 49684 49694 49704 49714 49724 49734
49674 49684 49694 49704 49714 49724 49734
49674 49684 49694 49704 49714 49724 49734
49674 49684 49694 49704 49714 49724 49734
49674 49684 49694 49704 49714 49724 49734
49674 49684 49694 49704 49714 49724 49734
49674 49684 49694 49704 49714 49724 49734
49674 49684 49694 49704 49714 49724 49734
49674 49684 49694 49704 49714 49724 49734
49674 49684 49694 49704 49714 49724 49734
49674 49684 49694 49704 49714 49724 49734
49674 49684 49694 49704 49714 49724 49734
49674 49684 49694 49704 49714 49724 49734
49674 49684 49694 49704 49714 49724 49734
49674 49684 49694 49704 49714 49744 49744
49674 49684 49694 49704 49714 49754 49754
49674 49684 49694 49704 49714 49764 49764
49674 49684 49774 49704 49714 49724 49734
49674 49784 49784 49784 49784 49784 49784
49674 49784 49784 49784 49784 49784 49784
49674 49784 49784 49784 49784 49784 49784
49674 49794 49794 49794 49794 49794 49794
49674 49794 49794 49794 49794 49794 49794
49674 49794 49794 49794 49794 49794 49794
49674 49684 49694 49704 49714 49724 49734
49674 49684 49694 49704 49714 49724 49734
49674 49684 49694 49704 49714 49724 49734
49674 49784 49784 49784 49784 49784 49784
49674 49784 49784 49784 49784 49784 49784
49674 49784 49774 49784 49784 49784 49784
49674 49684 49694 49704 49714 49724 49734
49674 49684 49694 49704 49714 49724 49734
49674 49684 49694 49704 49714 49824 49824
49674 49784 49784 49784 49784 49784 49784
49674 49784 49784 49784 49784 49784 49784
49674 49784 49784 49784 49784 49784 49784
49674 49684 49694 49704 49714 49724 49734
