38781
38781
38781
38781
38781
38781
38781
38781
38781
38781
38781
38781
38781
38781
38781
38781
38781
38781
38781
38781
38781
38781
38781
38781
38781
38781
38781
38781
38781
38781
2752
2752
2752
2752
2752
2752
2752
2752
2752
2752
2752
2752
2752
2752
2752
2752
2752
2752
2752
2752
2752
2752
2752
2752
2752
2752
2752
2752
2752
2752
2752
2752
3013
3013
3013
3013
3013
3013
3013
3013
3013
3013
3013
3013
3013
3013
3013
3013
3013
3013
3013
3013
3013
3013
3013
3013
3013
3013
3013
3013
3013
3013
3013
3013
3013
3013
3013
3013
3013
3013
3013
3013
3013
3013
3013
3013
3013
3013
3013
3013
3013
23674 23684 23694 23704 23714 23724 23734
23674 23684 23694 23704 23714 23724 23734
23674 23684 23694 23704 23714 23724 23734
23674 23684 23694 23704 23714 23724 23734
23674 23684 23694 23704 23714 23724 23734
23674 23684 23694 23704 23714 23724 23734
23674 23684 23694 23704 23714 23724 23734
23674 23684 23694 23704 23714 23724 23734
23674 23684 23694 23704 23714 23724 23734
23674 23684 23694 23704 23714 23724 23734
23674 23684 23694 23704 23714 23724 23734
23674 23684 23694 23704 23714 23724 23734
23674 23684 23694 23704 23714 23724 23734
23674 23684 23694 23704 23714 23724 23734
23674 23684 23694 23704 23714 23724 23734
23674 23684 23694 23704 23714 23724 23734
23674 23684 23694 23704 23714 23724 23734
23674 23684 23694 23704 23714 23724 23734
23674 23684 23694 23704 23714 23724 23734
23674 23684 23694 23704 23714 23724 23734
23674 23684 23694 23704 23714 23724 23734
23674 23794 23784 23774 23744 23754 23764
23674 23794 23784 23774 23744 23754 23764
23674 23794 23784 23774 23744 23754 23764
23674 23794 23784 23774 23744 23754 23764
23674 23794 23784 23774 23744 23754 23764
23674 23794 23784 23774 23744 23754 23764
23674 23794 23784 23774 23744 23754 23764
23674 23794 23784 23774 23744 23754 23764
23674 23794 23784 23774 23744 23754 23764
23674 23684 23694 23704 23714 23724 23734
23674 23684 23694 23704 23714 23724 23734
23674 23684 23694 23704 23714 23724 23734
23674 23684 23694 23704 23714 23724 23734
23674 23794 23784 23774 23744 23754 23764
23674 23794 23784 23774 23744 23754 23764
23674 23794 23784 23774 23744 23754 23764
23674 23794 23784 23774 23744 23754 23764
23674 23794 23784 23774 23744 23754 23764
23674 23794 23784 23774 23744 23754 23764
23674 23794 23784 23774 23744 23754 23764
23674 23794 23784 23774 23744 23754 23764
23674 23794 23784 23774 23744 23754 23764
23674 23794 23784 23774 23744 23754 23764
23674 23794 23784 23774 23744 23754 23764
23674 23794 23784 23774 23744 23754 23764
23674 23794 23784 23774 23744 23754 23764
23674 23794 23784 23774 23744 23754 23764
23674 23794 23784 23774 23744 23754 23764
23674 23794 23784 23774 23744 23754 23764
23674 23794 23784 23774 23744 23754 23764
23674 23794 23784 23774 23744 23754 23764
23674 23794 23784 23774 23744 23754 23764
23674 23794 23784 23774 23744 23754 23764
23674 23794 23784 23774 23744 23754 23764
23674 23794 23784 23774 23744 23754 23764
23674 23794 23784 23774 23744 23754 23764
23674 23794 23784 23774 23744 23754 23764
23674 23794 23784 23774 23744 23754 23764
23674 23794 23784 23774 23744 23754 23764
23674 23794 23784 23774 23744 23754 23764
23674 23794 23784 23774 23744 23754 23764
23674 23794 23784 23774 23744 23754 23764
23674 23794 23784 23774 23744 23754 23764
23674 23794 23784 23774 23744 23754 23764
23674 23794 23784 23774 23744 23754 23764
23674 23794 23784 23774 23744 23754 23764
23674 23794 23784 23774 23744 23754 23764
23674 23794 23784 23774 23744 23754 23764
23674 23794 23784 23774 23744 23754 23764
23674 23794 23784 23774 23744 23754 23764
23674 23794 23784 23774 23744 23754 23764
23674 23794 23784 23774 23744 23754 23764
23674 23794 23784 23774 23744 23754 23764
23674 23794 23784 23774 23744 23754 23764
23674 23794 23784 23774 23744 23754 23764
23674 23794 23784 23774 23744 23754 23764
23674 23794 23784 23774 23744 23754 23764
23674 23794 23784 23774 23744 23754 23764
