30 30 20 30 30 30 90 20 20
80 70 90 90 90 90 35 40 90
80 80 80 90 90 90 40 80 80
65 90 90 90 90 90 30 90 90
90 80 90 90 90 90 40 90 90
20 20 20 90 90 90 30 90 10
80 30 25 50 90 40 90 30 25
60 60 60 100 30 90 90 60 60
80 90 55 100 50 90 90 70 45
45 55 90 100 50 90 90 90 90
80 80 80 100 30 90 90 80 80
90 90 90 100 80 90 90 40 90
90 90 90 100 60 90 90 80 80
80 80 70 90 90 90 30 40 90
80 90 55 90 90 90 35 40 30
50 50 50 15 15 15 15 15 15
0 0 0 0 0 0 0 0 0
40 40 40 50 75 75 50 70 50
75 75 75 50 75 75 50 75 75
50 50 50 50 75 75 50 40 40
75 75 75 50 75 75 50 75 75
75 75 50 50 75 75 50 75 75
40 75 75 50 75 75 50 75 75
75 40 75 50 75 75 50 50 75
75 75 75 50 75 75 50 75 75
35 35 35 35 35 35 35 35 35
