30 30 20 30 30 30 90 20 20
80 60 80 90 90 90 35 40 90
80 80 80 90 90 90 40 80 80
65 90 90 90 90 90 30 90 90
90 80 90 90 90 90 40 90 90
20 20 20 90 90 90 30 90 10
80 30 25 50 90 40 90 30 25
60 60 60 100 30 90 90 60 60
80 90 15 100 20 90 90 70 10
15 20 30 100 50 90 90 90 90
80 80 80 100 30 90 90 80 80
90 90 90 100 80 90 90 40 90
90 90 90 100 60 90 90 80 80
70 70 60 90 90 90 25 10 90
55 55 40 90 90 90 30 40 25
50 50 50 15 15 15 15 15 15
0 0 0 0 0 0 0 0 0
20 20 20 50 75 75 50 50 50
75 75 75 50 75 75 50 75 75
20 20 20 30 75 75 30 30 30
75 75 75 50 75 75 50 75 75
75 75 50 50 75 75 50 75 75
40 75 75 50 75 75 50 75 75
75 30 75 40 75 75 40 40 75
75 75 75 50 75 75 50 75 75
35 35 35 35 35 35 35 35 35
