30 30 30 20 80 10 80 30 40
80 35 40 60 90 30 90 80 80
90 80 30 60 90 30 90 25 25
80 70 15 40 90 20 90 25 30
55 15 40 20 90 10 90 10 10
10 90 90 40 90 30 90 90 90
30 30 30 60 90 30 90 30 30
60 10 90 40 90 20 90 10 90
80 90 20 60 90 40 90 90 15
90 90 15 50 90 30 90 70 15
25 35 90 60 90 40 90 5 90
90 90 90 40 90 20 90 70 5
20 80 80 50 90 30 90 60 60
40 30 50 70 40 90 90 20 60
60 60 60 30 90 100 90 60 60
90 90 10 20 90 90 90 10 5
20 25 30 50 90 100 90 90 90
70 70 70 20 90 100 90 70 70
80 80 80 25 90 100 90 40 90
15 20 40 40 90 100 90 90 20
35 35 35 35 35 35 35 35 35
