38751
38751
38751
38751
38751
38751
38751
38751
38751
38751
38751
38751
38751
38751
38751
38751
38751
38751
38751
38751
38751
38751
38751
38751
38751
38751
38751
38751
38751
38751
2812
2812
2812
2812
2812
2812
2812
2812
2812
2812
2812
2812
2812
2812
2812
2812
2812
2812
2812
2812
2812
2812
2812
2812
2812
2812
2812
2812
2812
2812
2812
2812
2812
2812
2812
2812
2812
2812
2812
2812
2812
2812
2812
2812
2812
2812
2812
2812
2812
2813
2813
2813
2813
2813
2813
2813
2813
2813
2813
2813
2813
2813
2813
2813
2813
2813
2813
2813
2813
2813
2813
2813
2813
2813
2813
2813
2813
2813
2813
2813
2813
2813
2813
2813
2813
2813
2813
2813
2813
2813
2813
2813
2813
2813
2813
2813
2813
2813
29864
29864
29864
29864
29864
29864
29864
29864
29864
29864
29864
29864
29864
29864
29864
29864
29864
29864
29864
29864
29864
29864
29864
29864
29864
29864
29864
29864
29864
29864
29864
29864
29864
29864
29864
29864
29864
29864
29864
29864
29864
29864
29864
29864
29864
29864
29864
29864
29864
29864
29865
29865
29865
29865
29865
29865
29865
29865
29865
29865
29865
29865
29865
29865
29865
29865
29865
29865
29865
29865
29865
29865
29865
29865
29865
29865
29865
29865
29865
29865
29865
29865
29865
29865
29865
29865
29865
29865
29865
29865
29865
29865
29865
29865
29865
29865
29865
29865
29865
29865
31736 31746 31756 31766 31776 31786 31796
31736 31746 31756 31766 31776 31786 31796
31736 31746 31756 31766 31776 31786 31796
31736 31746 31756 31766 31776 31786 31796
31736 31746 31756 31766 31776 31786 31796
31736 31746 31756 31766 31776 31786 31796
31736 31746 31756 31766 31776 31786 31796
31736 31746 31756 31766 31776 31786 31796
31736 31746 31756 31766 31776 31786 31796
31736 31746 31756 31766 31776 31786 31796
31736 31746 31756 31766 31776 31786 31796
31736 31746 31756 31766 31776 31786 31796
31736 31746 31756 31766 31776 31786 31796
31736 31746 31756 31766 31776 31786 31796
31736 31746 31756 31766 31776 31786 31796
31736 31746 31756 31766 31776 31786 31796
31736 31746 31756 31766 31776 31786 31796
31736 31746 31756 31766 31776 31786 31796
31736 31746 31756 31766 31776 31786 31796
31736 31746 31756 31766 31776 31786 31796
31736 31746 31756 31766 31776 31786 31796
31736 31746 31756 31766 31776 31786 31796
31736 31746 31756 31766 31776 31786 31796
31736 31746 31756 31766 31776 31786 31796
31736 31746 31756 31766 31776 31786 31796
31736 31746 31756 31766 31776 31786 31796
31736 31746 31756 31766 31776 31786 31796
31736 31746 31756 31766 31776 31786 31796
31736 31746 31756 31766 31776 31786 31796
31736 31746 31756 31766 31776 31786 31796
31736 31746 31756 31766 31776 31786 31796
31736 31746 31756 31766 31776 31786 31796
31736 31746 31756 31766 31776 31786 31796
31736 31746 31756 31766 31776 31786 31796
31736 31746 31756 31766 31776 31786 31796
31736 31746 31756 31766 31776 31786 31796
31736 31746 31756 31766 31776 31786 31796
31736 31746 31756 31766 31776 31786 31796
31736 31746 31756 31766 31776 31786 31796
31736 31746 31756 31766 31776 31786 31796
31736 31746 31756 31766 31776 31786 31796
31736 31746 31756 31766 31776 31786 31796
31736 31746 31756 31766 31776 31786 31796
31736 31746 31756 31766 31776 31786 31796
31736 31746 31756 31766 31776 31786 31796
31736 31746 31756 31766 31776 31786 31796
31736 31746 31756 31766 31776 31786 31796
31736 31746 31756 31766 31776 31786 31796
31736 31746 31756 31766 31776 31786 31796
31736 31746 31756 31766 31776 31786 31796
31736 31746 31756 31766 31776 31786 31796
31736 31746 31756 31766 31776 31786 31796
31736 31746 31756 31766 31776 31786 31796
31736 31746 31756 31766 31776 31786 31796
31736 31746 31756 31766 31776 31786 31796
31736 31746 31756 31766 31776 31786 31796
31736 31746 31756 31766 31776 31786 31796
31736 31746 31756 31766 31776 31786 31796
31736 31746 31756 31766 31776 31786 31796
31736 31746 31756 31766 31776 31786 31796
31736 31746 31756 31766 31776 31786 31796
31736 31746 31756 31766 31776 31786 31796
31736 31746 31756 31766 31776 31786 31796
31736 31746 31756 31766 31776 31786 31796
31736 31746 31756 31766 31776 31786 31796
31736 31746 31756 31766 31776 31786 31796
31736 31746 31756 31766 31776 31786 31796
31736 31746 31756 31766 31776 31786 31796
31736 31746 31756 31766 31776 31786 31796
31736 31746 31756 31766 31776 31786 31796
31736 31746 31756 31766 31776 31786 31796
31736 31746 31756 31766 31776 31786 31796
31736 31746 31756 31766 31776 31786 31796
31736 31746 31756 31766 31776 31786 31796
31736 31746 31756 31766 31776 31786 31796
31736 31746 31756 31766 31776 31786 31796
31736 31746 31756 31766 31776 31786 31796
31736 31746 31756 31766 31776 31786 31796
31736 31746 31756 31766 31776 31786 31796
31736 31746 31756 31766 31776 31786 31796
31736 31746 31756 31766 31776 31786 31796
31736 31746 31756 31766 31776 31786 31796
31736 31746 31756 31766 31776 31786 31796
31736 31746 31756 31766 31776 31786 31796
31736 31746 31756 31766 31776 31786 31796
31736 31746 31756 31766 31776 31786 31796
31736 31746 31756 31766 31776 31786 31796
31736 31746 31756 31766 31776 31786 31796
31736 31746 31756 31766 31776 31786 31796
