84591
84591
84591
84591
84591
84591
84591
84591
84591
84591
84591
84591
84591
84591
84591
84591
84591
84591
84591
84591
84591
84591
84591
84591
84591
84591
84591
84591
84591
84591
8202 8212 8222
8202 8212 8222
8202 8212 8222
8202 8212 8222
8202 8212 8222
8202 8212 8222
8202 8212 8222
8202 8212 8222
8202 8212 8222
8202 8212 8222
8202 8212 8222
8202 8212 8222
8202 8212 8222
8202 8212 8222
8202 8212 8222
8202 8212 8222
8202 8212 8222
8202 8212 8222
8202 8212 8222
8202 8212 8222
8202 8212 8222
8202 8212 8222
8202 8212 8222
8202 8212 8222
8202 8212 8222
8202 8212 8222
8202 8212 8222
8202 8212 8222
8202 8212 8222
8202 8212 8222
8202 8212 8222
8202 8212 8222
8202 8212 8222
8202 8212 8222
8202 8212 8222
8202 8212 8222
8202 8212 8222
8232 8232 8232
8242 8242 8242
8202 8212 8222
8202 8212 8222
8202 8212 8222
8202 8212 8222
8202 8212 8222
8202 8212 8222
8202 8212 8222
8202 8212 8222
8202 8212 8222
8202 8212 8222
8203 8213 8223
8203 8213 8223
8203 8213 8223
8203 8213 8223
8203 8213 8223
8203 8213 8223
8203 8213 8223
8203 8213 8223
8203 8213 8223
8203 8213 8223
8203 8213 8223
8203 8213 8223
8203 8213 8223
8203 8213 8223
8203 8213 8223
8203 8213 8223
8203 8213 8223
8203 8213 8223
8203 8213 8223
8203 8213 8223
8203 8213 8223
8203 8213 8223
8203 8213 8223
8203 8213 8223
8203 8213 8223
8203 8213 8223
8203 8213 8223
8203 8213 8223
8203 8213 8223
8203 8213 8223
8203 8213 8223
8203 8213 8223
8203 8213 8223
8203 8213 8223
8203 8213 8223
8203 8213 8223
8203 8213 8223
8233 8233 8233
8243 8243 8243
8203 8213 8223
8203 8213 8223
8203 8213 8223
8203 8213 8223
8203 8213 8223
8203 8213 8223
8203 8213 8223
8203 8213 8223
8203 8213 8223
8203 8213 8223
62624 62674 62684 62694
62624 62674 62684 62694
62624 62674 62684 62694
62624 62674 62684 62694
62624 62674 62684 62694
62624 62674 62684 62694
62624 62674 62684 62694
62624 62674 62684 62694
62624 62674 62684 62694
62624 62674 62684 62694
62624 62674 62684 62694
62624 62674 62684 62694
62624 62674 62684 62694
62624 62674 62684 62694
62624 62674 62684 62694
62624 62674 62684 62694
62624 62674 62684 62694
62624 62674 62684 62694
62624 62674 62684 62694
62624 62674 62684 62694
62624 62674 62684 62694
62624 62674 62684 62694
62624 62674 62684 62694
62624 62674 62684 62694
62624 62674 62684 62694
62624 62674 62684 62694
62624 62674 62684 62694
62624 62674 62684 62694
62624 62674 62684 62694
62624 62674 62684 62694
62624 62674 62684 62694
62624 62674 62684 62694
62624 62674 62684 62694
62624 62674 62684 62694
62624 62674 62684 62694
62624 62674 62684 62694
62624 62674 62684 62694
62624 62674 62684 62694
62634 62634 62634 62634
62644 62644 62644 62644
62624 62674 62684 62694
62654 62654 62654 62654
62654 62654 62654 62654
62624 62674 62684 62694
62624 62674 62684 62694
62664 62664 62664 62664
62624 62674 62684 62694
62624 62674 62684 62694
62624 62674 62684 62694
62624 62674 62684 62694
62625 62675 62685 62695
62625 62675 62685 62695
62625 62675 62685 62695
62625 62675 62685 62695
62625 62675 62685 62695
62625 62675 62685 62695
62625 62675 62685 62695
62625 62675 62685 62695
62625 62675 62685 62695
62625 62675 62685 62695
62625 62675 62685 62695
62625 62675 62685 62695
62625 62675 62685 62695
62625 62675 62685 62695
62625 62675 62685 62695
62625 62675 62685 62695
62625 62675 62685 62695
62625 62675 62685 62695
62625 62675 62685 62695
62625 62675 62685 62695
62625 62675 62685 62695
62625 62675 62685 62695
62625 62675 62685 62695
62625 62675 62685 62695
62625 62675 62685 62695
62625 62675 62685 62695
62625 62675 62685 62695
62625 62675 62685 62695
62625 62675 62685 62695
62625 62675 62685 62695
62625 62675 62685 62695
62625 62675 62685 62695
62625 62675 62685 62695
62625 62675 62685 62695
62625 62675 62685 62695
62625 62675 62685 62695
62625 62675 62685 62695
62625 62675 62685 62695
62635 62635 62635 62635
62645 62645 62645 62645
62625 62675 62685 62695
62655 62655 62655 62655
62655 62655 62655 62655
62625 62675 62685 62695
62625 62675 62685 62695
62665 62665 62665 62665
62625 62675 62685 62695
62625 62675 62685 62695
62625 62675 62685 62695
62625 62675 62685 62695
67186 67196 67206 67216 67226 67236 67246 67256
67186 67196 67206 67216 67226 67236 67246 67256
67186 67196 67206 67216 67226 67236 67246 67256
67186 67196 67206 67216 67226 67236 67246 67256
67186 67196 67206 67216 67226 67236 67246 67256
67186 67196 67206 67216 67226 67236 67246 67256
67186 67196 67206 67216 67226 67236 67246 67256
67186 67196 67206 67216 67226 67236 67246 67256
67186 67196 67206 67216 67226 67236 67246 67256
67186 67196 67206 67216 67226 67236 67246 67256
67186 67196 67206 67216 67226 67236 67246 67256
67186 67196 67206 67216 67226 67236 67246 67256
67186 67196 67206 67216 67226 67236 67246 67256
67186 67196 67206 67216 67226 67236 67246 67256
67186 67196 67206 67216 67226 67236 67246 67256
67186 67196 67206 67216 67226 67236 67246 67256
67186 67196 67206 67216 67226 67236 67246 67256
67186 67196 67206 67216 67226 67236 67246 67256
67186 67196 67206 67216 67226 67236 67246 67256
67186 67196 67206 67216 67226 67236 67246 67256
67186 67196 67206 67216 67226 67236 67246 67256
67186 67196 67206 67216 67226 67236 67246 67256
67186 67196 67206 67216 67226 67236 67246 67256
67186 67196 67206 67216 67226 67236 67246 67256
67186 67196 67206 67216 67226 67236 67246 67256
67186 67196 67206 67216 67226 67236 67246 67256
67186 67196 67206 67216 67226 67236 67246 67256
67186 67196 67206 67216 67226 67236 67246 67256
67186 67196 67206 67216 67226 67236 67246 67256
67186 67196 67206 67216 67226 67236 67246 67256
67186 67196 67206 67216 67226 67236 67246 67256
67186 67196 67206 67216 67226 67236 67246 67256
67186 67196 67206 67216 67226 67236 67246 67256
67186 67196 67206 67216 67226 67236 67246 67256
67186 67196 67206 67216 67226 67236 67246 67256
67186 67196 67206 67216 67226 67236 67246 67256
67186 67196 67206 67216 67226 67236 67246 67256
67186 67196 67206 67216 67226 67236 67246 67256
67186 67196 67206 67216 67226 67236 67246 67256
67186 67196 67206 67216 67226 67236 67246 67256
67186 67196 67206 67216 67226 67236 67246 67256
67186 67196 67206 67216 67226 67236 67246 67256
67186 67196 67206 67216 67226 67236 67246 67256
67186 67196 67206 67216 67226 67236 67246 67256
67186 67196 67266 67216 67266 67236 67246 67256
67186 67196 67266 67216 67266 67236 67246 67256
67186 67196 67366 67216 67226 67236 67246 67256
67186 67196 67366 67216 67226 67236 67246 67256
67186 67196 67276 67216 67276 67236 67246 67256
67186 67196 67366 67216 67226 67236 67246 67256
67186 67196 67206 67216 67226 67236 67246 67256
67186 67196 67276 67216 67276 67236 67246 67256
67186 67196 67286 67216 67286 67236 67246 67256
67186 67376 67376 67216 67226 67376 67246 67256
67186 67376 67376 67216 67226 67376 67246 67256
67186 67376 67376 67216 67226 67376 67246 67256
67186 67386 67386 67216 67226 67386 67246 67256
67186 67386 67386 67216 67226 67386 67246 67256
67186 67296 67296 67216 67226 67296 67246 67256
67186 67296 67296 67216 67226 67296 67246 67256
67186 67376 67376 67216 67226 67376 67246 67256
67186 67376 67376 67216 67226 67376 67246 67256
67186 67386 67386 67216 67226 67386 67246 67256
67186 67296 67296 67216 67226 67296 67246 67256
67186 67296 67296 67216 67226 67296 67246 67256
67186 67306 67306 67216 67226 67306 67246 67256
67186 67306 67306 67216 67226 67306 67246 67256
67186 67306 67306 67216 67226 67306 67246 67256
67186 67306 67306 67216 67226 67306 67246 67256
67186 67306 67306 67216 67226 67306 67246 67256
67186 67306 67306 67216 67226 67306 67246 67256
67186 67196 67326 67216 67226 67386 67246 67256
67186 67196 67326 67216 67226 67386 67246 67256
67186 67196 67326 67216 67226 67386 67246 67256
67186 67196 67326 67216 67226 67386 67246 67256
67186 67196 67326 67216 67226 67386 67246 67256
67186 67196 67326 67216 67226 67386 67246 67256
67186 67196 67336 67216 67226 67236 67246 67256
67186 67196 67336 67216 67226 67236 67246 67256
67186 67346 67206 67216 67226 67236 67246 67256
67186 67346 67206 67216 67226 67236 67246 67256
67186 67346 67206 67216 67226 67236 67246 67256
67186 67346 67206 67216 67226 67236 67246 67256
67186 67346 67206 67216 67226 67236 67246 67256
67186 67196 67356 67216 67356 67236 67246 67256
67186 67196 67356 67216 67356 67236 67246 67256
67186 67196 67356 67216 67356 67236 67246 67256
67186 67196 67206 67216 67226 67236 67246 67256
67186 67196 67206 67216 67226 67236 67246 67256
