29361
29361
29361
29361
29361
29361
29361
29361
29361
29361
29361
29361
29361
29361
29361
29361
29361
29361
29361
29361
29361
29361
29361
29361
29361
29361
29361
29361
29361
29361
1302 1292 1312 1322 1332 1342 13902
1302 1292 1312 1322 1332 1342 13902
1302 1292 1312 1322 1332 1342 13902
1302 1292 1312 1322 1332 1342 13902
1302 1292 1312 1322 1332 1342 13902
1302 1292 1312 1322 1332 1342 13902
1302 1292 1312 1322 1332 1342 13902
1302 1292 1312 1322 1332 1342 13902
1302 1292 1312 1322 1332 1342 13902
1302 1292 1312 1322 1332 1342 13902
1302 1292 1312 1322 1332 1342 13902
1302 1292 1312 1322 1332 1342 13902
1302 1292 1312 1322 1332 1342 13902
1302 1292 1312 1322 1332 1342 13902
1302 1292 1312 1322 1332 1342 13902
1302 1292 1312 1322 1332 1342 13902
1302 1292 1312 1322 1332 1342 13902
1302 1292 1312 1322 1332 1342 13902
1302 1292 1312 1322 1332 1342 13902
1302 1292 1312 1322 1332 1342 13902
1302 1292 1312 1322 1332 1342 13902
1302 1292 1312 1322 1332 1342 13902
1302 1292 1312 1322 1332 1342 13902
1302 1292 1312 1322 1332 1342 13902
1302 1292 1312 1322 1332 1342 13902
1302 1292 1312 1322 1332 1342 13902
1302 1292 1312 1322 1332 1342 13902
1302 1292 1312 1322 1332 1342 13902
1302 1292 1312 1322 1332 1342 13902
1302 1292 1312 1322 1332 1342 13902
1302 1292 1312 1322 1332 1342 13902
1302 1292 1312 1322 1332 1342 13902
1302 1292 1312 1322 1332 1342 13902
1302 1292 1312 1322 1332 1342 13902
1302 1292 1312 1322 1332 1342 13902
1302 1292 1312 1322 1332 1342 13902
1302 1292 1312 1322 1332 1342 13902
1302 1292 1312 1322 1332 1342 13902
1302 1292 1312 1322 1332 1342 13902
1302 1292 1312 1322 1332 1342 13902
1302 1292 1312 1322 1332 1342 13902
1302 1292 1312 1322 1332 1342 13902
1302 1292 1312 1322 1332 1342 13902
1302 1292 1312 1322 1332 1342 13902
1302 1292 1312 1322 1332 1342 13902
1302 1292 1312 1322 1332 1342 13902
1302 1292 1312 1322 1332 1342 13902
1302 1292 1312 1322 1332 1342 13902
1302 1292 1312 1322 1332 1342 13902
1302 1292 1312 1322 1332 1342 13902
1302 1292 1312 1322 1332 1342 13902
1302 1292 1312 1322 1332 1342 13902
1302 1292 1312 1322 1332 1342 13902
1302 1292 1312 1322 1332 1342 13902
1302 1292 1312 1322 1332 1342 13902
1302 1292 1312 1322 1332 1342 13902
1302 1292 1312 1322 1332 1342 13902
1302 1292 1312 1322 1332 1342 13902
1302 1292 1312 1322 1332 1342 13902
1302 1292 1312 1322 1332 1342 13902
1302 1292 1312 1322 1332 1342 13902
1302 1292 1312 1322 1332 1342 13902
1302 1292 1312 1322 1332 1342 13902
1302 1292 1312 1322 1332 1342 13902
1302 1292 1312 1322 1332 1342 13902
1302 1292 1312 1322 1332 1342 13902
22573 22583 22593 22603 22613 22623 22633
22573 22583 22593 22603 22613 22623 22633
22573 22583 22593 22603 22613 22623 22633
22573 22583 22593 22603 22613 22623 22633
22573 22583 22593 22603 22613 22623 22633
22573 22583 22593 22603 22613 22623 22633
22573 22583 22593 22603 22613 22623 22633
22573 22583 22593 22603 22613 22623 22633
22573 22583 22593 22603 22613 22623 22633
22573 22583 22593 22603 22613 22623 22633
22573 22583 22593 22603 22613 22623 22633
22573 22583 22593 22603 22613 22623 22633
22573 22583 22593 22603 22613 22623 22633
22573 22583 22593 22603 22613 22623 22633
22573 22583 22593 22603 22613 22623 22633
22573 22583 22593 22603 22613 22623 22633
22573 22583 22593 22603 22613 22623 22633
22573 22583 22593 22603 22613 22623 22633
22573 22583 22593 22603 22613 22623 22633
22573 22583 22593 22603 22613 22623 22633
22573 22583 22593 22603 22613 22623 22633
22573 22583 22593 22603 22613 22623 22633
22573 22583 22593 22603 22613 22623 22633
22573 22583 22593 22603 22613 22623 22633
22573 22583 22593 22603 22613 22623 22633
22573 22583 22593 22603 22613 22623 22633
22573 22583 22593 22603 22613 22623 22633
22573 22583 22593 22603 22613 22623 22633
22573 22583 22593 22603 22613 22623 22633
22573 22583 22593 22603 22613 22623 22633
22573 22583 22593 22603 22613 22623 22633
22573 22583 22593 22603 22613 22623 22633
22573 22583 22593 22603 22613 22623 22633
22573 22583 22593 22603 22613 22623 22633
22573 22583 22593 22603 22613 22623 22633
22573 22583 22593 22603 22613 22623 22633
22573 22583 22593 22603 22613 22623 22633
22573 22583 22593 22603 22613 22623 22633
22573 22583 22593 22603 22613 22623 22633
22573 22583 22593 22603 22613 22623 22633
22573 22583 22593 22603 22613 22623 22633
22573 22583 22593 22603 22613 22623 22633
22573 22583 22593 22603 22613 22623 22633
22573 22583 22593 22603 22613 22623 22633
22573 22583 22593 22603 22613 22623 22633
22573 22583 22593 22603 22613 22623 22633
22573 22583 22593 22603 22613 22623 22633
22573 22583 22593 22603 22613 22623 22633
22573 22583 22593 22603 22613 22623 22633
22573 22583 22593 22603 22613 22623 22633
22573 22583 22593 22603 22613 22623 22633
22573 22583 22593 22603 22613 22623 22633
22573 22583 22593 22603 22613 22623 22633
22573 22583 22593 22603 22613 22623 22633
22573 22583 22593 22603 22613 22623 22633
22573 22583 22593 22603 22613 22623 22633
22573 22583 22593 22603 22613 22623 22633
22573 22583 22593 22603 22613 22623 22633
22573 22583 22593 22603 22613 22623 22633
22573 22583 22593 22603 22613 22623 22633
22573 22583 22593 22603 22613 22623 22633
22573 22583 22593 22603 22613 22623 22633
22573 22583 22593 22603 22613 22623 22633
22573 22583 22593 22603 22613 22623 22633
22573 22583 22593 22603 22613 22623 22633
22573 22583 22593 22603 22613 22623 22633
22573 22583 22593 22603 22613 22623 22633
22573 22583 22593 22603 22613 22623 22633
22573 22583 22593 22603 22613 22623 22633
22573 22583 22593 22603 22613 22623 22633
22573 22583 22593 22603 22613 22623 22633
22573 22583 22593 22603 22613 22623 22633
22573 22583 22593 22603 22613 22623 22633
22573 22583 22593 22603 22613 22623 22633
22573 22583 22593 22603 22613 22623 22633
22573 22583 22593 22603 22613 22623 22633
22573 22583 22593 22603 22613 22623 22633
22573 22583 22593 22603 22613 22623 22633
22573 22583 22593 22603 22613 22623 22633
22573 22583 22593 22603 22613 22623 22633
22573 22583 22593 22603 22613 22623 22633
22573 22583 22593 22603 22613 22623 22633
22573 22583 22593 22603 22613 22623 22633
22573 22583 22593 22603 22613 22623 22633
22573 22583 22593 22603 22613 22623 22633
