61581
61581
61581
61581
61581
61581
61581
61581
61581
61581
61581
61581
61581
61581
61581
61581
61581
61581
61581
61581
61581
61581
61581
61581
61581
61581
61581
61581
61581
61581
3892 3902 3912 3922 3932 29632
3892 3902 3912 3922 3932 29632
3892 3902 3912 3922 3932 29632
3892 3902 3912 3922 3932 29632
3892 3902 3912 3922 3932 29632
3892 3902 3912 3922 3932 29632
3892 3902 3912 3922 3932 29632
3892 3902 3912 3922 3932 29632
3892 3902 3912 3922 3932 29632
3892 3902 3912 3922 3932 29632
3892 3902 3912 3922 3932 29632
3892 3902 3912 3922 3932 29632
3892 3902 3912 3922 3932 29632
3892 3902 3912 3922 3932 29632
3892 3902 3912 3922 3932 29632
3892 33522 3912 33522 3932 29632
3892 33522 3912 33522 3932 29632
3892 33522 3912 33522 3932 29632
3892 3902 3912 3922 3932 29632
3892 3902 3912 3922 3932 29632
3892 3902 3912 3922 3932 29632
3892 3902 3912 3922 3932 29632
3892 3902 3912 3922 3932 29632
3892 3902 3912 3922 3932 29632
3892 3902 3912 3922 3932 29632
3892 3902 3912 3922 3932 29632
3892 3902 3912 3922 3932 29632
3892 3902 3912 3922 3932 29632
3892 3902 3912 3922 3932 29632
3892 3902 3912 3922 3932 29632
3892 3902 3912 3922 3932 29632
3892 3902 3912 3922 3932 29632
3892 3902 3912 3922 3932 29632
3892 3902 3912 3922 3932 29632
3892 3902 3912 3922 3932 29632
3892 3902 3912 3922 3932 29632
3892 3902 3912 3922 3932 29632
3892 3902 3912 3922 3932 29632
3892 3902 3912 3922 3932 29632
3892 3902 3912 3922 3932 29632
3892 3902 3912 3922 3932 29632
3892 3902 3912 3922 3932 29632
3892 3902 3912 3922 3932 29632
3892 3902 3912 3922 3932 29632
3892 3902 3912 3922 3932 29632
3892 3902 3912 3922 3932 29632
3892 3902 3912 3922 3932 29632
3942 3942 3942 3942 3942 29632
3892 3902 3912 3922 3932 29632
3952 3952 3952 3952 3952 29632
3962 3962 3962 3962 3962 29632
3972 3972 3972 3972 3972 29632
3972 3972 3972 3972 3972 29632
3972 3972 3972 3972 3972 29632
3892 3902 3912 3922 3932 29632
3892 3902 3912 3922 3932 29632
3892 3902 3912 3922 3932 29632
3982 3982 3982 3982 3982 29632
3892 3902 3912 3922 3932 29632
3892 3902 3912 3922 3932 29632
3892 3902 33532 3922 3932 29632
3892 3902 33532 3922 3932 29632
3892 3902 33532 3922 3932 29632
3892 3902 3912 3922 3932 29632
3892 3902 3912 3922 3932 29632
3892 3902 3912 3922 3932 29632
47563 47573 47583 47593 47603 47613 47623 47633
47563 47573 47583 47593 47603 47613 47623 47633
47563 47573 47583 47593 47603 47613 47623 47633
47563 47573 47583 47593 47603 47613 47623 47633
47563 47573 47583 47593 47603 47613 47623 47633
47563 47573 47583 47593 47603 47613 47623 47633
47563 47573 47583 47593 47603 47613 47623 47633
47563 47573 47583 47593 47603 47613 47623 47633
47563 47573 47583 47593 47603 47613 47623 47633
47563 47573 47583 47593 47603 47613 47623 47633
47563 47573 47583 47593 47603 47613 47623 47633
47563 47573 47583 47593 47603 47613 47623 47633
47563 47573 47583 47593 47603 47613 47623 47633
47563 47573 47583 47593 47603 47613 47623 47633
47563 47573 47583 47593 47603 47613 47623 47633
47563 47573 47583 47593 47603 47613 47623 47633
47563 47573 47583 47593 47603 47613 47623 47633
47563 47573 47583 47593 47603 47613 47623 47633
47563 47573 47583 47593 47603 47613 47623 47633
47563 47573 47583 47593 47603 47613 47623 47633
47563 47573 47583 47593 47603 47613 47623 47633
47563 47573 47583 47593 47603 47613 47623 47633
47563 47573 47583 47593 47603 47613 47623 47633
47563 47573 47583 47593 47603 47613 47623 47633
47563 47573 47583 47593 47603 47613 47623 47633
47563 47573 47583 47593 47603 47613 47623 47633
47563 47573 47583 47593 47603 47613 47623 47633
47563 47573 47583 47593 47603 47613 47623 47633
47563 47573 47583 47593 47603 47613 47623 47633
47563 47573 47583 47593 47603 47613 47623 47633
47563 47573 47583 47593 47603 47613 47623 47633
47563 47573 47583 47593 47603 47613 47623 47633
47563 47573 47583 47593 47603 47613 47623 47633
47563 47573 47583 47593 47603 47613 47623 47633
47563 47573 47583 47593 47603 47613 47623 47633
47563 47573 47583 47593 47603 47613 47623 47633
47563 47573 47583 47593 47603 47613 47623 47633
47563 47573 47583 47593 47603 47613 47623 47633
47563 47573 47583 47593 47603 47613 47623 47633
47563 47573 47583 47593 47603 47613 47623 47633
47563 47573 47583 47593 47603 47613 47623 47633
47563 47573 47583 47593 47603 47613 47623 47633
47563 47573 47583 47593 47603 47613 47623 47633
47563 47573 47583 47593 47603 47613 47623 47633
47563 47573 47583 47593 47603 47613 47623 47633
47563 47573 47583 47593 47603 47613 47623 47633
47563 47573 47583 47593 47603 47613 47623 47633
47563 47573 47583 47593 47603 47613 47623 47633
47563 47573 47583 47593 47603 47613 47623 47633
47563 47573 47583 47593 47603 47613 47623 47633
47563 47573 47583 47593 47603 47613 47623 47633
47563 47573 47583 47593 47603 47613 47623 47633
47563 47573 47583 47593 47603 47613 47623 47633
47563 47573 47583 47593 47603 47613 47623 47633
47563 47573 47583 47593 47603 47613 47623 47633
47563 47573 47583 47593 47603 47613 47623 47633
47563 47573 47583 47593 47603 47613 47623 47633
47563 47573 47583 47593 47603 47613 47623 47633
47563 47573 47583 47593 47603 47613 47623 47633
47563 47573 47583 47593 47603 47613 47623 47633
47563 47573 47583 47593 47603 47613 47623 47633
47563 47573 47583 47593 47603 47613 47623 47633
47563 47573 47583 47593 47603 47613 47623 47633
47563 47573 47583 47593 47603 47613 47623 47633
47563 47573 47583 47593 47603 47613 47623 47633
47563 47573 47583 47593 47603 47613 47623 47633
47563 47573 47583 47593 47603 47613 47623 47633
47563 47573 47583 47593 47603 47613 47623 47633
47563 47573 47583 47593 47603 47613 47623 47633
47563 47573 47583 47593 47603 47613 47623 47633
47563 47573 47583 47593 47603 47613 47623 47633
47563 47573 47583 47593 47603 47613 47623 47633
47563 47573 47583 47593 47603 47613 47623 47633
47563 47573 47583 47593 47603 47613 47623 47633
47563 47573 47583 47593 47603 47613 47623 47633
47563 47573 47583 47593 47603 47613 47623 47633
47563 47573 47583 47593 47603 47613 47623 47633
47563 47573 47583 47593 47603 47613 47623 47633
47563 47573 47583 47593 47603 47613 47623 47633
47563 47573 47583 47593 47603 47613 47623 47633
47563 47573 47583 47593 47603 47613 47623 47633
47563 47573 47583 47593 47603 47613 47623 47633
47563 47573 47583 47593 47603 47613 47623 47633
47563 47573 47583 47593 47603 47613 47623 47633
47563 47573 47583 47593 47603 47613 47623 47633
