84581
84581
84581
84581
84581
84581
84581
84581
84581
84581
84581
84581
84581
84581
84581
84581
84581
84581
84581
84581
84581
84581
84581
84581
84581
84581
84581
84581
84581
84581
5872 5922 5932 5942
5872 5922 5932 5942
5872 5922 5932 5942
5872 5922 5932 5942
5872 5922 5932 5942
5872 5922 5932 5942
5872 5922 5932 5942
5872 5922 5932 5942
5872 5922 5932 5942
5872 5922 5932 5942
5872 5922 5932 5942
5872 5922 5932 5942
5872 5922 5932 5942
5872 5922 5932 5942
5872 5922 5932 5942
5872 5922 5932 5942
5872 5922 5932 5942
5872 5922 5932 5942
5872 5922 5932 5942
5872 5922 5932 5942
5872 5922 5932 5942
5872 5922 5932 5942
5872 5922 5932 5942
5872 5922 5932 5942
5872 5922 5932 5942
5872 5922 5932 5942
5872 5922 5932 5942
5872 5922 5932 5942
5872 5922 5932 5942
5872 5922 5932 5942
5872 5922 5932 5942
5872 5922 5932 5942
5872 5922 5932 5942
5872 5922 5932 5942
5872 5922 5932 5942
5872 5922 5932 5942
5872 5922 5932 5942
5872 5922 5932 5942
5882 5882 5882 5882
5892 5892 5892 5892
5872 5922 5932 5942
5902 5902 5902 5902
5902 5902 5902 5902
5872 5922 5932 5942
5872 5922 5932 5942
5912 5912 5912 5912
5872 5922 5932 5942
5872 5922 5932 5942
5872 5922 5932 5942
5872 5922 5932 5942
63043 63053 63063 63073 63083 63093 63103 63113
63043 63053 63063 63073 63083 63093 63103 63113
63043 63053 63063 63073 63083 63093 63103 63113
63043 63053 63063 63073 63083 63093 63103 63113
63043 63053 63063 63073 63083 63093 63103 63113
63043 63053 63063 63073 63083 63093 63103 63113
63043 63053 63063 63073 63083 63093 63103 63113
63043 63053 63063 63073 63083 63093 63103 63113
63043 63053 63063 63073 63083 63093 63103 63113
63043 63053 63063 63073 63083 63093 63103 63113
63043 63053 63063 63073 63083 63093 63103 63113
63043 63053 63063 63073 63083 63093 63103 63113
63043 63053 63063 63073 63083 63093 63103 63113
63043 63053 63063 63073 63083 63093 63103 63113
63043 63053 63063 63073 63083 63093 63103 63113
63043 63053 63063 63073 63083 63093 63103 63113
63043 63053 63063 63073 63083 63093 63103 63113
63043 63053 63063 63073 63083 63093 63103 63113
63043 63053 63063 63073 63083 63093 63103 63113
63043 63053 63063 63073 63083 63093 63103 63113
63043 63053 63063 63073 63083 63093 63103 63113
63043 63053 63063 63073 63083 63093 63103 63113
63043 63053 63063 63073 63083 63093 63103 63113
63043 63053 63063 63073 63083 63093 63103 63113
63043 63053 63063 63073 63083 63093 63103 63113
63043 63053 63063 63073 63083 63093 63103 63113
63043 63053 63063 63073 63083 63093 63103 63113
63043 63053 63063 63073 63083 63093 63103 63113
63043 63053 63063 63073 63083 63093 63103 63113
63043 63053 63063 63073 63083 63093 63103 63113
63043 63053 63063 63073 63083 63093 63103 63113
63043 63053 63063 63073 63083 63093 63103 63113
63043 63053 63063 63073 63083 63093 63103 63113
63043 63053 63063 63073 63083 63093 63103 63113
63043 63053 63063 63073 63083 63093 63103 63113
63043 63053 63063 63073 63083 63093 63103 63113
63043 63053 63063 63073 63083 63093 63103 63113
63043 63053 63063 63073 63083 63093 63103 63113
63043 63053 63063 63073 63083 63093 63103 63113
63043 63053 63063 63073 63083 63093 63103 63113
63043 63053 63063 63073 63083 63093 63103 63113
63043 63053 63063 63073 63083 63093 63103 63113
63043 63053 63063 63073 63083 63093 63103 63113
63043 63053 63063 63073 63083 63093 63103 63113
63043 63053 63063 63073 63083 63093 63103 63113
63043 63053 63063 63073 63083 63093 63103 63113
63043 63053 63063 63073 63083 63093 63103 63113
63043 63053 63063 63073 63083 63093 63103 63113
63043 63053 63063 63073 63083 63093 63103 63113
63043 63053 63063 63073 63083 63093 63103 63113
63043 63053 63063 63073 63083 63093 63103 63113
63043 63053 63063 63073 63083 63093 63103 63113
63043 63053 63063 63073 63083 63093 63103 63113
63043 63053 63063 63073 63083 63093 63103 63113
63043 63123 63123 63073 63083 63093 63103 63123
63043 63123 63123 63073 63083 63093 63103 63123
63043 63173 63173 63173 63173 63093 63103 63113
63043 63173 63173 63173 63173 63093 63103 63113
63043 63053 63063 63073 63083 63093 63103 63113
63043 63133 63133 63133 63133 63133 63133 63113
63043 63133 63133 63133 63133 63133 63133 63113
63043 63053 63063 63073 63083 63093 63103 63113
63043 63143 63143 63143 63143 63143 63143 63113
63043 63133 63133 63133 63133 63133 63133 63113
63043 63133 63133 63133 63133 63133 63133 63113
63043 63053 63063 63073 63083 63093 63103 63113
63043 63143 63143 63143 63143 63143 63143 63113
63043 63133 63133 63133 63133 63133 63133 63113
63043 63153 63153 63153 63153 63153 63153 63113
63043 63053 63063 63073 63083 63093 63103 63113
63043 63133 63133 63133 63133 63133 63133 63113
63043 63153 63153 63153 63153 63153 63153 63113
63043 63133 63133 63133 63133 63133 63133 63113
63043 63133 63133 63133 63133 63133 63133 63113
63043 63053 63063 63073 63083 63093 63103 63113
63043 63053 63063 63073 63083 63093 63103 63113
63043 63053 63063 63073 63083 63093 63103 63113
63043 63053 63063 63073 63083 63093 63103 63113
63043 63053 63063 63073 63083 63093 63103 63113
63043 63053 63063 63073 63083 63093 63103 63113
63043 63053 63063 63073 63083 63093 63103 63113
63043 63053 63063 63073 63083 63093 63103 63113
63043 63053 63063 63073 63083 63093 63103 63113
63043 63053 63063 63073 63083 63093 63103 63113
63043 63053 63063 63073 63083 63093 63103 63113
63043 63053 63063 63073 63083 63093 63103 63113
63043 63053 63063 63073 63083 63093 63103 63113
63043 63053 63063 63073 63083 63093 63103 63113
63043 63053 63063 63073 63083 63093 63103 63113
63043 63053 63063 63073 63083 63093 63103 63113
63043 63053 63063 63073 63083 63093 63103 63113
63043 63053 63063 63073 63083 63093 63103 63113
63043 63173 63173 63173 63173 63093 63103 63113
63043 63173 63173 63173 63173 63093 63103 63113
63043 63173 63173 63173 63173 63093 63103 63113
63043 63053 63063 63073 63083 63093 63103 63113
63043 63053 63063 63073 63083 63163 63103 63163
63043 63053 63063 63073 63083 63093 63103 63113
63043 63173 63173 63173 63173 63093 63103 63113
63043 63173 63173 63173 63173 63093 63103 63113
63043 63173 63173 63173 63173 63093 63103 63113
63043 63173 63173 63173 63173 63093 63103 63113
63043 63173 63173 63173 63173 63093 63103 63113
63043 63173 63173 63173 63173 63093 63103 63113
63043 63053 63063 63073 63083 63093 63103 63113
64304
64304
64304
64304
64304
64304
64304
64304
64304
64304
64304
64304
64304
64304
64304
64304
64304
64304
64304
64304
64304
64304
64304
64304
64304
64304
64304
64304
64304
64304
64304
64304
64304
64304
64304
64304
64304
64304
64304
64314
64314
64304
64304
64304
