38741
38741
38741
38741
38741
38741
38741
38741
38741
38741
38741
38741
38741
38741
38741
38741
38741
38741
38741
38741
38741
38741
38741
38741
38741
38741
38741
38741
38741
38741
2282
2282
2282
2282
2282
2282
2282
2282
2282
2282
2282
2282
2282
2282
2282
2282
2282
2282
2282
2282
2282
2282
2282
2282
2282
2282
2282
2282
2282
2282
2282
2282
2282
2282
2282
2282
2282
2282
2282
2282
2282
2282
2282
2282
2282
2282
2282
2282
2282
2282
30043 30053 30063 30073 30083 30093 30103
30043 30053 30063 30073 30083 30093 30103
30043 30053 30063 30073 30083 30093 30103
30043 30053 30063 30073 30083 30093 30103
30043 30053 30063 30073 30083 30093 30103
30043 30053 30063 30073 30083 30093 30103
30043 30053 30063 30073 30083 30093 30103
30043 30053 30063 30073 30083 30093 30103
30043 30053 30063 30073 30083 30093 30103
30043 30053 30063 30073 30083 30093 30103
30043 30053 30063 30073 30083 30093 30103
30043 30053 30063 30073 30083 30093 30103
30043 30053 30063 30073 30083 30093 30103
30043 30053 30063 30073 30083 30093 30103
30043 30053 30063 30073 30083 30093 30103
30043 30053 30063 30073 30083 30093 30103
30043 30053 30063 30073 30083 30093 30103
30043 30053 30063 30073 30083 30093 30103
30043 30053 30063 30073 30083 30093 30103
30043 30053 30063 30073 30083 30093 30103
30043 30053 30063 30073 30083 30093 30103
30043 30053 30063 30073 30083 30093 30103
30043 30053 30063 30073 30083 30093 30103
30043 30053 30063 30073 30083 30093 30103
30043 30053 30063 30073 30083 30093 30103
30043 30053 30063 30073 30083 30093 30103
30043 30053 30063 30073 30083 30093 30103
30043 30053 30063 30073 30083 30093 30103
30043 30053 30063 30073 30083 30093 30103
30043 30053 30063 30073 30083 30093 30103
30043 30053 30063 30073 30083 30093 30103
30043 30053 30063 30073 30083 30093 30103
30043 30053 30063 30073 30083 30093 30103
30043 30053 30063 30073 30083 30093 30103
30043 30053 30063 30073 30083 30093 30103
30043 30053 30063 30073 30083 30093 30103
30043 30053 30063 30073 30083 30093 30103
30043 30053 30063 30073 30083 30093 30103
30043 30053 30063 30073 30083 30093 30103
30043 30053 30063 30073 30083 30093 30103
30043 30053 30063 30073 30083 30093 30103
30043 30053 30063 30073 30083 30093 30103
30043 30053 30063 30073 30083 30093 30103
30043 30053 30063 30073 30083 30093 30103
30043 30053 30063 30073 30083 30093 30103
30043 30053 30063 30073 30083 30093 30103
30043 30053 30063 30073 30083 30093 30103
30043 30053 30063 30073 30083 30093 30103
30043 30053 30063 30073 30083 30093 30103
30043 30053 30063 30073 30083 30093 30103
30043 30053 30063 30073 30083 30093 30103
30043 30053 30063 30073 30083 30093 30103
30043 30053 30063 30073 30083 30093 30103
30043 30053 30063 30073 30083 30093 30103
30043 30053 30063 30073 30083 30093 30103
30043 30053 30063 30073 30083 30093 30103
30043 30053 30063 30073 30083 30093 30103
30043 30053 30063 30073 30083 30093 30103
30043 30053 30063 30073 30083 30093 30103
30043 30053 30063 30073 30083 30093 30103
30043 30053 30063 30073 30083 30093 30103
30043 30053 30063 30073 30083 30093 30103
30043 30053 30063 30073 30083 30093 30103
30043 30053 30063 30073 30083 30093 30103
30043 30053 30063 30073 30083 30093 30103
30043 30053 30063 30073 30083 30093 30103
30043 30053 30063 30073 30083 30093 30103
30043 30053 30063 30073 30083 30093 30103
30043 30053 30063 30073 30083 30093 30103
30043 30053 30063 30073 30083 30093 30103
30043 30053 30063 30073 30083 30093 30103
30043 30053 30063 30073 30083 30093 30103
30043 30053 30063 30073 30083 30093 30103
30043 30053 30063 30073 30083 30093 30103
30043 30053 30063 30073 30083 30093 30103
30043 30053 30063 30073 30083 30093 30103
30043 30053 30063 30073 30083 30093 30103
30043 30053 30063 30073 30083 30093 30103
30043 30053 30063 30073 30083 30093 30103
30043 30053 30063 30073 30083 30093 30103
30043 30053 30063 30073 30083 30093 30103
30043 30053 30063 30073 30083 30093 30103
30043 30053 30063 30073 30083 30093 30103
30043 30053 30063 30073 30083 30093 30103
30043 30053 30063 30073 30083 30093 30103
30043 30053 30063 30073 30083 30093 30103
30043 30053 30063 30073 30083 30093 30103
30043 30053 30063 30073 30083 30093 30103
30043 30053 30063 30073 30083 30093 30103
30043 30053 30063 30073 30083 30093 30103
30043 30053 30063 30073 30083 30093 30103
30043 30053 30063 30073 30083 30093 30103
30043 30053 30063 30073 30083 30093 30103
30043 30053 30063 30073 30083 30093 30103
30043 30053 30063 30073 30083 30093 30103
30043 30113 30113 30113 30113 30113 30123
30043 30113 30113 30113 30113 30113 30123
30043 30113 30113 30113 30113 30113 30123
30043 30053 30063 30073 30083 30093 30103
30043 30053 30063 30073 30083 30093 30103
30043 30053 30063 30073 30083 30093 30103
30043 30053 30063 30073 30083 30093 30103
30043 30053 30063 30073 30083 30093 30103
30043 30053 30063 30073 30083 30093 30103
30043 30053 30063 30073 30083 30093 30103
30674
30674
30674
30674
30674
30674
30674
30674
30674
30674
30674
30674
30674
30674
30674
30674
30674
30674
30674
30674
30674
30674
30674
30674
30674
30674
30674
30674
30674
30674
30674
30674
30674
30674
30674
30674
30674
30674
30674
30674
30674
30674
30674
30674
