40 30 50 40 40 40 90 20 40
60 45 75 45 135 135 135 30 75
80 35 40 60 90 30 90 80 80
30 30 30 20 80 10 80 30 40
90 80 30 60 90 30 90 25 25
80 70 15 40 90 20 90 25 30
55 15 40 20 90 10 90 10 10
10 90 90 40 90 30 90 90 90
60 60 60 30 30 90 90 60 60
90 90 10 20 20 90 90 10 5
20 25 30 50 50 90 90 90 90
45 45 90 40 40 90 90 80 80
55 55 55 60 60 90 90 30 90
15 20 40 40 40 90 90 90 20
40 40 40 30 30 30 90 40 40
15 15 15 10 10 10 90 20 20
70 70 70 65 65 65 90 70 70
50 50 50 60 60 60 90 90 90
70 70 70 20 20 20 90 45 45
55 55 55 40 40 40 90 55 55
40 40 40 50 50 50 90 65 65
35 35 35 35 35 35 35 35 35
