40 30 50 40 40 40 90 20 40
40 30 50 30 90 90 90 20 50
80 35 40 60 90 30 90 80 80
30 30 30 20 80 10 80 30 40
90 80 30 60 90 30 90 25 25
80 70 40 40 90 20 90 25 30
55 15 40 30 90 20 90 10 60
10 90 90 40 90 30 90 90 90
60 60 60 30 30 90 90 60 60
90 90 10 20 20 90 90 10 5
20 25 30 50 50 90 90 90 90
80 80 80 90 90 90 90 80 80
90 90 90 70 70 90 90 30 90
15 20 40 40 40 90 90 90 20
40 40 40 30 30 30 90 40 40
15 15 15 25 25 25 90 20 20
70 70 70 70 70 70 90 70 70
50 50 50 90 90 90 90 90 90
70 70 70 50 50 50 90 45 45
55 55 55 60 60 60 90 55 55
40 40 40 70 70 70 90 65 65
35 35 35 35 35 35 35 35 35
