84571
84571
84571
84571
84571
84571
84571
84571
84571
84571
84571
84571
84571
84571
84571
84571
84571
84571
84571
84571
84571
84571
84571
84571
84571
84571
84571
84571
84571
84571
7802 7802 7802
7802 7802 7802
7802 7802 7802
7802 7802 7802
7802 7802 7802
7802 7802 7802
7802 7802 7802
7802 7802 7802
7802 7802 7802
7802 7802 7802
7802 7802 7802
7802 7802 7802
7802 7802 7802
7802 7802 7802
7802 7802 7802
7802 7802 7802
7802 7802 7802
7802 7802 7802
7802 7802 7802
7802 7802 7802
7802 7802 7802
7802 7802 7802
7802 7802 7802
7802 7802 7802
7802 7802 7802
7802 7802 7802
7802 7802 7802
7802 7802 7802
7802 7802 7802
7802 7802 7802
7802 7802 7802
7802 7802 7802
64473
64473
64473
64473
64473
64473
64473
64473
64473
64473
64473
64473
64473
64473
64473
64473
64473
64473
64473
64473
64473
64473
64473
64473
64473
64473
64473
64473
64774 64784 64794 64804 64814 64824 64834
64774 64784 64794 64804 64814 64824 64834
64774 64784 64794 64804 64814 64824 64834
64774 64784 64794 64804 64814 64824 64834
64774 64784 64794 64804 64814 64824 64834
64774 64784 64794 64804 64814 64824 64834
64774 64784 64794 64804 64814 64824 64834
64774 64784 64794 64804 64814 64824 64834
64774 64784 64794 64804 64814 64824 64834
64774 64784 64794 64804 64814 64824 64834
64774 64784 64794 64804 64814 64824 64834
64774 64784 64794 64804 64814 64824 64834
64774 64784 64794 64804 64814 64824 64834
64774 64784 64794 64804 64814 64824 64834
64774 64784 64794 64804 64814 64824 64834
64774 64784 64794 64804 64814 64824 64834
64774 64784 64794 64804 64814 64824 64834
64774 64784 64794 64804 64814 64824 64834
64774 64784 64794 64804 64814 64824 64834
64774 64784 64794 64804 64814 64824 64834
64774 64784 64794 64804 64814 64824 64834
64774 64784 64794 64804 64814 64824 64834
64774 64784 64794 64804 64814 64824 64834
64774 64784 64794 64804 64814 64824 64834
64774 64784 64794 64804 64814 64824 64834
64774 64784 64794 64804 64814 64824 64834
64774 64784 64794 64804 64814 64824 64834
64774 64784 64794 64804 64814 64824 64834
64774 64784 64794 64804 64814 64824 64834
64774 64784 64794 64804 64814 64824 64834
64774 64784 64794 64804 64814 64824 64834
64774 64784 64794 64804 64814 64824 64834
64774 64784 64794 64804 64814 64824 64834
64774 64784 64794 64804 64814 64824 64834
64774 64784 64794 64804 64814 64824 64834
64774 64784 64794 64804 64814 64824 64834
64774 64784 64794 64804 64814 64824 64834
64774 64784 64794 64804 64814 64824 64834
64774 64784 64794 64804 64814 64824 64834
64774 64784 64794 64804 64814 64824 64834
64774 64844 64794 64804 64814 64824 64834
64774 64784 64794 64854 64854 64864 64834
64774 64874 64794 64804 64814 64824 64834
64774 64884 64794 64804 64814 64824 64834
64774 64894 64794 64804 64814 64824 64834
64774 64874 64794 64804 64814 64824 64834
64774 64884 64794 64804 64814 64824 64834
64774 64894 64794 64804 64814 64824 64834
64774 64784 64794 64804 64814 64824 64834
64774 64784 64794 64804 64814 64824 64834
64774 64914 64794 64804 64814 64824 64834
64774 64924 64794 64804 64814 64824 64834
64774 64784 64794 64804 64814 64824 64834
64774 64784 64794 64804 64814 64824 64834
64774 64784 64794 64804 64814 64824 64834
64774 64934 64794 64934 64934 64824 64834
64774 64964 64794 64944 64944 64824 64834
64774 64954 64794 64954 64954 64824 64834
64774 64784 64794 64804 64814 64974 64834
