38731
38731
38731
38731
38731
38731
38731
38731
38731
38731
38731
38731
38731
38731
38731
38731
38731
38731
38731
38731
38731
38731
38731
38731
38731
38731
38731
38731
38731
38731
2532
2532
2532
2532
2532
2532
2532
2532
2532
2532
2532
2532
2532
2532
2532
2532
2532
2532
2532
2532
2532
2532
2532
2532
2532
2532
2532
2532
2532
2532
2532
2532
30763
30763
30763
30763
30763
30763
30763
30763
30763
30763
30763
30763
30763
30763
30763
30763
30763
30763
30763
30763
30763
30763
30763
30763
30763
30763
30763
30763
30914 30924 30934 30944 30954 30964
30914 30924 30934 30944 30954 30964
30914 30924 30934 30944 30954 30964
30914 30924 30934 30944 30954 30964
30914 30924 30934 30944 30954 30964
30914 30924 30934 30944 30954 30964
30914 30924 30934 30944 30954 30964
30914 30924 30934 30944 30954 30964
30914 30924 30934 30944 30954 30964
30914 30924 30934 30944 30954 30964
30914 30924 30934 30944 30954 30964
30914 30924 30934 30944 30954 30964
30914 30924 30934 30944 30954 30964
30914 30924 30934 30944 30954 30964
30914 30924 30934 30944 30954 30964
30914 30924 30934 30944 30954 30964
30914 30924 30934 30944 30954 30964
30914 30924 30934 30944 30954 30964
30914 30924 30934 30944 30954 30964
30914 30924 30934 30944 30954 30964
30914 30924 30934 30944 30954 30964
30914 30924 30934 30944 30954 30964
30914 30924 30934 30944 30954 30964
30914 30924 30934 30944 30954 30964
30914 30924 30934 30944 30954 30964
30914 30924 30934 30944 30954 30964
30914 30924 30934 30944 30954 30964
30914 30924 30934 30944 30954 30964
30914 30924 30934 30944 30954 30964
30914 30924 30934 30944 30954 30964
30914 30924 30934 30944 30954 30964
30914 30924 30934 30944 30954 30964
30914 30924 30934 30944 30954 30964
30914 30924 30934 30944 30954 30964
30914 30924 30934 30944 30954 30964
30914 30924 30934 30944 30954 30964
30914 30924 30934 30944 30954 30964
30914 30924 30934 30944 30954 30964
30914 30924 30934 30944 30954 30964
30914 30924 30934 30944 30954 30964
30914 30924 30934 30944 30954 30964
30914 30924 30934 30944 30954 30964
30914 30924 30934 30944 30954 30964
30914 30924 30934 30944 30954 30964
30914 30924 30934 30944 30954 30964
30914 30924 30934 30944 30954 30964
30914 30924 30934 30944 30954 30964
30914 30924 30934 30944 30954 30964
30914 30924 30934 30944 30954 30964
30914 30924 30934 30944 30954 30964
30914 30924 30934 30944 30954 30964
30914 30924 30934 30944 30954 30964
30914 30924 30934 30944 30954 30964
30914 30924 30934 30944 30954 30964
30914 30924 30934 30944 30954 30964
30914 30924 30934 30944 30954 30964
30914 30924 30934 30944 30954 30964
30914 30924 30934 30944 30954 30964
30914 30924 30934 30944 30954 30964
