60 90 45 135 30 75 135 45 45
45 45 30 135 45 45 135 60 30
60 60 60 90 50 70 90 60 60
90 90 40 90 40 70 90 80 10
90 90 80 90 40 70 80 80 5
90 90 90 90 80 90 90 15 90
90 90 90 90 80 90 90 90 90
90 90 90 90 80 90 90 60 90
70 80 90 90 70 80 90 90 90
90 10 90 90 40 70 80 90 90
90 90 90 90 80 90 90 30 90
90 90 90 80 50 60 50 90 90
90 90 90 90 50 80 50 50 90
90 90 90 80 70 90 70 90 90
90 15 90 90 30 60 30 90 90
90 90 90 90 70 80 70 90 90
90 90 35 80 10 40 10 90 10
90 5 90 80 10 40 10 90 10
90 30 20 80 10 40 10 90 90
30 90 90 80 10 40 10 90 40
5 20 90 90 10 70 10 30 30
5 30 20 80 10 40 10 30 30
35 35 35 35 35 35 35 35 35
