29361
29361
29361
29361
29361
29361
29361
29361
29361
29361
29361
29361
29361
29361
29361
29361
29361
29361
29361
29361
29361
29361
29361
29361
29361
29361
29361
29361
29361
29361
1232
1232
1232
1232
1232
1232
1232
1232
1232
1232
1232
1232
1232
1232
1232
1232
1232
1232
1232
1232
1232
1232
1232
1232
1232
1232
1232
1232
1232
1232
1232
1232
1703 1713 1723 1733 1743 1753 1763 1773
1703 1713 1723 1733 1743 1753 1763 1773
1703 1713 1723 1733 1743 1753 1763 1773
1703 1713 1723 1733 1743 1753 1763 1773
1703 1713 1723 1733 1743 1753 1763 1773
1703 1713 1723 1733 1743 1753 1763 1773
1703 1713 1723 1733 1743 1753 1763 1773
1703 1713 1723 1733 1743 1753 1763 1773
1703 1713 1723 1733 1743 1753 1763 1773
1703 1713 1723 1733 1743 1753 1763 1773
1703 1713 1723 1733 1743 1753 1763 1773
1703 1713 1723 1733 1743 1753 1763 1773
1703 1713 1723 1733 1743 1753 1763 1773
1703 1713 1723 1733 1743 1753 1763 1773
1703 1713 1723 1733 1743 1753 1763 1773
1703 1713 1723 1733 1743 1753 1763 1773
1703 1713 1723 1733 1743 1753 1763 1773
1703 1713 1723 1733 1743 1753 1763 1773
1703 1713 1723 1733 1743 1753 1763 1773
1703 1713 1723 1733 1743 1753 1763 1773
1703 1713 1723 1733 1743 1753 1763 1773
1703 1713 1723 1733 1743 1753 1763 1773
1703 1713 1723 1733 1743 1753 1763 1773
1703 1713 1723 1733 1743 1753 1763 1773
1703 1713 1723 1733 1743 1753 1763 1773
1703 1713 1723 1733 1743 1753 1763 1773
1703 1713 1723 1733 1743 1753 1763 1773
1703 1713 1723 1733 1743 1753 1763 1773
1703 1713 1723 1733 1743 1753 1763 1773
1703 1713 1723 1733 1743 1753 1763 1773
1703 1713 1723 1733 1743 1753 1763 1773
1703 1713 1723 1733 1743 1753 1763 1773
1703 1713 1723 1733 1743 1753 1763 1773
1703 1713 1723 1733 1743 1753 1763 1773
1703 1713 1723 1733 1743 1753 1763 1773
1703 1713 1723 1733 1743 1753 1763 1773
1703 1713 1723 1733 1743 1753 1763 1773
1703 1713 1723 1733 1743 1753 1763 1773
1703 1713 1723 1733 1743 1753 1763 1773
1703 1713 1723 1733 1743 1753 1763 1773
1703 1713 1723 1733 1743 1753 1763 1773
1703 1713 1723 1733 1743 1753 1763 1773
1703 1713 1723 1733 1743 1753 1763 1773
1703 1713 1723 1733 1743 1753 1763 1773
1703 1713 1723 1733 1743 1753 1763 1773
1703 1713 1723 1733 1743 1753 1763 1773
1703 1713 1723 1733 1743 1753 1763 1773
1703 1713 1723 1733 1743 1753 1763 1773
1703 1713 1723 1733 1743 1753 1763 1773
1703 1713 1723 1733 1743 1753 1763 1773
1703 1713 1723 1733 1743 1753 1763 1773
1703 1713 1723 1733 1743 1753 1763 1773
1703 1713 1723 1733 1743 1753 1763 1773
1703 1713 1723 1733 1743 1753 1763 1773
1703 1713 1723 1733 1743 1753 1763 1773
1703 1713 1723 1733 1743 1753 1763 1773
1703 1713 1723 1733 1743 1753 1763 1773
1703 1713 1723 1733 1743 1753 1763 1773
1703 1713 1723 1733 1743 1753 1763 1773
1703 1713 1723 1733 1743 1753 1763 1773
1783 1713 1723 1783 1743 1753 1763 1773
1703 1713 1723 1733 1743 1753 1763 1773
1703 1713 1723 1733 1743 1753 1763 1773
1783 1713 1723 1783 1743 1753 1763 1773
1783 1713 1723 1783 1743 1753 1763 1773
1783 1713 1723 1783 1743 1753 1763 1773
1783 1713 1723 1783 1743 1753 1763 1773
1703 1713 1723 1733 1743 1753 1763 1773
1703 1713 1723 1733 1743 1753 1763 1773
1783 1713 1723 1783 1743 1753 1763 1773
1783 1713 1723 1783 1743 1753 1763 1773
1703 1713 1723 1733 1743 1753 1763 1773
1703 1713 1723 1733 1743 1753 1763 1773
1783 1713 1723 1783 1743 1753 1763 1773
1783 1713 1723 1783 1743 1753 1763 1773
1783 1713 1723 1783 1743 1753 1763 1773
1703 1713 1723 1733 1743 1753 1763 1773
1703 1713 1723 1733 1743 1753 1763 1773
1783 1713 1723 1783 1743 1753 1763 1773
1783 1713 1723 1783 1743 1753 1763 1773
1703 1713 1723 1733 1743 1753 1763 1773
1703 1713 1723 1733 1743 1753 1763 1773
1703 1713 1723 1733 1743 1753 1763 1773
1703 1713 1723 1733 1743 1753 1763 1773
