61581
61581
61581
61581
61581
61581
61581
61581
61581
61581
61581
61581
61581
61581
61581
61581
61581
61581
61581
61581
61581
61581
61581
61581
61581
61581
61581
61581
61581
61581
3512 3512 3512
3512 3512 3512
3512 3512 3512
3512 3512 3512
3512 3512 3512
3512 3512 3512
3512 3512 3512
3512 3512 3512
3512 3512 3512
3512 3512 3512
3512 3512 3512
3512 3512 3512
3512 3512 3512
3512 3512 3512
3512 3512 3512
3512 3512 3512
3512 3512 3512
3512 3512 3512
3512 3512 3512
3512 3512 3512
3512 3512 3512
3512 3512 3512
3512 3512 3512
3512 3512 3512
3512 3512 3512
3512 3512 3512
3512 3512 3512
3512 3512 3512
3512 3512 3512
3512 3512 3512
3512 3512 3512
3512 3512 3512
4693 4703 4713 4723 4733 4743 4753 4763
4693 4703 4713 4723 4733 4743 4753 4763
4693 4703 4713 4723 4733 4743 4753 4763
4693 4703 4713 4723 4733 4743 4753 4763
4693 4703 4713 4723 4733 4743 4753 4763
4693 4703 4713 4723 4733 4743 4753 4763
4693 4703 4713 4723 4733 4743 4753 4763
4693 4703 4713 4723 4733 4743 4753 4763
4693 4703 4713 4723 4733 4743 4753 4763
4693 4703 4713 4723 4733 4743 4753 4763
4693 4703 4713 4723 4733 4743 4753 4763
4693 4703 4713 4723 4733 4743 4753 4763
4693 4703 4713 4723 4733 4743 4753 4763
4693 4703 4713 4723 4733 4743 4753 4763
4693 4703 4713 4723 4733 4743 4753 4763
4693 4703 4713 33573 33573 33573 4753 4763
4693 4703 4713 33573 33573 33573 4753 4763
4693 4703 4713 33573 33573 33573 4753 4763
4693 4703 4713 4723 4733 4743 4753 4763
4693 4703 4713 4723 4733 4743 4753 4763
4693 4703 4713 4723 4733 4743 4753 4763
4693 4703 4713 4723 4733 4743 4753 4763
4693 4703 4713 4723 4733 4743 4753 4763
4693 4703 4713 4723 4733 4743 4753 4763
4693 4703 4713 4723 4733 4743 4753 4763
4693 4703 4713 4723 4733 4743 4753 4763
4693 4703 4713 4723 4733 4743 4753 4763
4693 4703 4713 4723 4733 4743 4753 4763
4693 4703 4713 4723 4733 4743 4753 4763
4693 4703 4713 4723 4733 4743 4753 4763
4693 4703 4713 4723 4733 4743 4753 4763
4693 4703 4713 4723 4733 4743 4753 4763
4693 4703 4713 4723 4733 4743 4753 4763
4693 4703 4713 4723 4733 4743 4753 4763
4693 4703 4713 4723 4733 4743 4753 4763
4693 4703 4713 4723 4733 4743 4753 4763
4693 4703 4713 4723 4733 4743 4753 4763
4693 4703 4713 4723 4733 4743 4753 4763
4693 4703 4713 4723 4733 4743 4753 4763
4693 4703 4713 4723 4733 4743 4753 4763
4693 4703 4713 4723 4733 4743 4753 4763
4693 4703 4713 4723 4733 4743 4753 4763
4693 4703 4713 4723 4733 4743 4753 4763
4693 4703 4713 4723 4733 4743 4753 4763
4693 4703 4713 4723 4733 4743 4753 4763
4693 4703 4713 4723 4733 4743 4753 4763
4693 4703 4713 4723 4733 4743 4753 4763
4773 4703 4713 4773 4733 4743 4753 4773
4793 4703 4713 4793 4733 4743 4753 4793
4693 4703 4713 4723 4733 4743 4753 4763
4783 4783 4783 4783 4783 4783 4783 4783
4783 4783 4783 4783 4783 4783 4783 4783
4803 4803 4803 4803 4803 4743 4753 4763
4693 4703 4713 4723 4733 4743 4753 4763
4813 4813 4713 4813 4813 4743 4753 4763
4693 4703 4713 4723 4733 4743 4753 4763
4823 4703 4713 4823 4823 4823 4823 4823
4833 4703 4713 4833 4733 4743 4753 4833
4843 4703 4713 4723 4733 4743 4753 4843
4853 4703 4713 4853 4733 4743 4753 4763
4693 4703 4713 4723 4733 4743 4753 4763
4693 4703 4713 4723 4733 4743 4753 4763
4863 4703 4713 4863 4733 4743 4753 4763
4693 4703 4713 4723 4733 4743 4753 4763
4863 4863 4863 4863 4863 4863 4863 4863
4863 4863 4863 4863 4863 4863 4863 4863
4863 4863 4863 4863 4863 4863 4863 4863
4693 4703 4713 4723 4733 4743 4753 4763
4873 4703 4713 4873 4733 4743 4753 4763
4693 4703 4713 4723 4733 4743 4753 4763
4873 4703 4713 4723 4733 4743 4753 4873
4693 4703 4713 4723 4733 4743 4753 4763
4883 4703 4713 4883 4733 4743 4753 4763
4693 4703 4713 4723 4733 4743 4753 4763
4693 4703 4713 4723 4733 4743 4753 4763
4693 4703 4713 4723 4733 4743 4753 4763
4693 4703 4713 4723 4733 4743 4753 4763
4893 4703 4713 4893 4733 4743 4753 4763
4693 4703 4713 4723 4733 4743 4753 4763
4893 4703 4713 4893 4893 4893 4893 4893
4693 4703 4713 4723 4733 4743 4753 4763
4903 4903 4713 4903 4903 4743 4753 4763
4693 4703 4713 4723 4733 4743 4753 4763
4693 4703 4713 4723 4733 4743 4753 4763
