60 97 60 105 90 135 30 52 52
60 60 30 60 45 135 135 60 30
75 75 75 90 75 75 90 75 75
45 20 70 90 70 80 90 20 40
65 60 75 90 70 80 90 40 40
80 80 45 90 80 85 90 70 40
60 85 95 90 80 85 90 70 70
90 90 90 90 90 90 90 90 90
80 80 80 90 70 80 90 40 40
100 100 100 100 100 100 100 100 100
80 80 80 90 10 30 90 15 15
50 50 50 50 50 50 50 50 50
50 30 30 50 20 90 90 80 80
90 90 90 90 90 90 90 90 90
50 50 40 50 20 90 90 60 20
70 40 70 90 90 80 60 90 90
30 30 30 50 20 90 90 60 60
80 80 80 80 70 90 90 60 60
70 70 70 70 40 90 90 40 40
50 80 80 80 60 90 90 70 70
35 35 35 35 35 35 35 35 35
