84631
84631
84631
84631
84631
84631
84631
84631
84631
84631
84631
84631
84631
84631
84631
84631
84631
84631
84631
84631
84631
84631
84631
84631
84631
84631
84631
84631
84631
84631
6272 6322 6332 6342
6272 6322 6332 6342
6272 6322 6332 6342
6272 6322 6332 6342
6272 6322 6332 6342
6272 6322 6332 6342
6272 6322 6332 6342
6272 6322 6332 6342
6272 6322 6332 6342
6272 6322 6332 6342
6272 6322 6332 6342
6272 6322 6332 6342
6272 6322 6332 6342
6272 6322 6332 6342
6272 6322 6332 6342
6272 6322 6332 6342
6272 6322 6332 6342
6272 6322 6332 6342
6272 6322 6332 6342
6272 6322 6332 6342
6272 6322 6332 6342
6272 6322 6332 6342
6272 6322 6332 6342
6272 6322 6332 6342
6272 6322 6332 6342
6272 6322 6332 6342
6272 6322 6332 6342
6272 6322 6332 6342
6272 6322 6332 6342
6272 6322 6332 6342
6272 6322 6332 6342
6272 6322 6332 6342
6272 6322 6332 6342
6272 6322 6332 6342
6272 6322 6332 6342
6272 6322 6332 6342
6272 6322 6332 6342
6272 6322 6332 6342
6282 6282 6282 6282
6292 6292 6292 6292
6272 6322 6332 6342
6302 6302 6302 6302
6302 6302 6302 6302
6272 6322 6332 6342
6272 6322 6332 6342
6312 6312 6312 6312
6272 6322 6332 6342
6272 6322 6332 6342
6272 6322 6332 6342
6272 6322 6332 6342
53743 53753 53763 53773 53783 53793 53803 53813
53743 53753 53763 53773 53783 53793 53803 53813
53743 53753 53763 53773 53783 53793 53803 53813
53743 53753 53763 53773 53783 53793 53803 53813
53743 53753 53763 53773 53783 53793 53803 53813
53743 53753 53763 53773 53783 53793 53803 53813
53743 53753 53763 53773 53783 53793 53803 53813
53743 53753 53763 53773 53783 53793 53803 53813
53743 53753 53763 53773 53783 53793 53803 53813
53743 53753 53763 53773 53783 53793 53803 53813
53743 53753 53763 53773 53783 53793 53803 53813
53743 53753 53763 53773 53783 53793 53803 53813
53743 53753 53763 53773 53783 53793 53803 53813
53743 53753 53763 53773 53783 53793 53803 53813
53743 53753 53763 53773 53783 53793 53803 53813
53743 53753 53763 53773 53783 53793 53803 53813
53743 53753 53763 53773 53783 53793 53803 53813
53743 53753 53763 53773 53783 53793 53803 53813
53743 53753 53763 53773 53783 53793 53803 53813
53743 53753 53763 53773 53783 53793 53803 53813
53743 53753 53763 53773 53783 53793 53803 53813
53743 53753 53763 53773 53783 53793 53803 53813
53743 53753 53763 53773 53783 53793 53803 53813
53743 53753 53763 53773 53783 53793 53803 53813
53743 53753 53763 53773 53783 53793 53803 53813
53743 53753 53763 53773 53783 53793 53803 53813
53743 53753 53763 53773 53783 53793 53803 53813
53743 53753 53763 53773 53783 53793 53803 53813
53743 53753 53763 53773 53783 53793 53803 53813
53743 53753 53763 53773 53783 53793 53803 53813
53743 53753 53763 53773 53783 53793 53803 53813
53743 53753 53763 53773 53783 53793 53803 53813
53743 53753 53763 53773 53783 53793 53803 53813
53743 53753 53763 53773 53783 53793 53803 53813
53743 53753 53763 53773 53783 53793 53803 53813
53743 53753 53763 53773 53783 53793 53803 53813
53743 53753 53763 53773 53783 53793 53803 53813
53743 53753 53763 53773 53783 53793 53803 53813
53743 53753 53763 53773 53783 53793 53803 53813
53743 53753 53763 53773 53783 53793 53803 53813
53743 53753 53763 53773 53783 53793 53803 53813
53743 53753 53763 53773 53783 53793 53803 53813
53743 53753 53763 53773 53783 53793 53803 53813
53743 53753 53763 53773 53783 53793 53803 53813
53743 53753 53763 53773 53783 53793 53803 53813
53743 53753 53763 53773 53783 53793 53803 53813
53743 53753 53763 53773 53783 53793 53803 53813
53743 53753 53763 53773 53783 53793 53803 53813
53743 53753 53763 53773 53783 53793 53803 53813
53743 53753 53763 53773 53783 53793 53803 53813
53743 53753 53763 53773 53783 53793 53803 53813
53743 53753 53763 53773 53783 53793 53803 53813
53743 53753 53763 53773 53783 53793 53803 53813
53743 53753 53763 53773 53783 53793 53803 53813
53743 53753 53763 53773 53783 53793 53803 53813
53743 53753 53763 53773 53783 53793 53803 53813
53743 53753 53763 53773 53783 53793 53803 53813
53743 53753 53763 53773 53783 53793 53803 53813
53743 53753 53763 53773 53783 53793 53803 53813
53743 53753 53763 53773 53783 53793 53803 53813
53743 53833 53833 53823 53833 53833 53833 53823
53743 53843 53843 53843 53843 53843 53843 53843
53743 53843 53843 53843 53843 53843 53843 53843
53743 53843 53843 53843 53843 53843 53843 53843
53743 53863 53863 53853 53863 53863 53863 53853
53743 53863 53863 53853 53863 53863 53863 53853
53743 53863 53863 53853 53863 53863 53863 53853
53743 53863 53863 53853 53863 53863 53863 53853
53743 53863 53863 53853 53863 53863 53863 53853
53743 53863 53863 53853 53863 53863 53863 53853
53743 53753 53763 53773 53783 53793 53803 53813
53743 53753 53763 53773 53783 53793 53803 53813
53743 53843 53843 53843 53843 53843 53843 53813
53743 53843 53843 53823 53843 53843 53843 53823
53743 53863 53863 53853 53863 53863 53863 53853
53743 53863 53863 53853 53863 53863 53863 53853
53743 53863 53863 53853 53863 53863 53863 53853
53743 53753 53763 53773 53783 53793 53803 53813
53743 53753 53763 53773 53783 53793 53803 53813
53743 53753 53763 53773 53783 53793 53803 53813
53743 53873 53873 53873 53873 53873 53873 53873
53743 53753 53763 53773 53783 53793 53803 53813
53743 53883 53883 53883 53883 53883 53883 53883
53743 53883 53883 53883 53883 53883 53883 53883
53743 53753 53763 53773 53783 53793 53803 53813
64404
64404
64404
64404
64404
64404
64404
64404
64404
64404
64404
64404
64404
64404
64404
64404
64404
64404
64404
64404
64404
64404
64404
64404
64404
64404
64404
64404
64404
64404
64404
64404
64404
64404
64404
64404
64404
64404
64404
64414
64414
64404
64404
64404
77755 77765 77775 77785 77795 77805 77815 77825 77835 77985
77755 77765 77775 77785 77795 77805 77815 77825 77835 77985
77755 77765 77775 77785 77795 77805 77815 77825 77835 77985
77755 77765 77775 77785 77795 77805 77815 77825 77835 77985
77755 77765 77775 77965 77795 77805 77815 77965 77835 77985
77755 77765 77775 77785 77795 77805 77815 77825 77835 77985
77755 77765 77775 77785 77795 77805 77815 77825 77835 77985
77755 77765 77775 77965 77795 77805 77815 77965 77835 77985
77755 77765 77775 77785 77795 77805 77815 77825 77835 77985
77755 77765 77775 77785 77795 77805 77815 77825 77835 77985
77755 77765 77775 77785 77795 77805 77815 77825 77835 77985
77755 77765 77775 77785 77795 77805 77815 77825 77835 77985
77755 77765 77775 77785 77795 77805 77815 77825 77835 77985
77755 77765 77775 77785 77795 77805 77815 77825 77835 77985
77755 77765 77775 77785 77795 77805 77815 77825 77835 77985
77755 77765 77775 77785 77795 77805 77815 77825 77835 77985
77755 77965 77965 77965 77965 77965 77815 77965 77835 77985
77755 77765 77775 77785 77795 77805 77815 77825 77835 77985
77755 77765 77775 77785 77795 77805 77815 77825 77835 77985
77755 77765 77775 77965 77965 77805 77815 77965 77835 77985
77755 77765 77775 77785 77795 77805 77815 77825 77835 77985
77755 77765 77775 77785 77795 77805 77815 77825 77835 77985
77755 77765 77775 77965 77795 77805 77815 77965 77835 77985
77755 77765 77775 77785 77795 77805 77815 77825 77835 77985
77755 77765 77775 77785 77795 77805 77815 77825 77835 77985
77755 77765 77775 77785 77795 77805 77815 77825 77835 77985
77755 77765 77775 77785 77795 77805 77815 77825 77835 77985
77755 77765 77775 77785 77795 77805 77815 77825 77835 77985
77755 77765 77775 77785 77795 77805 77815 77825 77835 77985
77755 77765 77775 77785 77795 77805 77815 77825 77835 77985
77755 77765 77775 77785 77795 77805 77815 77825 77835 77985
77755 77765 77775 77785 77795 77805 77815 77825 77835 77985
77755 77765 77775 77785 77795 77805 77815 77825 77835 77985
77755 77765 77775 77785 77795 77805 77815 77825 77835 77985
77755 77765 77775 77785 77795 77805 77815 77825 77835 77985
77755 77765 77775 77785 77795 77805 77815 77825 77835 77985
77755 77765 77775 77785 77795 77805 77815 77825 77835 77985
77755 77765 77775 77785 77795 77805 77815 77825 77835 77985
77755 77765 77775 77785 77795 77805 77815 77825 77835 77985
77755 77765 77775 77785 77795 77805 77815 77825 77835 77985
77755 77765 77775 77785 77795 77805 77815 77825 77835 77985
77755 77765 77775 77785 77795 77805 77815 77825 77835 77985
77755 77765 77775 77785 77795 77805 77815 77825 77835 77985
77755 77765 77775 77785 77795 77805 77815 77825 77835 77985
77755 77765 77775 77785 77795 77805 77815 77825 77835 77985
77755 77765 77775 77785 77795 77805 77815 77825 77835 77985
77755 77765 77775 77785 77795 77805 77815 77825 77835 77985
77755 77765 77775 77785 77795 77805 77815 77825 77835 77985
77755 77765 77775 77785 77795 77805 77815 77825 77835 77985
77755 77765 77775 77785 77795 77805 77815 77825 77835 77985
77755 77765 77775 77785 77845 77805 77815 77825 77835 77845
77755 77765 77775 77785 77845 77805 77815 77825 77835 77845
77755 77765 77775 77855 77855 77865 77815 77865 77835 77855
77755 77765 77775 77855 77855 77865 77815 77865 77835 77855
77755 77765 77775 77855 77855 77865 77815 77865 77835 77855
77755 77765 77775 77855 77855 77865 77815 77865 77835 77855
77755 77765 77775 77785 77795 77805 77815 77825 77835 77985
77755 77765 77775 77785 77795 77805 77815 77825 77835 77985
77755 77765 77775 77785 77795 77805 77815 77825 77835 77985
77755 77765 77775 77785 77795 77805 77815 77825 77835 77985
77755 77765 77775 77785 77795 77805 77815 77825 77835 77985
77755 77765 77775 77785 77795 77805 77815 77825 77835 77985
77755 77885 77885 77885 77885 77885 77815 77885 77835 77985
77755 77885 77885 77885 77885 77885 77815 77885 77835 77985
77755 77975 77975 77975 77975 77975 77815 77975 77835 77985
77755 77975 77975 77975 77975 77975 77815 77975 77835 77985
77755 77765 77775 77785 77795 77805 77815 77825 77835 77985
77755 77765 77775 77785 77795 77805 77815 77825 77835 77985
77755 77765 77775 77785 77795 77805 77815 77825 77835 77985
77755 77765 77775 77785 77795 77805 77815 77825 77835 77985
77755 77765 77775 77785 77795 77805 77815 77825 77835 77985
77755 77765 77775 77905 77905 77805 77815 77905 77835 77985
77755 77765 77775 77905 77905 77805 77815 77905 77835 77985
77755 77765 77775 77785 77795 77805 77815 77825 77835 77985
77755 77765 77775 77905 77905 77805 77815 77905 77835 77985
77755 77765 77775 77905 77905 77805 77815 77905 77835 77985
77755 77765 77775 77785 77795 77805 77815 77915 77835 77985
77755 77765 77775 77785 77795 77805 77815 77915 77835 77985
77755 77765 77775 77785 77795 77805 77815 77825 77835 77985
77755 77765 77775 77785 77795 77805 77815 77825 77835 77985
77755 77765 77775 77785 77795 77805 77815 77825 77835 77985
77755 77765 77775 77785 77795 77805 77815 77825 77835 77985
77755 77765 77775 77785 77795 77805 77815 77825 77835 77985
77755 77765 77775 77785 77795 77805 77815 77825 77835 77985
77755 77765 77775 77785 77795 77805 77815 77825 77835 77985
77755 77765 77775 77785 77795 77805 77815 77825 77835 77985
77755 77765 77775 77785 77795 77805 77815 77825 77835 77985
77755 77765 77775 77785 77795 77805 77815 77825 77835 77985
77755 77765 77775 77945 77795 77945 77815 77945 77835 77985
77755 77765 77775 77945 77795 77945 77815 77945 77835 77985
77755 77765 77775 77785 77955 77805 77815 77825 77835 77985
77755 80705 80705 80705 80705 80705 80705 80705 80705 77985
77755 77765 77775 77865 77865 77865 77815 77865 77835 77985
77755 77765 77775 77865 77865 77865 77815 77865 77835 77985
77755 77765 77775 77865 77865 77865 77815 77865 77835 77985
77755 77765 77775 80715 77865 77865 77865 77865 77865 77985
77755 77765 77775 80715 77865 77865 77865 77865 77865 77985
77755 77765 77775 80715 77865 77865 77865 77865 77865 77985
77755 77765 77775 77785 77795 77805 77815 77825 77835 77985
77755 77765 77775 77785 77795 77805 77815 77825 77835 77985
77755 77765 77775 77785 77795 77805 77815 77825 77835 77985
77755 77765 77775 77785 77795 77805 77815 77825 77835 77985
77755 77765 77775 77785 77795 77805 77815 77825 77835 77985
77755 77765 77775 77785 77795 77805 77815 77825 77835 77985
