0 0 0
1 0 1
2 0 2
3 0 3
4 0 4
5 0 5
6 0 6
7 0 7
8 0 8
9 0 9
10 0 10
11 0 11
0 0 0
12 0 12
13 1 13
14 1 14
15 1 15
16 1 16
17 1 17
18 1 18
19 1 19
20 1 20
21 1 21
13 1 13
22 1 22
23 1 23
24 1 24
25 1 25
26 1 26
27 1 27
0 0 0
1 0 1
2 0 2
3 1 3
4 2 4
5 0 5
6 3 6
7 4 7
8 0 8
9 0 9
10 0 10
11 0 11
12 0 12
13 0 13
14 5 14
15 5 15
16 6 16
17 7 17
18 5 18
19 5 19
20 5 20
21 5 21
22 5 22
23 5 23
24 5 24
25 5 25
26 5 26
27 5 27
28 5 28
29 5 29
30 5 30
28 5 28
29 5 29
30 5 30
31 5 31
32 5 32
33 5 33
34 5 34
35 8 35
36 9 36
37 5 37
38 10 38
39 11 39
40 5 40
41 12 41
42 13 42
43 5 43
44 14 44
45 15 45
50 5 46
0 0 0
1 0 1
2 0 2
11 0 11
12 3 12
13 4 13
14 0 14
15 5 15
16 6 16
3 0 3
4 0 4
5 0 5
6 0 6
41 0 41
42 11 42
7 0 7
22 0 22
8 0 8
9 1 9
10 2 10
17 7 17
18 8 18
19 0 19
20 9 20
21 10 21
23 0 23
24 0 24
25 0 25
26 0 26
38 0 38
39 0 39
40 0 40
27 0 27
28 0 28
29 0 29
30 0 30
31 0 31
32 0 32
33 0 33
31 0 31
32 0 32
33 0 33
34 0 34
35 0 35
36 0 36
37 0 37
44 0 45
45 0 44
46 0 46
47 0 44
48 0 47
49 0 48
50 12 49
51 13 50
52 0 44
53 0 51
54 14 52
55 15 53
56 0 54
57 0 44
58 16 55
59 17 56
60 18 57
61 19 58
62 20 59
63 21 60
64 22 61
65 21 60
66 22 61
67 23 62
68 0 46
69 0 63
70 18 57
71 19 58
72 20 59
73 21 60
74 22 61
75 0 64
76 12 49
77 13 50
78 24 65
79 25 66
80 26 67
81 27 68
43 0 43
0 0 0
1 0 1
2 0 2
3 0 3
4 0 4
5 0 5
6 0 6
7 0 7
8 0 8
9 0 9
10 0 10
11 0 11
12 0 12
13 0 13
14 0 14
15 0 15
16 0 16
17 0 17
18 0 18
19 0 19
20 0 20
21 0 21
22 0 22
23 0 23
24 0 24
25 0 25
26 0 26
27 0 27
28 0 28
29 0 29
30 0 30
28 0 28
29 0 29
30 0 30
31 0 31
32 0 32
33 0 33
34 0 34
35 1 35
36 2 36
37 3 37
38 4 38
39 5 39
40 6 40
0 0 0
1 0 1
2 0 2
3 0 3
4 1 4
5 0 5
6 0 6
7 2 7
8 0 8
9 0 9
10 0 10
11 0 11
12 0 12
13 0 13
14 3 14
15 3 15
16 4 16
17 3 17
18 3 18
19 5 19
20 3 20
21 3 21
22 6 22
23 3 23
24 3 24
25 3 25
26 3 26
27 3 27
28 3 28
29 3 29
30 3 30
31 3 31
32 3 32
33 3 33
34 3 34
35 3 35
36 3 36
37 3 37
38 3 38
39 3 39
40 3 40
41 3 41
42 3 42
40 3 40
41 3 41
42 3 42
43 3 43
44 3 44
45 3 45
46 3 46
47 7 47
48 7 47
49 8 48
50 9 49
51 8 48
52 9 49
14 3 14
14 3 14
14 3 14
14 3 14
14 3 14
14 3 14
53 10 50
54 11 51
55 12 52
56 13 53
57 14 54
14 3 14
14 3 14
14 3 14
58 15 55
59 16 56
60 17 57
61 15 55
62 16 56
63 17 57
64 18 58
65 18 58
14 3 14
14 3 14
14 3 14
14 3 14
14 3 14
14 3 14
14 3 14
14 3 14
66 19 59
67 20 60
68 21 61
69 22 62
70 23 63
71 24 64
72 25 65
73 26 66
74 27 67
75 28 68
76 29 69
77 30 70
78 31 71
79 32 72
80 33 73
81 34 74
82 35 75
83 36 76
