30 30 30 60 90 30 90 30 30
40 40 40 30 90 90 90 30 30
90 90 90 30 100 90 90 90 90
90 90 90 90 90 90 30 90 90
60 10 90 40 90 20 90 10 90
80 90 20 60 90 40 90 90 15
90 90 15 50 90 30 90 70 15
25 35 90 60 90 40 90 5 90
90 90 90 40 90 20 90 70 5
20 80 80 50 90 30 90 60 60
40 10 90 40 90 90 90 90 90
80 90 45 40 90 90 90 90 20
70 90 10 40 90 90 90 80 80
80 90 80 40 90 90 90 35 80
80 90 80 30 90 90 90 90 15
20 90 90 40 90 90 90 20 90
90 90 90 30 100 90 90 30 90
90 50 90 35 100 90 90 90 70
35 20 90 40 100 90 90 90 90
90 90 90 50 100 90 90 90 90
90 90 40 30 100 90 90 90 10
90 10 90 20 100 90 90 90 10
90 30 30 20 100 90 90 90 90
40 90 90 20 100 90 90 90 50
90 90 90 90 90 90 30 35 90
90 90 90 90 90 90 35 90 70
35 25 90 90 90 90 40 90 90
90 90 90 90 90 90 50 90 90
90 90 40 90 90 90 40 90 90
90 20 90 20 90 90 20 90 20
90 30 30 90 90 90 20 90 90
40 90 90 90 90 90 40 90 90
90 90 90 90 90 90 20 10 10
5 20 90 20 100 90 90 30 30
5 20 90 90 90 90 20 30 30
5 30 20 20 100 90 90 30 30
5 30 20 90 90 90 20 30 30
35 35 35 35 35 35 35 35 35
