61581
61581
61581
61581
61581
61581
61581
61581
61581
61581
61581
61581
61581
61581
61581
61581
61581
61581
61581
61581
61581
61581
61581
61581
61581
61581
61581
61581
61581
61581
22 32 42 52 62 72 82 92
22 32 42 52 62 72 82 92
22 32 42 52 62 72 82 92
22 32 42 52 62 72 82 92
22 32 42 52 62 72 82 92
22 32 42 52 62 72 82 92
22 32 42 52 62 72 82 92
22 32 42 52 62 72 82 92
22 32 42 52 62 72 82 92
22 32 42 52 62 72 82 92
22 32 42 52 62 72 82 92
22 32 42 52 62 72 82 92
22 32 42 52 62 72 82 92
22 32 42 52 62 72 82 92
22 32 42 52 62 72 82 92
22 32 42 52 62 72 82 92
22 32 42 52 62 72 82 92
22 32 42 52 62 72 82 92
22 32 42 52 62 72 82 92
22 32 42 52 62 72 82 92
22 32 42 52 62 72 82 92
22 32 42 52 62 72 82 92
22 32 42 52 62 72 82 92
22 32 42 52 62 72 82 92
22 32 42 52 62 72 82 92
22 32 42 52 62 72 82 92
22 32 42 52 62 72 82 92
22 32 42 52 62 72 82 92
22 32 42 52 62 72 82 92
22 32 42 52 62 72 82 92
22 32 42 52 62 72 82 92
22 32 42 52 62 72 82 92
22 32 42 52 62 72 82 92
22 32 42 52 62 72 82 92
22 32 42 52 62 72 82 92
22 32 42 52 62 72 82 92
22 32 42 52 62 72 82 92
22 32 42 52 62 72 82 92
22 32 42 52 62 72 82 92
22 32 42 52 62 72 82 92
22 32 42 52 62 72 82 92
22 32 42 52 62 72 82 92
22 32 42 52 62 72 82 92
22 32 42 52 62 72 82 92
22 32 42 52 62 72 82 92
22 32 42 52 62 72 82 92
22 32 42 52 62 72 82 92
22 32 42 52 62 72 82 92
22 32 42 52 62 72 82 92
22 32 42 52 62 72 82 92
22 32 42 52 62 72 82 92
22 612 42 52 62 72 82 92
22 592 42 52 62 72 82 92
22 32 42 622 62 72 82 92
22 32 42 52 62 72 82 92
22 632 632 632 632 72 632 92
22 632 632 632 632 72 632 92
22 632 632 632 632 72 632 92
22 632 632 632 632 72 632 92
22 642 642 642 642 72 642 92
22 642 642 642 642 72 642 92
22 632 632 632 632 72 632 92
22 632 632 632 632 72 632 92
22 652 652 652 652 72 652 92
22 652 652 652 652 72 652 92
22 632 632 632 632 72 632 92
22 632 632 632 632 72 632 92
22 662 662 662 662 72 662 92
22 662 662 662 662 72 662 92
22 32 42 52 62 72 82 92
22 32 42 52 62 72 82 92
22 672 672 672 672 672 672 672
22 682 682 682 682 682 682 682
22 32 42 52 62 72 82 92
22 32 42 52 62 72 82 92
22 32 42 52 62 72 82 92
22 32 42 52 62 72 82 92
22 32 42 52 62 72 82 92
22 32 42 52 62 72 82 92
22 32 42 52 62 72 82 92
22 32 42 52 62 72 82 92
22 32 42 52 62 72 82 92
22 32 42 52 62 72 82 92
22 32 42 52 62 72 82 92
22 32 42 52 62 72 82 92
22 32 42 52 62 72 82 92
22 32 42 52 62 72 82 92
22 32 42 52 62 72 82 92
22 32 42 52 62 72 82 92
22 32 42 52 62 72 82 92
22 32 42 52 62 72 82 92
47483 47493 47503 47513 47523 47533 47543 47553
47483 47493 47503 47513 47523 47533 47543 47553
47483 47493 47503 47513 47523 47533 47543 47553
47483 47493 47503 47513 47523 47533 47543 47553
47483 47493 47503 47513 47523 47533 47543 47553
47483 47493 47503 47513 47523 47533 47543 47553
47483 47493 47503 47513 47523 47533 47543 47553
47483 47493 47503 47513 47523 47533 47543 47553
47483 47493 47503 47513 47523 47533 47543 47553
47483 47493 47503 47513 47523 47533 47543 47553
47483 47493 47503 47513 47523 47533 47543 47553
47483 47493 47503 47513 47523 47533 47543 47553
47483 47493 47503 47513 47523 47533 47543 47553
47483 47493 47503 47513 47523 47533 47543 47553
47483 47493 47503 47513 47523 47533 47543 47553
47483 47493 47503 47513 47523 47533 47543 47553
47483 47493 47503 47513 47523 47533 47543 47553
47483 47493 47503 47513 47523 47533 47543 47553
47483 47493 47503 47513 47523 47533 47543 47553
47483 47493 47503 47513 47523 47533 47543 47553
47483 47493 47503 47513 47523 47533 47543 47553
47483 47493 47503 47513 47523 47533 47543 47553
47483 47493 47503 47513 47523 47533 47543 47553
47483 47493 47503 47513 47523 47533 47543 47553
47483 47493 47503 47513 47523 47533 47543 47553
47483 47493 47503 47513 47523 47533 47543 47553
47483 47493 47503 47513 47523 47533 47543 47553
47483 47493 47503 47513 47523 47533 47543 47553
47483 47493 47503 47513 47523 47533 47543 47553
47483 47493 47503 47513 47523 47533 47543 47553
47483 47493 47503 47513 47523 47533 47543 47553
47483 47493 47503 47513 47523 47533 47543 47553
47483 47493 47503 47513 47523 47533 47543 47553
47483 47493 47503 47513 47523 47533 47543 47553
47483 47493 47503 47513 47523 47533 47543 47553
47483 47493 47503 47513 47523 47533 47543 47553
47483 47493 47503 47513 47523 47533 47543 47553
47483 47493 47503 47513 47523 47533 47543 47553
47483 47493 47503 47513 47523 47533 47543 47553
47483 47493 47503 47513 47523 47533 47543 47553
47483 47493 47503 47513 47523 47533 47543 47553
47483 47493 47503 47513 47523 47533 47543 47553
47483 47493 47503 47513 47523 47533 47543 47553
47483 47493 47503 47513 47523 47533 47543 47553
47483 47493 47503 47513 47523 47533 47543 47553
47483 47493 47503 47513 47523 47533 47543 47553
47483 47493 47503 47513 47523 47533 47543 47553
47483 47493 47503 47513 47523 47533 47543 47553
47483 47493 47503 47513 47523 47533 47543 47553
47483 47493 47503 47513 47523 47533 47543 47553
47483 47493 47503 47513 47523 47533 47543 47553
47483 47493 47503 47513 47523 47533 47543 47553
47483 47493 47503 47513 47523 47533 47543 47553
47483 47493 47503 47513 47523 47533 47543 47553
47483 47493 47503 47513 47523 47533 47543 47553
47483 47493 47503 47513 47523 47533 47543 47553
47483 47493 47503 47513 47523 47533 47543 47553
47483 47493 47503 47513 47523 47533 47543 47553
47483 47493 47503 47513 47523 47533 47543 47553
47483 47493 47503 47513 47523 47533 47543 47553
47483 48903 48903 48893 48903 48903 48903 48893
47483 48913 48913 48913 48913 48913 48913 48913
47483 48913 48913 48913 48913 48913 48913 48913
47483 48913 48913 48913 48913 48913 48913 48913
47483 48933 48933 48923 48933 48933 48933 48923
47483 48933 48933 48923 48933 48933 48933 48923
47483 48933 48933 48923 48933 48933 48933 48923
47483 48933 48933 48923 48933 48933 48933 48923
47483 48933 48933 48923 48933 48933 48933 48923
47483 48933 48933 48923 48933 48933 48933 48923
47483 47493 47503 47513 47523 47533 47543 47553
47483 47493 47503 47513 47523 47533 47543 47553
47483 48913 48913 48913 48913 48913 48913 47553
47483 48913 48913 48893 48913 48913 48913 48893
47483 48933 48933 48923 48933 48933 48933 48923
47483 48933 48933 48923 48933 48933 48933 48923
47483 48933 48933 48923 48933 48933 48933 48923
47483 47493 47503 47513 47523 47533 47543 47553
47483 47493 47503 47513 47523 47533 47543 47553
47483 47493 47503 47513 47523 47533 47543 47553
47483 48943 48943 48943 48943 48943 48943 48943
47483 47493 47503 47513 47523 47533 47543 47553
47483 48953 48953 48953 48953 48953 48953 48953
47483 48953 48953 48953 48953 48953 48953 48953
47483 47493 47503 47513 47523 47533 47543 47553
