84621
84621
84621
84621
84621
84621
84621
84621
84621
84621
84621
84621
84621
84621
84621
84621
84621
84621
84621
84621
84621
84621
84621
84621
84621
84621
84621
84621
84621
84621
20962 20972 20982 20992 21002 21012 21022 21032
20962 20972 20982 20992 21002 21012 21022 21032
20962 20972 20982 20992 21002 21012 21022 21032
20962 20972 20982 20992 21002 21012 21022 21032
20962 20972 20982 20992 21002 21012 21022 21032
20962 20972 20982 20992 21002 21012 21022 21032
20962 20972 20982 20992 21002 21012 21022 21032
20962 20972 20982 20992 21002 21012 21022 21032
20962 20972 20982 20992 21002 21012 21022 21032
20962 20972 20982 20992 21002 21012 21022 21032
20962 20972 20982 20992 21002 21012 21022 21032
20962 20972 20982 20992 21002 21012 21022 21032
20962 20972 20982 20992 21002 21012 21022 21032
20962 20972 20982 20992 21002 21012 21022 21032
20962 20972 20982 20992 21002 21012 21022 21032
20962 20972 20982 34262 34262 34262 21022 21032
20962 20972 20982 34262 34262 34262 21022 21032
20962 20972 20982 34262 34262 34262 21022 21032
20962 20972 20982 20992 21002 21012 21022 21032
20962 20972 20982 20992 21002 21012 21022 21032
20962 20972 20982 20992 21002 21012 21022 21032
20962 20972 20982 20992 21002 21012 21022 21032
20962 20972 20982 20992 21002 21012 21022 21032
20962 20972 20982 20992 21002 21012 21022 21032
20962 20972 20982 20992 21002 21012 21022 21032
20962 20972 20982 20992 21002 21012 21022 21032
20962 20972 20982 20992 21002 21012 21022 21032
20962 20972 20982 20992 21002 21012 21022 21032
20962 20972 20982 20992 21002 21012 21022 21032
20962 20972 20982 20992 21002 21012 21022 21032
20962 20972 20982 20992 21002 21012 21022 21032
20962 20972 20982 20992 21002 21012 21022 21032
20962 20972 20982 20992 21002 21012 21022 21032
20962 20972 20982 20992 21002 21012 21022 21032
20962 20972 20982 20992 21002 21012 21022 21032
20962 20972 20982 20992 21002 21012 21022 21032
20962 20972 20982 20992 21002 21012 21022 21032
20962 20972 20982 20992 21002 21012 21022 21032
20962 20972 20982 20992 21002 21012 21022 21032
20962 20972 20982 20992 21002 21012 21022 21032
20962 20972 20982 20992 21002 21012 21022 21032
20962 20972 20982 20992 21002 21012 21022 21032
20962 20972 20982 20992 21002 21012 21022 21032
20962 20972 20982 20992 21002 21012 21022 21032
20962 20972 20982 20992 21002 21012 21022 21032
20962 20972 20982 20992 21002 21012 21022 21032
20962 20972 20982 20992 21002 21012 21022 21032
21042 20972 20982 21042 21002 21012 21022 21042
21062 20972 20982 21062 21002 21012 21022 21062
20962 20972 20982 20992 21002 21012 21022 21032
21052 21052 21052 21052 21052 21052 21052 21052
21052 21052 21052 21052 21052 21052 21052 21052
21072 21072 21072 21072 21072 21012 21022 21032
20962 20972 20982 20992 21002 21012 21022 21032
21082 21082 20982 21082 21082 21012 21022 21032
20962 20972 20982 20992 21002 21012 21022 21032
21092 20972 20982 21092 21092 21092 21092 21092
21102 20972 20982 21102 21002 21012 21022 21102
21112 20972 20982 20992 21002 21012 21022 21112
21122 20972 20982 21122 21002 21012 21022 21032
20962 20972 20982 20992 21002 21012 21022 21032
20962 20972 20982 20992 21002 21012 21022 21032
21132 20972 20982 21132 21002 21012 21022 21032
20962 20972 20982 20992 21002 21012 21022 21032
21132 21132 21132 21132 21132 21132 21132 21132
21132 21132 21132 21132 21132 21132 21132 21132
21132 21132 21132 21132 21132 21132 21132 21132
20962 20972 20982 20992 21002 21012 21022 21032
21142 20972 20982 21142 21002 21012 21022 21032
20962 20972 20982 20992 21002 21012 21022 21032
21142 20972 20982 20992 21002 21012 21022 21142
20962 20972 20982 20992 21002 21012 21022 21032
21152 20972 20982 21152 21002 21012 21022 21032
20962 20972 20982 20992 21002 21012 21022 21032
20962 20972 20982 20992 21002 21012 21022 21032
20962 20972 20982 20992 21002 21012 21022 21032
20962 20972 20982 20992 21002 21012 21022 21032
21162 20972 20982 21162 21002 21012 21022 21032
20962 20972 20982 20992 21002 21012 21022 21032
21162 20972 20982 21162 21162 21162 21162 21162
20962 20972 20982 20992 21002 21012 21022 21032
21172 21172 20982 21172 21172 21012 21022 21032
20962 20972 20982 20992 21002 21012 21022 21032
20962 20972 20982 20992 21002 21012 21022 21032
81823 81833 81843 81853 81863 81873 81883 81893 81903
81823 81833 81843 81853 81863 81873 81883 81893 81903
81823 81833 81843 81853 81863 81873 81883 81893 81903
81823 81833 81843 81853 81863 81873 81883 81893 81903
81823 81833 81843 81853 81863 81873 81883 81893 81903
81823 81833 81843 81853 81863 81873 81883 81893 81903
81823 81833 81843 81853 81863 81873 81883 81893 81903
81823 81833 81843 81853 81863 81873 81883 81893 81903
81823 81833 81843 81853 81863 81873 81883 81893 81903
81823 81833 81843 81853 81863 81873 81883 81893 81903
81823 81833 81843 81853 81863 81873 81883 81893 81903
81823 81833 81843 81853 81863 81873 81883 81893 81903
81823 81833 81843 81853 81863 81873 81883 81893 81903
81823 81833 81843 81853 81863 81873 81883 81893 81903
81823 81833 81843 81853 81863 81873 81883 81893 81903
81823 81833 81843 81853 81863 81873 81883 81893 81903
81823 81833 81843 81853 81863 81873 81883 81893 81903
81823 81833 81843 81853 81863 81873 81883 81893 81903
81823 81833 81843 81853 81863 81873 81883 81893 81903
81823 81833 81843 81853 81863 81873 81883 81893 81903
81823 81833 81843 81853 81863 81873 81883 81893 81903
81823 81833 81843 81853 81863 81873 81883 81893 81903
81823 81833 81843 81853 81863 81873 81883 81893 81903
81823 81833 81843 81853 81863 81873 81883 81893 81903
81823 81833 81843 81853 81863 81873 81883 81893 81903
81823 81833 81843 81853 81863 81873 81883 81893 81903
81823 81833 81843 81853 81863 81873 81883 81893 81903
81823 81833 81843 81853 81863 81873 81883 81893 81903
81823 81833 81843 81853 81863 81873 81883 81893 81903
81823 81833 81843 81853 81863 81873 81883 81893 81903
81823 81833 81843 81853 81863 81873 81883 81893 81903
81823 81833 81843 81853 81863 81873 81883 81893 81903
81823 81833 81843 81853 81863 81873 81883 81893 81903
81823 81833 81843 81853 81863 81873 81883 81893 81903
81823 81833 81843 81853 81863 81873 81883 81893 81903
81823 81833 81843 81853 81863 81873 81883 81893 81903
81823 81833 81843 81853 81863 81873 81883 81893 81903
81823 81833 81843 81853 81863 81873 81883 81893 81903
81823 81833 81843 81853 81863 81873 81883 81893 81903
81823 81833 81843 81853 81863 81873 81883 81893 81903
81823 81833 81843 81853 81863 81873 81883 81893 81903
81823 81833 81843 81853 81863 81873 81883 81893 81903
81823 81833 81843 81853 81863 81873 81883 81893 81903
81823 81833 81843 81853 81863 81873 81883 81893 81903
81823 81833 81843 81853 81863 81873 81883 81893 81903
81823 81833 81843 81853 81863 81873 81883 81893 81903
81823 81833 81843 81853 81863 81873 81883 81893 81903
81823 81833 81843 81853 81863 81873 81883 81913 81903
81823 81833 81843 81853 81863 81873 81883 81913 81903
81823 81833 81843 81853 81863 81873 81883 81893 81903
81823 81833 81933 81853 81933 81933 81933 81933 81903
81823 81833 81933 81853 81933 81933 81933 81933 81903
81823 81833 81843 81853 81863 81873 81883 81893 81903
81823 81833 81843 81853 81863 81873 81883 81893 81903
81823 81833 81843 81853 81863 81873 81883 81943 81903
81823 81833 81843 81853 81863 81873 81953 81893 81903
81823 81833 81843 81853 81863 81873 81953 81893 81903
81823 81833 81843 81853 81863 81873 81883 81893 81903
81823 81833 81843 81853 81863 81873 81883 81893 81903
81823 81833 81843 81853 81863 81873 81883 81963 81903
81823 81833 81843 81853 81863 81873 81883 81893 81903
81823 81833 81843 81853 81863 81873 81883 81973 81903
81823 81833 81843 81853 81863 81873 81883 81983 81903
81823 81833 81843 81853 81863 81873 81883 82013 81903
81823 81833 81843 81853 81863 81873 81883 82023 81903
81823 81833 81843 81853 81863 81873 81883 82033 81903
81823 81833 81843 81853 81863 81873 81883 82043 81903
83284 83294 83304 83314 83324 83334 83344 83354 83364
83284 83294 83304 83314 83324 83334 83344 83354 83364
83284 83294 83304 83314 83324 83334 83344 83354 83364
83284 83294 83304 83314 83324 83334 83344 83354 83364
83284 83294 83304 83314 83324 83334 83344 83354 83364
83284 83294 83304 83314 83324 83334 83344 83354 83364
83284 83294 83304 83314 83324 83334 83344 83354 83364
83284 83294 83304 83314 83324 83334 83344 83354 83364
83284 83294 83304 83314 83324 83334 83344 83354 83364
83284 83294 83304 83314 83324 83334 83344 83354 83364
83284 83294 83304 83314 83324 83334 83344 83354 83364
83284 83294 83304 83314 83324 83334 83344 83354 83364
83284 83294 83304 83314 83324 83334 83344 83354 83364
83284 83294 83304 83314 83324 83334 83344 83354 83364
83284 83294 83304 83314 83324 83334 83344 83354 83364
83284 83294 83304 83314 83324 83334 83344 83354 83364
83284 83294 83304 83314 83324 83334 83344 83354 83364
83284 83294 83304 83314 83324 83334 83344 83354 83364
83284 83294 83304 83314 83324 83334 83344 83354 83364
83284 83294 83304 83314 83324 83334 83344 83354 83364
83284 83294 83304 83314 83324 83334 83344 83354 83364
83284 83294 83304 83314 83324 83334 83344 83354 83364
83284 83294 83304 83314 83324 83334 83344 83354 83364
83284 83294 83304 83314 83324 83334 83344 83354 83364
83284 83294 83304 83314 83324 83334 83344 83354 83364
83284 83294 83304 83314 83324 83334 83344 83354 83364
83284 83294 83304 83314 83324 83334 83344 83354 83364
83284 83294 83304 83314 83324 83334 83344 83354 83364
83284 83294 83304 83314 83324 83334 83344 83354 83364
83284 83294 83304 83314 83324 83334 83344 83354 83364
83284 83294 83304 83314 83324 83334 83344 83354 83364
83284 83294 83304 83314 83324 83334 83344 83354 83364
83284 83294 83304 83314 83324 83334 83344 83354 83364
83284 83294 83304 83314 83324 83334 83344 83354 83364
83284 83294 83304 83314 83324 83334 83344 83354 83364
83284 83294 83304 83314 83324 83334 83344 83354 83364
83284 83294 83304 83314 83324 83334 83344 83354 83364
83284 83294 83304 83314 83324 83334 83344 83354 83364
83284 83294 83304 83314 83324 83334 83344 83354 83364
83284 83294 83304 83314 83324 83334 83344 83354 83364
83284 83294 83304 83314 83324 83334 83344 83354 83364
83284 83294 83304 83314 83324 83334 83344 83354 83364
83284 83294 83304 83314 83324 83334 83344 83354 83364
83284 83294 83304 83314 83324 83334 83344 83354 83364
83284 83294 83304 83314 83324 83334 83344 83354 83364
83284 83294 83304 83314 83324 83334 83344 83354 83364
83284 83294 83304 83314 83324 83334 83344 83354 83364
83284 83294 83304 83314 83324 83334 83344 83374 83364
83284 83294 83304 83314 83324 83334 83344 83374 83364
83284 83294 83304 83314 83324 83334 83344 83354 83364
83284 83294 83394 83314 83394 83394 83394 83394 83364
83284 83294 83394 83314 83394 83394 83394 83394 83364
83284 83294 83304 83314 83324 83334 83344 83354 83364
83284 83294 83304 83314 83324 83334 83344 83354 83364
83284 83294 83304 83314 83324 83334 83344 83404 83364
83284 83294 83304 83314 83324 83334 83414 83354 83364
83284 83294 83304 83314 83324 83334 83414 83354 83364
83284 83294 83304 83314 83324 83334 83344 83354 83364
83284 83294 83304 83314 83324 83334 83344 83354 83364
83284 83294 83304 83314 83324 83334 83344 83354 83364
83284 83294 83304 83314 83324 83334 83344 83354 83364
83284 83294 83304 83314 83454 83334 83344 83424 83364
83284 83294 83304 83314 83324 83334 83344 83354 83364
83284 83294 83304 83314 83454 83334 83344 83434 83364
83284 83294 83304 83314 83324 83334 83344 83354 83364
83284 83294 83304 83314 83454 83334 83344 83444 83364
83284 83294 83304 83314 83324 83334 83344 83354 83364
83284 83294 83464 83464 83324 83464 83344 83464 83364
83284 83294 83304 83314 83324 83334 83344 83474 83364
83284 83294 83464 83464 83324 83464 83344 83464 83364
83284 83294 83304 83314 83324 83334 83344 83474 83364
83284 83294 83304 83314 83324 83334 83344 83504 83364
83284 83294 83304 83314 83324 83334 83344 83514 83364
83284 83294 83304 83314 83324 83334 83344 83524 83364
83284 83294 83304 83314 83324 83334 83344 83534 83364
83284 83294 83304 83314 83324 83334 83344 83544 83364
