38781
38781
38781
38781
38781
38781
38781
38781
38781
38781
38781
38781
38781
38781
38781
38781
38781
38781
38781
38781
38781
38781
38781
38781
38781
38781
38781
38781
38781
38781
7972 7982 7992 8002 8012 8022 8032 8042
7972 7982 7992 8002 8012 8022 8032 8042
7972 7982 7992 8002 8012 8022 8032 8042
7972 7982 7992 8002 8012 8022 8032 8042
7972 7982 7992 8002 8012 8022 8032 8042
7972 7982 7992 8002 8012 8022 8032 8042
7972 7982 7992 8002 8012 8022 8032 8042
7972 7982 7992 8002 8012 8022 8032 8042
7972 7982 7992 8002 8012 8022 8032 8042
7972 7982 7992 8002 8012 8022 8032 8042
7972 7982 7992 8002 8012 8022 8032 8042
7972 7982 7992 8002 8012 8022 8032 8042
7972 7982 7992 8002 8012 8022 8032 8042
7972 7982 7992 8002 8012 8022 8032 8042
7972 7982 7992 8002 8012 8022 8032 8042
7972 7982 7992 8002 8012 8022 8032 8042
7972 7982 7992 8002 8012 8022 8032 8042
7972 7982 7992 8002 8012 8022 8032 8042
7972 7982 7992 8002 8012 8022 8032 8042
7972 7982 7992 8002 8012 8022 8032 8042
7972 7982 7992 8002 8012 8022 8032 8042
7972 7982 7992 8002 8012 8022 8032 8042
7972 7982 7992 8002 8012 8022 8032 8042
7972 7982 7992 8002 8012 8022 8032 8042
7972 7982 7992 8002 8012 8022 8032 8042
7972 7982 7992 8002 8012 8022 8032 8042
7972 7982 7992 8002 8012 8022 8032 8042
7972 7982 7992 8002 8012 8022 8032 8042
7972 7982 7992 8002 8012 8022 8032 8042
7972 7982 7992 8002 8012 8022 8032 8042
7972 7982 7992 8002 8012 8022 8032 8042
7972 7982 7992 8002 8012 8022 8032 8042
7972 7982 7992 8002 8012 8022 8032 8042
7972 7982 7992 8002 8012 8022 8032 8042
7972 7982 7992 8002 8012 8022 8032 8042
7972 7982 7992 8002 8012 8022 8032 8042
7972 7982 7992 8002 8012 8022 8032 8042
7972 7982 7992 8002 8012 8022 8032 8042
7972 7982 7992 8002 8012 8022 8032 8042
7972 7982 7992 8002 8012 8022 8032 8042
7972 7982 7992 8002 8012 8022 8032 8042
7972 7982 7992 8002 8012 8022 8032 8042
7972 7982 7992 8002 8012 8022 8032 8042
7972 7982 7992 8002 8012 8022 8032 8042
7972 7982 7992 8002 8012 8022 8032 8042
7972 7982 7992 8002 8012 8022 8032 8042
7972 7982 7992 8002 8012 8022 8032 8042
7972 7982 7992 8002 8012 8022 8032 8042
7972 7982 7992 8002 8012 8022 8032 8042
7972 7982 7992 8002 8012 8022 8032 8042
7972 7982 7992 8002 8012 8022 8032 8042
7972 7982 7992 8002 8012 8022 8032 8042
7972 7982 7992 8002 8012 8022 8032 8042
7972 7982 7992 8002 8012 8022 8032 8042
7972 7982 7992 8002 8012 8022 8032 8042
7972 7982 7992 8002 8012 8022 8032 8042
7972 7982 7992 8002 8012 8022 8032 8042
7972 7982 7992 8002 8012 8022 8032 8042
7972 7982 7992 8002 8012 8022 8032 8042
7972 7982 7992 8002 8012 8022 8032 8042
8052 7982 7992 8052 8012 8022 8032 8042
7972 7982 7992 8002 8012 8022 8032 8042
7972 7982 7992 8002 8012 8022 8032 8042
8052 7982 7992 8052 8012 8022 8032 8042
8052 7982 7992 8052 8012 8022 8032 8042
8052 7982 7992 8052 8012 8022 8032 8042
8052 7982 7992 8052 8012 8022 8032 8042
7972 7982 7992 8002 8012 8022 8032 8042
7972 7982 7992 8002 8012 8022 8032 8042
8052 7982 7992 8052 8012 8022 8032 8042
8052 7982 7992 8052 8012 8022 8032 8042
7972 7982 7992 8002 8012 8022 8032 8042
7972 7982 7992 8002 8012 8022 8032 8042
8052 7982 7992 8052 8012 8022 8032 8042
8052 7982 7992 8052 8012 8022 8032 8042
8052 7982 7992 8052 8012 8022 8032 8042
7972 7982 7992 8002 8012 8022 8032 8042
7972 7982 7992 8002 8012 8022 8032 8042
8052 7982 7992 8052 8012 8022 8032 8042
8052 7982 7992 8052 8012 8022 8032 8042
7972 7982 7992 8002 8012 8022 8032 8042
7972 7982 7992 8002 8012 8022 8032 8042
7972 7982 7992 8002 8012 8022 8032 8042
7972 7982 7992 8002 8012 8022 8032 8042
37743 37753 37763 37773 37783 37793 37803 37813
37743 37753 37763 37773 37783 37793 37803 37813
37743 37753 37763 37773 37783 37793 37803 37813
37743 37753 37763 37773 37783 37793 37803 37813
37743 37753 37763 37773 37783 37793 37803 37813
37743 37753 37763 37773 37783 37793 37803 37813
37743 37753 37763 37773 37783 37793 37803 37813
37743 37753 37763 37773 37783 37793 37803 37813
37743 37753 37763 37773 37783 37793 37803 37813
37743 37753 37763 37773 37783 37793 37803 37813
37743 37753 37763 37773 37783 37793 37803 37813
37743 37753 37763 37773 37783 37793 37803 37813
37743 37753 37763 37773 37783 37793 37803 37813
37743 37753 37763 37773 37783 37793 37803 37813
37743 37753 37763 37773 37783 37793 37803 37813
37743 37753 37763 37773 37783 37793 37803 37813
37743 37753 37763 37773 37783 37793 37803 37813
37743 37753 37763 37773 37783 37793 37803 37813
37743 37753 37763 37773 37783 37793 37803 37813
37743 37753 37763 37773 37783 37793 37803 37813
37743 37753 37763 37773 37783 37793 37803 37813
37743 37753 37763 37773 37783 37793 37803 37813
37743 37753 37763 37773 37783 37793 37803 37813
37743 37753 37763 37773 37783 37793 37803 37813
37743 37753 37763 37773 37783 37793 37803 37813
37743 37753 37763 37773 37783 37793 37803 37813
37743 37753 37763 37773 37783 37793 37803 37813
37743 37753 37763 37773 37783 37793 37803 37813
37743 37753 37763 37773 37783 37793 37803 37813
37743 37753 37763 37773 37783 37793 37803 37813
37743 37753 37763 37773 37783 37793 37803 37813
37743 37753 37763 37773 37783 37793 37803 37813
37743 37753 37763 37773 37783 37793 37803 37813
37743 37753 37763 37773 37783 37793 37803 37813
37743 37753 37763 37773 37783 37793 37803 37813
37743 37753 37763 37773 37783 37793 37803 37813
37743 37753 37763 37773 37783 37793 37803 37813
37743 37753 37763 37773 37783 37793 37803 37813
37743 37753 37763 37773 37783 37793 37803 37813
37743 37753 37763 37773 37783 37793 37803 37813
37743 37753 37763 37773 37783 37793 37803 37813
37743 37753 37763 37773 37783 37793 37803 37813
37743 37753 37763 37773 37783 37793 37803 37813
37743 37753 37763 37773 37783 37793 37803 37813
37743 37753 37763 37773 37783 37793 37803 37813
37743 37753 37763 37773 37783 37793 37803 37813
37743 37753 37763 37773 37783 37793 37803 37813
37743 37753 37763 37773 37783 37793 37803 37813
37743 37753 37763 37773 37783 37793 37803 37813
37743 37753 37763 37773 37783 37793 37803 37813
37743 37753 37763 37773 37783 37793 37803 37813
37743 37753 37763 37773 37783 37793 37803 37813
37743 37753 37763 37773 37783 37793 37803 37813
37743 37753 37763 37773 37783 37793 37803 37813
37743 37753 37763 37773 37783 37793 37803 37813
37743 37753 37763 37773 37783 37793 37803 37813
37743 37753 37763 37773 37783 37793 37803 37813
37743 37753 37763 37773 37783 37793 37803 37813
37743 37753 37763 37773 37783 37793 37803 37813
37743 37753 37763 37773 37783 37793 37803 37813
37743 37753 37763 37773 37783 37793 37803 37813
37743 37753 37763 37773 37783 37793 37803 37813
37743 37753 37763 37773 37783 37793 37803 37813
37743 37753 37763 37773 37783 37793 37803 37813
37743 37753 37763 37773 37783 37793 37803 37813
37743 37753 37763 37773 37783 37793 37803 37813
37743 37753 37763 37773 37783 37793 37803 37813
38224 38234 38244 38254 38264 38274 38284 38294
38224 38234 38244 38254 38264 38274 38284 38294
38224 38234 38244 38254 38264 38274 38284 38294
38224 38234 38244 38254 38264 38274 38284 38294
38224 38234 38244 38254 38264 38274 38284 38294
38224 38234 38244 38254 38264 38274 38284 38294
38224 38234 38244 38254 38264 38274 38284 38294
38224 38234 38244 38254 38264 38274 38284 38294
38224 38234 38244 38254 38264 38274 38284 38294
38224 38234 38244 38254 38264 38274 38284 38294
38224 38234 38244 38254 38264 38274 38284 38294
38224 38234 38244 38254 38264 38274 38284 38294
38224 38234 38244 38254 38264 38274 38284 38294
38224 38234 38244 38254 38264 38274 38284 38294
38224 38234 38244 38254 38264 38274 38284 38294
38224 38234 38244 38254 38264 38274 38284 38294
38224 38234 38244 38254 38264 38274 38284 38294
38224 38234 38244 38254 38264 38274 38284 38294
38224 38234 38244 38254 38264 38274 38284 38294
38224 38234 38244 38254 38264 38274 38284 38294
38224 38234 38244 38254 38264 38274 38284 38294
38224 38234 38244 38254 38264 38274 38284 38294
38224 38234 38244 38254 38264 38274 38284 38294
38224 38234 38244 38254 38264 38274 38284 38294
38224 38234 38244 38254 38264 38274 38284 38294
38224 38234 38244 38254 38264 38274 38284 38294
38224 38234 38244 38254 38264 38274 38284 38294
38224 38234 38244 38254 38264 38274 38284 38294
38224 38234 38244 38254 38264 38274 38284 38294
38224 38234 38244 38254 38264 38274 38284 38294
38224 38234 38244 38254 38264 38274 38284 38294
38224 38234 38244 38254 38264 38274 38284 38294
38224 38234 38244 38254 38264 38274 38284 38294
38224 38234 38244 38254 38264 38274 38284 38294
38224 38234 38244 38254 38264 38274 38284 38294
38224 38234 38244 38254 38264 38274 38284 38294
38224 38234 38244 38254 38264 38274 38284 38294
38224 38234 38244 38254 38264 38274 38284 38294
38224 38234 38244 38254 38264 38274 38284 38294
38224 38234 38244 38254 38264 38274 38284 38294
38224 38234 38244 38254 38264 38274 38284 38294
38224 38234 38244 38254 38264 38274 38284 38294
38224 38234 38244 38254 38264 38274 38284 38294
38224 38234 38244 38254 38264 38274 38284 38294
38224 38234 38244 38254 38264 38274 38284 38294
38224 38234 38244 38254 38264 38274 38284 38294
38224 38234 38244 38254 38264 38274 38284 38294
38224 38234 38244 38254 38264 38274 38284 38294
38224 38234 38244 38254 38264 38274 38284 38294
38224 38234 38244 38254 38264 38274 38284 38294
38224 38234 38244 38254 38264 38274 38284 38294
38224 38234 38244 38254 38264 38274 38284 38294
38224 38234 38244 38254 38264 38274 38284 38294
38224 38234 38244 38254 38264 38274 38284 38294
38224 38234 38244 38254 38264 38274 38284 38294
38224 38234 38244 38254 38264 38274 38284 38294
38224 38234 38244 38254 38264 38274 38284 38294
38224 38234 38244 38254 38264 38274 38284 38294
38224 38234 38244 38254 38264 38274 38284 38294
38224 38234 38244 38254 38264 38274 38284 38294
38224 38234 38244 38254 38264 38274 38284 38294
38224 38234 38244 38254 38264 38274 38284 38294
38224 38234 38244 38254 38264 38274 38284 38294
38224 38234 38244 38254 38264 38274 38284 38294
38224 38234 38244 38254 38264 38274 38284 38294
38224 38234 38244 38254 38264 38274 38284 38294
38224 38234 38244 38254 38264 38274 38284 38294
38224 38234 38244 38254 38264 38274 38284 38294
38224 38234 38244 38254 38264 38274 38284 38294
38224 38234 38244 38254 38264 38274 38284 38294
38224 38234 38244 38254 38264 38274 38284 38294
38224 38234 38244 38254 38264 38274 38284 38294
38224 38234 38244 38254 38264 38274 38284 38294
38224 38234 38244 38254 38264 38274 38284 38294
38224 38234 38244 38254 38264 38274 38284 38294
38224 38234 38244 38254 38264 38274 38284 38294
