38781
38781
38781
38781
38781
38781
38781
38781
38781
38781
38781
38781
38781
38781
38781
38781
38781
38781
38781
38781
38781
38781
38781
38781
38781
38781
38781
38781
38781
38781
2392
2392
2392
2392
2392
2392
2392
2392
2392
2392
2392
2392
2392
2392
2392
2392
2392
2392
2392
2392
2392
2392
2392
2392
2392
2392
2392
2392
2392
2392
2392
2392
2392
2392
2392
2392
2392
2392
2392
2392
2392
2392
2392
2392
2392
2392
2392
2392
2392
2392
2443
2443
2443
2443
2443
2443
2443
2443
2443
2443
2443
2443
2443
2443
2443
2443
2443
2443
2443
2443
2443
2443
2443
2443
2443
2443
2443
2443
2443
2443
2443
2443
2443
2443
2443
2443
2443
2443
2443
2443
2443
2443
2443
2443
2443
2443
2443
2443
2443
2443
2494
2494
2494
2494
2494
2494
2494
2494
2494
2494
2494
2494
2494
2494
2494
2494
2494
2494
2494
2494
2494
2494
2494
2494
2494
2494
2494
2494
2494
2494
2494
2494
2494
2494
2494
2494
2494
2494
2494
2494
2494
2494
2494
2494
2494
2494
2494
2494
2494
2494
6575 6585 6595 6605 6615 6625 6635 14295
6575 6585 6595 6605 6615 6625 6635 14295
6575 6585 6595 6605 6615 6625 6635 14295
6575 6585 6595 6605 6615 6625 6635 14295
6575 6585 6595 6605 6615 6625 6635 14295
6575 6585 6595 6605 6615 6625 6635 14295
6575 6585 6595 6605 6615 6625 6635 14295
6575 6585 6595 6605 6615 6625 6635 14295
6575 6585 6595 6605 6615 6625 6635 14295
6575 6585 6595 6605 6615 6625 6635 14295
6575 6585 6595 6605 6615 6625 6635 14295
6575 6585 6595 6605 6615 6625 6635 14295
6575 6585 6595 6605 6615 6625 6635 14295
6575 6585 6595 6605 6615 6625 6635 14295
6575 6585 6595 6605 6615 6625 6635 14295
6575 6585 6595 6605 6615 6625 6635 14295
6575 6585 6595 6605 6615 6625 6635 14295
6575 6585 6595 6605 6615 6625 6635 14295
6575 6585 6595 6605 6615 6625 6635 14295
6575 6585 6595 6605 6615 6625 6635 14295
6575 6585 6595 6605 6615 6625 6635 14295
6575 6585 6595 6605 6615 6625 6635 14295
6575 6585 6595 6605 6615 6625 6635 14295
6575 6585 6595 6605 6615 6625 6635 14295
6575 6585 6595 6605 6615 6625 6635 14295
6575 6585 6595 6605 6615 6625 6635 14295
6575 6585 6595 6605 6615 6625 6635 14295
6575 6585 6595 6605 6615 6625 6635 14295
6575 6585 6595 6605 6615 6625 6635 14295
6575 6585 6595 6605 6615 6625 6635 14295
6575 6585 6595 6605 6615 6625 6635 14295
6575 6585 6595 6605 6615 6625 6635 14295
6575 6585 6595 6605 6615 6625 6635 14295
6575 6585 6595 6605 6615 6625 6635 14295
6575 6585 6595 6605 6615 6625 6635 14295
6575 6585 6595 6605 6615 6625 6635 14295
6575 6585 6595 6605 6615 6625 6635 14295
6575 6585 6595 6605 6615 6625 6635 14295
6575 6585 6595 6605 6615 6625 6635 14295
6575 6585 6595 6605 6615 6625 6635 14295
6575 6585 6595 6605 6615 6625 6635 14295
6575 6585 6595 6605 6615 6625 6635 14295
6575 6585 6595 6605 6615 6625 6635 14295
6575 6585 6595 6605 6615 6625 6635 14295
6575 6585 6595 6605 6615 6625 6635 14295
6575 6585 6595 6605 6615 6625 6635 14295
6575 6585 6595 6605 6615 6625 6635 14295
6575 6585 6595 6605 6615 6625 6635 14295
6575 6585 6595 6605 6615 6625 6635 14295
6575 6585 6595 6605 6615 6625 6635 14295
6575 6585 6595 6605 6615 6625 6635 14295
6575 6585 6595 6605 6615 6625 6635 14295
6575 6585 6595 6605 6615 6625 6635 14295
6575 6585 6595 6605 6615 6625 6635 14295
6575 6585 6595 6605 6615 6625 6635 14295
6575 6585 6595 6605 6615 6625 6635 14295
6575 6585 6595 6605 6615 6625 6635 14295
6575 6585 6595 6605 6615 6625 6635 14295
6575 6585 6595 6605 6615 6625 6635 14295
6575 6585 6595 6605 6615 6625 6635 14295
6575 6585 6595 6605 6615 6625 6635 14295
6575 6585 6595 6605 6615 6625 6635 14295
6575 6585 6595 6605 6615 6625 6635 14295
6575 6585 6595 6605 6615 6625 6635 14295
6575 6585 6595 6605 6615 6625 6635 14295
6575 6585 6595 6605 6615 6625 6635 14295
6575 6585 6595 6605 6615 6625 6635 14295
6575 6585 6595 6605 6615 6625 6635 14295
6575 6585 6595 6605 6615 6625 6635 14295
6575 6585 6595 6605 6615 6625 6635 14295
6575 6585 6595 6605 6615 6625 6635 14295
6575 6585 6595 6605 6615 6625 6635 14295
6575 6585 6595 6605 6615 6625 6635 14295
6575 6585 6595 6605 6615 6625 6635 14295
6575 6585 6595 6605 6615 6625 6635 14295
6575 6585 6595 6605 6615 6625 6635 14295
6575 6585 6595 6605 6615 6625 6635 14295
6575 6585 6595 6605 6615 6625 6635 14295
6575 6585 6595 6605 6615 6625 6635 14295
6575 6585 6595 6605 6615 6625 6635 14295
6575 6585 6595 6605 6615 6625 6635 14295
6575 6585 6595 6605 6615 6625 6635 14295
6575 6585 6595 6605 6615 6625 6635 14295
6575 6585 6595 6605 6615 6625 6635 14295
6575 6585 6595 6605 6615 6625 6635 14295
6575 6585 6595 6605 6615 6625 6635 14295
6575 6585 6595 6605 6615 6625 6635 14295
6575 6585 6595 6605 6615 6625 6635 14295
6575 6585 6595 6605 6615 6625 6635 14295
6575 6585 6595 6605 6615 6625 6635 14295
6575 6585 6595 6605 6615 6625 6635 14295
