84621
84621
84621
84621
84621
84621
84621
84621
84621
84621
84621
84621
84621
84621
84621
84621
84621
84621
84621
84621
84621
84621
84621
84621
84621
84621
84621
84621
84621
84621
6752 6802 6812 6822
6752 6802 6812 6822
6752 6802 6812 6822
6752 6802 6812 6822
6752 6802 6812 6822
6752 6802 6812 6822
6752 6802 6812 6822
6752 6802 6812 6822
6752 6802 6812 6822
6752 6802 6812 6822
6752 6802 6812 6822
6752 6802 6812 6822
6752 6802 6812 6822
6752 6802 6812 6822
6752 6802 6812 6822
6752 6802 6812 6822
6752 6802 6812 6822
6752 6802 6812 6822
6752 6802 6812 6822
6752 6802 6812 6822
6752 6802 6812 6822
6752 6802 6812 6822
6752 6802 6812 6822
6752 6802 6812 6822
6752 6802 6812 6822
6752 6802 6812 6822
6752 6802 6812 6822
6752 6802 6812 6822
6752 6802 6812 6822
6752 6802 6812 6822
6752 6802 6812 6822
6752 6802 6812 6822
6752 6802 6812 6822
6752 6802 6812 6822
6752 6802 6812 6822
6752 6802 6812 6822
6752 6802 6812 6822
6752 6802 6812 6822
6762 6762 6762 6762
6772 6772 6772 6772
6752 6802 6812 6822
6782 6782 6782 6782
6782 6782 6782 6782
6752 6802 6812 6822
6752 6802 6812 6822
6792 6792 6792 6792
6752 6802 6812 6822
6752 6802 6812 6822
6752 6802 6812 6822
6752 6802 6812 6822
7153 7203 7213 7223
7153 7203 7213 7223
7153 7203 7213 7223
7153 7203 7213 7223
7153 7203 7213 7223
7153 7203 7213 7223
7153 7203 7213 7223
7153 7203 7213 7223
7153 7203 7213 7223
7153 7203 7213 7223
7153 7203 7213 7223
7153 7203 7213 7223
7153 7203 7213 7223
7153 7203 7213 7223
7153 7203 7213 7223
7153 7203 7213 7223
7153 7203 7213 7223
7153 7203 7213 7223
7153 7203 7213 7223
7153 7203 7213 7223
7153 7203 7213 7223
7153 7203 7213 7223
7153 7203 7213 7223
7153 7203 7213 7223
7153 7203 7213 7223
7153 7203 7213 7223
7153 7203 7213 7223
7153 7203 7213 7223
7153 7203 7213 7223
7153 7203 7213 7223
7153 7203 7213 7223
7153 7203 7213 7223
7153 7203 7213 7223
7153 7203 7213 7223
7153 7203 7213 7223
7153 7203 7213 7223
7153 7203 7213 7223
7153 7203 7213 7223
7163 7163 7163 7163
7173 7173 7173 7173
7153 7203 7213 7223
7183 7183 7183 7183
7183 7183 7183 7183
7153 7203 7213 7223
7153 7203 7213 7223
7193 7193 7193 7193
7153 7203 7213 7223
7153 7203 7213 7223
7153 7203 7213 7223
7153 7203 7213 7223
7554 7604 7614 7624
7554 7604 7614 7624
7554 7604 7614 7624
7554 7604 7614 7624
7554 7604 7614 7624
7554 7604 7614 7624
7554 7604 7614 7624
7554 7604 7614 7624
7554 7604 7614 7624
7554 7604 7614 7624
7554 7604 7614 7624
7554 7604 7614 7624
7554 7604 7614 7624
7554 7604 7614 7624
7554 7604 7614 7624
7554 7604 7614 7624
7554 7604 7614 7624
7554 7604 7614 7624
7554 7604 7614 7624
7554 7604 7614 7624
7554 7604 7614 7624
7554 7604 7614 7624
7554 7604 7614 7624
7554 7604 7614 7624
7554 7604 7614 7624
7554 7604 7614 7624
7554 7604 7614 7624
7554 7604 7614 7624
7554 7604 7614 7624
7554 7604 7614 7624
7554 7604 7614 7624
7554 7604 7614 7624
7554 7604 7614 7624
7554 7604 7614 7624
7554 7604 7614 7624
7554 7604 7614 7624
7554 7604 7614 7624
7554 7604 7614 7624
7564 7564 7564 7564
7574 7574 7574 7574
7554 7604 7614 7624
7584 7584 7584 7584
7584 7584 7584 7584
7554 7604 7614 7624
7554 7604 7614 7624
7594 7594 7594 7594
7554 7604 7614 7624
7554 7604 7614 7624
7554 7604 7614 7624
7554 7604 7614 7624
17575 17585 17595 17605 17615 17625 17635 17645
17575 17585 17595 17605 17615 17625 17635 17645
17575 17585 17595 17605 17615 17625 17635 17645
17575 17585 17595 17605 17615 17625 17635 17645
17575 17585 17595 17605 17615 17625 17635 17645
17575 17585 17595 17605 17615 17625 17635 17645
17575 17585 17595 17605 17615 17625 17635 17645
17575 17585 17595 17605 17615 17625 17635 17645
17575 17585 17595 17605 17615 17625 17635 17645
17575 17585 17595 17605 17615 17625 17635 17645
17575 17585 17595 17605 17615 17625 17635 17645
17575 17585 17595 17605 17615 17625 17635 17645
17575 17585 17595 17605 17615 17625 17635 17645
17575 17585 17595 17605 17615 17625 17635 17645
17575 17585 17595 17605 17615 17625 17635 17645
17575 17585 17595 17605 17615 17625 17635 17645
17575 17585 17595 17605 17615 17625 17635 17645
17575 17585 17595 17605 17615 17625 17635 17645
17575 17585 17595 17605 17615 17625 17635 17645
17575 17585 17595 17605 17615 17625 17635 17645
17575 17585 17595 17605 17615 17625 17635 17645
17575 17585 17595 17605 17615 17625 17635 17645
17575 17585 17595 17605 17615 17625 17635 17645
17575 17585 17595 17605 17615 17625 17635 17645
17575 17585 17595 17605 17615 17625 17635 17645
17575 17585 17595 17605 17615 17625 17635 17645
17575 17585 17595 17605 17615 17625 17635 17645
17575 17585 17595 17605 17615 17625 17635 17645
17575 17585 17595 17605 17615 17625 17635 17645
17575 17585 17595 17605 17615 17625 17635 17645
17575 17585 17595 17605 17615 17625 17635 17645
17575 17585 17595 17605 17615 17625 17635 17645
17575 17585 17595 17605 17615 17625 17635 17645
17575 17585 17595 17605 17615 17625 17635 17645
17575 17585 17595 17605 17615 17625 17635 17645
17575 17585 17595 17605 17615 17625 17635 17645
17575 17585 17595 17605 17615 17625 17635 17645
17575 17585 17595 17605 17615 17625 17635 17645
17575 17585 17595 17605 17615 17625 17635 17645
17575 17585 17595 17605 17615 17625 17635 17645
17575 17585 17595 17605 17615 17625 17635 17645
17575 17585 17595 17605 17615 17625 17635 17645
17575 17585 17595 17605 17615 17625 17635 17645
17575 17585 17595 17605 17615 17625 17635 17645
17575 17585 17595 17605 17615 17625 17635 17645
17575 17585 17595 17605 17615 17625 17635 17645
17575 17585 17595 17605 17615 17625 17635 17645
17575 17585 17595 17605 17615 17625 17635 17645
17575 17585 17595 17605 17615 17625 17635 17645
17575 17585 17595 17605 17615 17625 17635 17645
17575 17585 17595 17605 17615 17625 17635 17645
17575 17665 17595 17605 17615 17625 17635 17645
17575 17655 17595 17605 17615 17625 17635 17645
17575 17585 17595 17675 17615 17625 17635 17645
17575 17585 17595 17605 17615 17625 17635 17645
17575 17685 17685 17685 17685 17625 17685 17645
17575 17685 17685 17685 17685 17625 17685 17645
17575 17685 17685 17685 17685 17625 17685 17645
17575 17685 17685 17685 17685 17625 17685 17645
17575 17695 17695 17695 17695 17625 17695 17645
17575 17695 17695 17695 17695 17625 17695 17645
17575 17685 17685 17685 17685 17625 17685 17645
17575 17685 17685 17685 17685 17625 17685 17645
17575 17705 17705 17705 17705 17625 17705 17645
17575 17705 17705 17705 17705 17625 17705 17645
17575 17685 17685 17685 17685 17625 17685 17645
17575 17685 17685 17685 17685 17625 17685 17645
17575 17715 17715 17715 17715 17625 17715 17645
17575 17715 17715 17715 17715 17625 17715 17645
17575 17585 17595 17605 17615 17625 17635 17645
17575 17585 17595 17605 17615 17625 17635 17645
17575 17725 17725 17725 17725 17725 17725 17725
17575 17735 17735 17735 17735 17735 17735 17735
17575 17735 17735 17735 17735 17735 17735 17735
17575 17585 17595 17605 17615 17625 17635 17645
17575 17585 17595 17605 17615 17625 17635 17645
17575 17585 17595 17605 17615 17625 17635 17645
17575 17585 17595 17605 17615 17625 17635 17645
17575 17585 17595 17605 17615 17625 17635 17645
17575 17585 17595 17605 17615 17625 17635 17645
17575 17585 17595 17605 17615 17625 17635 17645
17575 17585 17595 17605 17615 17625 17635 17645
17575 17585 17595 17605 17615 17625 17635 17645
17575 17585 17595 17605 17615 17625 17635 17645
17575 17585 17595 17605 17615 17625 17635 17645
17575 17585 17595 17605 17615 17625 17635 17645
17575 17585 17595 17605 17615 17625 17635 17645
17575 17585 17595 17605 17615 17625 17635 17645
17575 17585 17595 17605 17615 17625 17635 17645
17575 17585 17595 17605 17615 17625 17635 17645
17575 17585 17595 17605 17615 17625 17635 17645
