84631
84631
84631
84631
84631
84631
84631
84631
84631
84631
84631
84631
84631
84631
84631
84631
84631
84631
84631
84631
84631
84631
84631
84631
84631
84631
84631
84631
84631
84631
36012 36022 36032 36042 36052
36012 36022 36032 36042 36052
36012 36022 36182 36042 36182
36012 36022 36182 36042 36182
36012 36022 36182 36042 36182
36012 36022 36182 36042 36182
36012 36022 36032 36042 36052
36012 36022 36032 36042 36052
36012 36022 36032 36042 36052
36012 36022 36032 36042 36052
36012 36022 36032 36042 36052
36012 36022 36032 36042 36052
36012 36022 36032 36042 36052
36012 36022 36182 36042 36182
36012 36022 36182 36042 36182
36012 36022 36182 36042 36182
36012 36022 36182 36042 36182
36012 36022 36032 36042 36052
36012 36022 36032 36042 36052
36012 36022 36032 36042 36052
36012 36022 36032 36042 36052
36012 36022 36032 36042 36052
36012 36022 36032 36042 36052
36012 36022 36032 36042 36052
36012 36022 36032 36042 36052
36012 36022 36032 36042 36052
36012 36022 36032 36042 36052
36012 36022 36032 36042 36052
36012 36022 36032 36042 36052
36012 36022 36032 36042 36052
36012 36022 36032 36042 36052
36012 36022 36032 36042 36052
36012 36022 36032 36042 36052
36012 36022 36032 36042 36052
36012 36022 36032 36042 36052
36012 36022 36032 36042 36052
36012 36022 36032 36042 36052
36062 36062 36062 36042 36062
36072 36022 36072 36072 36052
36012 36022 36032 36042 36052
36012 36022 36032 36042 36052
36012 36022 36032 36042 36052
36082 36022 36082 36082 36052
36082 36022 36082 36082 36052
36092 36022 36092 36092 36052
36012 36022 36032 36042 36052
36012 36022 36032 36042 36052
36012 36022 36032 36042 36052
36102 36022 36102 36042 36052
36112 36112 36112 36112 36112
36112 36112 36112 36112 36112
36112 36112 36112 36112 36112
36122 36122 36122 36122 36122
36122 36122 36122 36122 36122
36122 36122 36122 36122 36122
36012 36022 36032 36042 36052
36132 36132 36132 36132 36132
36132 36132 36132 36132 36132
36012 36022 36032 36042 36052
36012 36022 36032 36042 36052
36012 36022 36032 36042 36052
36142 36022 36142 36042 36052
36152 36022 36152 36042 36052
36012 36022 36032 36042 36052
36162 36022 36162 36042 36052
36012 36022 36032 36042 36052
36012 36022 36032 36042 36052
36172 36022 36032 36172 36052
