30 30 30 60 90 30 90 30 30
30 30 30 90 30 60 90 30 30
90 90 90 90 90 90 30 90 90
60 10 90 40 90 20 90 10 90
80 90 20 60 90 40 90 90 15
90 90 15 50 90 30 90 70 15
25 35 90 60 90 40 90 5 90
90 90 90 40 90 20 90 70 5
20 80 80 50 90 30 90 60 60
60 10 90 90 30 90 90 40 90
80 90 45 90 40 90 90 90 35
70 90 5 90 30 90 90 80 80
90 90 90 90 40 90 90 30 80
80 90 70 90 40 60 90 90 30
30 90 90 90 50 90 90 80 70
90 90 90 90 90 90 30 35 90
90 90 90 90 90 90 35 90 70
90 40 90 90 90 90 40 90 90
90 90 90 90 90 90 50 90 90
90 90 40 90 90 90 40 90 90
90 20 90 20 90 90 20 90 20
90 30 30 90 90 90 20 90 90
40 90 90 90 90 90 40 90 90
90 90 90 90 90 90 50 90 40
5 20 90 90 90 90 20 30 30
5 30 20 90 90 90 20 30 30
35 35 35 35 35 35 35 35 35
