84631
84631
84631
84631
84631
84631
84631
84631
84631
84631
84631
84631
84631
84631
84631
84631
84631
84631
84631
84631
84631
84631
84631
84631
84631
84631
84631
84631
84631
84631
52982 52992 53002 53012 53022 53032 53042 53052
52982 52992 53002 53012 53022 53032 53042 53052
52982 52992 53002 53012 53022 53032 53042 53052
52982 52992 53002 53012 53022 53032 53042 53052
52982 52992 53002 53012 53022 53032 53042 53052
52982 52992 53002 53012 53022 53032 53042 53052
52982 52992 53002 53012 53022 53032 53042 53052
52982 52992 53002 53012 53022 53032 53042 53052
52982 52992 53002 53012 53022 53032 53042 53052
52982 52992 53002 53012 53022 53032 53042 53052
52982 52992 53002 53012 53022 53032 53042 53052
52982 52992 53002 53012 53022 53032 53042 53052
52982 52992 53002 53012 53022 53032 53042 53052
52982 52992 53002 53012 53022 53032 53042 53052
52982 52992 53002 53012 53022 53032 53042 53052
52982 52992 53002 53012 53022 53032 53042 53052
52982 52992 53002 53012 53022 53032 53042 53052
52982 52992 53002 53012 53022 53032 53042 53052
52982 52992 53002 53012 53022 53032 53042 53052
52982 52992 53002 53012 53022 53032 53042 53052
52982 52992 53002 53012 53022 53032 53042 53052
52982 52992 53002 53012 53022 53032 53042 53052
52982 52992 53002 53012 53022 53032 53042 53052
52982 52992 53002 53012 53022 53032 53042 53052
52982 52992 53002 53012 53022 53032 53042 53052
52982 52992 53002 53012 53022 53032 53042 53052
52982 52992 53002 53012 53022 53032 53042 53052
52982 52992 53002 53012 53022 53032 53042 53052
52982 52992 53002 53012 53022 53032 53042 53052
52982 52992 53002 53012 53022 53032 53042 53052
52982 52992 53002 53012 53022 53032 53042 53052
52982 52992 53002 53012 53022 53032 53042 53052
52982 52992 53002 53012 53022 53032 53042 53052
52982 52992 53002 53012 53022 53032 53042 53052
52982 52992 53002 53012 53022 53032 53042 53052
52982 52992 53002 53012 53022 53032 53042 53052
52982 52992 53002 53012 53022 53032 53042 53052
52982 52992 53002 53012 53022 53032 53042 53052
52982 52992 53002 53012 53022 53032 53042 53052
52982 52992 53002 53012 53022 53032 53042 53052
52982 52992 53002 53012 53022 53032 53042 53052
52982 52992 53002 53012 53022 53032 53042 53052
52982 52992 53002 53012 53022 53032 53042 53052
52982 52992 53002 53012 53022 53032 53042 53052
52982 52992 53002 53012 53022 53032 53042 53052
52982 52992 53002 53012 53022 53032 53042 53052
52982 52992 53002 53012 53022 53032 53042 53052
52982 52992 53002 53012 53022 53032 53042 53052
52982 52992 53002 53012 53022 53032 53042 53052
52982 52992 53002 53012 53022 53032 53042 53052
52982 52992 53002 53012 53022 53032 53042 53052
52982 52992 53002 53012 53022 53032 53042 53052
52982 52992 53002 53012 53022 53032 53042 53052
52982 52992 53002 53012 53022 53032 53042 53052
52982 52992 53002 53012 53022 53032 53042 53052
52982 52992 53002 53012 53022 53032 53042 53052
52982 52992 53002 53012 53022 53032 53042 53052
52982 52992 53002 53012 53022 53032 53042 53052
52982 52992 53002 53012 53022 53032 53042 53052
52982 52992 53002 53012 53022 53032 53042 53052
52982 52992 53002 53012 53022 53032 53042 53052
52982 52992 53002 53012 53022 53032 53042 53052
52982 52992 53002 53012 53022 53032 53042 53052
52982 52992 53002 53012 53022 53032 53042 53052
52982 52992 53002 53012 53022 53032 53042 53052
52982 52992 53002 53012 53022 53032 53042 53052
52982 52992 53002 53012 53022 53032 53042 53052
52982 52992 53002 53012 53022 53032 53042 53052
52982 52992 53002 53012 53022 53032 53042 53052
52982 52992 53002 53012 53022 53032 53042 53052
52982 52992 53002 53012 53022 53032 53042 53052
52982 52992 53002 53012 53022 53032 53042 53052
52982 52992 53002 53012 53022 53032 53042 53052
52982 52992 53002 53012 53022 53032 53042 53052
52982 52992 53002 53012 53022 53032 53042 53052
52982 52992 53002 53012 53022 53032 53042 53052
52982 52992 53002 53012 53022 53032 53042 53052
52982 52992 53002 53012 53022 53032 53042 53052
52982 52992 53002 53012 53022 53032 53042 53052
52982 52992 53002 53012 53022 53032 53042 53052
52982 52992 53002 53012 53022 53032 53042 53052
52982 52992 53002 53012 53022 53032 53042 53052
52982 52992 53002 53012 53022 53032 53042 53052
52982 52992 53002 53012 53022 53032 53042 53052
52982 52992 53002 53012 53022 53032 53042 53052
52983 52993 53003 53013 53023 53033 53043 53053
52983 52993 53003 53013 53023 53033 53043 53053
52983 52993 53003 53013 53023 53033 53043 53053
52983 52993 53003 53013 53023 53033 53043 53053
52983 52993 53003 53013 53023 53033 53043 53053
52983 52993 53003 53013 53023 53033 53043 53053
52983 52993 53003 53013 53023 53033 53043 53053
52983 52993 53003 53013 53023 53033 53043 53053
52983 52993 53003 53013 53023 53033 53043 53053
52983 52993 53003 53013 53023 53033 53043 53053
52983 52993 53003 53013 53023 53033 53043 53053
52983 52993 53003 53013 53023 53033 53043 53053
52983 52993 53003 53013 53023 53033 53043 53053
52983 52993 53003 53013 53023 53033 53043 53053
52983 52993 53003 53013 53023 53033 53043 53053
52983 52993 53003 53013 53023 53033 53043 53053
52983 52993 53003 53013 53023 53033 53043 53053
52983 52993 53003 53013 53023 53033 53043 53053
52983 52993 53003 53013 53023 53033 53043 53053
52983 52993 53003 53013 53023 53033 53043 53053
52983 52993 53003 53013 53023 53033 53043 53053
52983 52993 53003 53013 53023 53033 53043 53053
52983 52993 53003 53013 53023 53033 53043 53053
52983 52993 53003 53013 53023 53033 53043 53053
52983 52993 53003 53013 53023 53033 53043 53053
52983 52993 53003 53013 53023 53033 53043 53053
52983 52993 53003 53013 53023 53033 53043 53053
52983 52993 53003 53013 53023 53033 53043 53053
52983 52993 53003 53013 53023 53033 53043 53053
52983 52993 53003 53013 53023 53033 53043 53053
52983 52993 53003 53013 53023 53033 53043 53053
52983 52993 53003 53013 53023 53033 53043 53053
52983 52993 53003 53013 53023 53033 53043 53053
52983 52993 53003 53013 53023 53033 53043 53053
52983 52993 53003 53013 53023 53033 53043 53053
52983 52993 53003 53013 53023 53033 53043 53053
52983 52993 53003 53013 53023 53033 53043 53053
52983 52993 53003 53013 53023 53033 53043 53053
52983 52993 53003 53013 53023 53033 53043 53053
52983 52993 53003 53013 53023 53033 53043 53053
52983 52993 53003 53013 53023 53033 53043 53053
52983 52993 53003 53013 53023 53033 53043 53053
52983 52993 53003 53013 53023 53033 53043 53053
52983 52993 53003 53013 53023 53033 53043 53053
52983 52993 53003 53013 53023 53033 53043 53053
52983 52993 53003 53013 53023 53033 53043 53053
52983 52993 53003 53013 53023 53033 53043 53053
52983 52993 53003 53013 53023 53033 53043 53053
52983 52993 53003 53013 53023 53033 53043 53053
52983 52993 53003 53013 53023 53033 53043 53053
52983 52993 53003 53013 53023 53033 53043 53053
52983 52993 53003 53013 53023 53033 53043 53053
52983 52993 53003 53013 53023 53033 53043 53053
52983 52993 53003 53013 53023 53033 53043 53053
52983 52993 53003 53013 53023 53033 53043 53053
52983 52993 53003 53013 53023 53033 53043 53053
52983 52993 53003 53013 53023 53033 53043 53053
52983 52993 53003 53013 53023 53033 53043 53053
52983 52993 53003 53013 53023 53033 53043 53053
52983 52993 53003 53013 53023 53033 53043 53053
52983 52993 53003 53013 53023 53033 53043 53053
52983 52993 53003 53013 53023 53033 53043 53053
52983 52993 53003 53013 53023 53033 53043 53053
52983 52993 53003 53013 53023 53033 53043 53053
52983 52993 53003 53013 53023 53033 53043 53053
52983 52993 53003 53013 53023 53033 53043 53053
52983 52993 53003 53013 53023 53033 53043 53053
52983 52993 53003 53013 53023 53033 53043 53053
52983 52993 53003 53013 53023 53033 53043 53053
52983 52993 53003 53013 53023 53033 53043 53053
52983 52993 53003 53013 53023 53033 53043 53053
52983 52993 53003 53013 53023 53033 53043 53053
52983 52993 53003 53013 53023 53033 53043 53053
52983 52993 53003 53013 53023 53033 53043 53053
52983 52993 53003 53013 53023 53033 53043 53053
52983 52993 53003 53013 53023 53033 53043 53053
52983 52993 53003 53013 53023 53033 53043 53053
52983 52993 53003 53013 53023 53033 53043 53053
52983 52993 53003 53013 53023 53033 53043 53053
52983 52993 53003 53013 53023 53033 53043 53053
52983 52993 53003 53013 53023 53033 53043 53053
52983 52993 53003 53013 53023 53033 53043 53053
52983 52993 53003 53013 53023 53033 53043 53053
52983 52993 53003 53013 53023 53033 53043 53053
52983 52993 53003 53013 53023 53033 53043 53053
53744 53754 53764 53774 53784 53794 53804 53814
53744 53754 53764 53774 53784 53794 53804 53814
53744 53754 53764 53774 53784 53794 53804 53814
53744 53754 53764 53774 53784 53794 53804 53814
53744 53754 53764 53774 53784 53794 53804 53814
53744 53754 53764 53774 53784 53794 53804 53814
53744 53754 53764 53774 53784 53794 53804 53814
53744 53754 53764 53774 53784 53794 53804 53814
53744 53754 53764 53774 53784 53794 53804 53814
53744 53754 53764 53774 53784 53794 53804 53814
53744 53754 53764 53774 53784 53794 53804 53814
53744 53754 53764 53774 53784 53794 53804 53814
53744 53754 53764 53774 53784 53794 53804 53814
53744 53754 53764 53774 53784 53794 53804 53814
53744 53754 53764 53774 53784 53794 53804 53814
53744 53754 53764 53774 53784 53794 53804 53814
53744 53754 53764 53774 53784 53794 53804 53814
53744 53754 53764 53774 53784 53794 53804 53814
53744 53754 53764 53774 53784 53794 53804 53814
53744 53754 53764 53774 53784 53794 53804 53814
53744 53754 53764 53774 53784 53794 53804 53814
53744 53754 53764 53774 53784 53794 53804 53814
53744 53754 53764 53774 53784 53794 53804 53814
53744 53754 53764 53774 53784 53794 53804 53814
53744 53754 53764 53774 53784 53794 53804 53814
53744 53754 53764 53774 53784 53794 53804 53814
53744 53754 53764 53774 53784 53794 53804 53814
53744 53754 53764 53774 53784 53794 53804 53814
53744 53754 53764 53774 53784 53794 53804 53814
53744 53754 53764 53774 53784 53794 53804 53814
53744 53754 53764 53774 53784 53794 53804 53814
53744 53754 53764 53774 53784 53794 53804 53814
53744 53754 53764 53774 53784 53794 53804 53814
53744 53754 53764 53774 53784 53794 53804 53814
53744 53754 53764 53774 53784 53794 53804 53814
53744 53754 53764 53774 53784 53794 53804 53814
53744 53754 53764 53774 53784 53794 53804 53814
53744 53754 53764 53774 53784 53794 53804 53814
53744 53754 53764 53774 53784 53794 53804 53814
53744 53754 53764 53774 53784 53794 53804 53814
53744 53754 53764 53774 53784 53794 53804 53814
53744 53754 53764 53774 53784 53794 53804 53814
53744 53754 53764 53774 53784 53794 53804 53814
53744 53754 53764 53774 53784 53794 53804 53814
53744 53754 53764 53774 53784 53794 53804 53814
53744 53754 53764 53774 53784 53794 53804 53814
53744 53754 53764 53774 53784 53794 53804 53814
53744 53754 53764 53774 53784 53794 53804 53814
53744 53754 53764 53774 53784 53794 53804 53814
53744 53754 53764 53774 53784 53794 53804 53814
53744 53754 53764 53774 53784 53794 53804 53814
53744 53754 53764 53774 53784 53794 53804 53814
53744 53754 53764 53774 53784 53794 53804 53814
53744 53754 53764 53774 53784 53794 53804 53814
53744 53754 53764 53774 53784 53794 53804 53814
53744 53754 53764 53774 53784 53794 53804 53814
53744 53754 53764 53774 53784 53794 53804 53814
53744 53754 53764 53774 53784 53794 53804 53814
53744 53754 53764 53774 53784 53794 53804 53814
53744 53754 53764 53774 53784 53794 53804 53814
53744 53834 53834 53824 53834 53834 53834 53824
53744 53844 53844 53844 53844 53844 53844 53844
53744 53844 53844 53844 53844 53844 53844 53844
53744 53844 53844 53844 53844 53844 53844 53844
53744 53864 53864 53854 53864 53864 53864 53854
53744 53864 53864 53854 53864 53864 53864 53854
53744 53864 53864 53854 53864 53864 53864 53854
53744 53864 53864 53854 53864 53864 53864 53854
53744 53864 53864 53854 53864 53864 53864 53854
53744 53864 53864 53854 53864 53864 53864 53854
53744 53754 53764 53774 53784 53794 53804 53814
53744 53754 53764 53774 53784 53794 53804 53814
53744 53844 53844 53844 53844 53844 53844 53814
53744 53844 53844 53824 53844 53844 53844 53824
53744 53864 53864 53854 53864 53864 53864 53854
53744 53864 53864 53854 53864 53864 53864 53854
53744 53864 53864 53854 53864 53864 53864 53854
53744 53754 53764 53774 53784 53794 53804 53814
53744 53754 53764 53774 53784 53794 53804 53814
53744 53754 53764 53774 53784 53794 53804 53814
53744 53874 53874 53874 53874 53874 53874 53874
53744 53754 53764 53774 53784 53794 53804 53814
53744 53884 53884 53884 53884 53884 53884 53884
53744 53884 53884 53884 53884 53884 53884 53884
53744 53754 53764 53774 53784 53794 53804 53814
