38771
38771
38771
38771
38771
38771
38771
38771
38771
38771
38771
38771
38771
38771
38771
38771
38771
38771
38771
38771
38771
38771
38771
38771
38771
38771
38771
38771
38771
38771
2572
2572
2572
2572
2572
2572
2572
2572
2572
2572
2572
2572
2572
2572
2572
2572
2572
2572
2572
2572
2572
2572
2572
2572
2572
2572
2572
2572
2572
2572
2572
2572
5153 5163 5173 5183 5203 5193
5153 5163 5173 5183 5203 5193
5153 5163 5173 5183 5203 5193
5153 5163 5173 5183 5203 5193
5153 5163 5173 5183 5203 5193
5153 5163 5173 5183 5203 5193
5153 5163 5173 5183 5203 5193
5153 5163 5173 5183 5203 5193
5153 5163 5173 5183 5203 5193
5153 5163 5173 5183 5203 5193
5153 5163 5173 5183 5203 5193
5153 5163 5173 5183 5203 5193
5153 5163 5173 5183 5203 5193
5153 5163 5173 5183 5203 5193
5153 5163 5173 5183 5203 5193
5153 5163 5173 5183 5203 5193
5153 5163 5173 5183 5203 5193
5153 5163 5173 5183 5203 5193
5153 5163 5173 5183 5203 5193
5153 5163 5173 5183 5203 5193
5153 5163 5173 5183 5203 5193
5153 5163 5173 5183 5203 5193
5153 5163 5173 5183 5203 5193
5153 5163 5173 5183 5203 5193
5153 5163 5173 5183 5203 5193
5153 5163 5173 5183 5203 5193
5153 5163 5173 5183 5203 5193
5153 5163 5173 5183 5203 5193
5153 5163 5173 5183 5203 5193
5153 5163 5173 5183 5203 5193
5153 5163 5173 5183 5203 5193
5153 5163 5173 5183 5203 5193
5153 5163 5173 5183 5203 5193
5153 5163 5173 5183 5203 5193
5153 5163 5173 5183 5203 5193
5153 5163 5173 5183 5203 5193
5153 5163 5173 5183 5203 5193
5153 5163 5173 5183 5203 5193
5153 5163 5173 5183 5203 5193
5153 5163 5173 5183 5203 5193
5153 5163 5173 5183 5203 5193
5153 5163 5173 5183 5203 5193
5153 5163 5173 5183 5203 5193
5153 5163 5173 5183 5203 5193
5153 5163 5173 5183 5203 5193
5153 5163 5173 5183 5203 5193
5153 5163 5173 5183 5203 5193
5153 5163 5173 5183 5203 5193
5153 5163 5173 5183 5203 5193
5153 5163 5173 5183 5203 5193
5153 5163 5173 5183 5203 5193
5153 5163 5173 5183 5203 5193
5153 5163 5173 5183 5203 5193
5153 5163 5173 5183 5203 5193
5153 5163 5173 5183 5203 5193
5153 5163 5173 5183 5203 5193
5153 5163 5173 5183 5203 5193
5153 5163 5173 5183 5203 5193
5153 5163 5173 5183 5203 5193
5153 5163 5173 5183 5203 5193
5153 5163 5173 5183 5203 5193
5153 5163 5173 5183 5203 5193
5153 5163 5173 5183 5203 5193
5153 5163 5173 5183 5203 5193
5153 5163 5173 5183 5203 5193
5153 5163 5173 5183 5203 5193
5153 5163 5173 5183 5203 5193
7434 7444 7454 7464 7474 7484 7494 7504
7434 7444 7454 7464 7474 7484 7494 7504
7434 7444 7454 7464 7474 7484 7494 7504
7434 7444 7454 7464 7474 7484 7494 7504
7434 7444 7454 7464 7474 7484 7494 7504
7434 7444 7454 7464 7474 7484 7494 7504
7434 7444 7454 7464 7474 7484 7494 7504
7434 7444 7454 7464 7474 7484 7494 7504
7434 7444 7454 7464 7474 7484 7494 7504
7434 7444 7454 7464 7474 7484 7494 7504
7434 7444 7454 7464 7474 7484 7494 7504
7434 7444 7454 7464 7474 7484 7494 7504
7434 7444 7454 7464 7474 7484 7494 7504
7434 7444 7454 7464 7474 7484 7494 7504
7434 7444 7454 7464 7474 7484 7494 7504
7434 7444 7454 7464 7474 7484 7494 7504
7434 7444 7454 7464 7474 7484 7494 7504
7434 7444 7454 7464 7474 7484 7494 7504
7434 7444 7454 7464 7474 7484 7494 7504
7434 7444 7454 7464 7474 7484 7494 7504
7434 7444 7454 7464 7474 7484 7494 7504
7434 7444 7454 7464 7474 7484 7494 7504
7434 7444 7454 7464 7474 7484 7494 7504
7434 7444 7454 7464 7474 7484 7494 7504
7434 7444 7454 7464 7474 7484 7494 7504
7434 7444 7454 7464 7474 7484 7494 7504
7434 7444 7454 7464 7474 7484 7494 7504
7434 7444 7454 7464 7474 7484 7494 7504
7434 7444 7454 7464 7474 7484 7494 7504
7434 7444 7454 7464 7474 7484 7494 7504
7434 7444 7454 7464 7474 7484 7494 7504
7434 7444 7454 7464 7474 7484 7494 7504
7434 7444 7454 7464 7474 7484 7494 7504
7434 7444 7454 7464 7474 7484 7494 7504
7434 7444 7454 7464 7474 7484 7494 7504
7434 7444 7454 7464 7474 7484 7494 7504
7434 7444 7454 7464 7474 7484 7494 7504
7434 7444 7454 7464 7474 7484 7494 7504
7434 7444 7454 7464 7474 7484 7494 7504
7434 7444 7454 7464 7474 7484 7494 7504
7434 7444 7454 7464 7474 7484 7494 7504
7434 7444 7454 7464 7474 7484 7494 7504
7434 7444 7454 7464 7474 7484 7494 7504
7434 7444 7454 7464 7474 7484 7494 7504
7434 7444 7454 7464 7474 7484 7494 7504
7434 7444 7454 7464 7474 7484 7494 7504
7434 7444 7454 7464 7474 7484 7494 7504
7434 7444 7454 7464 7474 7484 7494 7504
7434 7444 7454 7464 7474 7484 7494 7504
7434 7444 7454 7464 7474 7484 7494 7504
7434 7444 7454 7464 7474 7484 7494 7504
7434 7444 7454 7464 7474 7484 7494 7504
7434 7444 7454 7464 7474 7484 7494 7504
7434 7444 7454 7464 7474 7484 7494 7504
7434 7444 7454 7464 7474 7484 7494 7504
7434 7444 7454 7464 7474 7484 7494 7504
7434 7444 7454 7464 7474 7484 7494 7504
7434 7444 7454 7464 7474 7484 7494 7504
7434 7444 7454 7464 7474 7484 7494 7504
7434 7444 7454 7464 7474 7484 7494 7504
7514 7444 7454 7514 7474 7484 7494 7504
7434 7444 7454 7464 7474 7484 7494 7504
7434 7444 7454 7464 7474 7484 7494 7504
7514 7444 7454 7514 7474 7484 7494 7504
7514 7444 7454 7514 7474 7484 7494 7504
7514 7444 7454 7514 7474 7484 7494 7504
7514 7444 7454 7514 7474 7484 7494 7504
7434 7444 7454 7464 7474 7484 7494 7504
7434 7444 7454 7464 7474 7484 7494 7504
7514 7444 7454 7514 7474 7484 7494 7504
7514 7444 7454 7514 7474 7484 7494 7504
7434 7444 7454 7464 7474 7484 7494 7504
7434 7444 7454 7464 7474 7484 7494 7504
7514 7444 7454 7514 7474 7484 7494 7504
7514 7444 7454 7514 7474 7484 7494 7504
7514 7444 7454 7514 7474 7484 7494 7504
7434 7444 7454 7464 7474 7484 7494 7504
7434 7444 7454 7464 7474 7484 7494 7504
7514 7444 7454 7514 7474 7484 7494 7504
7514 7444 7454 7514 7474 7484 7494 7504
7434 7444 7454 7464 7474 7484 7494 7504
7434 7444 7454 7464 7474 7484 7494 7504
7434 7444 7454 7464 7474 7484 7494 7504
7434 7444 7454 7464 7474 7484 7494 7504
9655 9665 9675 9685 9695 9705 9715 9725 9735
9655 9665 9675 9685 9695 9705 9715 9725 9735
9655 9665 9675 9685 9695 9705 9715 9725 9735
9655 9665 9675 9685 9695 9705 9715 9725 9735
9655 9665 9675 9685 9695 9705 9715 9725 9735
9655 9665 9675 9685 9695 9705 9715 9725 9735
9655 9665 9675 9685 9695 9705 9715 9725 9735
9655 9665 9675 9685 9695 9705 9715 9725 9735
9655 9665 9675 9685 9695 9705 9715 9725 9735
9655 9665 9675 9685 9695 9705 9715 9725 9735
9655 9665 9675 9685 9695 9705 9715 9725 9735
9655 9665 9675 9685 9695 9705 9715 9725 9735
9655 9665 9675 9685 9695 9705 9715 9725 9735
9655 9665 9675 9685 9695 9705 9715 9725 9735
9655 9665 9675 9685 9695 9705 9715 9725 9735
9655 9665 9675 9685 9695 9705 9715 9725 9735
9655 9665 9675 9685 9695 9705 9715 9725 9735
9655 9665 9675 9685 9695 9705 9715 9725 9735
9655 9665 9675 9685 9695 9705 9715 9725 9735
9655 9665 9675 9685 9695 9705 9715 9725 9735
9655 9665 9675 9685 9695 9705 9715 9725 9735
9655 9665 9675 9685 9695 9705 9715 9725 9735
9655 9665 9675 9685 9695 9705 9715 9725 9735
9655 9665 9675 9685 9695 9705 9715 9725 9735
9655 9665 9675 9685 9695 9705 9715 9725 9735
9655 9665 9675 9685 9695 9705 9715 9725 9735
9655 9665 9675 9685 9695 9705 9715 9725 9735
9655 9665 9675 9685 9695 9705 9715 9725 9735
9655 9665 9675 9685 9695 9705 9715 9725 9735
9655 9665 9675 9685 9695 9705 9715 9725 9735
9655 9665 9675 9685 9695 9705 9715 9725 9735
9655 9665 9675 14145 9695 9705 9715 14835 9735
9655 9665 9675 14145 9695 9705 9715 14835 9735
9655 9665 9675 14145 9695 9705 9715 14835 9735
9655 9665 9675 9685 9695 9705 9715 9725 9735
9655 9665 9675 9685 9695 9705 9715 9725 9735
9655 9665 9675 9685 9695 9705 9715 9725 9735
9655 9665 9675 9685 9695 9705 9715 9725 9735
9655 9665 9675 9685 9695 9705 9715 9725 9735
9655 9665 9675 9685 9695 9705 9715 9725 9735
9655 9665 9675 9685 9695 9705 9715 9725 9735
9655 9665 9675 9685 9695 9705 9715 9725 9735
9655 9665 9675 9685 9695 9705 9715 9725 9735
9655 9665 9675 9685 9695 9705 9715 9725 9735
9655 9665 9675 9685 9695 9705 9715 9725 9735
9655 9665 9675 9685 9695 9705 9715 9725 9735
9655 9665 9675 9685 9695 9705 9715 9725 9735
9655 9665 9675 9685 9695 9705 9715 9725 9735
9655 9665 9675 9685 9695 9705 9715 9725 9735
9655 9665 9675 9685 9695 9705 9715 9725 9735
9655 9665 9675 9685 9695 9705 9715 9725 9735
9655 9665 9675 9685 9695 9705 9715 9725 9735
9655 9665 9675 9685 9695 9705 9715 9725 9735
9655 9665 9675 9685 9695 9705 9715 9725 9735
9655 9665 9675 9685 9695 9705 9715 9725 9735
9655 9665 9675 9685 9695 9705 9715 9725 9735
9655 9665 9675 9685 9695 9705 9715 9725 9735
9655 9665 9675 9685 9695 9705 9715 9725 9735
9655 9665 9675 9685 9695 9705 9715 9725 9735
9655 9665 9675 9685 9695 9705 9715 9725 9735
9655 9665 9675 9685 9695 9705 9715 9725 9735
9655 9665 9675 9685 9695 9705 9715 9725 9735
9655 9665 9675 9685 9695 9705 9715 9725 9735
9655 9665 9675 9685 9695 9705 9715 9725 9735
9655 9665 9675 9685 9695 9705 9715 9725 9735
9655 9665 9675 9685 9695 9705 9715 9725 9735
9655 9665 9675 9685 9695 9705 9715 9725 9735
9655 9665 9675 14145 9695 9705 9715 14835 9735
9655 9665 9675 14145 9695 9705 9715 14835 9735
9655 9665 9675 9685 9695 9705 9715 9725 9735
9655 9665 9675 9685 9695 9705 9715 9725 9735
9655 9665 9675 9685 9695 9705 9715 9725 9735
9655 9665 9675 9685 9695 9705 9715 9725 9735
9655 9665 9675 9685 9695 9705 9715 9725 9735
9655 9665 9675 9685 9695 9705 9715 9725 9735
9655 9665 9675 14145 9695 9705 9715 14835 9735
9655 9665 9675 14145 9695 9705 9715 14835 9735
9655 9665 9675 9685 9695 9705 9715 9725 9735
9655 9665 9675 9685 9695 9705 9715 9725 9735
9655 9665 9675 9685 9695 9705 9715 9725 9735
9655 9665 9675 9685 9695 9705 9715 9725 9735
9655 9665 9675 9685 9695 9705 9715 9725 9735
9655 9665 9675 9685 9695 9705 9715 9725 9735
