84611
84611
84611
84611
84611
84611
84611
84611
84611
84611
84611
84611
84611
84611
84611
84611
84611
84611
84611
84611
84611
84611
84611
84611
84611
84611
84611
84611
84611
84611
7842 7842 7842
7842 7842 7842
7842 7842 7842
7842 7842 7842
7842 7842 7842
7842 7842 7842
7842 7842 7842
7842 7842 7842
7842 7842 7842
7842 7842 7842
7842 7842 7842
7842 7842 7842
7842 7842 7842
7842 7842 7842
7842 7842 7842
7842 7842 7842
7842 7842 7842
7842 7842 7842
7842 7842 7842
7842 7842 7842
7842 7842 7842
7842 7842 7842
7842 7842 7842
7842 7842 7842
7842 7842 7842
7842 7842 7842
7842 7842 7842
7842 7842 7842
7842 7842 7842
7842 7842 7842
7842 7842 7842
7842 7842 7842
14643 14663 14673 14683 14693
14643 14663 14673 14683 14693
14643 14663 14673 14683 14693
14643 14663 14673 14683 14693
14643 14663 14673 14683 14693
14643 14663 14673 14683 14693
14643 14663 14673 14683 14693
14643 14663 14673 14683 14693
14643 14663 14673 14683 14693
14643 14663 14673 14683 14693
14643 14663 14673 14683 14693
14643 14663 14673 14683 14693
14643 14663 14673 14683 14693
14643 14663 14673 14683 14693
14643 14663 14673 14683 14693
14643 14663 14673 14683 34153
14643 14663 14673 14683 34153
14643 14663 14673 14683 34153
14643 14663 14673 14683 14693
14643 14663 14673 14683 14693
14643 14663 14673 14683 14693
14643 14663 14673 14683 14693
14643 14663 14673 14683 14693
14643 14663 14673 14683 14693
14643 14663 14673 14683 14693
14643 14663 14673 14683 14693
14643 14663 14673 14683 14693
14643 14663 14673 14683 14693
14643 14663 14673 14683 14693
14643 14663 14673 14683 14693
14643 14663 14673 14683 14693
14643 14663 14673 14683 14693
14643 14663 14673 14683 14693
14643 14663 14673 14683 14693
14643 14663 14673 14683 14693
14643 14663 14673 14683 14693
14643 14663 14673 14683 14693
14643 14663 14673 14683 14693
14643 14663 14673 14683 14693
14643 14663 14673 14683 14693
14643 14663 14673 14683 14693
14643 14663 14673 14683 14693
14643 14663 14673 14683 14693
14643 14663 14673 14683 14693
14643 14663 14673 14683 14693
14643 14663 14673 14683 14693
14643 14663 14673 14683 14693
14653 14653 14653 14683 14693
14643 14663 14673 14683 14693
14643 14663 14673 14683 14693
14643 14663 14673 14683 14693
14643 14663 14673 14683 14693
14643 14663 14673 14683 14693
14643 14663 14673 14683 14693
14643 14663 14673 14683 14693
14643 14663 14673 14683 14693
14643 14723 14673 14683 14693
14643 14663 14673 14683 14693
14643 14663 14673 14683 14693
14733 14733 14733 14683 14693
14643 14663 14673 14683 14693
14643 14663 14673 14683 14693
28823 28823 28823 14683 14693
28833 28833 28833 28833 28833
28833 28833 28833 28833 28833
28833 28833 28833 28833 28833
14643 14663 14673 14683 14693
19644 19654 19664 19674 19684 19694 19704 19714
19644 19654 19664 19674 19684 19694 19704 19714
19644 19654 19664 19674 19684 19694 19704 19714
19644 19654 19664 19674 19684 19694 19704 19714
19644 19654 19664 19674 19684 19694 19704 19714
19644 19654 19664 19674 19684 19694 19704 19714
19644 19654 19664 19674 19684 19694 19704 19714
19644 19654 19664 19674 19684 19694 19704 19714
19644 19654 19664 19674 19684 19694 19704 19714
19644 19654 19664 19674 19684 19694 19704 19714
19644 19654 19664 19674 19684 19694 19704 19714
19644 19654 19664 19674 19684 19694 19704 19714
19644 19654 19664 19674 19684 19694 19704 19714
19644 19654 19664 19674 19684 19694 19704 19714
19644 19654 19664 19674 19684 19694 19704 19714
19644 19654 19664 34204 34204 34204 19704 19714
19644 19654 19664 34204 34204 34204 19704 19714
19644 19654 19664 34204 34204 34204 19704 19714
19644 19654 19664 19674 19684 19694 19704 19714
19644 19654 19664 19674 19684 19694 19704 19714
19644 19654 19664 19674 19684 19694 19704 19714
19644 19654 19664 19674 19684 19694 19704 19714
19644 19654 19664 19674 19684 19694 19704 19714
19644 19654 19664 19674 19684 19694 19704 19714
19644 19654 19664 19674 19684 19694 19704 19714
19644 19654 19664 19674 19684 19694 19704 19714
19644 19654 19664 19674 19684 19694 19704 19714
19644 19654 19664 19674 19684 19694 19704 19714
19644 19654 19664 19674 19684 19694 19704 19714
19644 19654 19664 19674 19684 19694 19704 19714
19644 19654 19664 19674 19684 19694 19704 19714
19644 19654 19664 19674 19684 19694 19704 19714
19644 19654 19664 19674 19684 19694 19704 19714
19644 19654 19664 19674 19684 19694 19704 19714
19644 19654 19664 19674 19684 19694 19704 19714
19644 19654 19664 19674 19684 19694 19704 19714
19644 19654 19664 19674 19684 19694 19704 19714
19644 19654 19664 19674 19684 19694 19704 19714
19644 19654 19664 19674 19684 19694 19704 19714
19644 19654 19664 19674 19684 19694 19704 19714
19644 19654 19664 19674 19684 19694 19704 19714
19644 19654 19664 19674 19684 19694 19704 19714
19644 19654 19664 19674 19684 19694 19704 19714
19644 19654 19664 19674 19684 19694 19704 19714
19644 19654 19664 19674 19684 19694 19704 19714
19644 19654 19664 19674 19684 19694 19704 19714
19644 19654 19664 19674 19684 19694 19704 19714
19724 19654 19664 19724 19684 19694 19704 19724
19744 19654 19664 19744 19684 19694 19704 19744
19644 19654 19664 19674 19684 19694 19704 19714
19734 19734 19734 19734 19734 19734 19734 19734
19734 19734 19734 19734 19734 19734 19734 19734
19754 19754 19754 19754 19754 19694 19704 19714
19644 19654 19664 19674 19684 19694 19704 19714
19764 19764 19664 19764 19764 19694 19704 19714
19644 19654 19664 19674 19684 19694 19704 19714
19774 19654 19664 19774 19774 19774 19774 19774
19784 19654 19664 19784 19684 19694 19704 19784
19794 19654 19664 19674 19684 19694 19704 19794
19804 19654 19664 19804 19684 19694 19704 19714
19644 19654 19664 19674 19684 19694 19704 19714
19644 19654 19664 19674 19684 19694 19704 19714
19814 19654 19664 19814 19684 19694 19704 19714
19644 19654 19664 19674 19684 19694 19704 19714
19814 19814 19814 19814 19814 19814 19814 19814
19814 19814 19814 19814 19814 19814 19814 19814
19814 19814 19814 19814 19814 19814 19814 19814
19644 19654 19664 19674 19684 19694 19704 19714
19824 19654 19664 19824 19684 19694 19704 19714
19644 19654 19664 19674 19684 19694 19704 19714
19824 19654 19664 19674 19684 19694 19704 19824
19644 19654 19664 19674 19684 19694 19704 19714
19834 19654 19664 19834 19684 19694 19704 19714
19644 19654 19664 19674 19684 19694 19704 19714
19644 19654 19664 19674 19684 19694 19704 19714
19644 19654 19664 19674 19684 19694 19704 19714
19644 19654 19664 19674 19684 19694 19704 19714
19844 19654 19664 19844 19684 19694 19704 19714
19644 19654 19664 19674 19684 19694 19704 19714
19844 19654 19664 19844 19844 19844 19844 19844
19644 19654 19664 19674 19684 19694 19704 19714
19854 19854 19664 19854 19854 19694 19704 19714
19644 19654 19664 19674 19684 19694 19704 19714
19644 19654 19664 19674 19684 19694 19704 19714
23475 23485 23495 23505 23515 23525 23535
23475 23485 23495 23505 23515 23525 23535
23475 23485 23495 23505 23515 23525 23535
23475 23485 23495 23505 23515 23525 23535
23475 23485 23495 23505 23515 23525 23535
23475 23485 23495 23505 23515 23525 23535
23475 23485 23495 23505 23515 23525 23535
23475 23485 23495 23505 23515 23525 23535
23475 23485 23495 23505 23515 23525 23535
23475 23485 23495 23505 23515 23525 23535
23475 23485 23495 23505 23515 23525 23535
23475 23485 23495 23505 23515 23525 23535
23475 23485 23495 23505 23515 23525 23535
23475 23485 23495 23505 23515 23525 23535
23475 23485 23495 23505 23515 23525 23535
34335 34335 34335 34335 34335 34335 34335
34335 34335 34335 34335 34335 34335 34335
34335 34335 34335 34335 34335 34335 34335
23475 23485 23495 23505 23515 23525 23535
23475 23485 23495 23505 23515 23525 23535
23475 23485 23495 23505 23515 23525 23535
23475 23485 23495 23505 23515 23525 23535
23475 23485 23495 23505 23515 23525 23535
23475 23485 23495 23505 23515 23525 23535
23475 23485 23495 23505 23515 23525 23535
23475 23485 23495 23505 23515 23525 23535
23475 23485 23495 23505 23515 23525 23535
23475 23485 23495 23505 23515 23525 23535
23475 23485 23495 23505 23515 23525 23535
23475 23485 23495 23505 23515 23525 23535
23475 23485 23495 23505 23515 23525 23535
23475 23485 23495 23505 23515 23525 23535
23475 23485 23495 23505 23515 23525 23535
23475 23485 23495 23505 23515 23525 23535
23475 23485 23495 23505 23515 23525 23535
23475 23485 23495 23505 23515 23525 23535
23475 23485 23495 23505 23515 23525 23535
23475 23485 23495 23505 23515 23525 23535
23475 23485 23495 23505 23515 23525 23535
23475 23485 23495 23505 23515 23525 23535
23475 23485 23495 23505 23515 23525 23535
23475 23485 23495 23505 23515 23525 23535
23475 23485 23495 23505 23515 23525 23535
23475 23485 23495 23505 23515 23525 23535
23475 23485 23495 23505 23515 23525 23535
23475 23485 23495 23505 23515 23525 23535
23475 23485 23495 23505 23515 23525 23535
23545 23545 23545 23545 23545 23545 23545 23545
23555 23555 23555 23555 23555 23555 23555 23555
23475 23485 23495 23505 23515 23525 23535
23475 23485 23495 23505 23515 23525 23535
23475 23485 23495 23505 23515 23525 23535
23475 23485 23495 23505 23515 23525 23535
23565 23565 23565 23565 23565 23565 23565 23565
23575 23575 23575 23575 23575 23575 23575 23575
23575 23575 23575 23575 23575 23575 23575 23575
23575 23575 23575 23575 23575 23575 23575 23575
23585 23585 23585 23585 23585 23585 23585 23585
23585 23585 23585 23585 23585 23585 23585 23585
23585 23585 23585 23585 23585 23585 23585 23585
23595 23485 23595 23505 23595 23525 23535
23605 23605 23605 23605 23605 23605 23605 23605
23605 23605 23605 23605 23605 23605 23605 23605
23605 23605 23605 23605 23605 23605 23605 23605
23615 23615 23615 23615 23615 23615 23615 23615
23615 23615 23615 23615 23615 23615 23615 23615
23615 23615 23615 23615 23615 23615 23615 23615
23625 23485 23495 23625 23515 23525 23535
23475 23485 23495 23505 23515 23525 23535
23635 23635 23495 23505 23635 23525 23535
23475 23485 23495 23505 23515 23525 23535
23645 23645 23495 23505 23645 23525 23535
23475 23485 23495 23505 23515 23525 23535
23475 23485 23495 23505 23515 23525 23535
23475 23485 23495 23505 23515 23525 23535
23655 23485 23495 23655 23515 23525 23535
23475 23485 23495 23505 23515 23525 23535
23475 23485 23495 23505 23515 23525 23535
23665 23665 23495 23505 23665 23525 23535
23475 23485 23495 23505 23515 23525 23535
23475 23485 23495 23505 23515 23525 23535
23475 23485 23495 23505 23515 23525 23535
23475 23485 23495 23505 23515 23525 23535
