84611
84611
84611
84611
84611
84611
84611
84611
84611
84611
84611
84611
84611
84611
84611
84611
84611
84611
84611
84611
84611
84611
84611
84611
84611
84611
84611
84611
84611
84611
8652 8662 8672
8652 8662 8672
8652 8662 8672
8652 8662 8672
8652 8662 8672
8652 8662 8672
8652 8662 8672
8652 8662 8672
8652 8662 8672
8652 8662 8672
8652 8662 8672
8652 8662 8672
8652 8662 8672
8652 8662 8672
8652 8662 8672
8652 8662 8672
8652 8662 8672
8652 8662 8672
8652 8662 8672
8652 8662 8672
8652 8662 8672
8652 8662 8672
8652 8662 8672
8652 8662 8672
8652 8662 8672
8652 8662 8672
8652 8662 8672
8652 8662 8672
8652 8662 8672
8652 8662 8672
8652 8662 8672
8652 8662 8672
8652 8662 8672
8652 8662 8672
8652 8662 8672
8652 8662 8672
8652 8662 8672
8682 8682 8682
8692 8692 8692
8652 8662 8672
8652 8662 8672
8652 8662 8672
8652 8662 8672
8652 8662 8672
8652 8662 8672
8652 8662 8672
8652 8662 8672
8652 8662 8672
8652 8662 8672
8903 8913 8923
8903 8913 8923
8903 8913 8923
8903 8913 8923
8903 8913 8923
8903 8913 8923
8903 8913 8923
8903 8913 8923
8903 8913 8923
8903 8913 8923
8903 8913 8923
8903 8913 8923
8903 8913 8923
8903 8913 8923
8903 8913 8923
8903 8913 8923
8903 8913 8923
8903 8913 8923
8903 8913 8923
8903 8913 8923
8903 8913 8923
8903 8913 8923
8903 8913 8923
8903 8913 8923
8903 8913 8923
8903 8913 8923
8903 8913 8923
8903 8913 8923
8903 8913 8923
8903 8913 8923
8903 8913 8923
8903 8913 8923
8903 8913 8923
8903 8913 8923
8903 8913 8923
8903 8913 8923
8903 8913 8923
8933 8933 8933
8943 8943 8943
8903 8913 8923
8903 8913 8923
8903 8913 8923
8903 8913 8923
8903 8913 8923
8903 8913 8923
8903 8913 8923
8903 8913 8923
8903 8913 8923
8903 8913 8923
24474 24484 24494 24504 24514 24524 24534
24474 24484 24494 24504 24514 24524 24534
24474 24484 24494 24504 24514 24524 24534
24474 24484 24494 24504 24514 24524 24534
24474 24484 24494 24504 24514 24524 24534
24474 24484 24494 24504 24514 24524 24534
24474 24484 24494 24504 24514 24524 24534
24474 24484 24494 24504 24514 24524 24534
24474 24484 24494 24504 24514 24524 24534
24474 24484 24494 24504 24514 24524 24534
24474 24484 24494 24504 24514 24524 24534
24474 24484 24494 24504 24514 24524 24534
24474 24484 24494 24504 24514 24524 24534
24474 24484 24494 24504 24514 24524 24534
24474 24484 24494 24504 24514 24524 24534
34384 34384 34384 34384 34384 34384 34384
34384 34384 34384 34384 34384 34384 34384
34384 34384 34384 34384 34384 34384 34384
24474 24484 24494 24504 24514 24524 24534
24474 24484 24494 24504 24514 24524 24534
24474 24484 24494 24504 24514 24524 24534
24474 24484 24494 24504 24514 24524 24534
24474 24484 24494 24504 24514 24524 24534
24474 24484 24494 24504 24514 24524 24534
24474 24484 24494 24504 24514 24524 24534
24474 24484 24494 24504 24514 24524 24534
24474 24484 24494 24504 24514 24524 24534
24474 24484 24494 24504 24514 24524 24534
24474 24484 24494 24504 24514 24524 24534
24474 24484 24494 24504 24514 24524 24534
24474 24484 24494 24504 24514 24524 24534
24474 24484 24494 24504 24514 24524 24534
24474 24484 24494 24504 24514 24524 24534
24474 24484 24494 24504 24514 24524 24534
24474 24484 24494 24504 24514 24524 24534
24474 24484 24494 24504 24514 24524 24534
24474 24484 24494 24504 24514 24524 24534
24474 24484 24494 24504 24514 24524 24534
24474 24484 24494 24504 24514 24524 24534
24474 24484 24494 24504 24514 24524 24534
24474 24484 24494 24504 24514 24524 24534
24474 24484 24494 24504 24514 24524 24534
24474 24484 24494 24504 24514 24524 24534
24474 24484 24494 24504 24514 24524 24534
24474 24484 24494 24504 24514 24524 24534
24474 24484 24494 24504 24514 24524 24534
24474 24484 24494 24504 24514 24524 24534
24544 24544 24544 24544 24544 24544 24544 24544
24554 24554 24554 24554 24554 24554 24554 24554
24474 24484 24494 24504 24514 24524 24534
24474 24484 24494 24504 24514 24524 24534
24474 24484 24494 24504 24514 24524 24534
24474 24484 24494 24504 24514 24524 24534
24564 24564 24564 24564 24564 24564 24564 24564
24574 24574 24574 24574 24574 24574 24574 24574
24574 24574 24574 24574 24574 24574 24574 24574
24574 24574 24574 24574 24574 24574 24574 24574
24584 24584 24584 24584 24584 24584 24584 24584
24584 24584 24584 24584 24584 24584 24584 24584
24584 24584 24584 24584 24584 24584 24584 24584
24594 24484 24594 24504 24594 24524 24534
24604 24604 24604 24604 24604 24604 24604 24604
24604 24604 24604 24604 24604 24604 24604 24604
24604 24604 24604 24604 24604 24604 24604 24604
24614 24614 24614 24614 24614 24614 24614 24614
24614 24614 24614 24614 24614 24614 24614 24614
24614 24614 24614 24614 24614 24614 24614 24614
24624 24484 24494 24624 24514 24524 24534
24474 24484 24494 24504 24514 24524 24534
24634 24634 24494 24504 24634 24524 24534
24474 24484 24494 24504 24514 24524 24534
24644 24644 24494 24504 24644 24524 24534
24474 24484 24494 24504 24514 24524 24534
24474 24484 24494 24504 24514 24524 24534
24474 24484 24494 24504 24514 24524 24534
24654 24484 24494 24654 24514 24524 24534
24474 24484 24494 24504 24514 24524 24534
24474 24484 24494 24504 24514 24524 24534
24664 24664 24494 24504 24664 24524 24534
24474 24484 24494 24504 24514 24524 24534
24474 24484 24494 24504 24514 24524 24534
24474 24484 24494 24504 24514 24524 24534
24474 24484 24494 24504 24514 24524 24534
50865 50875 50885 50895 50905 50915 50925 50935
50865 50875 50885 50895 50905 50915 50925 50935
50865 50875 50885 50895 50905 50915 50925 50935
50865 50875 50885 50895 50905 50915 50925 50935
50865 50875 50885 50895 50905 50915 50925 50935
50865 50875 50885 50895 50905 50915 50925 50935
50865 50875 50885 50895 50905 50915 50925 50935
50865 50875 50885 50895 50905 50915 50925 50935
50865 50875 50885 50895 50905 50915 50925 50935
50865 50875 50885 50895 50905 50915 50925 50935
50865 50875 50885 50895 50905 50915 50925 50935
50865 50875 50885 50895 50905 50915 50925 50935
50865 50875 50885 50895 50905 50915 50925 50935
50865 50875 50885 50895 50905 50915 50925 50935
50865 50875 50885 50895 50905 50915 50925 50935
50865 50875 50885 50895 50905 50915 50925 50935
50865 50875 50885 50895 50905 50915 50925 50935
50865 50875 50885 50895 50905 50915 50925 50935
50865 50875 50885 50895 50905 50915 50925 50935
50865 50875 50885 50895 50905 50915 50925 50935
50865 50875 50885 50895 50905 50915 50925 50935
50865 50875 50885 50895 50905 50915 50925 50935
50865 50875 50885 50895 50905 50915 50925 50935
50865 50875 50885 50895 50905 50915 50925 50935
50865 50875 50885 50895 50905 50915 50925 50935
50865 50875 50885 50895 50905 50915 50925 50935
50865 50875 50885 50895 50905 50915 50925 50935
50865 50875 50885 50895 50905 50915 50925 50935
50865 50875 50885 50895 50905 50915 50925 50935
50865 50875 50885 50895 50905 50915 50925 50935
50865 50875 50885 50895 50905 50915 50925 50935
50865 50875 50885 50895 50905 50915 50925 50935
50865 50875 50885 50895 50905 50915 50925 50935
50865 50875 50885 50895 50905 50915 50925 50935
50865 50875 50885 50895 50905 50915 50925 50935
50865 50875 50885 50895 50905 50915 50925 50935
50865 50875 50885 50895 50905 50915 50925 50935
50865 50875 50885 50895 50905 50915 50925 50935
50865 50875 50885 50895 50905 50915 50925 50935
50865 50875 50885 50895 50905 50915 50925 50935
50865 50875 50885 50895 50905 50915 50925 50935
50865 50875 50885 50895 50905 50915 50925 50935
50865 50875 50885 50895 50905 50915 50925 50935
50865 50875 50885 50895 50905 50915 50925 50935
50865 50875 50885 50895 50905 50915 50925 50935
50865 50875 50885 50895 50905 50915 50925 50935
50865 50875 50885 50895 50905 50915 50925 50935
50865 50875 50885 50895 50905 50915 50925 50935
50865 50875 50885 50895 50905 50915 50925 50935
50865 50875 50885 50895 50905 50915 50925 50935
50865 50875 50885 50895 50905 50915 50925 50935
50865 50875 50885 50895 50905 50915 50925 50935
50865 50875 50885 50895 50905 50915 50925 50935
50865 50875 50885 50895 50905 50915 50925 50935
50865 50945 50945 50895 50905 50915 50925 50945
50865 50945 50945 50895 50905 50915 50925 50945
50865 50995 50995 50995 50995 50915 50925 50935
50865 50995 50995 50995 50995 50915 50925 50935
50865 50875 50885 50895 50905 50915 50925 50935
50865 50955 50955 50955 50955 50955 50955 50935
50865 50955 50955 50955 50955 50955 50955 50935
50865 50875 50885 50895 50905 50915 50925 50935
50865 50965 50965 50965 50965 50965 50965 50935
50865 50955 50955 50955 50955 50955 50955 50935
50865 50955 50955 50955 50955 50955 50955 50935
50865 50875 50885 50895 50905 50915 50925 50935
50865 50965 50965 50965 50965 50965 50965 50935
50865 50955 50955 50955 50955 50955 50955 50935
50865 50975 50975 50975 50975 50975 50975 50935
50865 50875 50885 50895 50905 50915 50925 50935
50865 50955 50955 50955 50955 50955 50955 50935
50865 50975 50975 50975 50975 50975 50975 50935
50865 50955 50955 50955 50955 50955 50955 50935
50865 50955 50955 50955 50955 50955 50955 50935
50865 50875 50885 50895 50905 50915 50925 50935
50865 50875 50885 50895 50905 50915 50925 50935
50865 50875 50885 50895 50905 50915 50925 50935
50865 50875 50885 50895 50905 50915 50925 50935
50865 50875 50885 50895 50905 50915 50925 50935
50865 50875 50885 50895 50905 50915 50925 50935
50865 50875 50885 50895 50905 50915 50925 50935
50865 50875 50885 50895 50905 50915 50925 50935
50865 50875 50885 50895 50905 50915 50925 50935
50865 50875 50885 50895 50905 50915 50925 50935
50865 50875 50885 50895 50905 50915 50925 50935
50865 50875 50885 50895 50905 50915 50925 50935
50865 50875 50885 50895 50905 50915 50925 50935
50865 50875 50885 50895 50905 50915 50925 50935
50865 50875 50885 50895 50905 50915 50925 50935
50865 50875 50885 50895 50905 50915 50925 50935
50865 50875 50885 50895 50905 50915 50925 50935
50865 50875 50885 50895 50905 50915 50925 50935
50865 50995 50995 50995 50995 50915 50925 50935
50865 50995 50995 50995 50995 50915 50925 50935
50865 50995 50995 50995 50995 50915 50925 50935
50865 50875 50885 50895 50905 50915 50925 50935
50865 50875 50885 50895 50905 50985 50925 50985
50865 50875 50885 50895 50905 50915 50925 50935
50865 50995 50995 50995 50995 50915 50925 50935
50865 50995 50995 50995 50995 50915 50925 50935
50865 50995 50995 50995 50995 50915 50925 50935
50865 50995 50995 50995 50995 50915 50925 50935
50865 50995 50995 50995 50995 50915 50925 50935
50865 50995 50995 50995 50995 50915 50925 50935
50865 50875 50885 50895 50905 50915 50925 50935
