38771
38771
38771
38771
38771
38771
38771
38771
38771
38771
38771
38771
38771
38771
38771
38771
38771
38771
38771
38771
38771
38771
38771
38771
38771
38771
38771
38771
38771
38771
2902
2902
2902
2902
2902
2902
2902
2902
2902
2902
2902
2902
2902
2902
2902
2902
2902
2902
2902
2902
2902
2902
2902
2902
2902
2902
2902
2902
2902
2902
2902
2902
2902
2902
2902
2902
2902
2902
2902
2902
2902
2902
2902
2902
2902
2902
2902
2902
2902
2953
2953
2953
2953
2953
2953
2953
2953
2953
2953
2953
2953
2953
2953
2953
2953
2953
2953
2953
2953
2953
2953
2953
2953
2953
2953
2953
2953
2953
2953
2953
2953
2953
2953
2953
2953
2953
2953
2953
2953
2953
2953
2953
2953
2953
2953
2953
2953
2953
10104 10114 10124 10134 10144 10154 10164 10174 10184
10104 10114 10124 10134 10144 10154 10164 10174 10184
10104 10114 10124 10134 10144 10154 10164 10174 10184
10104 10114 10124 10134 10144 10154 10164 10174 10184
10104 10114 10124 10134 10144 10154 10164 10174 10184
10104 10114 10124 10134 10144 10154 10164 10174 10184
10104 10114 10124 10134 10144 10154 10164 10174 10184
10104 10114 10124 10134 10144 10154 10164 10174 10184
10104 10114 10124 10134 10144 10154 10164 10174 10184
10104 10114 10124 10134 10144 10154 10164 10174 10184
10104 10114 10124 10134 10144 10154 10164 10174 10184
10104 10114 10124 10134 10144 10154 10164 10174 10184
10104 10114 10124 10134 10144 10154 10164 10174 10184
10104 10114 10124 10134 10144 10154 10164 10174 10184
10104 10114 10124 10134 10144 10154 10164 10174 10184
10104 10114 10124 10134 10144 10154 10164 10174 10184
10104 10114 10124 10134 10144 10154 10164 10174 10184
10104 10114 10124 10134 10144 10154 10164 10174 10184
10104 10114 10124 10134 10144 10154 10164 10174 10184
10104 10114 10124 10134 10144 10154 10164 10174 10184
10104 10114 10124 10134 10144 10154 10164 10174 10184
10104 10114 10124 10134 10144 10154 10164 10174 10184
10104 10114 10124 10134 10144 10154 10164 10174 10184
10104 10114 10124 10134 10144 10154 10164 10174 10184
10104 10114 10124 10134 10144 10154 10164 10174 10184
10104 10114 10124 10134 10144 10154 10164 10174 10184
10104 10114 10124 10134 10144 10154 10164 10174 10184
10104 10114 10124 10134 10144 10154 10164 10174 10184
10104 10114 10124 10134 10144 10154 10164 10174 10184
10104 10114 10124 10134 10144 10154 10164 10174 10184
10104 10114 10124 10134 10144 10154 10164 10174 10184
10104 10114 10124 14434 10144 10154 10164 14884 10184
10104 10114 10124 14434 10144 10154 10164 14884 10184
10104 10114 10124 14434 10144 10154 10164 14884 10184
10104 10114 10124 10134 10144 10154 10164 10174 10184
10104 10114 10124 10134 10144 10154 10164 10174 10184
10104 10114 10124 10134 10144 10154 10164 10174 10184
10104 10114 10124 10134 10144 10154 10164 10174 10184
10104 10114 10124 10134 10144 10154 10164 10174 10184
10104 10114 10124 10134 10144 10154 10164 10174 10184
10104 10114 10124 10134 10144 10154 10164 10174 10184
10104 10114 10124 10134 10144 10154 10164 10174 10184
10104 10114 10124 10134 10144 10154 10164 10174 10184
10104 10114 10124 10134 10144 10154 10164 10174 10184
10104 10114 10124 10134 10144 10154 10164 10174 10184
10104 10114 10124 10134 10144 10154 10164 10174 10184
10104 10114 10124 10134 10144 10154 10164 10174 10184
10104 10114 10124 10134 10144 10154 10164 10174 10184
10104 10114 10124 10134 10144 10154 10164 10174 10184
10104 10114 10124 10134 10144 10154 10164 10174 10184
10104 10114 10124 10134 10144 10154 10164 10174 10184
10104 10114 10124 10134 10144 10154 10164 10174 10184
10104 10114 10124 10134 10144 10154 10164 10174 10184
10104 10114 10124 10134 10144 10154 10164 10174 10184
10104 10114 10124 10134 10144 10154 10164 10174 10184
10104 10114 10124 10134 10144 10154 10164 10174 10184
10104 10114 10124 10134 10144 10154 10164 10174 10184
10104 10114 10124 10134 10144 10154 10164 10174 10184
10104 10114 10124 10134 10144 10154 10164 10174 10184
10104 10114 10124 10134 10144 10154 10164 10174 10184
10104 10114 10124 10134 10144 10154 10164 10174 10184
10104 10114 10124 10134 10144 10154 10164 10174 10184
10104 10114 10124 10134 10144 10154 10164 10174 10184
10104 10114 10124 10134 10144 10154 10164 10174 10184
10104 10114 10124 10134 10144 10154 10164 10174 10184
10104 10114 10124 10134 10144 10154 10164 10174 10184
10104 10114 10124 10134 10144 10154 10164 10174 10184
10104 10114 10124 14434 10144 10154 10164 14884 10184
10104 10114 10124 14434 10144 10154 10164 14884 10184
10104 10114 10124 10134 10144 10154 10164 10174 10184
10104 10114 10124 10134 10144 10154 10164 10174 10184
10104 10114 10124 10134 10144 10154 10164 10174 10184
10104 10114 10124 10134 10144 10154 10164 10174 10184
10104 10114 10124 10134 10144 10154 10164 10174 10184
10104 10114 10124 10134 10144 10154 10164 10174 10184
10104 10114 10124 14434 10144 10154 10164 14884 10184
10104 10114 10124 14434 10144 10154 10164 14884 10184
10104 10114 10124 10134 10144 10154 10164 10174 10184
10104 10114 10124 10134 10144 10154 10164 10174 10184
10104 10114 10124 10134 10144 10154 10164 10174 10184
10104 10114 10124 10134 10144 10154 10164 10174 10184
10104 10114 10124 10134 10144 10154 10164 10174 10184
10104 10114 10124 10134 10144 10154 10164 10174 10184
24295 24305 24315 24325 24335 24345 24355
24295 24305 24315 24325 24335 24345 24355
24295 24305 24315 24325 24335 24345 24355
24295 24305 24315 24325 24335 24345 24355
24295 24305 24315 24325 24335 24345 24355
24295 24305 24315 24325 24335 24345 24355
24295 24305 24315 24325 24335 24345 24355
24295 24305 24315 24325 24335 24345 24355
24295 24305 24315 24325 24335 24345 24355
24295 24305 24315 24325 24335 24345 24355
24295 24305 24315 24325 24335 24345 24355
24295 24305 24315 24325 24335 24345 24355
24295 24305 24315 24325 24335 24345 24355
24295 24305 24315 24325 24335 24345 24355
24295 24305 24315 24325 24335 24345 24355
24295 24305 24315 24325 24335 24345 24355
24295 24305 24315 24325 24335 24345 24355
24295 24305 24315 24325 24335 24345 24355
24295 24305 24315 24325 24335 24345 24355
24295 24305 24315 24325 24335 24345 24355
24295 24305 24315 24325 24335 24345 24355
24295 24305 24315 24325 24335 24345 24355
24295 24305 24315 24325 24335 24345 24355
24295 24305 24315 24325 24335 24345 24355
24295 24305 24315 24325 24335 24345 24355
24295 24305 24315 24325 24335 24345 24355
24295 24305 24315 24325 24335 24345 24355
24295 24305 24315 24325 24335 24345 24355
24295 24305 24315 24325 24335 24345 24355
24295 24305 24315 24325 24335 24345 24355
24295 24305 24315 24325 24335 24345 24355
24295 24305 24315 24325 24335 24345 24355
24295 24305 24315 24325 24335 24345 24355
24295 24305 24315 24325 24335 24345 24355
24295 24305 24315 24325 24335 24345 24355
24295 24305 24315 24325 24335 24345 24355
24295 24305 24315 24325 24335 24345 24355
24295 24305 24315 24325 24335 24345 24355
24295 24305 24315 24325 24335 24345 24355
24295 24305 24315 24325 24335 24345 24355
24295 24305 24315 24325 24335 24345 24355
24295 24305 24315 24325 24335 24345 24355
24295 24305 24315 24325 24335 24345 24355
24295 24305 24315 24325 24335 24345 24355
24295 24305 24315 24325 24335 24345 24355
24295 24305 24315 24325 24335 24345 24355
24295 24305 24315 24325 24335 24345 24355
24295 24305 24315 24325 24335 24345 24355
24295 24305 24315 24325 24335 24345 24355
24295 24305 24315 24325 24335 24345 24355
24295 24305 24315 24325 24335 24345 24355
24295 24305 24315 24325 24335 24345 24355
24295 24305 24315 24325 24335 24345 24355
24295 24305 24315 24325 24335 24345 24355
24295 24305 24315 24325 24335 24345 24355
24295 24305 24315 24325 24335 24345 24355
24295 24305 24315 24325 24335 24345 24355
24295 24305 24315 24325 24335 24345 24355
24295 24305 24315 24325 24335 24345 24355
24295 24305 24315 24325 24335 24345 24355
24295 24305 24315 24325 24335 24345 24355
24295 24305 24315 24325 24335 24345 24355
24295 24305 24315 24325 24335 24345 24355
24295 24305 24315 24325 24335 24345 24355
24295 24305 24315 24325 24335 24345 24355
24295 24305 24315 24325 24335 24345 24355
24295 24305 24315 24325 24335 24345 24355
24295 24305 24315 24325 24335 24345 24355
24295 24305 24315 24325 24335 24345 24355
24295 24305 24315 24325 24335 24345 24355
24295 24305 24315 24325 24335 24345 24355
24295 24305 24315 24325 24335 24345 24355
24295 24305 24315 24325 24335 24345 24355
24295 24305 24315 24325 24335 24345 24355
24295 24305 24315 24325 24335 24345 24355
24295 24305 24315 24325 24335 24345 24355
24295 24305 24315 24325 24335 24345 24355
24295 24305 24315 24325 24335 24345 24355
24295 24305 24315 24325 24335 24345 24355
24295 24305 24315 24325 24335 24345 24355
24295 24305 24315 24325 24335 24345 24355
24295 24305 24315 24325 24335 24345 24355
24295 24305 24315 24325 24335 24345 24355
24295 24305 24315 24325 24335 24345 24355
24295 24305 24315 24325 24335 24345 24355
24295 24305 24315 24325 24335 24345 24355
24295 24305 24315 24325 24335 24345 24355
24295 24305 24315 24325 24335 24345 24355
24295 24305 24315 24325 24335 24345 24355
24295 24305 24315 24325 24335 24345 24355
24295 24305 24315 24325 24335 24345 24355
24295 24305 24315 24325 24335 24345 24355
24295 24305 24315 24325 24335 24345 24355
24295 24305 24315 24325 24335 24345 24355
24295 24305 24315 24325 24335 24345 24355
24295 24365 24365 24365 24365 24365 24375
24295 24365 24365 24365 24365 24365 24375
24295 24365 24365 24365 24365 24365 24375
24295 24305 24315 24325 24335 24345 24355
24295 24305 24315 24325 24335 24345 24355
24295 24305 24315 24325 24335 24345 24355
24295 24305 24315 24325 24335 24345 24355
24295 24305 24315 24325 24335 24345 24355
24295 24305 24315 24325 24335 24345 24355
24295 24305 24315 24325 24335 24345 24355
