0 0 0
1 0 1
2 0 2
3 0 3
4 0 4
5 0 5
6 0 6
7 0 7
8 0 8
9 0 9
10 0 10
11 0 11
0 0 0
12 0 12
13 1 13
14 1 14
15 1 15
16 1 16
17 1 17
18 1 18
19 1 19
20 1 20
21 1 21
13 1 13
22 1 22
23 1 23
24 1 24
25 1 25
26 1 26
27 1 27
0 0 0
1 0 1
2 0 2
3 1 3
4 2 4
5 0 5
6 3 6
7 4 7
8 0 8
9 0 9
10 0 10
11 0 11
12 0 12
13 5 13
14 5 14
15 6 15
16 7 16
17 5 17
18 5 18
19 5 19
20 5 20
21 5 21
22 5 22
23 5 23
24 5 24
25 5 25
26 5 26
27 5 27
28 5 28
29 5 29
27 5 27
28 5 28
29 5 29
30 5 30
31 5 31
32 5 32
33 5 33
34 8 34
35 9 35
36 10 36
37 11 37
38 12 38
39 10 39
40 13 40
41 12 38
42 10 36
43 14 41
44 12 38
48 5 42
0 0 0
1 0 1
2 0 2
3 1 3
4 2 4
5 0 5
6 3 6
7 4 7
8 0 8
9 0 9
10 0 10
11 0 11
12 0 12
13 5 13
14 5 14
15 6 15
16 7 16
17 5 17
18 5 18
19 5 19
20 5 20
21 5 21
22 5 22
23 5 23
24 5 24
25 5 25
26 5 26
27 5 27
28 5 28
29 5 29
27 5 27
28 5 28
29 5 29
30 5 30
31 5 31
32 5 32
33 5 33
34 8 34
35 9 35
36 10 36
37 11 37
38 12 38
39 10 39
40 13 40
41 12 38
42 10 36
43 14 41
44 12 38
48 5 42
0 0 0
1 0 1
2 0 2
3 1 3
4 2 4
5 0 5
6 3 6
7 4 7
8 0 8
9 0 9
10 0 10
11 0 11
12 0 12
13 0 13
14 5 14
15 6 15
16 7 16
17 8 17
18 9 18
19 10 19
20 11 20
21 12 21
22 13 22
23 5 23
24 5 24
25 5 25
26 5 26
27 5 27
28 5 28
29 5 29
30 5 30
31 5 31
32 5 32
33 5 33
34 5 34
35 5 35
36 5 36
37 5 37
38 5 38
39 5 39
37 5 37
38 5 38
39 5 39
40 5 40
41 5 41
42 5 42
43 5 43
44 14 44
45 14 44
23 5 23
24 5 24
25 5 25
26 5 26
46 14 44
47 15 45
48 16 46
49 17 47
50 18 48
51 19 49
52 20 50
53 21 51
54 22 52
55 23 53
56 24 54
57 25 55
58 26 56
59 27 57
60 28 58
61 29 59
62 30 60
63 31 61
64 30 60
65 31 71
66 32 62
67 33 63
68 34 64
69 35 65
70 36 66
71 30 60
72 37 67
73 5 68
74 5 69
75 5 70
0 0 0
5 0 5
6 1 6
11 1 11
12 4 12
13 1 13
14 1 14
15 5 15
16 1 16
1 0 1
2 0 2
3 0 3
4 0 4
43 1 41
44 1 42
7 1 7
8 1 8
9 2 9
10 3 10
17 6 17
18 7 18
19 1 19
20 8 20
21 9 21
22 1 22
23 1 23
24 1 24
25 1 25
47 1 45
49 1 47
50 1 48
29 1 29
30 1 30
31 1 31
32 1 32
33 1 33
34 1 34
35 1 35
36 1 38
37 1 39
38 1 40
36 1 38
37 1 39
38 1 40
39 1 36
40 1 37
41 1 31
42 1 32
26 1 26
27 1 27
28 1 28
45 1 43
46 1 44
48 1 46
51 10 49
52 10 50
54 20 92
55 21 93
56 11 51
57 12 52
58 13 53
59 1 54
60 2 55
61 12 56
62 13 57
63 1 58
64 2 59
65 12 60
66 14 61
67 15 62
68 16 63
69 17 64
70 12 65
71 13 66
72 1 67
73 1 68
74 1 69
75 1 70
76 1 71
77 1 72
78 1 73
79 1 74
80 1 75
81 1 76
82 1 77
83 1 78
84 1 79
85 1 80
86 1 81
87 1 82
88 1 83
89 1 84
90 19 85
91 20 86
92 21 87
93 1 88
94 18 89
95 1 90
96 19 91
97 20 92
98 21 93
99 22 94
100 23 95
101 24 96
102 1 97
