38801
38801
38801
38801
38801
38801
38801
38801
38801
38801
38801
38801
38801
38801
38801
38801
38801
38801
38801
38801
38801
38801
38801
38801
38801
38801
38801
38801
38801
38801
2342
2342
2342
2342
2342
2342
2342
2342
2342
2342
2342
2342
2342
2342
2342
2342
2342
2342
2342
2342
2342
2342
2342
2342
2342
2342
2342
2342
2342
2342
2342
2342
2342
2342
2342
2342
2342
2342
2342
2342
2342
2342
2342
2342
2342
2342
2342
2342
2342
2342
2603
2603
2603
2603
2603
2603
2603
2603
2603
2603
2603
2603
2603
2603
2603
2603
2603
2603
2603
2603
2603
2603
2603
2603
2603
2603
2603
2603
2603
2603
2603
2603
17514 17524 17534 17544 17554 17564 17574 17584 17594
17514 17524 17534 17544 17554 17564 17574 17584 17594
17514 17524 17534 17544 17554 17564 17574 17584 17594
17514 17524 17534 17544 17554 17564 17574 17584 17594
17514 17524 17534 17544 17554 17564 17574 17584 17594
17514 17524 17534 17544 17554 17564 17574 17584 17594
17514 17524 17534 17544 17554 17564 17574 17584 17594
17514 17524 17534 17544 17554 17564 17574 17584 17594
17514 17524 17534 17544 17554 17564 17574 17584 17594
17514 17524 17534 17544 17554 17564 17574 17584 17594
17514 17524 17534 17544 17554 17564 17574 17584 17594
17514 17524 17534 17544 17554 17564 17574 17584 17594
17514 17524 17534 17544 17554 17564 17574 17584 17594
17514 17524 17534 17544 17554 17564 17574 17584 17594
17514 17524 17534 17544 17554 17564 17574 17584 17594
17514 17524 17534 17544 17554 17564 17574 17584 17594
17514 17524 17534 17544 17554 17564 17574 17584 17594
17514 17524 17534 17544 17554 17564 17574 17584 17594
17514 17524 17534 17544 17554 17564 17574 17584 17594
17514 17524 17534 17544 17554 17564 17574 17584 17594
17514 17524 17534 17544 17554 17564 17574 17584 17594
17514 17524 17534 17544 17554 17564 17574 17584 17594
17514 17524 17534 17544 17554 17564 17574 17584 17594
17514 17524 17534 17544 17554 17564 17574 17584 17594
17514 17524 17534 17544 17554 17564 17574 17584 17594
17514 17524 17534 17544 17554 17564 17574 17584 17594
17514 17524 17534 17544 17554 17564 17574 17584 17594
17514 17524 17534 17544 17554 17564 17574 17584 17594
17514 17524 17534 17544 17554 17564 17574 17584 17594
17514 17524 17534 17544 17554 17564 17574 17584 17594
17514 17524 17534 17544 17554 17564 17574 17584 17594
17514 17524 17534 17544 17554 17564 17574 17584 17594
17514 17524 17534 17544 17554 17564 17574 17584 17594
17514 17524 17534 17544 17554 17564 17574 17584 17594
17514 17524 17534 17544 17554 17564 17574 17584 17594
17514 17524 17534 17544 17554 17564 17574 17584 17594
17514 17524 17534 17544 17554 17564 17574 17584 17594
17514 17524 17534 17544 17554 17564 17574 17584 17594
17514 17524 17534 17544 17554 17564 17574 17584 17594
17514 17524 17534 17544 17554 17564 17574 17584 17594
17514 17524 17534 17544 17554 17564 17574 17584 17594
17514 17524 17534 17544 17554 17564 17574 17584 17594
17514 17524 17534 17544 17554 17564 17574 17584 17594
17514 17524 17534 17544 17554 17564 17574 17584 17594
17514 17524 17534 17544 17554 17564 17574 17584 17594
17514 17524 17534 17544 17554 17564 17574 17584 17594
17514 17524 17534 17544 17554 17564 17574 17584 17594
17514 17524 17534 17544 17554 17564 17574 17584 17594
17514 17524 17534 17544 17554 17564 17574 17584 17594
17514 17524 17534 17544 17554 17564 17574 17584 17594
17514 17524 17534 17544 17554 17564 17574 17584 17594
17514 17524 17534 17544 17554 17564 17574 17584 17594
17514 17524 17534 17544 17554 17564 17574 17584 17594
17514 17524 17534 17544 17554 17564 17574 17584 17594
17514 17524 17534 17544 17554 17564 17574 17584 17594
17514 17524 17534 17544 17554 17564 17574 17584 17594
17514 17524 17534 17544 17554 17564 17574 17584 17594
17514 17524 17534 17544 17554 17564 17574 17584 17594
17514 17524 17534 17544 17554 17564 17574 17584 17594
17514 17524 17534 17544 17554 17564 17574 17584 17594
17514 17524 17534 17544 17554 17564 17574 17584 17594
17514 17524 17534 17544 17554 17564 17574 17584 17594
17514 17524 17534 17544 17554 17564 17574 17584 17594
17514 17524 17534 17544 17554 17564 17574 17584 17594
17514 17524 17534 17544 17554 17564 17574 17584 17594
17514 17524 17534 17544 17554 17564 17574 17584 17594
17514 17524 17534 17544 17554 17564 17574 17584 17594
17514 17524 17534 17544 17554 17564 17574 17584 17594
17514 17524 17534 17544 17554 17564 17574 17584 17594
17514 17524 17534 17544 17554 17564 17574 17584 17594
17514 17524 17534 17544 17554 17564 17574 17584 17594
17514 17524 17534 17544 17554 17564 17574 17584 17594
17514 17524 17534 17544 17554 17564 17574 17584 17594
17514 17524 17534 17544 17554 17564 17574 17584 17594
17514 17524 17534 17544 17554 17564 17574 17584 17594
17514 17524 17534 17544 17554 17564 17574 17584 17594
17514 17524 17534 17544 17554 17564 17574 17584 17594
17514 17524 17534 17544 17554 17564 17574 17584 17594
17514 17524 17534 17544 17554 17564 17574 17584 17594
17514 17524 17534 17544 17554 17564 17574 17584 17594
17514 17524 17534 17544 17554 17564 17574 17584 17594
17514 17524 17534 17544 17554 17564 17574 17584 17594
17514 17524 17534 17544 17554 17564 17574 17584 17594
17514 17524 17534 17544 17554 17564 17574 17584 17594
17514 17524 17534 17544 17554 17564 17574 17584 17594
17514 17524 17534 17544 17554 17564 17574 17584 17594
17514 17524 17534 17544 17554 17564 17574 17584 17594
17514 17524 17534 17544 17554 17564 17574 17584 17594
36015 36025 36035 36045 36065 36055
36015 36025 36035 36045 36065 36055
36015 36025 36035 36045 36065 36055
36015 36025 36035 36045 36065 36055
36015 36025 36035 36045 36065 36055
36015 36025 36035 36045 36065 36055
36015 36025 36035 36045 36065 36055
36015 36025 36035 36045 36065 36055
36015 36025 36035 36045 36065 36055
36015 36025 36035 36045 36065 36055
36015 36025 36035 36045 36065 36055
36015 36025 36035 36045 36065 36055
36015 36025 36035 36045 36065 36055
36015 36025 36035 36045 36065 36055
36015 36025 36035 36045 36065 36055
36015 36025 36035 36045 36065 36055
36015 36025 36035 36045 36065 36055
36015 36025 36035 36045 36065 36055
36015 36025 36035 36045 36065 36055
36015 36025 36035 36045 36065 36055
36015 36025 36035 36045 36065 36055
36015 36025 36035 36045 36065 36055
36015 36025 36035 36045 36065 36055
36015 36025 36035 36045 36065 36055
36015 36025 36035 36045 36065 36055
36015 36025 36035 36045 36065 36055
36015 36025 36035 36045 36065 36055
36015 36025 36035 36045 36065 36055
36015 36025 36035 36045 36065 36055
36015 36025 36035 36045 36065 36055
36015 36025 36035 36045 36065 36055
36015 36025 36035 36045 36065 36055
36015 36025 36035 36045 36065 36055
36015 36025 36035 36045 36065 36055
36015 36025 36035 36045 36065 36055
36015 36025 36035 36045 36065 36055
36015 36025 36035 36045 36065 36055
36015 36025 36035 36045 36065 36055
36015 36025 36035 36045 36065 36055
36015 36025 36035 36045 36065 36055
36015 36025 36035 36045 36065 36055
36015 36025 36035 36045 36065 36055
36015 36025 36035 36045 36065 36055
36015 36025 36035 36045 36065 36055
36015 36025 36035 36045 36065 36055
36015 36025 36035 36045 36065 36055
36015 36025 36035 36045 36065 36055
36015 36025 36035 36045 36065 36055
36015 36025 36035 36045 36065 36055
36015 36025 36035 36045 36065 36055
36015 36025 36035 36045 36065 36055
36015 36025 36035 36045 36065 36055
36015 36025 36035 36045 36065 36055
36015 36025 36035 36045 36065 36055
36015 36025 36035 36045 36065 36055
36015 36025 36035 36045 36065 36055
36015 36025 36035 36045 36065 36055
36015 36025 36035 36045 36065 36055
36015 36025 36035 36045 36065 36055
36015 36025 36035 36045 36065 36055
36015 36025 36035 36045 36065 36055
36015 36025 36035 36045 36065 36055
36015 36025 36035 36045 36065 36055
36015 36025 36035 36045 36065 36055
36015 36025 36035 36045 36065 36055
36015 36025 36035 36045 36065 36055
36015 36025 36035 36045 36065 36055
36015 36025 36035 36045 36065 36055
36015 36025 36035 36045 36065 36055
36015 36025 36035 36045 36065 36055
36015 36025 36035 36045 36065 36055
36015 36025 36035 36045 36065 36055
36015 36025 36035 36045 36065 36055
36015 36025 36035 36045 36065 36055
36015 36025 36035 36045 36065 36055
36015 36025 36035 36045 36065 36055
36015 36025 36035 36045 36065 36055
37156
37156
37156
37156
37156
37156
37156
37156
37156
37156
37156
37156
37156
37156
37156
37156
37156
37156
37156
37156
37156
37156
37156
37156
37156
37156
37156
37156
37156
37156
37156
37156
37156
37156
37156
37156
37156
37156
37156
37156
37156
37156
37156
37156
37156
37156
37156
37156
37156
37156
