84641
84641
84641
84641
84641
84641
84641
84641
84641
84641
84641
84641
84641
84641
84641
84641
84641
84641
84641
84641
84641
84641
84641
84641
84641
84641
84641
84641
84641
84641
6352 6402 6412 6422
6352 6402 6412 6422
6352 6402 6412 6422
6352 6402 6412 6422
6352 6402 6412 6422
6352 6402 6412 6422
6352 6402 6412 6422
6352 6402 6412 6422
6352 6402 6412 6422
6352 6402 6412 6422
6352 6402 6412 6422
6352 6402 6412 6422
6352 6402 6412 6422
6352 6402 6412 6422
6352 6402 6412 6422
6352 6402 6412 6422
6352 6402 6412 6422
6352 6402 6412 6422
6352 6402 6412 6422
6352 6402 6412 6422
6352 6402 6412 6422
6352 6402 6412 6422
6352 6402 6412 6422
6352 6402 6412 6422
6352 6402 6412 6422
6352 6402 6412 6422
6352 6402 6412 6422
6352 6402 6412 6422
6352 6402 6412 6422
6352 6402 6412 6422
6352 6402 6412 6422
6352 6402 6412 6422
6352 6402 6412 6422
6352 6402 6412 6422
6352 6402 6412 6422
6352 6402 6412 6422
6352 6402 6412 6422
6352 6402 6412 6422
6362 6362 6362 6362
6372 6372 6372 6372
6352 6402 6412 6422
6382 6382 6382 6382
6382 6382 6382 6382
6352 6402 6412 6422
6352 6402 6412 6422
6392 6392 6392 6392
6352 6402 6412 6422
6352 6402 6412 6422
6352 6402 6412 6422
6352 6402 6412 6422
7873 7873 7873
7873 7873 7873
7873 7873 7873
7873 7873 7873
7873 7873 7873
7873 7873 7873
7873 7873 7873
7873 7873 7873
7873 7873 7873
7873 7873 7873
7873 7873 7873
7873 7873 7873
7873 7873 7873
7873 7873 7873
7873 7873 7873
7873 7873 7873
7873 7873 7873
7873 7873 7873
7873 7873 7873
7873 7873 7873
7873 7873 7873
7873 7873 7873
7873 7873 7873
7873 7873 7873
7873 7873 7873
7873 7873 7873
7873 7873 7873
7873 7873 7873
7873 7873 7873
7873 7873 7873
7873 7873 7873
7873 7873 7873
36644 36654 36664 36674 36684 36694 36704 36714 36724 43214
36644 36654 36664 36674 36684 36694 36704 36714 36724 43214
36644 36654 36664 36674 36684 36694 36704 36714 36724 43214
36644 36654 36664 36674 36684 36694 36704 36714 36724 43214
36644 36654 36664 42974 36684 36694 36704 42974 36724 43214
36644 36654 36664 36674 36684 36694 36704 36714 36724 43214
36644 36654 36664 36674 36684 36694 36704 36714 36724 43214
36644 36654 36664 42974 36684 36694 36704 42974 36724 43214
36644 36654 36664 36674 36684 36694 36704 36714 36724 43214
36644 36654 36664 36674 36684 36694 36704 36714 36724 43214
36644 36654 36664 36674 36684 36694 36704 36714 36724 43214
36644 36654 36664 36674 36684 36694 36704 36714 36724 43214
36644 36654 36664 36674 36684 36694 36704 36714 36724 43214
36644 36654 36664 36674 36684 36694 36704 36714 36724 43214
36644 36654 36664 36674 36684 36694 36704 36714 36724 43214
36644 36654 36664 36674 36684 36694 36704 36714 36724 43214
36644 42974 42974 42974 42974 42974 36704 42974 36724 43214
36644 36654 36664 36674 36684 36694 36704 36714 36724 43214
36644 36654 36664 36674 36684 36694 36704 36714 36724 43214
36644 36654 36664 42974 42974 36694 36704 42974 36724 43214
36644 36654 36664 36674 36684 36694 36704 36714 36724 43214
36644 36654 36664 36674 36684 36694 36704 36714 36724 43214
36644 36654 36664 42974 36684 36694 36704 42974 36724 43214
36644 36654 36664 36674 36684 36694 36704 36714 36724 43214
36644 36654 36664 36674 36684 36694 36704 36714 36724 43214
36644 36654 36664 36674 36684 36694 36704 36714 36724 43214
36644 36654 36664 36674 36684 36694 36704 36714 36724 43214
36644 36654 36664 36674 36684 36694 36704 36714 36724 43214
36644 36654 36664 36674 36684 36694 36704 36714 36724 43214
36644 36654 36664 36674 36684 36694 36704 36714 36724 43214
36644 36654 36664 36674 36684 36694 36704 36714 36724 43214
36644 36654 36664 36674 36684 36694 36704 36714 36724 43214
36644 36654 36664 36674 36684 36694 36704 36714 36724 43214
36644 36654 36664 36674 36684 36694 36704 36714 36724 43214
36644 36654 36664 36674 36684 36694 36704 36714 36724 43214
36644 36654 36664 36674 36684 36694 36704 36714 36724 43214
36644 36654 36664 36674 36684 36694 36704 36714 36724 43214
36644 36654 36664 36674 36684 36694 36704 36714 36724 43214
36644 36654 36664 36674 36684 36694 36704 36714 36724 43214
36644 36654 36664 36674 36684 36694 36704 36714 36724 43214
36644 36654 36664 36674 36684 36694 36704 36714 36724 43214
36644 36654 36664 36674 36684 36694 36704 36714 36724 43214
36644 36654 36664 36674 36684 36694 36704 36714 36724 43214
36644 36654 36664 36674 36684 36694 36704 36714 36724 43214
36644 36654 36664 36674 36684 36694 36704 36714 36724 43214
36644 36654 36664 36674 36684 36694 36704 36714 36724 43214
36644 36654 36664 36674 36684 36694 36704 36714 36724 43214
36644 36654 36664 36674 42854 36694 36704 36714 36724 42854
36644 36654 36664 36674 42854 36694 36704 36714 36724 42854
36644 36654 36664 42864 42864 42874 36704 42874 36724 42864
36644 36654 36664 42864 42864 42874 36704 42874 36724 42864
36644 36654 36664 42864 42864 42874 36704 42874 36724 42864
36644 36654 36664 42864 42864 42874 36704 42874 36724 42864
36644 36654 36664 36674 36684 36694 36704 36714 36724 43214
36644 36654 36664 42884 36684 36694 36704 36714 36724 43214
36644 36654 36664 42884 36684 42914 36704 42914 36724 43214
36644 36654 36664 36674 36684 36694 36704 36714 36724 43214
36644 36654 36664 36674 36684 36694 36704 36714 36724 43214
36644 36654 36664 36674 36684 42914 36704 42914 36724 43214
36644 42894 42894 42894 42894 42894 36704 42894 36724 43214
36644 42894 42894 42894 42894 42894 36704 42894 36724 43214
36644 43204 43204 43204 43204 43204 36704 43204 36724 43214
36644 43204 43204 43204 43204 43204 36704 43204 36724 43214
36644 36654 36664 36674 36684 36694 36704 36714 36724 43214
36644 42904 42904 42904 42904 42904 36704 42904 42904 42904
36644 36654 36664 36674 36684 36694 36704 36714 36724 43214
36644 36654 36664 36674 36684 36694 36704 36714 36724 43214
36644 36654 36664 36674 36684 36694 36704 36714 36724 43214
36644 36654 36664 42914 42914 36694 36704 42914 36724 43214
36644 36654 36664 42914 42914 36694 36704 42914 36724 43214
36644 36654 36664 36674 36684 36694 36704 36714 36724 43214
36644 36654 36664 42914 42914 36694 36704 42914 36724 43214
36644 36654 36664 42914 42914 36694 36704 42914 36724 43214
36644 36654 36664 36674 36684 36694 36704 42924 36724 43214
36644 36654 36664 36674 36684 36694 36704 42924 36724 43214
36644 36654 36664 42934 42934 42944 36704 42944 36724 42934
36644 36654 36664 42934 42934 42944 36704 42944 36724 42934
36644 36654 36664 42934 42934 42944 36704 42944 36724 42934
36644 36654 36664 42934 42934 42944 36704 42944 36724 42934
36644 36654 36664 42934 42934 42944 36704 42944 36724 42934
36644 36654 36664 36674 36684 36694 36704 36714 36724 43214
36644 36654 36664 36674 36684 36694 36704 36714 36724 43214
36644 36654 36664 36674 36684 36694 36704 36714 36724 43214
36644 36654 36664 36674 36684 36694 36704 36714 36724 43214
36644 36654 36664 36674 36684 36694 36704 36714 36724 43214
36644 36654 36664 42954 36684 42954 36704 42954 36724 43214
36644 36654 36664 42954 36684 42954 36704 42954 36724 43214
36644 36654 36664 36674 42964 36694 36704 36714 36724 43214
77495 77505 77515 77525 77535
77495 77505 77515 77525 77535
77495 77505 77515 77525 77535
77495 77505 77515 77525 77535
77495 77505 77515 77525 77535
77495 77505 77515 77525 77535
77495 77505 77515 77525 77535
77495 77505 77515 77525 77535
77495 77505 77515 77525 77535
77495 77505 77515 77525 77535
77495 77505 77515 77525 77535
77495 77505 77515 77525 77535
77495 77505 77515 77525 77535
77495 77505 77515 77525 77535
77495 77505 77515 77525 77535
77495 77505 77515 77525 77615
77495 77505 77515 77525 77615
77495 77505 77515 77525 77615
77495 77505 77515 77525 77535
77495 77505 77515 77525 77535
77495 77505 77515 77525 77535
77495 77505 77515 77525 77535
77495 77505 77515 77525 77535
77495 77505 77515 77525 77535
77495 77505 77515 77525 77535
77495 77505 77515 77525 77535
77495 77505 77515 77525 77535
77495 77505 77515 77525 77535
77495 77505 77515 77525 77535
77495 77505 77515 77525 77535
77495 77505 77515 77525 77535
77495 77505 77515 77525 77535
77495 77505 77515 77525 77535
77495 77505 77515 77525 77535
77495 77505 77515 77525 77535
77495 77505 77515 77525 77535
77495 77505 77515 77525 77535
77495 77505 77515 77525 77535
77495 77505 77515 77525 77535
77495 77505 77515 77525 77535
77495 77505 77515 77525 77535
77495 77505 77515 77525 77535
77495 77505 77515 77525 77535
77495 77505 77515 77525 77535
77495 77505 77515 77525 77535
77495 77505 77515 77525 77535
77495 77505 77515 77525 77535
77495 77545 77545 77525 77545
77495 77505 77515 77525 77535
77495 77505 77515 77525 77535
77495 77505 77515 77525 77535
77495 77505 77515 77525 77535
77495 77505 77515 77525 77535
77495 77505 77515 77525 77535
77495 77505 77515 77525 77535
77495 77505 77515 77525 77535
77495 77505 77515 77525 77535
77495 77505 77515 77525 77535
77495 77505 77515 77525 77535
77585 77585 77585 77525 77535
77495 77505 77515 77525 77535
77495 77505 77515 77525 77535
77595 77595 77595 77525 77535
77605 77605 77605 77605 77605
77605 77605 77605 77605 77605
77605 77605 77605 77605 77605
77495 77545 77545 77525 77545
77495 77505 77515 77525 77535
77495 77505 77515 77525 77555
77495 77505 77515 77525 77555
77495 77605 77605 77605 77605
77495 77605 77605 77605 77605
77495 77605 77605 77605 77605
77495 77505 77515 77525 77535
77495 77505 77515 77525 77555
77495 77505 77515 77525 77555
77495 77505 77515 77525 77535
79896 79946 79956 79966
79896 79946 79956 79966
79896 79946 79956 79966
79896 79946 79956 79966
79896 79946 79956 79966
79896 79946 79956 79966
79896 79946 79956 79966
79896 79946 79956 79966
79896 79946 79956 79966
79896 79946 79956 79966
79896 79946 79956 79966
79896 79946 79956 79966
79896 79946 79956 79966
79896 79946 79956 79966
79896 79946 79956 79966
79896 79946 79956 79966
79896 79946 79956 79966
79896 79946 79956 79966
79896 79946 79956 79966
79896 79946 79956 79966
79896 79946 79956 79966
79896 79946 79956 79966
79896 79946 79956 79966
79896 79946 79956 79966
79896 79946 79956 79966
79896 79946 79956 79966
79896 79946 79956 79966
79896 79946 79956 79966
79896 79946 79956 79966
79896 79946 79956 79966
79896 79946 79956 79966
79896 79946 79956 79966
79896 79946 79956 79966
79896 79946 79956 79966
79896 79946 79956 79966
79896 79946 79956 79966
79896 79946 79956 79966
79896 79946 79956 79966
79906 79906 79906 79906
79916 79916 79916 79916
79896 79946 79956 79966
79926 79926 79926 79926
79926 79926 79926 79926
79896 79946 79956 79966
79896 79946 79956 79966
79936 79936 79936 79936
79896 79946 79956 79966
79896 79946 79956 79966
79896 79946 79956 79966
79896 79946 79956 79966
