84591
84591
84591
84591
84591
84591
84591
84591
84591
84591
84591
84591
84591
84591
84591
84591
84591
84591
84591
84591
84591
84591
84591
84591
84591
84591
84591
84591
84591
84591
5952 6002 6012 6022
5952 6002 6012 6022
5952 6002 6012 6022
5952 6002 6012 6022
5952 6002 6012 6022
5952 6002 6012 6022
5952 6002 6012 6022
5952 6002 6012 6022
5952 6002 6012 6022
5952 6002 6012 6022
5952 6002 6012 6022
5952 6002 6012 6022
5952 6002 6012 6022
5952 6002 6012 6022
5952 6002 6012 6022
5952 6002 6012 6022
5952 6002 6012 6022
5952 6002 6012 6022
5952 6002 6012 6022
5952 6002 6012 6022
5952 6002 6012 6022
5952 6002 6012 6022
5952 6002 6012 6022
5952 6002 6012 6022
5952 6002 6012 6022
5952 6002 6012 6022
5952 6002 6012 6022
5952 6002 6012 6022
5952 6002 6012 6022
5952 6002 6012 6022
5952 6002 6012 6022
5952 6002 6012 6022
5952 6002 6012 6022
5952 6002 6012 6022
5952 6002 6012 6022
5952 6002 6012 6022
5952 6002 6012 6022
5952 6002 6012 6022
5962 5962 5962 5962
5972 5972 5972 5972
5952 6002 6012 6022
5982 5982 5982 5982
5982 5982 5982 5982
5952 6002 6012 6022
5952 6002 6012 6022
5992 5992 5992 5992
5952 6002 6012 6022
5952 6002 6012 6022
5952 6002 6012 6022
5952 6002 6012 6022
21623 21633 21643 21653 21663
21623 21633 21643 21653 21663
21623 21633 21643 21653 21663
21623 21633 21643 21653 21663
21623 21633 21643 21653 21663
21623 21633 21643 21653 21663
21623 21633 21643 21653 21663
21623 21633 21643 21653 21663
21623 21633 21643 21653 21663
21623 21633 21643 21653 21663
21623 21633 21643 21653 21663
21623 21633 21643 21653 21663
21623 21633 21643 21653 21663
21623 21633 21643 21653 21663
21623 21633 21643 21653 21663
21623 21633 21643 21653 21663
21623 21633 21643 21653 21663
21623 21633 21643 21653 21663
21623 21633 21643 21653 21663
21623 21633 21643 21653 21663
21623 21633 21643 21653 21663
21623 21633 21643 21653 21663
21623 21633 21643 21653 21663
21623 21633 21643 21653 21663
21623 21633 21643 21653 21663
21623 21633 21643 21653 21663
21623 21633 21643 21653 21663
21623 21633 21643 21653 21663
21623 21633 21643 21653 21663
21623 21633 21643 21653 21663
21623 21633 21643 21653 21663
21623 21633 21643 21653 21663
21623 21633 21643 21653 21663
21623 21633 21643 21653 21663
21623 21633 21643 21653 21663
21623 21633 21643 21653 21663
21623 21633 21643 21653 21663
21623 21633 21643 21653 21663
21623 21633 21643 21653 21663
21623 21633 21643 21653 21663
21623 21633 21643 21653 21663
21623 21633 21643 21653 21663
21623 21633 21643 21653 21663
21623 21633 21643 21653 21663
21623 21633 21643 21653 21663
21623 21633 21643 21653 21663
21623 21633 21643 21653 21663
21623 21633 21643 21653 21663
21623 21633 21643 21653 21663
21623 21633 21673 21673 21673 21673
21623 21633 21673 21673 21673 21673
21623 21633 21673 21673 21673 21673
21623 21633 34793 34793 34793 34793
21623 21633 34793 34793 34793 34793
21623 21633 34793 34793 34793 34793
21623 21633 21683 21683 21683 21683
21623 21633 21683 21683 21683 21683
21623 21633 34803 34803 34803 34803
21623 21633 34803 34803 34803 34803
21623 21633 21643 21653 21663
21623 21633 21643 21653 21663
21623 21633 21643 21653 21663
21623 21633 21643 21653 21663
21623 21633 21643 21653 21663
21623 21633 21643 21653 21663
21623 21633 21643 21653 21663
21623 21633 21643 21653 21663
21623 21633 21643 21653 21663
21623 21633 21643 21653 21663
21623 21633 21643 21653 21663
21623 21633 21643 21653 21663
21623 21633 21643 21653 21663
62624 62674 62684 62694
62624 62674 62684 62694
62624 62674 62684 62694
62624 62674 62684 62694
62624 62674 62684 62694
62624 62674 62684 62694
62624 62674 62684 62694
62624 62674 62684 62694
62624 62674 62684 62694
62624 62674 62684 62694
62624 62674 62684 62694
62624 62674 62684 62694
62624 62674 62684 62694
62624 62674 62684 62694
62624 62674 62684 62694
62624 62674 62684 62694
62624 62674 62684 62694
62624 62674 62684 62694
62624 62674 62684 62694
62624 62674 62684 62694
62624 62674 62684 62694
62624 62674 62684 62694
62624 62674 62684 62694
62624 62674 62684 62694
62624 62674 62684 62694
62624 62674 62684 62694
62624 62674 62684 62694
62624 62674 62684 62694
62624 62674 62684 62694
62624 62674 62684 62694
62624 62674 62684 62694
62624 62674 62684 62694
62624 62674 62684 62694
62624 62674 62684 62694
62624 62674 62684 62694
62624 62674 62684 62694
62624 62674 62684 62694
62624 62674 62684 62694
62634 62634 62634 62634
62644 62644 62644 62644
62624 62674 62684 62694
62654 62654 62654 62654
62654 62654 62654 62654
62624 62674 62684 62694
62624 62674 62684 62694
62664 62664 62664 62664
62624 62674 62684 62694
62624 62674 62684 62694
62624 62674 62684 62694
62624 62674 62684 62694
64495
64495
64495
64495
64495
64495
64495
64495
64495
64495
64495
64495
64495
64495
64495
64495
64495
64495
64495
64495
64495
64495
64495
64495
64495
64495
64495
64495
