38731
38731
38731
38731
38731
38731
38731
38731
38731
38731
38731
38731
38731
38731
38731
38731
38731
38731
38731
38731
38731
38731
38731
38731
38731
38731
38731
38731
38731
38731
2792
2792
2792
2792
2792
2792
2792
2792
2792
2792
2792
2792
2792
2792
2792
2792
2792
2792
2792
2792
2792
2792
2792
2792
2792
2792
2792
2792
2792
2792
2792
2792
2792
2792
2792
2792
2792
2792
2792
2792
2792
2792
2792
2792
2792
2792
2792
2792
2792
29873
29873
29873
29873
29873
29873
29873
29873
29873
29873
29873
29873
29873
29873
29873
29873
29873
29873
29873
29873
29873
29873
29873
29873
29873
29873
29873
29873
29873
29873
29873
29873
30914 30924 30934 30944 30954 30964
30914 30924 30934 30944 30954 30964
30914 30924 30934 30944 30954 30964
30914 30924 30934 30944 30954 30964
30914 30924 30934 30944 30954 30964
30914 30924 30934 30944 30954 30964
30914 30924 30934 30944 30954 30964
30914 30924 30934 30944 30954 30964
30914 30924 30934 30944 30954 30964
30914 30924 30934 30944 30954 30964
30914 30924 30934 30944 30954 30964
30914 30924 30934 30944 30954 30964
30914 30924 30934 30944 30954 30964
30914 30924 30934 30944 30954 30964
30914 30924 30934 30944 30954 30964
30914 30924 30934 30944 30954 30964
30914 30924 30934 30944 30954 30964
30914 30924 30934 30944 30954 30964
30914 30924 30934 30944 30954 30964
30914 30924 30934 30944 30954 30964
30914 30924 30934 30944 30954 30964
30914 30924 30934 30944 30954 30964
30914 30924 30934 30944 30954 30964
30914 30924 30934 30944 30954 30964
30914 30924 30934 30944 30954 30964
30914 30924 30934 30944 30954 30964
30914 30924 30934 30944 30954 30964
30914 30924 30934 30944 30954 30964
30914 30924 30934 30944 30954 30964
30914 30924 30934 30944 30954 30964
30914 30924 30934 30944 30954 30964
30914 30924 30934 30944 30954 30964
30914 30924 30934 30944 30954 30964
30914 30924 30934 30944 30954 30964
30914 30924 30934 30944 30954 30964
30914 30924 30934 30944 30954 30964
30914 30924 30934 30944 30954 30964
30914 30924 30934 30944 30954 30964
30914 30924 30934 30944 30954 30964
30914 30924 30934 30944 30954 30964
30914 30924 30934 30944 30954 30964
30914 30924 30934 30944 30954 30964
30914 30924 30934 30944 30954 30964
30914 30924 30934 30944 30954 30964
30914 30924 30934 30944 30954 30964
30914 30924 30934 30944 30954 30964
30914 30924 30934 30944 30954 30964
30914 30924 30934 30944 30954 30964
30914 30924 30934 30944 30954 30964
30914 30924 30934 30944 30954 30964
30914 30924 30934 30944 30954 30964
30914 30924 30934 30944 30954 30964
30914 30924 30934 30944 30954 30964
30914 30924 30934 30944 30954 30964
30914 30924 30934 30944 30954 30964
30914 30924 30934 30944 30954 30964
30914 30924 30934 30944 30954 30964
30914 30924 30934 30944 30954 30964
30914 30924 30934 30944 30954 30964
