84621
84621
84621
84621
84621
84621
84621
84621
84621
84621
84621
84621
84621
84621
84621
84621
84621
84621
84621
84621
84621
84621
84621
84621
84621
84621
84621
84621
84621
84621
26632 26642 26652 26662 26672
26632 26642 26652 26662 26672
26632 26642 34582 26662 34582
26632 26642 34582 26662 34582
26632 26642 34582 26662 34582
26632 26642 34582 26662 34582
26632 26642 26652 26662 26672
26632 26642 26652 26662 26672
26632 26642 26652 26662 26672
26632 26642 26652 26662 26672
26632 26642 26652 26662 26672
26632 26642 26652 26662 26672
26632 26642 26652 26662 26672
26632 26642 34582 26662 34582
26632 26642 34582 26662 34582
26632 26642 34582 26662 34582
26632 26642 34582 26662 34582
26632 26642 26652 26662 26672
26632 26642 26652 26662 26672
26632 26642 26652 26662 26672
26632 26642 26652 26662 26672
26632 26642 26652 26662 26672
26632 26642 26652 26662 26672
26632 26642 26652 26662 26672
26632 26642 26652 26662 26672
26632 26642 26652 26662 26672
26632 26642 26652 26662 26672
26632 26642 26652 26662 26672
26632 26642 26652 26662 26672
26632 26642 26652 26662 26672
26632 26642 26652 26662 26672
26632 26642 26652 26662 26672
26632 26642 26652 26662 26672
26632 26642 26652 26662 26672
26632 26642 26652 26662 26672
26632 26642 26652 26662 26672
26632 26642 26652 26662 26672
26682 26682 26682 26662 26682
26692 26642 26692 26692 26672
26632 26642 26652 26662 26672
26702 26642 26702 26702 26672
26702 26642 26702 26702 26672
26712 26642 26712 26712 26672
26712 26642 26712 26712 26672
26722 26642 26722 26722 26672
26732 26642 26732 26732 26672
26742 26642 26742 26662 26672
26752 26642 26752 26662 26672
26762 26642 26762 26662 26672
26772 26772 26772 26772 26772
26772 26772 26772 26772 26772
26772 26772 26772 26772 26772
26782 26782 26782 26782 26782
26782 26782 26782 26782 26782
26782 26782 26782 26782 26782
26632 26642 26652 26662 26672
26792 26792 26792 26792 26792
26792 26792 26792 26792 26792
26632 26642 26652 26662 26672
26802 26642 26802 26662 26672
26632 26642 26652 26662 26672
