38781
38781
38781
38781
38781
38781
38781
38781
38781
38781
38781
38781
38781
38781
38781
38781
38781
38781
38781
38781
38781
38781
38781
38781
38781
38781
38781
38781
38781
38781
11052 11062 11072 11082 11092 11102 11112
11052 11062 11072 11082 11092 11102 11112
11052 11062 11072 11082 11092 11102 11112
11052 11062 11072 11082 11092 11102 11112
11052 11062 11072 11082 11092 11102 11112
11052 11062 11072 11082 11092 11102 11112
11052 11062 11072 11082 11092 11102 11112
11052 11062 11072 11082 11092 11102 11112
11052 11062 11072 11082 11092 11102 11112
11052 11062 11072 11082 11092 11102 11112
11052 11062 11072 11082 11092 11102 11112
11052 11062 11072 11082 11092 11102 11112
11052 11062 11072 11082 11092 11102 11112
11052 11062 11072 11082 11092 11102 11112
11052 11062 11072 11082 11092 11102 11112
11052 11062 11072 11082 11092 11102 11112
11052 11062 11072 11082 11092 11102 11112
11052 11062 11072 11082 11092 11102 11112
11052 11062 11072 11082 11092 11102 11112
11052 11062 11072 11082 11092 11102 11112
11052 11062 11072 11082 11092 11102 11112
11052 11062 11072 11082 11092 11102 11112
11052 11062 11072 11082 11092 11102 11112
11052 11062 11072 11082 11092 11102 11112
11052 11062 11072 11082 11092 11102 11112
11052 11062 11072 11082 11092 11102 11112
11052 11062 11072 11082 11092 11102 11112
11052 11062 11072 11082 11092 11102 11112
11052 11062 11072 11082 11092 11102 11112
11052 11062 11072 11082 11092 11102 11112
11052 11062 11072 11082 11092 11102 11112
11052 11062 11072 11082 11092 11102 11112
11052 11062 11072 11082 11092 11102 11112
11052 11062 11072 11082 11092 11102 11112
11052 11062 11072 11082 11092 11102 11112
11052 11062 11072 11082 11092 11102 11112
11052 11062 11072 11082 11092 11102 11112
11052 11062 11072 11082 11092 11102 11112
11052 11062 11072 11082 11092 11102 11112
11052 11062 11072 11082 11092 11102 11112
11052 11062 11072 11082 11092 11102 11112
11052 11062 11072 11082 11092 11102 11112
11052 11062 11072 11082 11092 11102 11112
11052 11062 11072 11082 11092 11102 11112
11052 11062 11072 11082 11092 11102 11112
11052 11062 11072 11082 11092 11102 11112
11052 11062 11072 11082 11092 11102 11112
11052 11062 11072 11082 11092 11102 11112
11052 11062 11072 11082 11092 11102 11112
11052 11062 11072 11082 11092 11102 11112
11052 11062 11072 11082 11092 11102 11112
11052 11062 11072 11082 11092 11102 11112
11052 11062 11072 11082 11092 11102 11112
11052 11062 11072 11082 11092 11102 11112
11052 11062 11072 11082 11092 11102 11112
11052 11062 11072 11082 11092 11102 11112
11052 11062 11072 11082 11092 11102 11112
11052 11062 11072 11082 11092 11102 11112
11052 11062 11072 11082 11092 11102 11112
11052 11062 11072 11082 11092 11102 11112
11052 11062 11072 11082 11092 11102 11112
