38731
38731
38731
38731
38731
38731
38731
38731
38731
38731
38731
38731
38731
38731
38731
38731
38731
38731
38731
38731
38731
38731
38731
38731
38731
38731
38731
38731
38731
38731
2792
2792
2792
2792
2792
2792
2792
2792
2792
2792
2792
2792
2792
2792
2792
2792
2792
2792
2792
2792
2792
2792
2792
2792
2792
2792
2792
2792
2792
2792
2792
2792
2792
2792
2792
2792
2792
2792
2792
2792
2792
2792
2792
2792
2792
2792
2792
2792
2792
3243 3233 3253 3263 3273 3283
3243 3233 3253 3263 3273 3283
3243 3233 3253 3263 3273 3283
3243 3233 3253 3263 3273 3283
3243 3233 3253 3263 3273 3283
3243 3233 3253 3263 3273 3283
3243 3233 3253 3263 3273 3283
3243 3233 3253 3263 3273 3283
3243 3233 3253 3263 3273 3283
3243 3233 3253 3263 3273 3283
3243 3233 3253 3263 3273 3283
3243 3233 3253 3263 3273 3283
3243 3233 3253 3263 3273 3283
3243 3233 3253 3263 3273 3283
3243 3233 3253 3263 3273 3283
3243 3233 3253 3263 3273 3283
3243 3233 3253 3263 3273 3283
3243 3233 3253 3263 3273 3283
3243 3233 3253 3263 3273 3283
3243 3233 3253 3263 3273 3283
3243 3233 3253 3263 3273 3283
3243 3233 3253 3263 3273 3283
3243 3233 3253 3263 3273 3283
3243 3233 3253 3263 3273 3283
3243 3233 3253 3263 3273 3283
3243 3233 3253 3263 3273 3283
3243 3233 3253 3263 3273 3283
3243 3233 3253 3263 3273 3283
3243 3233 3253 3263 3273 3283
3243 3233 3253 3263 3273 3283
3243 3233 3253 3263 3273 3283
3243 3233 3253 3263 3273 3283
3243 3233 3253 3263 3273 3283
3243 3233 3253 3263 3273 3283
3243 3233 3253 3263 3273 3283
3243 3233 3253 3263 3273 3283
3243 3233 3253 3263 3273 3283
3243 3233 3253 3263 3273 3283
3243 3233 3253 3263 3273 3283
3243 3233 3253 3263 3273 3283
3243 3233 3253 3263 3273 3283
3243 3233 3253 3263 3273 3283
3243 3233 3253 3263 3273 3283
3243 3233 3253 3263 3273 3283
3243 3233 3253 3263 3273 3283
3243 3233 3253 3263 3273 3283
3243 3233 3253 3263 3273 3283
3243 3233 3253 3263 3273 3283
3243 3233 3253 3263 3273 3283
3243 3233 3253 3263 3273 3283
3243 3233 3253 3263 3273 3283
3243 3233 3253 3263 3273 3283
3243 3233 3253 3263 3273 3283
3243 3233 3253 3263 3273 3283
3243 3233 3253 3263 3273 3283
3243 3233 3253 3263 3273 3283
3243 3233 3253 3263 3273 3283
3243 3233 3253 3263 3273 3283
3243 3233 3253 3263 3273 3283
3243 3233 3253 3263 3273 3283
3243 3233 3253 3263 3273 3283
3243 3233 3253 3263 3273 3283
3243 3233 3253 3263 3273 3283
3243 3233 3253 3263 3273 3283
3243 3233 3253 3263 3273 3283
3243 3233 3253 3263 3273 3283
30764
30764
30764
30764
30764
30764
30764
30764
30764
30764
30764
30764
30764
30764
30764
30764
30764
30764
30764
30764
30764
30764
30764
30764
30764
30764
30764
30764
