84571
84571
84571
84571
84571
84571
84571
84571
84571
84571
84571
84571
84571
84571
84571
84571
84571
84571
84571
84571
84571
84571
84571
84571
84571
84571
84571
84571
84571
84571
8102 8112 8122
8102 8112 8122
8102 8112 8122
8102 8112 8122
8102 8112 8122
8102 8112 8122
8102 8112 8122
8102 8112 8122
8102 8112 8122
8102 8112 8122
8102 8112 8122
8102 8112 8122
8102 8112 8122
8102 8112 8122
8102 8112 8122
8102 8112 8122
8102 8112 8122
8102 8112 8122
8102 8112 8122
8102 8112 8122
8102 8112 8122
8102 8112 8122
8102 8112 8122
8102 8112 8122
8102 8112 8122
8102 8112 8122
8102 8112 8122
8102 8112 8122
8102 8112 8122
8102 8112 8122
8102 8112 8122
8102 8112 8122
8102 8112 8122
8102 8112 8122
8102 8112 8122
8102 8112 8122
8102 8112 8122
8132 8132 8132
8142 8142 8142
8102 8112 8122
8102 8112 8122
8102 8112 8122
8102 8112 8122
8102 8112 8122
8102 8112 8122
8102 8112 8122
8102 8112 8122
8102 8112 8122
8102 8112 8122
11443 11453 11463 11473 11483
11443 11453 11463 11473 11483
11443 11453 11463 11473 11483
11443 11453 11463 11473 11483
11443 11453 11463 11473 11483
11443 11453 11463 11473 11483
11443 11453 11463 11473 11483
11443 11453 11463 11473 11483
11443 11453 11463 11473 11483
11443 11453 11463 11473 11483
11443 11453 11463 11473 11483
11443 11453 11463 11473 11483
11443 11453 11463 11473 11483
11443 11453 11463 11473 11483
11443 11453 11463 11473 11483
33643 33643 11463 33643 11483
33643 33643 11463 33643 11483
33643 33643 11463 33643 11483
11443 11453 11463 11473 11483
11443 11453 11463 11473 11483
11443 11453 11463 11473 11483
11443 11453 11463 11473 11483
11443 11453 11463 11473 11483
11443 11453 11463 11473 11483
11443 11453 11463 11473 11483
11443 11453 11463 11473 11483
11443 11453 11463 11473 11483
11443 11453 11463 11473 11483
11443 11453 11463 11473 11483
11443 11453 11463 11473 11483
11443 11453 11463 11473 11483
11443 11453 11463 11473 11483
11443 11453 11463 11473 11483
11443 11453 11463 11473 11483
11443 11453 11463 11473 11483
11443 11453 11463 11473 11483
11443 11453 11463 11473 11483
11443 11453 11463 11473 11483
11443 11453 11463 11473 11483
11443 11453 11463 11473 11483
11443 11453 11463 11473 11483
11443 11453 11463 11473 11483
11443 11453 11463 11473 11483
11443 11453 11463 11473 11483
11443 11453 11463 11473 11483
11443 11453 11463 11473 11483
11443 11453 11463 11473 11483
11493 11493 11493 11493 11493
11443 11453 11463 11473 11483
11503 11503 11503 11503 11503
11513 11513 11513 11513 11513
11523 11523 11523 11523 11523
11523 11523 11523 11523 11523
11523 11523 11523 11523 11523
11443 11453 11463 11473 11483
11443 11453 11463 11473 11483
11443 11453 11463 11473 11483
11533 11533 11533 11533 11533
11443 11453 11463 11473 11483
11443 11453 11463 11473 11483
11443 11453 33653 11473 11483
11443 11453 33653 11473 11483
11443 11453 33653 11473 11483
11443 11453 11463 11473 11483
11443 11453 11463 11473 11483
11443 11453 11463 11473 11483
64474
64474
64474
64474
64474
64474
64474
64474
64474
64474
64474
64474
64474
64474
64474
64474
64474
64474
64474
64474
64474
64474
64474
64474
64474
64474
64474
64474
