61581
61581
61581
61581
61581
61581
61581
61581
61581
61581
61581
61581
61581
61581
61581
61581
61581
61581
61581
61581
61581
61581
61581
61581
61581
61581
61581
61581
61581
61581
3672 3722 3732 3742 3752 3762 3772
3672 3722 3732 3742 3752 3762 3772
3672 3722 3732 3742 3752 3762 3772
3672 3722 3732 3742 3752 3762 3772
3672 3722 3732 3742 3752 3762 3772
3672 3722 3732 3742 3752 3762 3772
3672 3722 3732 3742 3752 3762 3772
3672 3722 3732 3742 3752 3762 3772
3672 3722 3732 3742 3752 3762 3772
3672 3722 3732 3742 3752 3762 3772
3672 3722 3732 3742 3752 3762 3772
3672 3722 3732 3742 3752 3762 3772
3672 3722 3732 3742 3752 3762 3772
3672 3722 3732 3742 3752 3762 3772
3672 3722 3732 3742 3752 3762 3772
3672 3722 3732 3742 3752 3762 3772
3672 3722 3732 3742 33172 3762 3772
3672 3722 3732 3742 33172 3762 3772
3672 3722 3732 3742 3752 3762 3772
3672 3722 3732 3742 3752 3762 3772
3672 3722 3732 3742 3752 3762 3772
3672 3722 3732 3742 3752 3762 3772
3672 3722 3732 3742 3752 3762 3772
3672 3722 3732 3742 3752 3762 3772
3672 3722 3732 3742 3752 3762 3772
3672 3722 3732 3742 3752 3762 3772
3672 3722 3732 3742 3752 3762 3772
3672 3722 3732 3742 3752 3762 3772
3672 3722 3732 3742 3752 3762 3772
3672 3722 3732 3742 3752 3762 3772
3672 3722 3732 3742 3752 3762 3772
3672 3722 3732 3742 3752 3762 3772
3672 3722 3732 3742 3752 3762 3772
3672 3722 3732 3742 3752 3762 3772
3672 3722 3732 3742 3752 3762 3772
3672 3722 3732 3742 3752 3762 3772
3672 3722 3732 3742 3752 3762 3772
3672 3722 3732 3742 3752 3762 3772
3672 3722 3732 3742 3752 3762 3772
3672 3722 3732 3742 3752 3762 3772
3672 3722 3732 3742 3752 3762 3772
3672 3722 3732 3742 3752 3762 3772
3672 3722 3732 3742 3752 3762 3772
3672 3722 3732 3742 3752 3762 3772
3672 3722 3732 3742 3752 3762 3772
3682 3682 3682 3682 3682 3682 3682
3692 3692 3692 3692 3692 3692 3692
3672 3722 3732 3742 3752 3762 3772
3702 3702 3702 3702 33172 3702 3702
3702 3702 3702 3702 3702 3702 3702
3672 3722 3732 3742 3752 3762 3772
3672 3722 3732 3742 3752 3762 3772
3672 3722 3732 3742 3752 3762 3772
3672 3722 3732 3742 3752 3762 3772
3672 3722 3732 3742 3752 3762 3772
3712 3712 3712 3712 3712 3712 3712
3712 3712 3712 3712 3712 3712 3712
3712 3712 3712 3712 3712 3712 3712
3672 3722 3732 3742 3752 3762 3772
3672 3722 3732 3742 3752 3762 3772
3672 3722 3732 3742 3752 3762 3772
3672 3722 3732 3742 3752 3762 3772
3672 3722 3732 3742 3752 3762 3772
3672 3722 3732 3742 3752 3762 3772
3672 3722 3732 3742 3752 3762 3772
3672 3722 3732 3742 3752 3762 3772
3672 3722 3732 3742 3752 3762 3772
18323 18333 18343 18353 18363 18373 18383 18393
18323 18333 18343 18353 18363 18373 18383 18393
18323 18333 18343 18353 18363 18373 18383 18393
18323 18333 18343 18353 18363 18373 18383 18393
18323 18333 18343 18353 18363 18373 18383 18393
18323 18333 18343 18353 18363 18373 18383 18393
18323 18333 18343 18353 18363 18373 18383 18393
18323 18333 18343 18353 18363 18373 18383 18393
18323 18333 18343 18353 18363 18373 18383 18393
18323 18333 18343 18353 18363 18373 18383 18393
18323 18333 18343 18353 18363 18373 18383 18393
18323 18333 18343 18353 18363 18373 18383 18393
18323 18333 18343 18353 18363 18373 18383 18393
18323 18333 18343 18353 18363 18373 18383 18393
18323 18333 18343 18353 18363 18373 18383 18393
18323 18333 18343 33433 33433 33433 18383 18393
18323 18333 18343 33433 33433 33433 18383 18393
18323 18333 18343 33433 33433 33433 18383 18393
18323 18333 18343 18353 18363 18373 18383 18393
18323 18333 18343 18353 18363 18373 18383 18393
18323 18333 18343 18353 18363 18373 18383 18393
18323 18333 18343 18353 18363 18373 18383 18393
18323 18333 18343 18353 18363 18373 18383 18393
18323 18333 18343 18353 18363 18373 18383 18393
18323 18333 18343 18353 18363 18373 18383 18393
18323 18333 18343 18353 18363 18373 18383 18393
18323 18333 18343 18353 18363 18373 18383 18393
18323 18333 18343 18353 18363 18373 18383 18393
18323 18333 18343 18353 18363 18373 18383 18393
18323 18333 18343 18353 18363 18373 18383 18393
18323 18333 18343 18353 18363 18373 18383 18393
18323 18333 18343 18353 18363 18373 18383 18393
18323 18333 18343 18353 18363 18373 18383 18393
18323 18333 18343 18353 18363 18373 18383 18393
18323 18333 18343 18353 18363 18373 18383 18393
18323 18333 18343 18353 18363 18373 18383 18393
18323 18333 18343 18353 18363 18373 18383 18393
18323 18333 18343 18353 18363 18373 18383 18393
18323 18333 18343 18353 18363 18373 18383 18393
18323 18333 18343 18353 18363 18373 18383 18393
18323 18333 18343 18353 18363 18373 18383 18393
18323 18333 18343 18353 18363 18373 18383 18393
18323 18333 18343 18353 18363 18373 18383 18393
18323 18333 18343 18353 18363 18373 18383 18393
18323 18333 18343 18353 18363 18373 18383 18393
18323 18333 18343 18353 18363 18373 18383 18393
18323 18333 18343 18353 18363 18373 18383 18393
18403 18333 18343 18403 18363 18373 18383 18403
18423 18333 18343 18423 18363 18373 18383 18423
18323 18333 18343 18353 18363 18373 18383 18393
18413 18413 18413 18413 18413 18413 18413 18413
18413 18413 18413 18413 18413 18413 18413 18413
18433 18433 18433 18433 18433 18373 18383 18393
18323 18333 18343 18353 18363 18373 18383 18393
18443 18443 18343 18443 18443 18373 18383 18393
18323 18333 18343 18353 18363 18373 18383 18393
18453 18333 18343 18453 18453 18453 18453 18453
18463 18333 18343 18463 18363 18373 18383 18463
18473 18333 18343 18353 18363 18373 18383 18473
18483 18333 18343 18483 18363 18373 18383 18393
18323 18333 18343 18353 18363 18373 18383 18393
18323 18333 18343 18353 18363 18373 18383 18393
18493 18333 18343 18493 18363 18373 18383 18393
18323 18333 18343 18353 18363 18373 18383 18393
18493 18493 18493 18493 18493 18493 18493 18493
18493 18493 18493 18493 18493 18493 18493 18493
18493 18493 18493 18493 18493 18493 18493 18493
18323 18333 18343 18353 18363 18373 18383 18393
18503 18333 18343 18503 18363 18373 18383 18393
18323 18333 18343 18353 18363 18373 18383 18393
18503 18333 18343 18353 18363 18373 18383 18503
18323 18333 18343 18353 18363 18373 18383 18393
18513 18333 18343 18513 18363 18373 18383 18393
18323 18333 18343 18353 18363 18373 18383 18393
18323 18333 18343 18353 18363 18373 18383 18393
18323 18333 18343 18353 18363 18373 18383 18393
18323 18333 18343 18353 18363 18373 18383 18393
18523 18333 18343 18523 18363 18373 18383 18393
18323 18333 18343 18353 18363 18373 18383 18393
18523 18333 18343 18523 18523 18523 18523 18523
18323 18333 18343 18353 18363 18373 18383 18393
18533 18533 18343 18533 18533 18373 18383 18393
18323 18333 18343 18353 18363 18373 18383 18393
18323 18333 18343 18353 18363 18373 18383 18393
