29361
29361
29361
29361
29361
29361
29361
29361
29361
29361
29361
29361
29361
29361
29361
29361
29361
29361
29361
29361
29361
29361
29361
29361
29361
29361
29361
29361
29361
29361
1272 12122 12132 12142 12152 12162 12172
1272 12122 12132 12142 12152 12162 12172
1272 12122 12132 12142 12152 12162 12172
1272 12122 12132 12142 12152 12162 12172
1272 12122 12132 12142 12152 12162 12172
1272 12122 12132 12142 12152 12162 12172
1272 12122 12132 12142 12152 12162 12172
1272 12122 12132 12142 12152 12162 12172
1272 12122 12132 12142 12152 12162 12172
1272 12122 12132 12142 12152 12162 12172
1272 12122 12132 12142 12152 12162 12172
1272 12122 12132 12142 12152 12162 12172
1272 12122 12132 12142 12152 12162 12172
1272 12122 12132 12142 12152 12162 12172
1272 12122 12132 12142 12152 12162 12172
1272 12122 12132 12142 12152 12162 12172
1272 12122 12132 12142 12152 12162 12172
1272 12122 12132 12142 12152 12162 12172
1272 12122 12132 12142 12152 12162 12172
1272 12122 12132 12142 12152 12162 12172
1272 12122 12132 12142 12152 12162 12172
1272 12122 12132 12142 12152 12162 12172
1272 12122 12132 12142 12152 12162 12172
1272 12122 12132 12142 12152 12162 12172
1272 12122 12132 12142 12152 12162 12172
1272 12122 12132 12142 12152 12162 12172
1272 12122 12132 12142 12152 12162 12172
1272 12122 12132 12142 12152 12162 12172
1272 12122 12132 12142 12152 12162 12172
1272 12122 12132 12142 12152 12162 12172
1272 12122 12132 12142 12152 12162 12172
1272 12122 12132 12142 12152 12162 12172
1272 12122 12132 12142 12152 12162 12172
1272 12122 12132 12142 12152 12162 12172
1272 12122 12132 12142 12152 12162 12172
1272 12122 12132 12142 12152 12162 12172
1272 12122 12132 12142 12152 12162 12172
1272 12122 12132 12142 12152 12162 12172
1272 12122 12132 12142 12152 12162 12172
1272 12122 12132 12142 12152 12162 12172
1272 12122 12132 12142 12152 12162 12172
1272 12122 12132 12142 12152 12162 12172
1272 12122 12132 12142 12152 12162 12172
1272 12122 12132 12142 12152 12162 12172
1272 12122 12132 12142 12152 12162 12172
1272 12122 12132 12142 12152 12162 12172
1272 12122 12132 12142 12152 12162 12172
1272 12122 12132 12142 12152 12162 12172
1272 12122 12132 12142 12152 12162 12172
1272 12122 12132 12142 12152 12162 12172
1272 12122 12132 12142 12152 12162 12172
1272 12122 12132 12142 12152 12162 12172
1272 12122 12132 12142 12152 12162 12172
1272 12122 12132 12142 12152 12162 12172
1272 12122 12132 12142 12152 12162 12172
1272 12122 12132 12142 12152 12162 12172
1272 12122 12132 12142 12152 12162 12172
1272 12122 12132 12142 12152 12162 12172
1272 12122 12132 12142 12152 12162 12172
1272 12122 12132 12142 12152 12162 12172
1272 12122 12132 12142 12152 12162 12172
1272 12122 12132 12142 12152 12162 12172
1272 12122 12132 12142 12152 12162 12172
1272 12122 12132 12142 12152 12162 12172
1272 12122 12132 12142 12152 12162 12172
1272 12122 12132 12142 12152 12162 12172
1272 12122 12132 12142 12152 12162 12172
6893 6903 6913 6923 6933 6943 6953 6963
6893 6903 6913 6923 6933 6943 6953 6963
6893 6903 6913 6923 6933 6943 6953 6963
6893 6903 6913 6923 6933 6943 6953 6963
6893 6903 6913 6923 6933 6943 6953 6963
6893 6903 6913 6923 6933 6943 6953 6963
6893 6903 6913 6923 6933 6943 6953 6963
6893 6903 6913 6923 6933 6943 6953 6963
6893 6903 6913 6923 6933 6943 6953 6963
6893 6903 6913 6923 6933 6943 6953 6963
6893 6903 6913 6923 6933 6943 6953 6963
6893 6903 6913 6923 6933 6943 6953 6963
6893 6903 6913 6923 6933 6943 6953 6963
6893 6903 6913 6923 6933 6943 6953 6963
6893 6903 6913 6923 6933 6943 6953 6963
6893 6903 6913 6923 6933 6943 6953 6963
6893 6903 6913 6923 6933 6943 6953 6963
6893 6903 6913 6923 6933 6943 6953 6963
6893 6903 6913 6923 6933 6943 6953 6963
6893 6903 6913 6923 6933 6943 6953 6963
6893 6903 6913 6923 6933 6943 6953 6963
6893 6903 6913 6923 6933 6943 6953 6963
6893 6903 6913 6923 6933 6943 6953 6963
6893 6903 6913 6923 6933 6943 6953 6963
6893 6903 6913 6923 6933 6943 6953 6963
6893 6903 6913 6923 6933 6943 6953 6963
6893 6903 6913 6923 6933 6943 6953 6963
6893 6903 6913 6923 6933 6943 6953 6963
6893 6903 6913 6923 6933 6943 6953 6963
6893 6903 6913 6923 6933 6943 6953 6963
6893 6903 6913 6923 6933 6943 6953 6963
6893 6903 6913 6923 6933 6943 6953 6963
6893 6903 6913 6923 6933 6943 6953 6963
6893 6903 6913 6923 6933 6943 6953 6963
6893 6903 6913 6923 6933 6943 6953 6963
6893 6903 6913 6923 6933 6943 6953 6963
6893 6903 6913 6923 6933 6943 6953 6963
6893 6903 6913 6923 6933 6943 6953 6963
6893 6903 6913 6923 6933 6943 6953 6963
6893 6903 6913 6923 6933 6943 6953 6963
6893 6903 6913 6923 6933 6943 6953 6963
6893 6903 6913 6923 6933 6943 6953 6963
6893 6903 6913 6923 6933 6943 6953 6963
6893 6903 6913 6923 6933 6943 6953 6963
6893 6903 6913 6923 6933 6943 6953 6963
6893 6903 6913 6923 6933 6943 6953 6963
6893 6903 6913 6923 6933 6943 6953 6963
6893 6903 6913 6923 6933 6943 6953 6963
6893 6903 6913 6923 6933 6943 6953 6963
6893 6903 6913 6923 6933 6943 6953 6963
6893 6903 6913 6923 6933 6943 6953 6963
6893 6903 6913 6923 6933 6943 6953 6963
6893 6903 6913 6923 6933 6943 6953 6963
6893 6903 6913 6923 6933 6943 6953 6963
6893 6903 6913 6923 6933 6943 6953 6963
6893 6903 6913 6923 6933 6943 6953 6963
6893 6903 6913 6923 6933 6943 6953 6963
6893 6903 6913 6923 6933 6943 6953 6963
6893 6903 6913 6923 6933 6943 6953 6963
6893 6903 6913 6923 6933 6943 6953 6963
6973 6903 6913 6973 6933 6943 6953 6963
6893 6903 6913 6923 6933 6943 6953 6963
6893 6903 6913 6923 6933 6943 6953 6963
6973 6903 6913 6973 6933 6943 6953 6963
6973 6903 6913 6973 6933 6943 6953 6963
6973 6903 6913 6973 6933 6943 6953 6963
6973 6903 6913 6973 6933 6943 6953 6963
6893 6903 6913 6923 6933 6943 6953 6963
6893 6903 6913 6923 6933 6943 6953 6963
6973 6903 6913 6973 6933 6943 6953 6963
6973 6903 6913 6973 6933 6943 6953 6963
6893 6903 6913 6923 6933 6943 6953 6963
6893 6903 6913 6923 6933 6943 6953 6963
6973 6903 6913 6973 6933 6943 6953 6963
6973 6903 6913 6973 6933 6943 6953 6963
6973 6903 6913 6973 6933 6943 6953 6963
6893 6903 6913 6923 6933 6943 6953 6963
6893 6903 6913 6923 6933 6943 6953 6963
6973 6903 6913 6973 6933 6943 6953 6963
6973 6903 6913 6973 6933 6943 6953 6963
6893 6903 6913 6923 6933 6943 6953 6963
6893 6903 6913 6923 6933 6943 6953 6963
6893 6903 6913 6923 6933 6943 6953 6963
6893 6903 6913 6923 6933 6943 6953 6963
