30 50 30 20 90 50 90 30 30
75 75 75 50 90 90 75 80 80
20 25 25 60 90 90 75 70 70
90 90 95 70 90 90 90 10 90
75 45 75 60 90 90 75 80 80
85 85 85 70 90 90 90 80 80
60 80 60 60 90 90 75 75 75
80 80 80 70 90 90 90 75 75
90 90 90 80 90 90 90 80 80
90 90 90 80 90 90 90 80 80
90 90 90 80 90 90 90 80 80
90 90 90 80 90 90 90 80 80
90 90 90 80 90 90 90 80 80
90 90 90 80 90 90 90 80 80
90 90 90 80 90 90 90 80 80
90 90 90 80 90 90 90 80 80
90 90 90 80 90 90 90 80 80
90 90 90 80 90 90 90 80 80
90 90 90 80 90 90 90 80 80
90 90 90 80 90 90 90 80 80
35 35 35 35 35 35 35 35 35
