84611
84611
84611
84611
84611
84611
84611
84611
84611
84611
84611
84611
84611
84611
84611
84611
84611
84611
84611
84611
84611
84611
84611
84611
84611
84611
84611
84611
84611
84611
6672 6722 6732 6742
6672 6722 6732 6742
6672 6722 6732 6742
6672 6722 6732 6742
6672 6722 6732 6742
6672 6722 6732 6742
6672 6722 6732 6742
6672 6722 6732 6742
6672 6722 6732 6742
6672 6722 6732 6742
6672 6722 6732 6742
6672 6722 6732 6742
6672 6722 6732 6742
6672 6722 6732 6742
6672 6722 6732 6742
6672 6722 6732 6742
6672 6722 6732 6742
6672 6722 6732 6742
6672 6722 6732 6742
6672 6722 6732 6742
6672 6722 6732 6742
6672 6722 6732 6742
6672 6722 6732 6742
6672 6722 6732 6742
6672 6722 6732 6742
6672 6722 6732 6742
6672 6722 6732 6742
6672 6722 6732 6742
6672 6722 6732 6742
6672 6722 6732 6742
6672 6722 6732 6742
6672 6722 6732 6742
6672 6722 6732 6742
6672 6722 6732 6742
6672 6722 6732 6742
6672 6722 6732 6742
6672 6722 6732 6742
6672 6722 6732 6742
6682 6682 6682 6682
6692 6692 6692 6692
6672 6722 6732 6742
6702 6702 6702 6702
6702 6702 6702 6702
6672 6722 6732 6742
6672 6722 6732 6742
6712 6712 6712 6712
6672 6722 6732 6742
6672 6722 6732 6742
6672 6722 6732 6742
6672 6722 6732 6742
7963 7963 7963
7963 7963 7963
7963 7963 7963
7963 7963 7963
7963 7963 7963
7963 7963 7963
7963 7963 7963
7963 7963 7963
7963 7963 7963
7963 7963 7963
7963 7963 7963
7963 7963 7963
7963 7963 7963
7963 7963 7963
7963 7963 7963
7963 7963 7963
7963 7963 7963
7963 7963 7963
7963 7963 7963
7963 7963 7963
7963 7963 7963
7963 7963 7963
7963 7963 7963
7963 7963 7963
7963 7963 7963
7963 7963 7963
7963 7963 7963
7963 7963 7963
7963 7963 7963
7963 7963 7963
7963 7963 7963
7963 7963 7963
8904 8914 8924
8904 8914 8924
8904 8914 8924
8904 8914 8924
8904 8914 8924
8904 8914 8924
8904 8914 8924
8904 8914 8924
8904 8914 8924
8904 8914 8924
8904 8914 8924
8904 8914 8924
8904 8914 8924
8904 8914 8924
8904 8914 8924
8904 8914 8924
8904 8914 8924
8904 8914 8924
8904 8914 8924
8904 8914 8924
8904 8914 8924
8904 8914 8924
8904 8914 8924
8904 8914 8924
8904 8914 8924
8904 8914 8924
8904 8914 8924
8904 8914 8924
8904 8914 8924
8904 8914 8924
8904 8914 8924
8904 8914 8924
8904 8914 8924
8904 8914 8924
8904 8914 8924
8904 8914 8924
8904 8914 8924
8934 8934 8934
8944 8944 8944
8904 8914 8924
8904 8914 8924
8904 8914 8924
8904 8914 8924
8904 8914 8924
8904 8914 8924
8904 8914 8924
8904 8914 8924
8904 8914 8924
8904 8914 8924
24475 24485 24495 24505 24515 24525 24535
24475 24485 24495 24505 24515 24525 24535
24475 24485 24495 24505 24515 24525 24535
24475 24485 24495 24505 24515 24525 24535
24475 24485 24495 24505 24515 24525 24535
24475 24485 24495 24505 24515 24525 24535
24475 24485 24495 24505 24515 24525 24535
24475 24485 24495 24505 24515 24525 24535
24475 24485 24495 24505 24515 24525 24535
24475 24485 24495 24505 24515 24525 24535
24475 24485 24495 24505 24515 24525 24535
24475 24485 24495 24505 24515 24525 24535
24475 24485 24495 24505 24515 24525 24535
24475 24485 24495 24505 24515 24525 24535
24475 24485 24495 24505 24515 24525 24535
34385 34385 34385 34385 34385 34385 34385
34385 34385 34385 34385 34385 34385 34385
34385 34385 34385 34385 34385 34385 34385
24475 24485 24495 24505 24515 24525 24535
24475 24485 24495 24505 24515 24525 24535
24475 24485 24495 24505 24515 24525 24535
24475 24485 24495 24505 24515 24525 24535
24475 24485 24495 24505 24515 24525 24535
24475 24485 24495 24505 24515 24525 24535
24475 24485 24495 24505 24515 24525 24535
24475 24485 24495 24505 24515 24525 24535
24475 24485 24495 24505 24515 24525 24535
24475 24485 24495 24505 24515 24525 24535
24475 24485 24495 24505 24515 24525 24535
24475 24485 24495 24505 24515 24525 24535
24475 24485 24495 24505 24515 24525 24535
24475 24485 24495 24505 24515 24525 24535
24475 24485 24495 24505 24515 24525 24535
24475 24485 24495 24505 24515 24525 24535
24475 24485 24495 24505 24515 24525 24535
24475 24485 24495 24505 24515 24525 24535
24475 24485 24495 24505 24515 24525 24535
24475 24485 24495 24505 24515 24525 24535
24475 24485 24495 24505 24515 24525 24535
24475 24485 24495 24505 24515 24525 24535
24475 24485 24495 24505 24515 24525 24535
24475 24485 24495 24505 24515 24525 24535
24475 24485 24495 24505 24515 24525 24535
24475 24485 24495 24505 24515 24525 24535
24475 24485 24495 24505 24515 24525 24535
24475 24485 24495 24505 24515 24525 24535
24475 24485 24495 24505 24515 24525 24535
24545 24545 24545 24545 24545 24545 24545 24545
24555 24555 24555 24555 24555 24555 24555 24555
24475 24485 24495 24505 24515 24525 24535
24475 24485 24495 24505 24515 24525 24535
24475 24485 24495 24505 24515 24525 24535
24475 24485 24495 24505 24515 24525 24535
24565 24565 24565 24565 24565 24565 24565 24565
24575 24575 24575 24575 24575 24575 24575 24575
24575 24575 24575 24575 24575 24575 24575 24575
24575 24575 24575 24575 24575 24575 24575 24575
24585 24585 24585 24585 24585 24585 24585 24585
24585 24585 24585 24585 24585 24585 24585 24585
24585 24585 24585 24585 24585 24585 24585 24585
24595 24485 24595 24505 24595 24525 24535
24605 24605 24605 24605 24605 24605 24605 24605
24605 24605 24605 24605 24605 24605 24605 24605
24605 24605 24605 24605 24605 24605 24605 24605
24615 24615 24615 24615 24615 24615 24615 24615
24615 24615 24615 24615 24615 24615 24615 24615
24615 24615 24615 24615 24615 24615 24615 24615
24625 24485 24495 24625 24515 24525 24535
24475 24485 24495 24505 24515 24525 24535
24635 24635 24495 24505 24635 24525 24535
24475 24485 24495 24505 24515 24525 24535
24645 24645 24495 24505 24645 24525 24535
24475 24485 24495 24505 24515 24525 24535
24475 24485 24495 24505 24515 24525 24535
24475 24485 24495 24505 24515 24525 24535
24655 24485 24495 24655 24515 24525 24535
24475 24485 24495 24505 24515 24525 24535
24475 24485 24495 24505 24515 24525 24535
24665 24665 24495 24505 24665 24525 24535
24475 24485 24495 24505 24515 24525 24535
24475 24485 24495 24505 24515 24525 24535
24475 24485 24495 24505 24515 24525 24535
24475 24485 24495 24505 24515 24525 24535
68846 68856 68866 68876 68886 68896 68906 68916 68926 68936
68846 68856 68866 68876 68886 68896 68906 68916 68926 68936
68846 68856 68866 68876 68886 68896 68906 68916 68926 68936
68846 68856 68866 68876 68886 68896 68906 68916 68926 68936
68846 68856 68866 68876 68886 68896 68906 68916 68926 68936
68846 68856 68866 68876 68886 68896 68906 68916 68926 68936
68846 68856 68866 68876 68886 68896 68906 68916 68926 68936
68846 68856 68866 68876 68886 68896 68906 68916 68926 68936
68846 68856 68866 68876 68886 68896 68906 68916 68926 68936
68846 68856 68866 68876 68886 68896 68906 68916 68926 68936
68846 68856 68866 68876 68886 68896 68906 68916 68926 68936
68846 68856 68866 68876 68886 68896 68906 68916 68926 68936
68846 68856 68866 68876 68886 68896 68906 68916 68926 68936
68846 68856 68866 68876 68886 68896 68906 68916 68926 68936
68846 68856 68866 68876 68886 68896 68906 68916 68926 68936
68846 68856 68866 68876 68886 68896 68906 68916 68926 68936
68846 68856 68866 69026 69026 68896 68906 69026 69026 68936
68846 68856 68866 68876 68886 68896 68906 68916 68926 68936
68846 68856 68866 68876 68886 68896 68906 68916 68926 68936
68846 68856 68866 68876 68886 68896 68906 68916 68926 68936
68846 68856 68866 68876 68886 68896 68906 68916 68926 68936
68846 68856 68866 68876 68886 68896 68906 68916 68926 68936
68846 68856 68866 68876 68886 68896 68906 68916 68926 68936
68846 68856 68866 68876 68886 68896 68906 68916 68926 68936
68846 68856 68866 68876 68886 68896 68906 68916 68926 68936
68846 68856 68866 68876 68886 68896 68906 68916 68926 68936
68846 68856 68866 68876 68886 68896 68906 68916 68926 68936
68846 68856 68866 68876 68886 68896 68906 68916 68926 68936
68846 68856 68866 68876 68886 68896 68906 68916 68926 68936
68846 68856 68866 68876 68886 68896 68906 68916 68926 68936
68846 68856 68866 68876 68886 68896 68906 68916 68926 68936
68846 68856 68866 68876 68886 68896 68906 68916 68926 68936
68846 68856 68866 68876 68886 68896 68906 68916 68926 68936
68846 68856 68866 68876 68886 68896 68906 68916 68926 68936
68846 68856 68866 68876 68886 68896 68906 68916 68926 68936
68846 68856 68866 68876 68886 68896 68906 68916 68926 68936
68846 68856 68866 68876 68886 68896 68906 68916 68926 68936
68846 68856 68866 68876 68886 68896 68906 68916 68926 68936
68846 68856 68866 68876 68886 68896 68906 68916 68926 68936
68846 68856 68866 68876 68886 68896 68906 68916 68926 68936
68846 68856 68866 68876 68886 68896 68906 68916 68926 68936
68846 68856 68866 68876 68886 68896 68906 68916 68926 68936
68846 68856 68866 68876 68886 68896 68906 68916 68926 68936
68846 68856 68866 68876 68886 68896 68906 68916 68926 68936
68846 68856 68866 68946 68886 68896 68906 68916 68946 68936
68846 68856 68866 68876 68956 68956 68906 68916 68956 68936
68846 68856 68866 68876 68966 68896 68906 68916 68966 68936
68846 68856 68866 68876 68886 68896 68906 68916 68926 68936
68846 68856 68866 68976 68976 68976 68906 68976 68976 68936
68846 68856 68866 68876 68886 68896 68906 68916 68926 68936
68846 68986 68986 68986 68986 68986 68986 68986 68986 68936
68846 68986 68986 68986 68986 68986 68986 68986 68986 68936
68846 68856 68866 68876 68886 68896 68906 68916 68926 68936
68846 68856 68866 68996 68996 68896 68906 68916 68996 68936
68846 68856 68866 68876 68886 68896 68906 68916 68926 68936
68846 68856 68866 68876 68886 68896 68906 68916 68926 68936
68846 68856 68866 68876 68886 68896 68906 68916 68926 68936
68846 68856 68866 68876 68886 68896 68906 68916 68926 68936
68846 68856 68866 68876 68886 68896 68906 68916 68926 68936
68846 68856 68866 68876 68886 68896 68906 68916 68926 68936
68846 68856 68866 68876 68886 68896 68906 68916 68926 68936
68846 68856 68866 68876 68886 68896 68906 68916 68926 68936
68846 68856 68866 68876 68886 68896 68906 68916 68926 68936
68846 68856 68866 69006 69006 68896 68906 68916 69006 68936
68846 68856 68866 69016 69016 69016 68906 69016 69016 68936
68846 68856 68866 69016 69016 69016 68906 69016 69016 68936
68846 68856 68866 69016 69016 69016 68906 69016 69016 68936
68846 68856 68866 68876 68886 68896 68906 68916 68926 68936
