38771
38771
38771
38771
38771
38771
38771
38771
38771
38771
38771
38771
38771
38771
38771
38771
38771
38771
38771
38771
38771
38771
38771
38771
38771
38771
38771
38771
38771
38771
2382
2382
2382
2382
2382
2382
2382
2382
2382
2382
2382
2382
2382
2382
2382
2382
2382
2382
2382
2382
2382
2382
2382
2382
2382
2382
2382
2382
2382
2382
2382
2382
2382
2382
2382
2382
2382
2382
2382
2382
2382
2382
2382
2382
2382
2382
2382
2382
2382
2382
2693
2693
2693
2693
2693
2693
2693
2693
2693
2693
2693
2693
2693
2693
2693
2693
2693
2693
2693
2693
2693
2693
2693
2693
2693
2693
2693
2693
2693
2693
2693
2693
2954
2954
2954
2954
2954
2954
2954
2954
2954
2954
2954
2954
2954
2954
2954
2954
2954
2954
2954
2954
2954
2954
2954
2954
2954
2954
2954
2954
2954
2954
2954
2954
2954
2954
2954
2954
2954
2954
2954
2954
2954
2954
2954
2954
2954
2954
2954
2954
2954
10105 10115 10125 10135 10145 10155 10165 10175 10185
10105 10115 10125 10135 10145 10155 10165 10175 10185
10105 10115 10125 10135 10145 10155 10165 10175 10185
10105 10115 10125 10135 10145 10155 10165 10175 10185
10105 10115 10125 10135 10145 10155 10165 10175 10185
10105 10115 10125 10135 10145 10155 10165 10175 10185
10105 10115 10125 10135 10145 10155 10165 10175 10185
10105 10115 10125 10135 10145 10155 10165 10175 10185
10105 10115 10125 10135 10145 10155 10165 10175 10185
10105 10115 10125 10135 10145 10155 10165 10175 10185
10105 10115 10125 10135 10145 10155 10165 10175 10185
10105 10115 10125 10135 10145 10155 10165 10175 10185
10105 10115 10125 10135 10145 10155 10165 10175 10185
10105 10115 10125 10135 10145 10155 10165 10175 10185
10105 10115 10125 10135 10145 10155 10165 10175 10185
10105 10115 10125 10135 10145 10155 10165 10175 10185
10105 10115 10125 10135 10145 10155 10165 10175 10185
10105 10115 10125 10135 10145 10155 10165 10175 10185
10105 10115 10125 10135 10145 10155 10165 10175 10185
10105 10115 10125 10135 10145 10155 10165 10175 10185
10105 10115 10125 10135 10145 10155 10165 10175 10185
10105 10115 10125 10135 10145 10155 10165 10175 10185
10105 10115 10125 10135 10145 10155 10165 10175 10185
10105 10115 10125 10135 10145 10155 10165 10175 10185
10105 10115 10125 10135 10145 10155 10165 10175 10185
10105 10115 10125 10135 10145 10155 10165 10175 10185
10105 10115 10125 10135 10145 10155 10165 10175 10185
10105 10115 10125 10135 10145 10155 10165 10175 10185
10105 10115 10125 10135 10145 10155 10165 10175 10185
10105 10115 10125 10135 10145 10155 10165 10175 10185
10105 10115 10125 10135 10145 10155 10165 10175 10185
10105 10115 10125 14435 10145 10155 10165 14885 10185
10105 10115 10125 14435 10145 10155 10165 14885 10185
10105 10115 10125 14435 10145 10155 10165 14885 10185
10105 10115 10125 10135 10145 10155 10165 10175 10185
10105 10115 10125 10135 10145 10155 10165 10175 10185
10105 10115 10125 10135 10145 10155 10165 10175 10185
10105 10115 10125 10135 10145 10155 10165 10175 10185
10105 10115 10125 10135 10145 10155 10165 10175 10185
10105 10115 10125 10135 10145 10155 10165 10175 10185
10105 10115 10125 10135 10145 10155 10165 10175 10185
10105 10115 10125 10135 10145 10155 10165 10175 10185
10105 10115 10125 10135 10145 10155 10165 10175 10185
10105 10115 10125 10135 10145 10155 10165 10175 10185
10105 10115 10125 10135 10145 10155 10165 10175 10185
10105 10115 10125 10135 10145 10155 10165 10175 10185
10105 10115 10125 10135 10145 10155 10165 10175 10185
10105 10115 10125 10135 10145 10155 10165 10175 10185
10105 10115 10125 10135 10145 10155 10165 10175 10185
10105 10115 10125 10135 10145 10155 10165 10175 10185
10105 10115 10125 10135 10145 10155 10165 10175 10185
10105 10115 10125 10135 10145 10155 10165 10175 10185
10105 10115 10125 10135 10145 10155 10165 10175 10185
10105 10115 10125 10135 10145 10155 10165 10175 10185
10105 10115 10125 10135 10145 10155 10165 10175 10185
10105 10115 10125 10135 10145 10155 10165 10175 10185
10105 10115 10125 10135 10145 10155 10165 10175 10185
10105 10115 10125 10135 10145 10155 10165 10175 10185
10105 10115 10125 10135 10145 10155 10165 10175 10185
10105 10115 10125 10135 10145 10155 10165 10175 10185
10105 10115 10125 10135 10145 10155 10165 10175 10185
10105 10115 10125 10135 10145 10155 10165 10175 10185
10105 10115 10125 10135 10145 10155 10165 10175 10185
10105 10115 10125 10135 10145 10155 10165 10175 10185
10105 10115 10125 10135 10145 10155 10165 10175 10185
10105 10115 10125 10135 10145 10155 10165 10175 10185
10105 10115 10125 10135 10145 10155 10165 10175 10185
10105 10115 10125 14435 10145 10155 10165 14885 10185
10105 10115 10125 14435 10145 10155 10165 14885 10185
10105 10115 10125 10135 10145 10155 10165 10175 10185
10105 10115 10125 10135 10145 10155 10165 10175 10185
10105 10115 10125 10135 10145 10155 10165 10175 10185
10105 10115 10125 10135 10145 10155 10165 10175 10185
10105 10115 10125 10135 10145 10155 10165 10175 10185
10105 10115 10125 10135 10145 10155 10165 10175 10185
10105 10115 10125 14435 10145 10155 10165 14885 10185
10105 10115 10125 14435 10145 10155 10165 14885 10185
10105 10115 10125 10135 10145 10155 10165 10175 10185
10105 10115 10125 10135 10145 10155 10165 10175 10185
10105 10115 10125 10135 10145 10155 10165 10175 10185
10105 10115 10125 10135 10145 10155 10165 10175 10185
10105 10115 10125 10135 10145 10155 10165 10175 10185
10105 10115 10125 10135 10145 10155 10165 10175 10185
32316 32326 32336 32346 32356 32366 32376 32386 32396
32316 32326 32336 32346 32356 32366 32376 32386 32396
32316 32326 32336 32346 32356 32366 32376 32386 32396
32316 32326 32336 32346 32356 32366 32376 32386 32396
32316 32326 32336 32346 32356 32366 32376 32386 32396
32316 32326 32336 32346 32356 32366 32376 32386 32396
32316 32326 32336 32346 32356 32366 32376 32386 32396
32316 32326 32336 32346 32356 32366 32376 32386 32396
32316 32326 32336 32346 32356 32366 32376 32386 32396
32316 32326 32336 32346 32356 32366 32376 32386 32396
32316 32326 32336 32346 32356 32366 32376 32386 32396
32316 32326 32336 32346 32356 32366 32376 32386 32396
32316 32326 32336 32346 32356 32366 32376 32386 32396
32316 32326 32336 32346 32356 32366 32376 32386 32396
32316 32326 32336 32346 32356 32366 32376 32386 32396
32316 32326 32336 32346 32356 32366 32376 32386 32396
32316 32326 32336 32346 32356 32366 32376 32386 32396
32316 32326 32336 32346 32356 32366 32376 32386 32396
32316 32326 32336 32346 32356 32366 32376 32386 32396
32316 32326 32336 32346 32356 32366 32376 32386 32396
32316 32326 32336 32346 32356 32366 32376 32386 32396
32316 32326 32336 32346 32356 32366 32376 32386 32396
32316 32326 32336 32346 32356 32366 32376 32386 32396
32316 32326 32336 32346 32356 32366 32376 32386 32396
32316 32326 32336 32346 32356 32366 32376 32386 32396
32316 32326 32336 32346 32356 32366 32376 32386 32396
32316 32326 32336 32346 32356 32366 32376 32386 32396
32316 32326 32336 32346 32356 32366 32376 32386 32396
32316 32326 32336 32346 32356 32366 32376 32386 32396
32316 32326 32336 32346 32356 32366 32376 32386 32396
32316 32326 32336 32346 32356 32366 32376 32386 32396
32316 32326 32336 32346 32356 32366 32376 32386 32396
32316 32326 32336 32346 32356 32366 32376 32386 32396
32316 32326 32336 32346 32356 32366 32376 32386 32396
32316 32326 32336 32346 32356 32366 32376 32386 32396
32316 32326 32336 32346 32356 32366 32376 32386 32396
32316 32326 32336 32346 32356 32366 32376 32386 32396
32316 32326 32336 32346 32356 32366 32376 32386 32396
32316 32326 32336 32346 32356 32366 32376 32386 32396
32316 32326 32336 32346 32356 32366 32376 32386 32396
32316 32326 32336 32346 32356 32366 32376 32386 32396
32316 32326 32336 32346 32356 32366 32376 32386 32396
32316 32326 32336 32346 32356 32366 32376 32386 32396
32316 32326 32336 32346 32356 32366 32376 32386 32396
32316 32326 32336 32346 32356 32366 32376 32386 32396
32316 32326 32336 32346 32356 32366 32376 32386 32396
32316 32326 32336 32346 32356 32366 32376 32386 32396
32316 32326 32336 32346 32356 32366 32376 32386 32396
32316 32326 32336 32346 32356 32366 32376 32386 32396
32316 32326 32336 32346 32356 32366 32376 32386 32396
32316 32326 32336 32346 32356 32366 32376 32386 32396
32316 32326 32336 32346 32356 32366 32376 32386 32396
32316 32326 32336 32346 32356 32366 32376 32386 32396
32316 32326 32336 32346 32356 32366 32376 32386 32396
32316 32326 32336 32346 32356 32366 32376 32386 32396
32316 32326 32336 32346 32356 32366 32376 32386 32396
32316 32326 32336 32346 32356 32366 32376 32386 32396
32316 32326 32336 32346 32356 32366 32376 32386 32396
32316 32326 32336 32346 32356 32366 32376 32386 32396
32316 32326 32336 32346 32356 32366 32376 32386 32396
32316 32326 32336 32346 32356 32366 32376 32386 32396
32316 32326 32336 32346 32356 32366 32376 32386 32396
32316 32326 32336 32346 32356 32366 32376 32386 32396
32316 32326 32336 32346 32356 32366 32376 32386 32396
32316 32326 32336 32346 32356 32366 32376 32386 32396
32316 32326 32336 32346 32356 32366 32376 32386 32396
32316 32326 32336 32346 32356 32366 32376 32386 32396
32316 32326 32336 32346 32356 32366 32376 32386 32396
