45 75 45 30 135 75 135 45 45
60 45 75 45 135 135 135 30 75
60 60 30 30 135 60 135 60 30
90 90 90 30 100 90 90 90 90
90 90 90 30 100 90 90 60 90
90 50 90 35 100 90 90 90 70
35 20 90 20 100 90 90 90 90
90 90 90 50 100 90 90 90 90
90 90 40 5 100 90 90 90 10
90 10 90 5 100 90 90 90 10
90 30 30 5 100 90 90 90 90
40 90 90 5 100 90 90 90 50
5 20 90 5 100 90 90 30 30
5 30 20 5 100 90 90 30 30
90 90 90 40 80 60 60 90 90
20 30 20 30 80 60 30 40 40
85 85 85 60 95 80 60 95 95
20 10 25 30 80 60 30 60 60
20 10 25 30 80 60 30 60 60
90 90 95 80 95 90 80 95 95
95 95 95 95 95 95 95 95 95
40 40 40 40 80 60 40 65 50
85 85 85 60 95 80 60 95 95
35 35 35 35 35 35 35 35 35
