45 75 45 30 135 75 135 45 45
60 45 75 45 135 135 135 30 75
60 60 30 30 135 60 135 60 30
90 90 90 30 100 90 90 90 90
90 90 90 30 100 90 90 60 90
90 90 90 35 100 90 90 90 70
90 30 90 20 100 90 90 90 90
90 90 90 50 100 90 90 90 90
90 90 40 5 100 90 90 90 70
90 10 90 5 100 90 90 90 10
90 30 30 5 100 90 90 90 90
40 90 90 5 100 90 90 90 50
5 20 90 5 100 90 90 30 30
5 30 20 5 100 90 90 30 30
90 90 90 40 80 60 60 90 90
35 40 35 30 80 60 30 55 70
85 85 85 60 95 80 60 95 95
35 20 40 30 80 60 30 65 50
35 20 40 30 80 60 30 65 50
90 90 95 80 95 90 80 95 95
95 95 95 95 95 95 95 95 95
40 40 40 40 80 60 40 65 50
85 85 85 60 95 80 60 95 95
35 35 35 35 35 35 35 35 35
