84621
84621
84621
84621
84621
84621
84621
84621
84621
84621
84621
84621
84621
84621
84621
84621
84621
84621
84621
84621
84621
84621
84621
84621
84621
84621
84621
84621
84621
84621
10562 10612 10622 10632 10642 10652 10662
10562 10612 10622 10632 10642 10652 10662
10562 10612 10622 10632 10642 10652 10662
10562 10612 10622 10632 10642 10652 10662
10562 10612 10622 10632 10642 10652 10662
10562 10612 10622 10632 10642 10652 10662
10562 10612 10622 10632 10642 10652 10662
10562 10612 10622 10632 10642 10652 10662
10562 10612 10622 10632 10642 10652 10662
10562 10612 10622 10632 10642 10652 10662
10562 10612 10622 10632 10642 10652 10662
10562 10612 10622 10632 10642 10652 10662
10562 10612 10622 10632 10642 10652 10662
10562 10612 10622 10632 10642 10652 10662
10562 10612 10622 10632 10642 10652 10662
10562 10612 10622 10632 10642 10652 10662
10562 10612 10622 10632 33322 10652 10662
10562 10612 10622 10632 33322 10652 10662
10562 10612 10622 10632 10642 10652 10662
10562 10612 10622 10632 10642 10652 10662
10562 10612 10622 10632 10642 10652 10662
10562 10612 10622 10632 10642 10652 10662
10562 10612 10622 10632 10642 10652 10662
10562 10612 10622 10632 10642 10652 10662
10562 10612 10622 10632 10642 10652 10662
10562 10612 10622 10632 10642 10652 10662
10562 10612 10622 10632 10642 10652 10662
10562 10612 10622 10632 10642 10652 10662
10562 10612 10622 10632 10642 10652 10662
10562 10612 10622 10632 10642 10652 10662
10562 10612 10622 10632 10642 10652 10662
10562 10612 10622 10632 10642 10652 10662
10562 10612 10622 10632 10642 10652 10662
10562 10612 10622 10632 10642 10652 10662
10562 10612 10622 10632 10642 10652 10662
10562 10612 10622 10632 10642 10652 10662
10562 10612 10622 10632 10642 10652 10662
10562 10612 10622 10632 10642 10652 10662
10562 10612 10622 10632 10642 10652 10662
10562 10612 10622 10632 10642 10652 10662
10562 10612 10622 10632 10642 10652 10662
10562 10612 10622 10632 10642 10652 10662
10562 10612 10622 10632 10642 10652 10662
10562 10612 10622 10632 10642 10652 10662
10562 10612 10622 10632 10642 10652 10662
10572 10572 10572 10572 10572 10572 10572
10582 10582 10582 10582 10582 10582 10582
10562 10612 10622 10632 10642 10652 10662
10592 10592 10592 10592 33322 10592 10592
10592 10592 10592 10592 10592 10592 10592
10562 10612 10622 10632 10642 10652 10662
10562 10612 10622 10632 10642 10652 10662
10562 10612 10622 10632 10642 10652 10662
10562 10612 10622 10632 10642 10652 10662
10562 10612 10622 10632 10642 10652 10662
10602 10602 10602 10602 10602 10602 10602
10602 10602 10602 10602 10602 10602 10602
10602 10602 10602 10602 10602 10602 10602
10562 10612 10622 10632 10642 10652 10662
10562 10612 10622 10632 10642 10652 10662
10562 10612 10622 10632 10642 10652 10662
10562 10612 10622 10632 10642 10652 10662
10562 10612 10622 10632 10642 10652 10662
10562 10612 10622 10632 10642 10652 10662
10562 10612 10622 10632 10642 10652 10662
10562 10612 10622 10632 10642 10652 10662
10562 10612 10622 10632 10642 10652 10662
11113 11163 11173 11183 11193 11203 11213
11113 11163 11173 11183 11193 11203 11213
11113 11163 11173 11183 11193 11203 11213
11113 11163 11173 11183 11193 11203 11213
11113 11163 11173 11183 11193 11203 11213
11113 11163 11173 11183 11193 11203 11213
11113 11163 11173 11183 11193 11203 11213
11113 11163 11173 11183 11193 11203 11213
11113 11163 11173 11183 11193 11203 11213
11113 11163 11173 11183 11193 11203 11213
11113 11163 11173 11183 11193 11203 11213
11113 11163 11173 11183 11193 11203 11213
11113 11163 11173 11183 11193 11203 11213
11113 11163 11173 11183 11193 11203 11213
11113 11163 11173 11183 11193 11203 11213
11113 11163 11173 11183 11193 11203 11213
11113 11163 11173 11183 33373 11203 11213
11113 11163 11173 11183 33373 11203 11213
11113 11163 11173 11183 11193 11203 11213
11113 11163 11173 11183 11193 11203 11213
11113 11163 11173 11183 11193 11203 11213
11113 11163 11173 11183 11193 11203 11213
11113 11163 11173 11183 11193 11203 11213
11113 11163 11173 11183 11193 11203 11213
11113 11163 11173 11183 11193 11203 11213
11113 11163 11173 11183 11193 11203 11213
11113 11163 11173 11183 11193 11203 11213
11113 11163 11173 11183 11193 11203 11213
11113 11163 11173 11183 11193 11203 11213
11113 11163 11173 11183 11193 11203 11213
11113 11163 11173 11183 11193 11203 11213
11113 11163 11173 11183 11193 11203 11213
11113 11163 11173 11183 11193 11203 11213
11113 11163 11173 11183 11193 11203 11213
11113 11163 11173 11183 11193 11203 11213
11113 11163 11173 11183 11193 11203 11213
11113 11163 11173 11183 11193 11203 11213
11113 11163 11173 11183 11193 11203 11213
11113 11163 11173 11183 11193 11203 11213
11113 11163 11173 11183 11193 11203 11213
11113 11163 11173 11183 11193 11203 11213
11113 11163 11173 11183 11193 11203 11213
11113 11163 11173 11183 11193 11203 11213
11113 11163 11173 11183 11193 11203 11213
11113 11163 11173 11183 11193 11203 11213
11123 11123 11123 11123 11123 11123 11123
11133 11133 11133 11133 11133 11133 11133
11113 11163 11173 11183 11193 11203 11213
11143 11143 11143 11143 33373 11143 11143
11143 11143 11143 11143 11143 11143 11143
11113 11163 11173 11183 11193 11203 11213
11113 11163 11173 11183 11193 11203 11213
11113 11163 11173 11183 11193 11203 11213
11113 11163 11173 11183 11193 11203 11213
11113 11163 11173 11183 11193 11203 11213
11153 11153 11153 11153 11153 11153 11153
11153 11153 11153 11153 11153 11153 11153
11153 11153 11153 11153 11153 11153 11153
11113 11163 11173 11183 11193 11203 11213
11113 11163 11173 11183 11193 11203 11213
11113 11163 11173 11183 11193 11203 11213
11113 11163 11173 11183 11193 11203 11213
11113 11163 11173 11183 11193 11203 11213
11113 11163 11173 11183 11193 11203 11213
11113 11163 11173 11183 11193 11203 11213
11113 11163 11173 11183 11193 11203 11213
11113 11163 11173 11183 11193 11203 11213
17574 17584 17594 17604 17614 17624 17634 17644
17574 17584 17594 17604 17614 17624 17634 17644
17574 17584 17594 17604 17614 17624 17634 17644
17574 17584 17594 17604 17614 17624 17634 17644
17574 17584 17594 17604 17614 17624 17634 17644
17574 17584 17594 17604 17614 17624 17634 17644
17574 17584 17594 17604 17614 17624 17634 17644
17574 17584 17594 17604 17614 17624 17634 17644
17574 17584 17594 17604 17614 17624 17634 17644
17574 17584 17594 17604 17614 17624 17634 17644
17574 17584 17594 17604 17614 17624 17634 17644
17574 17584 17594 17604 17614 17624 17634 17644
17574 17584 17594 17604 17614 17624 17634 17644
17574 17584 17594 17604 17614 17624 17634 17644
17574 17584 17594 17604 17614 17624 17634 17644
17574 17584 17594 17604 17614 17624 17634 17644
17574 17584 17594 17604 17614 17624 17634 17644
17574 17584 17594 17604 17614 17624 17634 17644
17574 17584 17594 17604 17614 17624 17634 17644
17574 17584 17594 17604 17614 17624 17634 17644
17574 17584 17594 17604 17614 17624 17634 17644
17574 17584 17594 17604 17614 17624 17634 17644
17574 17584 17594 17604 17614 17624 17634 17644
17574 17584 17594 17604 17614 17624 17634 17644
17574 17584 17594 17604 17614 17624 17634 17644
17574 17584 17594 17604 17614 17624 17634 17644
17574 17584 17594 17604 17614 17624 17634 17644
17574 17584 17594 17604 17614 17624 17634 17644
17574 17584 17594 17604 17614 17624 17634 17644
17574 17584 17594 17604 17614 17624 17634 17644
17574 17584 17594 17604 17614 17624 17634 17644
17574 17584 17594 17604 17614 17624 17634 17644
17574 17584 17594 17604 17614 17624 17634 17644
17574 17584 17594 17604 17614 17624 17634 17644
17574 17584 17594 17604 17614 17624 17634 17644
17574 17584 17594 17604 17614 17624 17634 17644
17574 17584 17594 17604 17614 17624 17634 17644
17574 17584 17594 17604 17614 17624 17634 17644
17574 17584 17594 17604 17614 17624 17634 17644
17574 17584 17594 17604 17614 17624 17634 17644
17574 17584 17594 17604 17614 17624 17634 17644
17574 17584 17594 17604 17614 17624 17634 17644
17574 17584 17594 17604 17614 17624 17634 17644
17574 17584 17594 17604 17614 17624 17634 17644
17574 17584 17594 17604 17614 17624 17634 17644
17574 17584 17594 17604 17614 17624 17634 17644
17574 17584 17594 17604 17614 17624 17634 17644
17574 17584 17594 17604 17614 17624 17634 17644
17574 17584 17594 17604 17614 17624 17634 17644
17574 17584 17594 17604 17614 17624 17634 17644
17574 17584 17594 17604 17614 17624 17634 17644
17574 17664 17594 17604 17614 17624 17634 17644
17574 17654 17594 17604 17614 17624 17634 17644
17574 17584 17594 17674 17614 17624 17634 17644
17574 17584 17594 17604 17614 17624 17634 17644
17574 17684 17684 17684 17684 17624 17684 17644
17574 17684 17684 17684 17684 17624 17684 17644
17574 17684 17684 17684 17684 17624 17684 17644
17574 17684 17684 17684 17684 17624 17684 17644
17574 17694 17694 17694 17694 17624 17694 17644
17574 17694 17694 17694 17694 17624 17694 17644
17574 17684 17684 17684 17684 17624 17684 17644
17574 17684 17684 17684 17684 17624 17684 17644
17574 17704 17704 17704 17704 17624 17704 17644
17574 17704 17704 17704 17704 17624 17704 17644
17574 17684 17684 17684 17684 17624 17684 17644
17574 17684 17684 17684 17684 17624 17684 17644
17574 17714 17714 17714 17714 17624 17714 17644
17574 17714 17714 17714 17714 17624 17714 17644
17574 17584 17594 17604 17614 17624 17634 17644
17574 17584 17594 17604 17614 17624 17634 17644
17574 17724 17724 17724 17724 17724 17724 17724
17574 17734 17734 17734 17734 17734 17734 17734
17574 17734 17734 17734 17734 17734 17734 17734
17574 17584 17594 17604 17614 17624 17634 17644
17574 17584 17594 17604 17614 17624 17634 17644
17574 17584 17594 17604 17614 17624 17634 17644
17574 17584 17594 17604 17614 17624 17634 17644
17574 17584 17594 17604 17614 17624 17634 17644
17574 17584 17594 17604 17614 17624 17634 17644
17574 17584 17594 17604 17614 17624 17634 17644
17574 17584 17594 17604 17614 17624 17634 17644
17574 17584 17594 17604 17614 17624 17634 17644
17574 17584 17594 17604 17614 17624 17634 17644
17574 17584 17594 17604 17614 17624 17634 17644
17574 17584 17594 17604 17614 17624 17634 17644
17574 17584 17594 17604 17614 17624 17634 17644
17574 17584 17594 17604 17614 17624 17634 17644
17574 17584 17594 17604 17614 17624 17634 17644
17574 17584 17594 17604 17614 17624 17634 17644
17574 17584 17594 17604 17614 17624 17634 17644
