84631
84631
84631
84631
84631
84631
84631
84631
84631
84631
84631
84631
84631
84631
84631
84631
84631
84631
84631
84631
84631
84631
84631
84631
84631
84631
84631
84631
84631
84631
7982 7982 7982
7982 7982 7982
7982 7982 7982
7982 7982 7982
7982 7982 7982
7982 7982 7982
7982 7982 7982
7982 7982 7982
7982 7982 7982
7982 7982 7982
7982 7982 7982
7982 7982 7982
7982 7982 7982
7982 7982 7982
7982 7982 7982
7982 7982 7982
7982 7982 7982
7982 7982 7982
7982 7982 7982
7982 7982 7982
7982 7982 7982
7982 7982 7982
7982 7982 7982
7982 7982 7982
7982 7982 7982
7982 7982 7982
7982 7982 7982
7982 7982 7982
7982 7982 7982
7982 7982 7982
7982 7982 7982
7982 7982 7982
36553 36563 36573 36583 36593 36603 36613 36623 36633 43193
36553 36563 36573 36583 36593 36603 36613 36623 36633 43193
36553 36563 36573 36583 36593 36603 36613 36623 36633 43193
36553 36563 36573 36583 36593 36603 36613 36623 36633 43193
36553 36563 36573 42843 36593 36603 36613 42843 36633 43193
36553 36563 36573 36583 36593 36603 36613 36623 36633 43193
36553 36563 36573 36583 36593 36603 36613 36623 36633 43193
36553 36563 36573 42843 36593 36603 36613 42843 36633 43193
36553 36563 36573 36583 36593 36603 36613 36623 36633 43193
36553 36563 36573 36583 36593 36603 36613 36623 36633 43193
36553 36563 36573 36583 36593 36603 36613 36623 36633 43193
36553 36563 36573 36583 36593 36603 36613 36623 36633 43193
36553 36563 36573 36583 36593 36603 36613 36623 36633 43193
36553 36563 36573 36583 36593 36603 36613 36623 36633 43193
36553 36563 36573 36583 36593 36603 36613 36623 36633 43193
36553 36563 36573 36583 36593 36603 36613 36623 36633 43193
36553 42843 42843 42843 42843 42843 36613 42843 36633 43193
36553 36563 36573 36583 36593 36603 36613 36623 36633 43193
36553 36563 36573 36583 36593 36603 36613 36623 36633 43193
36553 36563 36573 42843 42843 36603 36613 42843 36633 43193
36553 36563 36573 36583 36593 36603 36613 36623 36633 43193
36553 36563 36573 36583 36593 36603 36613 36623 36633 43193
36553 36563 36573 42843 36593 36603 36613 42843 36633 43193
36553 36563 36573 36583 36593 36603 36613 36623 36633 43193
36553 36563 36573 36583 36593 36603 36613 36623 36633 43193
36553 36563 36573 36583 36593 36603 36613 36623 36633 43193
36553 36563 36573 36583 36593 36603 36613 36623 36633 43193
36553 36563 36573 36583 36593 36603 36613 36623 36633 43193
36553 36563 36573 36583 36593 36603 36613 36623 36633 43193
36553 36563 36573 36583 36593 36603 36613 36623 36633 43193
36553 36563 36573 36583 36593 36603 36613 36623 36633 43193
36553 36563 36573 36583 36593 36603 36613 36623 36633 43193
36553 36563 36573 36583 36593 36603 36613 36623 36633 43193
36553 36563 36573 36583 36593 36603 36613 36623 36633 43193
36553 36563 36573 36583 36593 36603 36613 36623 36633 43193
36553 36563 36573 36583 36593 36603 36613 36623 36633 43193
36553 36563 36573 36583 36593 36603 36613 36623 36633 43193
36553 36563 36573 36583 36593 36603 36613 36623 36633 43193
36553 36563 36573 36583 36593 36603 36613 36623 36633 43193
36553 36563 36573 36583 36593 36603 36613 36623 36633 43193
36553 36563 36573 36583 36593 36603 36613 36623 36633 43193
36553 36563 36573 36583 36593 36603 36613 36623 36633 43193
36553 36563 36573 36583 36593 36603 36613 36623 36633 43193
36553 36563 36573 36583 36593 36603 36613 36623 36633 43193
36553 36563 36573 36583 36593 36603 36613 36623 36633 43193
36553 36563 36573 36583 36593 36603 36613 36623 36633 43193
36553 36563 36573 36583 36593 36603 36613 36623 36633 43193
36553 36563 36573 36583 42723 36603 36613 36623 36633 42723
36553 36563 36573 36583 42723 36603 36613 36623 36633 42723
36553 36563 36573 42733 42733 42743 36613 42743 36633 42733
36553 36563 36573 42733 42733 42743 36613 42743 36633 42733
36553 36563 36573 42733 42733 42743 36613 42743 36633 42733
36553 36563 36573 42733 42733 42743 36613 42743 36633 42733
36553 36563 36573 36583 36593 36603 36613 36623 36633 43193
36553 36563 36573 42753 36593 36603 36613 36623 36633 43193
36553 36563 36573 42753 36593 42783 36613 42783 36633 43193
36553 36563 36573 36583 36593 36603 36613 36623 36633 43193
36553 36563 36573 36583 36593 36603 36613 36623 36633 43193
36553 36563 36573 36583 36593 42783 36613 42783 36633 43193
36553 42763 42763 42763 42763 42763 36613 42763 36633 43193
36553 42763 42763 42763 42763 42763 36613 42763 36633 43193
36553 43183 43183 43183 43183 43183 36613 43183 36633 43193
36553 43183 43183 43183 43183 43183 36613 43183 36633 43193
36553 36563 36573 36583 36593 36603 36613 36623 36633 43193
36553 42773 42773 42773 42773 42773 36613 42773 42773 42773
36553 36563 36573 36583 36593 36603 36613 36623 36633 43193
36553 36563 36573 36583 36593 36603 36613 36623 36633 43193
36553 36563 36573 36583 36593 36603 36613 36623 36633 43193
36553 36563 36573 42783 42783 36603 36613 42783 36633 43193
36553 36563 36573 42783 42783 36603 36613 42783 36633 43193
36553 36563 36573 36583 36593 36603 36613 36623 36633 43193
36553 36563 36573 42783 42783 36603 36613 42783 36633 43193
36553 36563 36573 42783 42783 36603 36613 42783 36633 43193
36553 36563 36573 36583 36593 36603 36613 42793 36633 43193
36553 36563 36573 36583 36593 36603 36613 42793 36633 43193
36553 36563 36573 42803 42803 42813 36613 42813 36633 42803
36553 36563 36573 42803 42803 42813 36613 42813 36633 42803
36553 36563 36573 42803 42803 42813 36613 42813 36633 42803
36553 36563 36573 42803 42803 42813 36613 42813 36633 42803
36553 36563 36573 42803 42803 42813 36613 42813 36633 42803
36553 36563 36573 36583 36593 36603 36613 36623 36633 43193
36553 36563 36573 36583 36593 36603 36613 36623 36633 43193
36553 36563 36573 36583 36593 36603 36613 36623 36633 43193
36553 36563 36573 36583 36593 36603 36613 36623 36633 43193
36553 36563 36573 36583 36593 36603 36613 36623 36633 43193
36553 36563 36573 42823 36593 42823 36613 42823 36633 43193
36553 36563 36573 42823 36593 42823 36613 42823 36633 43193
36553 36563 36573 36583 42833 36603 36613 36623 36633 43193
77364 77374 77384 77394 77404
77364 77374 77384 77394 77404
77364 77374 77384 77394 77404
77364 77374 77384 77394 77404
77364 77374 77384 77394 77404
77364 77374 77384 77394 77404
77364 77374 77384 77394 77404
77364 77374 77384 77394 77404
77364 77374 77384 77394 77404
77364 77374 77384 77394 77404
77364 77374 77384 77394 77404
77364 77374 77384 77394 77404
77364 77374 77384 77394 77404
77364 77374 77384 77394 77404
77364 77374 77384 77394 77404
77364 77374 77384 77394 77484
77364 77374 77384 77394 77484
77364 77374 77384 77394 77484
77364 77374 77384 77394 77404
77364 77374 77384 77394 77404
77364 77374 77384 77394 77404
77364 77374 77384 77394 77404
77364 77374 77384 77394 77404
77364 77374 77384 77394 77404
77364 77374 77384 77394 77404
77364 77374 77384 77394 77404
77364 77374 77384 77394 77404
77364 77374 77384 77394 77404
77364 77374 77384 77394 77404
77364 77374 77384 77394 77404
77364 77374 77384 77394 77404
77364 77374 77384 77394 77404
77364 77374 77384 77394 77404
77364 77374 77384 77394 77404
77364 77374 77384 77394 77404
77364 77374 77384 77394 77404
77364 77374 77384 77394 77404
77364 77374 77384 77394 77404
77364 77374 77384 77394 77404
77364 77374 77384 77394 77404
77364 77374 77384 77394 77404
77364 77374 77384 77394 77404
77364 77374 77384 77394 77404
77364 77374 77384 77394 77404
77364 77374 77384 77394 77404
77364 77374 77384 77394 77404
77364 77374 77384 77394 77404
77364 77414 77414 77394 77414
77364 77374 77384 77394 77404
77364 77374 77384 77394 77404
77364 77374 77384 77394 77404
77364 77374 77384 77394 77404
77364 77374 77384 77394 77404
77364 77374 77384 77394 77404
77364 77374 77384 77394 77404
77364 77374 77384 77394 77404
77364 77374 77384 77394 77404
77364 77374 77384 77394 77404
77364 77374 77384 77394 77404
77454 77454 77454 77394 77404
77364 77374 77384 77394 77404
77364 77374 77384 77394 77404
77464 77464 77464 77394 77404
77474 77474 77474 77474 77474
77474 77474 77474 77474 77474
77474 77474 77474 77474 77474
77364 77414 77414 77394 77414
77364 77374 77384 77394 77404
77364 77374 77384 77394 77424
77364 77374 77384 77394 77424
77364 77474 77474 77474 77474
77364 77474 77474 77474 77474
77364 77474 77474 77474 77474
77364 77374 77384 77394 77404
77364 77374 77384 77394 77424
77364 77374 77384 77394 77424
77364 77374 77384 77394 77404
79815 79865 79875 79885
79815 79865 79875 79885
79815 79865 79875 79885
79815 79865 79875 79885
79815 79865 79875 79885
79815 79865 79875 79885
79815 79865 79875 79885
79815 79865 79875 79885
79815 79865 79875 79885
79815 79865 79875 79885
79815 79865 79875 79885
79815 79865 79875 79885
79815 79865 79875 79885
79815 79865 79875 79885
79815 79865 79875 79885
79815 79865 79875 79885
79815 79865 79875 79885
79815 79865 79875 79885
79815 79865 79875 79885
79815 79865 79875 79885
79815 79865 79875 79885
79815 79865 79875 79885
79815 79865 79875 79885
79815 79865 79875 79885
79815 79865 79875 79885
79815 79865 79875 79885
79815 79865 79875 79885
79815 79865 79875 79885
79815 79865 79875 79885
79815 79865 79875 79885
79815 79865 79875 79885
79815 79865 79875 79885
79815 79865 79875 79885
79815 79865 79875 79885
79815 79865 79875 79885
79815 79865 79875 79885
79815 79865 79875 79885
79815 79865 79875 79885
79825 79825 79825 79825
79835 79835 79835 79835
79815 79865 79875 79885
79845 79845 79845 79845
79845 79845 79845 79845
79815 79865 79875 79885
79815 79865 79875 79885
79855 79855 79855 79855
79815 79865 79875 79885
79815 79865 79875 79885
79815 79865 79875 79885
79815 79865 79875 79885
