38791
38791
38791
38791
38791
38791
38791
38791
38791
38791
38791
38791
38791
38791
38791
38791
38791
38791
38791
38791
38791
38791
38791
38791
38791
38791
38791
38791
38791
38791
2712
2712
2712
2712
2712
2712
2712
2712
2712
2712
2712
2712
2712
2712
2712
2712
2712
2712
2712
2712
2712
2712
2712
2712
2712
2712
2712
2712
2712
2712
2712
2712
17423 17433 17443 17453 17463 17473 17483 17493 17503
17423 17433 17443 17453 17463 17473 17483 17493 17503
17423 17433 17443 17453 17463 17473 17483 17493 17503
17423 17433 17443 17453 17463 17473 17483 17493 17503
17423 17433 17443 17453 17463 17473 17483 17493 17503
17423 17433 17443 17453 17463 17473 17483 17493 17503
17423 17433 17443 17453 17463 17473 17483 17493 17503
17423 17433 17443 17453 17463 17473 17483 17493 17503
17423 17433 17443 17453 17463 17473 17483 17493 17503
17423 17433 17443 17453 17463 17473 17483 17493 17503
17423 17433 17443 17453 17463 17473 17483 17493 17503
17423 17433 17443 17453 17463 17473 17483 17493 17503
17423 17433 17443 17453 17463 17473 17483 17493 17503
17423 17433 17443 17453 17463 17473 17483 17493 17503
17423 17433 17443 17453 17463 17473 17483 17493 17503
17423 17433 17443 17453 17463 17473 17483 17493 17503
17423 17433 17443 17453 17463 17473 17483 17493 17503
17423 17433 17443 17453 17463 17473 17483 17493 17503
17423 17433 17443 17453 17463 17473 17483 17493 17503
17423 17433 17443 17453 17463 17473 17483 17493 17503
17423 17433 17443 17453 17463 17473 17483 17493 17503
17423 17433 17443 17453 17463 17473 17483 17493 17503
17423 17433 17443 17453 17463 17473 17483 17493 17503
17423 17433 17443 17453 17463 17473 17483 17493 17503
17423 17433 17443 17453 17463 17473 17483 17493 17503
17423 17433 17443 17453 17463 17473 17483 17493 17503
17423 17433 17443 17453 17463 17473 17483 17493 17503
17423 17433 17443 17453 17463 17473 17483 17493 17503
17423 17433 17443 17453 17463 17473 17483 17493 17503
17423 17433 17443 17453 17463 17473 17483 17493 17503
17423 17433 17443 17453 17463 17473 17483 17493 17503
17423 17433 17443 17453 17463 17473 17483 17493 17503
17423 17433 17443 17453 17463 17473 17483 17493 17503
17423 17433 17443 17453 17463 17473 17483 17493 17503
17423 17433 17443 17453 17463 17473 17483 17493 17503
17423 17433 17443 17453 17463 17473 17483 17493 17503
17423 17433 17443 17453 17463 17473 17483 17493 17503
17423 17433 17443 17453 17463 17473 17483 17493 17503
17423 17433 17443 17453 17463 17473 17483 17493 17503
17423 17433 17443 17453 17463 17473 17483 17493 17503
17423 17433 17443 17453 17463 17473 17483 17493 17503
17423 17433 17443 17453 17463 17473 17483 17493 17503
17423 17433 17443 17453 17463 17473 17483 17493 17503
17423 17433 17443 17453 17463 17473 17483 17493 17503
17423 17433 17443 17453 17463 17473 17483 17493 17503
17423 17433 17443 17453 17463 17473 17483 17493 17503
17423 17433 17443 17453 17463 17473 17483 17493 17503
17423 17433 17443 17453 17463 17473 17483 17493 17503
17423 17433 17443 17453 17463 17473 17483 17493 17503
17423 17433 17443 17453 17463 17473 17483 17493 17503
17423 17433 17443 17453 17463 17473 17483 17493 17503
17423 17433 17443 17453 17463 17473 17483 17493 17503
17423 17433 17443 17453 17463 17473 17483 17493 17503
17423 17433 17443 17453 17463 17473 17483 17493 17503
17423 17433 17443 17453 17463 17473 17483 17493 17503
17423 17433 17443 17453 17463 17473 17483 17493 17503
17423 17433 17443 17453 17463 17473 17483 17493 17503
17423 17433 17443 17453 17463 17473 17483 17493 17503
17423 17433 17443 17453 17463 17473 17483 17493 17503
17423 17433 17443 17453 17463 17473 17483 17493 17503
17423 17433 17443 17453 17463 17473 17483 17493 17503
17423 17433 17443 17453 17463 17473 17483 17493 17503
17423 17433 17443 17453 17463 17473 17483 17493 17503
17423 17433 17443 17453 17463 17473 17483 17493 17503
17423 17433 17443 17453 17463 17473 17483 17493 17503
17423 17433 17443 17453 17463 17473 17483 17493 17503
17423 17433 17443 17453 17463 17473 17483 17493 17503
17423 17433 17443 17453 17463 17473 17483 17493 17503
17423 17433 17443 17453 17463 17473 17483 17493 17503
17423 17433 17443 17453 17463 17473 17483 17493 17503
17423 17433 17443 17453 17463 17473 17483 17493 17503
17423 17433 17443 17453 17463 17473 17483 17493 17503
17423 17433 17443 17453 17463 17473 17483 17493 17503
17423 17433 17443 17453 17463 17473 17483 17493 17503
17423 17433 17443 17453 17463 17473 17483 17493 17503
17423 17433 17443 17453 17463 17473 17483 17493 17503
17423 17433 17443 17453 17463 17473 17483 17493 17503
17423 17433 17443 17453 17463 17473 17483 17493 17503
17423 17433 17443 17453 17463 17473 17483 17493 17503
17423 17433 17443 17453 17463 17473 17483 17493 17503
17423 17433 17443 17453 17463 17473 17483 17493 17503
17423 17433 17443 17453 17463 17473 17483 17493 17503
17423 17433 17443 17453 17463 17473 17483 17493 17503
17423 17433 17443 17453 17463 17473 17483 17493 17503
17423 17433 17443 17453 17463 17473 17483 17493 17503
17423 17433 17443 17453 17463 17473 17483 17493 17503
17423 17433 17443 17453 17463 17473 17483 17493 17503
17423 17433 17443 17453 17463 17473 17483 17493 17503
35954 35964 35974 35984 36004 35994
35954 35964 35974 35984 36004 35994
35954 35964 35974 35984 36004 35994
35954 35964 35974 35984 36004 35994
35954 35964 35974 35984 36004 35994
35954 35964 35974 35984 36004 35994
35954 35964 35974 35984 36004 35994
35954 35964 35974 35984 36004 35994
35954 35964 35974 35984 36004 35994
35954 35964 35974 35984 36004 35994
35954 35964 35974 35984 36004 35994
35954 35964 35974 35984 36004 35994
35954 35964 35974 35984 36004 35994
35954 35964 35974 35984 36004 35994
35954 35964 35974 35984 36004 35994
35954 35964 35974 35984 36004 35994
35954 35964 35974 35984 36004 35994
35954 35964 35974 35984 36004 35994
35954 35964 35974 35984 36004 35994
35954 35964 35974 35984 36004 35994
35954 35964 35974 35984 36004 35994
35954 35964 35974 35984 36004 35994
35954 35964 35974 35984 36004 35994
35954 35964 35974 35984 36004 35994
35954 35964 35974 35984 36004 35994
35954 35964 35974 35984 36004 35994
35954 35964 35974 35984 36004 35994
35954 35964 35974 35984 36004 35994
35954 35964 35974 35984 36004 35994
35954 35964 35974 35984 36004 35994
35954 35964 35974 35984 36004 35994
35954 35964 35974 35984 36004 35994
35954 35964 35974 35984 36004 35994
35954 35964 35974 35984 36004 35994
35954 35964 35974 35984 36004 35994
35954 35964 35974 35984 36004 35994
35954 35964 35974 35984 36004 35994
35954 35964 35974 35984 36004 35994
35954 35964 35974 35984 36004 35994
35954 35964 35974 35984 36004 35994
35954 35964 35974 35984 36004 35994
35954 35964 35974 35984 36004 35994
35954 35964 35974 35984 36004 35994
35954 35964 35974 35984 36004 35994
35954 35964 35974 35984 36004 35994
35954 35964 35974 35984 36004 35994
35954 35964 35974 35984 36004 35994
35954 35964 35974 35984 36004 35994
35954 35964 35974 35984 36004 35994
35954 35964 35974 35984 36004 35994
35954 35964 35974 35984 36004 35994
35954 35964 35974 35984 36004 35994
35954 35964 35974 35984 36004 35994
35954 35964 35974 35984 36004 35994
35954 35964 35974 35984 36004 35994
35954 35964 35974 35984 36004 35994
35954 35964 35974 35984 36004 35994
35954 35964 35974 35984 36004 35994
35954 35964 35974 35984 36004 35994
35954 35964 35974 35984 36004 35994
35954 35964 35974 35984 36004 35994
35954 35964 35974 35984 36004 35994
35954 35964 35974 35984 36004 35994
35954 35964 35974 35984 36004 35994
35954 35964 35974 35984 36004 35994
35954 35964 35974 35984 36004 35994
35954 35964 35974 35984 36004 35994
35954 35964 35974 35984 36004 35994
35954 35964 35974 35984 36004 35994
35954 35964 35974 35984 36004 35994
35954 35964 35974 35984 36004 35994
35954 35964 35974 35984 36004 35994
35954 35964 35974 35984 36004 35994
35954 35964 35974 35984 36004 35994
35954 35964 35974 35984 36004 35994
35954 35964 35974 35984 36004 35994
35954 35964 35974 35984 36004 35994
37145
37145
37145
37145
37145
37145
37145
37145
37145
37145
37145
37145
37145
37145
37145
37145
37145
37145
37145
37145
37145
37145
37145
37145
37145
37145
37145
37145
37145
37145
37145
37145
37145
37145
37145
37145
37145
37145
37145
37145
37145
37145
37145
37145
37145
37145
37145
37145
37145
37145
