84611
84611
84611
84611
84611
84611
84611
84611
84611
84611
84611
84611
84611
84611
84611
84611
84611
84611
84611
84611
84611
84611
84611
84611
84611
84611
84611
84611
84611
84611
11842 11852 11862 11872 11882
11842 11852 11862 11872 11882
11842 11852 11862 11872 11882
11842 11852 11862 11872 11882
11842 11852 11862 11872 11882
11842 11852 11862 11872 11882
11842 11852 11862 11872 11882
11842 11852 11862 11872 11882
11842 11852 11862 11872 11882
11842 11852 11862 11872 11882
11842 11852 11862 11872 11882
11842 11852 11862 11872 11882
11842 11852 11862 11872 11882
11842 11852 11862 11872 11882
11842 11852 11862 11872 11882
33722 33722 11862 33722 11882
33722 33722 11862 33722 11882
33722 33722 11862 33722 11882
11842 11852 11862 11872 11882
11842 11852 11862 11872 11882
11842 11852 11862 11872 11882
11842 11852 11862 11872 11882
11842 11852 11862 11872 11882
11842 11852 11862 11872 11882
11842 11852 11862 11872 11882
11842 11852 11862 11872 11882
11842 11852 11862 11872 11882
11842 11852 11862 11872 11882
11842 11852 11862 11872 11882
11842 11852 11862 11872 11882
11842 11852 11862 11872 11882
11842 11852 11862 11872 11882
11842 11852 11862 11872 11882
11842 11852 11862 11872 11882
11842 11852 11862 11872 11882
11842 11852 11862 11872 11882
11842 11852 11862 11872 11882
11842 11852 11862 11872 11882
11842 11852 11862 11872 11882
11842 11852 11862 11872 11882
11842 11852 11862 11872 11882
11842 11852 11862 11872 11882
11842 11852 11862 11872 11882
11842 11852 11862 11872 11882
11842 11852 11862 11872 11882
11842 11852 11862 11872 11882
11842 11852 11862 11872 11882
11892 11892 11892 11892 11892
11842 11852 11862 11872 11882
11902 11902 11902 11902 11902
11912 11912 11912 11912 11912
11922 11922 11922 11922 11922
11922 11922 11922 11922 11922
11922 11922 11922 11922 11922
11842 11852 11862 11872 11882
11842 11852 11862 11872 11882
11842 11852 11862 11872 11882
11932 11932 11932 11932 11932
11842 11852 11862 11872 11882
11842 11852 11862 11872 11882
11842 11852 33732 11872 11882
11842 11852 33732 11872 11882
11842 11852 33732 11872 11882
11842 11852 11862 11872 11882
11842 11852 11862 11872 11882
11842 11852 11862 11872 11882
13743 13763 13773 13783 13793
13743 13763 13773 13783 13793
13743 13763 13773 13783 13793
13743 13763 13773 13783 13793
13743 13763 13773 13783 13793
13743 13763 13773 13783 13793
13743 13763 13773 13783 13793
13743 13763 13773 13783 13793
13743 13763 13773 13783 13793
13743 13763 13773 13783 13793
13743 13763 13773 13783 13793
13743 13763 13773 13783 13793
13743 13763 13773 13783 13793
13743 13763 13773 13783 13793
13743 13763 13773 13783 13793
13743 13763 13773 13783 34063
13743 13763 13773 13783 34063
13743 13763 13773 13783 34063
13743 13763 13773 13783 13793
13743 13763 13773 13783 13793
13743 13763 13773 13783 13793
13743 13763 13773 13783 13793
13743 13763 13773 13783 13793
13743 13763 13773 13783 13793
13743 13763 13773 13783 13793
13743 13763 13773 13783 13793
13743 13763 13773 13783 13793
13743 13763 13773 13783 13793
13743 13763 13773 13783 13793
13743 13763 13773 13783 13793
13743 13763 13773 13783 13793
13743 13763 13773 13783 13793
13743 13763 13773 13783 13793
13743 13763 13773 13783 13793
13743 13763 13773 13783 13793
13743 13763 13773 13783 13793
13743 13763 13773 13783 13793
13743 13763 13773 13783 13793
13743 13763 13773 13783 13793
13743 13763 13773 13783 13793
13743 13763 13773 13783 13793
13743 13763 13773 13783 13793
13743 13763 13773 13783 13793
13743 13763 13773 13783 13793
13743 13763 13773 13783 13793
13743 13763 13773 13783 13793
13743 13763 13773 13783 13793
13753 13753 13753 13783 13793
13743 13763 13773 13783 13793
13743 13763 13773 13783 13793
13743 13763 13773 13783 13793
13743 13763 13773 13783 13793
13743 13763 13773 13783 13793
13743 13763 13773 13783 13793
13743 13763 13773 13783 13793
13743 13763 13773 13783 13793
13743 13823 13773 13783 13793
13743 13763 13773 13783 13793
13743 13763 13773 13783 13793
13833 13833 13833 13783 13793
13743 13763 13773 13783 13793
13743 13763 13773 13783 13793
28643 28643 28643 13783 13793
28653 28653 28653 28653 28653
28653 28653 28653 28653 28653
28653 28653 28653 28653 28653
13743 13763 13773 13783 13793
