38771
38771
38771
38771
38771
38771
38771
38771
38771
38771
38771
38771
38771
38771
38771
38771
38771
38771
38771
38771
38771
38771
38771
38771
38771
38771
38771
38771
38771
38771
3482 3472 3492 3502 3512 3522
3482 3472 3492 3502 3512 3522
3482 3472 3492 3502 3512 3522
3482 3472 3492 3502 3512 3522
3482 3472 3492 3502 3512 3522
3482 3472 3492 3502 3512 3522
3482 3472 3492 3502 3512 3522
3482 3472 3492 3502 3512 3522
3482 3472 3492 3502 3512 3522
3482 3472 3492 3502 3512 3522
3482 3472 3492 3502 3512 3522
3482 3472 3492 3502 3512 3522
3482 3472 3492 3502 3512 3522
3482 3472 3492 3502 3512 3522
3482 3472 3492 3502 3512 3522
3482 3472 3492 3502 3512 3522
3482 3472 3492 3502 3512 3522
3482 3472 3492 3502 3512 3522
3482 3472 3492 3502 3512 3522
3482 3472 3492 3502 3512 3522
3482 3472 3492 3502 3512 3522
3482 3472 3492 3502 3512 3522
3482 3472 3492 3502 3512 3522
3482 3472 3492 3502 3512 3522
3482 3472 3492 3502 3512 3522
3482 3472 3492 3502 3512 3522
3482 3472 3492 3502 3512 3522
3482 3472 3492 3502 3512 3522
3482 3472 3492 3502 3512 3522
3482 3472 3492 3502 3512 3522
3482 3472 3492 3502 3512 3522
3482 3472 3492 3502 3512 3522
3482 3472 3492 3502 3512 3522
3482 3472 3492 3502 3512 3522
3482 3472 3492 3502 3512 3522
3482 3472 3492 3502 3512 3522
3482 3472 3492 3502 3512 3522
3482 3472 3492 3502 3512 3522
3482 3472 3492 3502 3512 3522
3482 3472 3492 3502 3512 3522
3482 3472 3492 3502 3512 3522
3482 3472 3492 3502 3512 3522
3482 3472 3492 3502 3512 3522
3482 3472 3492 3502 3512 3522
3482 3472 3492 3502 3512 3522
3482 3472 3492 3502 3512 3522
3482 3472 3492 3502 3512 3522
3482 3472 3492 3502 3512 3522
3482 3472 3492 3502 3512 3522
3482 3472 3492 3502 3512 3522
3482 3472 3492 3502 3512 3522
3482 3472 3492 3502 3512 3522
3482 3472 3492 3502 3512 3522
3482 3472 3492 3502 3512 3522
3482 3472 3492 3502 3512 3522
3482 3472 3492 3502 3512 3522
3482 3472 3492 3502 3512 3522
3482 3472 3492 3502 3512 3522
3482 3472 3492 3502 3512 3522
3482 3472 3492 3502 3512 3522
3482 3472 3492 3502 3512 3522
3482 3472 3492 3502 3512 3522
3482 3472 3492 3502 3512 3522
3482 3472 3492 3502 3512 3522
3482 3472 3492 3502 3512 3522
3482 3472 3492 3502 3512 3522
4613 4623 4633 4643 4663 4653
4613 4623 4633 4643 4663 4653
4613 4623 4633 4643 4663 4653
4613 4623 4633 4643 4663 4653
4613 4623 4633 4643 4663 4653
4613 4623 4633 4643 4663 4653
4613 4623 4633 4643 4663 4653
4613 4623 4633 4643 4663 4653
4613 4623 4633 4643 4663 4653
4613 4623 4633 4643 4663 4653
4613 4623 4633 4643 4663 4653
4613 4623 4633 4643 4663 4653
4613 4623 4633 4643 4663 4653
4613 4623 4633 4643 4663 4653
4613 4623 4633 4643 4663 4653
4613 4623 4633 4643 4663 4653
4613 4623 4633 4643 4663 4653
4613 4623 4633 4643 4663 4653
4613 4623 4633 4643 4663 4653
4613 4623 4633 4643 4663 4653
4613 4623 4633 4643 4663 4653
4613 4623 4633 4643 4663 4653
4613 4623 4633 4643 4663 4653
4613 4623 4633 4643 4663 4653
4613 4623 4633 4643 4663 4653
4613 4623 4633 4643 4663 4653
4613 4623 4633 4643 4663 4653
4613 4623 4633 4643 4663 4653
4613 4623 4633 4643 4663 4653
4613 4623 4633 4643 4663 4653
4613 4623 4633 4643 4663 4653
4613 4623 4633 4643 4663 4653
4613 4623 4633 4643 4663 4653
4613 4623 4633 4643 4663 4653
4613 4623 4633 4643 4663 4653
4613 4623 4633 4643 4663 4653
4613 4623 4633 4643 4663 4653
4613 4623 4633 4643 4663 4653
4613 4623 4633 4643 4663 4653
4613 4623 4633 4643 4663 4653
4613 4623 4633 4643 4663 4653
4613 4623 4633 4643 4663 4653
4613 4623 4633 4643 4663 4653
4613 4623 4633 4643 4663 4653
4613 4623 4633 4643 4663 4653
4613 4623 4633 4643 4663 4653
4613 4623 4633 4643 4663 4653
4613 4623 4633 4643 4663 4653
4613 4623 4633 4643 4663 4653
4613 4623 4633 4643 4663 4653
4613 4623 4633 4643 4663 4653
4613 4623 4633 4643 4663 4653
4613 4623 4633 4643 4663 4653
4613 4623 4633 4643 4663 4653
4613 4623 4633 4643 4663 4653
4613 4623 4633 4643 4663 4653
4613 4623 4633 4643 4663 4653
4613 4623 4633 4643 4663 4653
4613 4623 4633 4643 4663 4653
4613 4623 4633 4643 4663 4653
4613 4623 4633 4643 4663 4653
4613 4623 4633 4643 4663 4653
4613 4623 4633 4643 4663 4653
4613 4623 4633 4643 4663 4653
4613 4623 4633 4643 4663 4653
4613 4623 4633 4643 4663 4653
4613 4623 4633 4643 4663 4653
