38761
38761
38761
38761
38761
38761
38761
38761
38761
38761
38761
38761
38761
38761
38761
38761
38761
38761
38761
38761
38761
38761
38761
38761
38761
38761
38761
38761
38761
38761
2422
2422
2422
2422
2422
2422
2422
2422
2422
2422
2422
2422
2422
2422
2422
2422
2422
2422
2422
2422
2422
2422
2422
2422
2422
2422
2422
2422
2422
2422
2422
2422
2422
2422
2422
2422
2422
2422
2422
2422
2422
2422
2422
2422
2422
2422
2422
2422
2422
2422
2893
2893
2893
2893
2893
2893
2893
2893
2893
2893
2893
2893
2893
2893
2893
2893
2893
2893
2893
2893
2893
2893
2893
2893
2893
2893
2893
2893
2893
2893
2893
2893
2893
2893
2893
2893
2893
2893
2893
2893
2893
2893
2893
2893
2893
2893
2893
2893
2893
10014 10024 10034 10044 10054 10064 10074 10084 10094
10014 10024 10034 10044 10054 10064 10074 10084 10094
10014 10024 10034 10044 10054 10064 10074 10084 10094
10014 10024 10034 10044 10054 10064 10074 10084 10094
10014 10024 10034 10044 10054 10064 10074 10084 10094
10014 10024 10034 10044 10054 10064 10074 10084 10094
10014 10024 10034 10044 10054 10064 10074 10084 10094
10014 10024 10034 10044 10054 10064 10074 10084 10094
10014 10024 10034 10044 10054 10064 10074 10084 10094
10014 10024 10034 10044 10054 10064 10074 10084 10094
10014 10024 10034 10044 10054 10064 10074 10084 10094
10014 10024 10034 10044 10054 10064 10074 10084 10094
10014 10024 10034 10044 10054 10064 10074 10084 10094
10014 10024 10034 10044 10054 10064 10074 10084 10094
10014 10024 10034 10044 10054 10064 10074 10084 10094
10014 10024 10034 10044 10054 10064 10074 10084 10094
10014 10024 10034 10044 10054 10064 10074 10084 10094
10014 10024 10034 10044 10054 10064 10074 10084 10094
10014 10024 10034 10044 10054 10064 10074 10084 10094
10014 10024 10034 10044 10054 10064 10074 10084 10094
10014 10024 10034 10044 10054 10064 10074 10084 10094
10014 10024 10034 10044 10054 10064 10074 10084 10094
10014 10024 10034 10044 10054 10064 10074 10084 10094
10014 10024 10034 10044 10054 10064 10074 10084 10094
10014 10024 10034 10044 10054 10064 10074 10084 10094
10014 10024 10034 10044 10054 10064 10074 10084 10094
10014 10024 10034 10044 10054 10064 10074 10084 10094
10014 10024 10034 10044 10054 10064 10074 10084 10094
10014 10024 10034 10044 10054 10064 10074 10084 10094
10014 10024 10034 10044 10054 10064 10074 10084 10094
10014 10024 10034 10044 10054 10064 10074 10084 10094
10014 10024 10034 14424 10054 10064 10074 14874 10094
10014 10024 10034 14424 10054 10064 10074 14874 10094
10014 10024 10034 14424 10054 10064 10074 14874 10094
10014 10024 10034 10044 10054 10064 10074 10084 10094
10014 10024 10034 10044 10054 10064 10074 10084 10094
10014 10024 10034 10044 10054 10064 10074 10084 10094
10014 10024 10034 10044 10054 10064 10074 10084 10094
10014 10024 10034 10044 10054 10064 10074 10084 10094
10014 10024 10034 10044 10054 10064 10074 10084 10094
10014 10024 10034 10044 10054 10064 10074 10084 10094
10014 10024 10034 10044 10054 10064 10074 10084 10094
10014 10024 10034 10044 10054 10064 10074 10084 10094
10014 10024 10034 10044 10054 10064 10074 10084 10094
10014 10024 10034 10044 10054 10064 10074 10084 10094
10014 10024 10034 10044 10054 10064 10074 10084 10094
10014 10024 10034 10044 10054 10064 10074 10084 10094
10014 10024 10034 10044 10054 10064 10074 10084 10094
10014 10024 10034 10044 10054 10064 10074 10084 10094
10014 10024 10034 10044 10054 10064 10074 10084 10094
10014 10024 10034 10044 10054 10064 10074 10084 10094
10014 10024 10034 10044 10054 10064 10074 10084 10094
10014 10024 10034 10044 10054 10064 10074 10084 10094
10014 10024 10034 10044 10054 10064 10074 10084 10094
10014 10024 10034 10044 10054 10064 10074 10084 10094
10014 10024 10034 10044 10054 10064 10074 10084 10094
10014 10024 10034 10044 10054 10064 10074 10084 10094
10014 10024 10034 10044 10054 10064 10074 10084 10094
10014 10024 10034 10044 10054 10064 10074 10084 10094
10014 10024 10034 10044 10054 10064 10074 10084 10094
10014 10024 10034 10044 10054 10064 10074 10084 10094
10014 10024 10034 10044 10054 10064 10074 10084 10094
10014 10024 10034 10044 10054 10064 10074 10084 10094
10014 10024 10034 10044 10054 10064 10074 10084 10094
10014 10024 10034 10044 10054 10064 10074 10084 10094
10014 10024 10034 10044 10054 10064 10074 10084 10094
10014 10024 10034 10044 10054 10064 10074 10084 10094
10014 10024 10034 14424 10054 10064 10074 14874 10094
10014 10024 10034 14424 10054 10064 10074 14874 10094
10014 10024 10034 10044 10054 10064 10074 10084 10094
10014 10024 10034 10044 10054 10064 10074 10084 10094
10014 10024 10034 10044 10054 10064 10074 10084 10094
10014 10024 10034 10044 10054 10064 10074 10084 10094
10014 10024 10034 10044 10054 10064 10074 10084 10094
10014 10024 10034 10044 10054 10064 10074 10084 10094
10014 10024 10034 14424 10054 10064 10074 14874 10094
10014 10024 10034 14424 10054 10064 10074 14874 10094
10014 10024 10034 10044 10054 10064 10074 10084 10094
10014 10024 10034 10044 10054 10064 10074 10084 10094
10014 10024 10034 10044 10054 10064 10074 10084 10094
10014 10024 10034 10044 10054 10064 10074 10084 10094
10014 10024 10034 10044 10054 10064 10074 10084 10094
10014 10024 10034 10044 10054 10064 10074 10084 10094
