84601
84601
84601
84601
84601
84601
84601
84601
84601
84601
84601
84601
84601
84601
84601
84601
84601
84601
84601
84601
84601
84601
84601
84601
84601
84601
84601
84601
84601
84601
6992 7042 7052 7062
6992 7042 7052 7062
6992 7042 7052 7062
6992 7042 7052 7062
6992 7042 7052 7062
6992 7042 7052 7062
6992 7042 7052 7062
6992 7042 7052 7062
6992 7042 7052 7062
6992 7042 7052 7062
6992 7042 7052 7062
6992 7042 7052 7062
6992 7042 7052 7062
6992 7042 7052 7062
6992 7042 7052 7062
6992 7042 7052 7062
6992 7042 7052 7062
6992 7042 7052 7062
6992 7042 7052 7062
6992 7042 7052 7062
6992 7042 7052 7062
6992 7042 7052 7062
6992 7042 7052 7062
6992 7042 7052 7062
6992 7042 7052 7062
6992 7042 7052 7062
6992 7042 7052 7062
6992 7042 7052 7062
6992 7042 7052 7062
6992 7042 7052 7062
6992 7042 7052 7062
6992 7042 7052 7062
6992 7042 7052 7062
6992 7042 7052 7062
6992 7042 7052 7062
6992 7042 7052 7062
6992 7042 7052 7062
6992 7042 7052 7062
7002 7002 7002 7002
7012 7012 7012 7012
6992 7042 7052 7062
7022 7022 7022 7022
7022 7022 7022 7022
6992 7042 7052 7062
6992 7042 7052 7062
7032 7032 7032 7032
6992 7042 7052 7062
6992 7042 7052 7062
6992 7042 7052 7062
6992 7042 7052 7062
8603 8613 8623
8603 8613 8623
8603 8613 8623
8603 8613 8623
8603 8613 8623
8603 8613 8623
8603 8613 8623
8603 8613 8623
8603 8613 8623
8603 8613 8623
8603 8613 8623
8603 8613 8623
8603 8613 8623
8603 8613 8623
8603 8613 8623
8603 8613 8623
8603 8613 8623
8603 8613 8623
8603 8613 8623
8603 8613 8623
8603 8613 8623
8603 8613 8623
8603 8613 8623
8603 8613 8623
8603 8613 8623
8603 8613 8623
8603 8613 8623
8603 8613 8623
8603 8613 8623
8603 8613 8623
8603 8613 8623
8603 8613 8623
8603 8613 8623
8603 8613 8623
8603 8613 8623
8603 8613 8623
8603 8613 8623
8633 8633 8633
8643 8643 8643
8603 8613 8623
8603 8613 8623
8603 8613 8623
8603 8613 8623
8603 8613 8623
8603 8613 8623
8603 8613 8623
8603 8613 8623
8603 8613 8623
8603 8613 8623
24274 24284 24294 24304 24314 24324 24334
24274 24284 24294 24304 24314 24324 24334
24274 24284 24294 24304 24314 24324 24334
24274 24284 24294 24304 24314 24324 24334
24274 24284 24294 24304 24314 24324 24334
24274 24284 24294 24304 24314 24324 24334
24274 24284 24294 24304 24314 24324 24334
24274 24284 24294 24304 24314 24324 24334
24274 24284 24294 24304 24314 24324 24334
24274 24284 24294 24304 24314 24324 24334
24274 24284 24294 24304 24314 24324 24334
24274 24284 24294 24304 24314 24324 24334
24274 24284 24294 24304 24314 24324 24334
24274 24284 24294 24304 24314 24324 24334
24274 24284 24294 24304 24314 24324 24334
34374 34374 34374 34374 34374 34374 34374
34374 34374 34374 34374 34374 34374 34374
34374 34374 34374 34374 34374 34374 34374
24274 24284 24294 24304 24314 24324 24334
24274 24284 24294 24304 24314 24324 24334
24274 24284 24294 24304 24314 24324 24334
24274 24284 24294 24304 24314 24324 24334
24274 24284 24294 24304 24314 24324 24334
24274 24284 24294 24304 24314 24324 24334
24274 24284 24294 24304 24314 24324 24334
24274 24284 24294 24304 24314 24324 24334
24274 24284 24294 24304 24314 24324 24334
24274 24284 24294 24304 24314 24324 24334
24274 24284 24294 24304 24314 24324 24334
24274 24284 24294 24304 24314 24324 24334
24274 24284 24294 24304 24314 24324 24334
24274 24284 24294 24304 24314 24324 24334
24274 24284 24294 24304 24314 24324 24334
24274 24284 24294 24304 24314 24324 24334
24274 24284 24294 24304 24314 24324 24334
24274 24284 24294 24304 24314 24324 24334
24274 24284 24294 24304 24314 24324 24334
24274 24284 24294 24304 24314 24324 24334
24274 24284 24294 24304 24314 24324 24334
24274 24284 24294 24304 24314 24324 24334
24274 24284 24294 24304 24314 24324 24334
24274 24284 24294 24304 24314 24324 24334
24274 24284 24294 24304 24314 24324 24334
24274 24284 24294 24304 24314 24324 24334
24274 24284 24294 24304 24314 24324 24334
24274 24284 24294 24304 24314 24324 24334
24274 24284 24294 24304 24314 24324 24334
24344 24344 24344 24344 24344 24344 24344 24344
24354 24354 24354 24354 24354 24354 24354 24354
24274 24284 24294 24304 24314 24324 24334
24274 24284 24294 24304 24314 24324 24334
24274 24284 24294 24304 24314 24324 24334
24274 24284 24294 24304 24314 24324 24334
24364 24364 24364 24364 24364 24364 24364 24364
24374 24374 24374 24374 24374 24374 24374 24374
24374 24374 24374 24374 24374 24374 24374 24374
24374 24374 24374 24374 24374 24374 24374 24374
24384 24384 24384 24384 24384 24384 24384 24384
24384 24384 24384 24384 24384 24384 24384 24384
24384 24384 24384 24384 24384 24384 24384 24384
24394 24284 24394 24304 24394 24324 24334
24404 24404 24404 24404 24404 24404 24404 24404
24404 24404 24404 24404 24404 24404 24404 24404
24404 24404 24404 24404 24404 24404 24404 24404
24414 24414 24414 24414 24414 24414 24414 24414
24414 24414 24414 24414 24414 24414 24414 24414
24414 24414 24414 24414 24414 24414 24414 24414
24424 24284 24294 24424 24314 24324 24334
24274 24284 24294 24304 24314 24324 24334
24434 24434 24294 24304 24434 24324 24334
24274 24284 24294 24304 24314 24324 24334
24444 24444 24294 24304 24444 24324 24334
24274 24284 24294 24304 24314 24324 24334
24274 24284 24294 24304 24314 24324 24334
24274 24284 24294 24304 24314 24324 24334
24454 24284 24294 24454 24314 24324 24334
24274 24284 24294 24304 24314 24324 24334
24274 24284 24294 24304 24314 24324 24334
24464 24464 24294 24304 24464 24324 24334
24274 24284 24294 24304 24314 24324 24334
24274 24284 24294 24304 24314 24324 24334
24274 24284 24294 24304 24314 24324 24334
24274 24284 24294 24304 24314 24324 24334
