84571
84571
84571
84571
84571
84571
84571
84571
84571
84571
84571
84571
84571
84571
84571
84571
84571
84571
84571
84571
84571
84571
84571
84571
84571
84571
84571
84571
84571
84571
62542 62592 62602 62612
62542 62592 62602 62612
62542 62592 62602 62612
62542 62592 62602 62612
62542 62592 62602 62612
62542 62592 62602 62612
62542 62592 62602 62612
62542 62592 62602 62612
62542 62592 62602 62612
62542 62592 62602 62612
62542 62592 62602 62612
62542 62592 62602 62612
62542 62592 62602 62612
62542 62592 62602 62612
62542 62592 62602 62612
62542 62592 62602 62612
62542 62592 62602 62612
62542 62592 62602 62612
62542 62592 62602 62612
62542 62592 62602 62612
62542 62592 62602 62612
62542 62592 62602 62612
62542 62592 62602 62612
62542 62592 62602 62612
62542 62592 62602 62612
62542 62592 62602 62612
62542 62592 62602 62612
62542 62592 62602 62612
62542 62592 62602 62612
62542 62592 62602 62612
62542 62592 62602 62612
62542 62592 62602 62612
62542 62592 62602 62612
62542 62592 62602 62612
62542 62592 62602 62612
62542 62592 62602 62612
62542 62592 62602 62612
62542 62592 62602 62612
62552 62552 62552 62552
62562 62562 62562 62562
62542 62592 62602 62612
62572 62572 62572 62572
62572 62572 62572 62572
62542 62592 62602 62612
62542 62592 62602 62612
62582 62582 62582 62582
62542 62592 62602 62612
62542 62592 62602 62612
62542 62592 62602 62612
62542 62592 62602 62612
66663 66673 66683 66693 66703 66713 66723 66733
66663 66673 66683 66693 66703 66713 66723 66733
66663 66673 66683 66693 66703 66713 66723 66733
66663 66673 66683 66693 66703 66713 66723 66733
66663 66673 66683 66693 66703 66713 66723 66733
66663 66673 66683 66693 66703 66713 66723 66733
66663 66673 66683 66693 66703 66713 66723 66733
66663 66673 66683 66693 66703 66713 66723 66733
66663 66673 66683 66693 66703 66713 66723 66733
66663 66673 66683 66693 66703 66713 66723 66733
66663 66673 66683 66693 66703 66713 66723 66733
66663 66673 66683 66693 66703 66713 66723 66733
66663 66673 66683 66693 66703 66713 66723 66733
66663 66673 66683 66693 66703 66713 66723 66733
66663 66673 66683 66693 66703 66713 66723 66733
66663 66673 66683 66693 66703 66713 66723 66733
66663 66673 66683 66693 66703 66713 66723 66733
66663 66673 66683 66693 66703 66713 66723 66733
66663 66673 66683 66693 66703 66713 66723 66733
66663 66673 66683 66693 66703 66713 66723 66733
66663 66673 66683 66693 66703 66713 66723 66733
66663 66673 66683 66693 66703 66713 66723 66733
66663 66673 66683 66693 66703 66713 66723 66733
66663 66673 66683 66693 66703 66713 66723 66733
66663 66673 66683 66693 66703 66713 66723 66733
66663 66673 66683 66693 66703 66713 66723 66733
66663 66673 66683 66693 66703 66713 66723 66733
66663 66673 66683 66693 66703 66713 66723 66733
66663 66673 66683 66693 66703 66713 66723 66733
66663 66673 66683 66693 66703 66713 66723 66733
66663 66673 66683 66693 66703 66713 66723 66733
66663 66673 66683 66693 66703 66713 66723 66733
66663 66673 66683 66693 66703 66713 66723 66733
66663 66673 66683 66693 66703 66713 66723 66733
66663 66673 66683 66693 66703 66713 66723 66733
66663 66673 66683 66693 66703 66713 66723 66733
66663 66673 66683 66693 66703 66713 66723 66733
66663 66673 66683 66693 66703 66713 66723 66733
66663 66673 66683 66693 66703 66713 66723 66733
66663 66673 66683 66693 66703 66713 66723 66733
66663 66673 66683 66693 66703 66713 66723 66733
66663 66673 66683 66693 66703 66713 66723 66733
66663 66673 66683 66693 66703 66713 66723 66733
66663 66673 66683 66693 66703 66713 66723 66733
66663 66673 66683 66693 66703 66713 66723 66733
66663 66673 66683 66693 66703 66713 66723 66733
66663 66673 66683 66693 66703 66713 66723 66733
66663 66673 66683 66693 66703 66713 66723 66733
66663 66673 66683 66693 66703 66713 66723 66733
66663 66673 66683 66693 66703 66713 66723 66733
66663 66673 66683 66693 66703 66713 66723 66733
66663 66673 66683 66693 66703 66713 66723 66733
66663 66673 66683 66693 66703 66713 66723 66733
66663 66673 66683 66693 66703 66713 66723 66733
66663 66673 66683 66693 66703 66713 66723 66733
66663 66673 66683 66693 66703 66713 66723 66733
66663 66673 66683 66693 66703 66713 66723 66733
66663 66673 66683 66693 66703 66713 66723 66733
66663 66673 66683 66693 66703 66713 66723 66733
66663 66673 66683 66693 66703 66713 66723 66733
66663 66673 66683 66693 66703 66713 66723 66733
66663 66673 66683 66693 66703 66713 66723 66733
66663 66673 66683 66693 66703 66713 66723 66733
66663 66673 66683 66693 66703 66713 66723 66733
66663 66673 66683 66693 66703 66713 66723 66733
66663 66673 66683 66693 66703 66713 66723 66733
66663 66673 66683 66693 66703 66713 66723 66733
66663 66673 66683 66693 66703 66713 66723 66733
66663 66673 66683 66693 66703 66713 66723 66733
66663 66673 66683 66693 66703 66713 66723 66733
66663 66673 66683 66693 66703 66713 66723 66733
66663 66673 66683 66693 66703 66713 66723 66733
66663 66673 66683 66693 66703 66713 66723 66733
66663 66673 66683 66693 66703 66713 66723 66733
66663 66673 66683 66693 66703 66713 66723 66733
66663 66673 66683 66693 66703 66713 66723 66733
66663 66673 66683 66693 66703 66713 66723 66733
66663 66673 66683 66693 66703 66713 66723 66733
66663 66673 66683 66693 66703 66713 66723 66733
66663 66673 66683 66693 66703 66713 66723 66733
66663 66673 66683 66693 66703 66713 66723 66733
66663 66673 66683 66693 66703 66713 66723 66733
66663 66673 66683 66693 66703 66713 66723 66733
66663 66673 66683 66693 66703 66713 66723 66733
66663 66673 66683 66693 66703 66713 66723 66733
