38731
38731
38731
38731
38731
38731
38731
38731
38731
38731
38731
38731
38731
38731
38731
38731
38731
38731
38731
38731
38731
38731
38731
38731
38731
38731
38731
38731
38731
38731
29852
29852
29852
29852
29852
29852
29852
29852
29852
29852
29852
29852
29852
29852
29852
29852
29852
29852
29852
29852
29852
29852
29852
29852
29852
29852
29852
29852
29852
29852
29852
29852
29852
29852
29852
29852
29852
29852
29852
29852
29852
29852
29852
29852
29852
29852
29852
29852
29852
29852
31453 31463 31473 31483 31493 31503 31513
31453 31463 31473 31483 31493 31503 31513
31453 31463 31473 31483 31493 31503 31513
31453 31463 31473 31483 31493 31503 31513
31453 31463 31473 31483 31493 31503 31513
31453 31463 31473 31483 31493 31503 31513
31453 31463 31473 31483 31493 31503 31513
31453 31463 31473 31483 31493 31503 31513
31453 31463 31473 31483 31493 31503 31513
31453 31463 31473 31483 31493 31503 31513
31453 31463 31473 31483 31493 31503 31513
31453 31463 31473 31483 31493 31503 31513
31453 31463 31473 31483 31493 31503 31513
31453 31463 31473 31483 31493 31503 31513
31453 31463 31473 31483 31493 31503 31513
31453 31463 31473 31483 31493 31503 31513
31453 31463 31473 31483 31493 31503 31513
31453 31463 31473 31483 31493 31503 31513
31453 31463 31473 31483 31493 31503 31513
31453 31463 31473 31483 31493 31503 31513
31453 31463 31473 31483 31493 31503 31513
31453 31463 31473 31483 31493 31503 31513
31453 31463 31473 31483 31493 31503 31513
31453 31463 31473 31483 31493 31503 31513
31453 31463 31473 31483 31493 31503 31513
31453 31463 31473 31483 31493 31503 31513
31453 31463 31473 31483 31493 31503 31513
31453 31463 31473 31483 31493 31503 31513
31453 31463 31473 31483 31493 31503 31513
31453 31463 31473 31483 31493 31503 31513
31453 31463 31473 31483 31493 31503 31513
31453 31463 31473 31483 31493 31503 31513
31453 31463 31473 31483 31493 31503 31513
31453 31463 31473 31483 31493 31503 31513
31453 31463 31473 31483 31493 31503 31513
31453 31463 31473 31483 31493 31503 31513
31453 31463 31473 31483 31493 31503 31513
31453 31463 31473 31483 31493 31503 31513
31453 31463 31473 31483 31493 31503 31513
31453 31463 31473 31483 31493 31503 31513
31453 31463 31473 31483 31493 31503 31513
31453 31463 31473 31483 31493 31503 31513
31453 31463 31473 31483 31493 31503 31513
31453 31463 31473 31483 31493 31503 31513
31453 31463 31473 31483 31493 31503 31513
31453 31463 31473 31483 31493 31503 31513
31453 31463 31473 31483 31493 31503 31513
31453 31463 31473 31483 31493 31503 31513
31453 31463 31473 31483 31493 31503 31513
31453 31463 31473 31483 31493 31503 31513
31453 31463 31473 31483 31493 31503 31513
31453 31463 31473 31483 31493 31503 31513
31453 31463 31473 31483 31493 31503 31513
31453 31463 31473 31483 31493 31503 31513
31453 31463 31473 31483 31493 31503 31513
31453 31463 31473 31483 31493 31503 31513
31453 31463 31473 31483 31493 31503 31513
31453 31463 31473 31483 31493 31503 31513
31453 31463 31473 31483 31493 31503 31513
31453 31463 31473 31483 31493 31503 31513
31453 31463 31473 31483 31493 31503 31513
31453 31463 31473 31483 31493 31503 31513
31453 31463 31473 31483 31493 31503 31513
31453 31463 31473 31483 31493 31503 31513
31453 31463 31473 31483 31493 31503 31513
31453 31463 31473 31483 31493 31503 31513
31453 31463 31473 31483 31493 31503 31513
31453 31463 31473 31483 31493 31503 31513
31453 31463 31473 31483 31493 31503 31513
31453 31463 31473 31483 31493 31503 31513
31453 31463 31473 31483 31493 31503 31513
31453 31463 31473 31483 31493 31503 31513
31453 31463 31473 31483 31493 31503 31513
31453 31463 31473 31483 31493 31503 31513
31453 31463 31473 31483 31493 31503 31513
31453 31463 31473 31483 31493 31503 31513
31453 31463 31473 31483 31493 31503 31513
31453 31463 31473 31483 31493 31503 31513
31453 31463 31473 31483 31493 31503 31513
31453 31463 31473 31483 31493 31503 31513
31453 31463 31473 31483 31493 31503 31513
31453 31463 31473 31483 31493 31503 31513
31453 31463 31473 31483 31493 31503 31513
31453 31463 31473 31483 31493 31503 31513
31453 31463 31473 31483 31493 31503 31513
