84641
84641
84641
84641
84641
84641
84641
84641
84641
84641
84641
84641
84641
84641
84641
84641
84641
84641
84641
84641
84641
84641
84641
84641
84641
84641
84641
84641
84641
84641
53062 53072 53082 53092 53102 53112 53122 53132
53062 53072 53082 53092 53102 53112 53122 53132
53062 53072 53082 53092 53102 53112 53122 53132
53062 53072 53082 53092 53102 53112 53122 53132
53062 53072 53082 53092 53102 53112 53122 53132
53062 53072 53082 53092 53102 53112 53122 53132
53062 53072 53082 53092 53102 53112 53122 53132
53062 53072 53082 53092 53102 53112 53122 53132
53062 53072 53082 53092 53102 53112 53122 53132
53062 53072 53082 53092 53102 53112 53122 53132
53062 53072 53082 53092 53102 53112 53122 53132
53062 53072 53082 53092 53102 53112 53122 53132
53062 53072 53082 53092 53102 53112 53122 53132
53062 53072 53082 53092 53102 53112 53122 53132
53062 53072 53082 53092 53102 53112 53122 53132
53062 53072 53082 53092 53102 53112 53122 53132
53062 53072 53082 53092 53102 53112 53122 53132
53062 53072 53082 53092 53102 53112 53122 53132
53062 53072 53082 53092 53102 53112 53122 53132
53062 53072 53082 53092 53102 53112 53122 53132
53062 53072 53082 53092 53102 53112 53122 53132
53062 53072 53082 53092 53102 53112 53122 53132
53062 53072 53082 53092 53102 53112 53122 53132
53062 53072 53082 53092 53102 53112 53122 53132
53062 53072 53082 53092 53102 53112 53122 53132
53062 53072 53082 53092 53102 53112 53122 53132
53062 53072 53082 53092 53102 53112 53122 53132
53062 53072 53082 53092 53102 53112 53122 53132
53062 53072 53082 53092 53102 53112 53122 53132
53062 53072 53082 53092 53102 53112 53122 53132
53062 53072 53082 53092 53102 53112 53122 53132
53062 53072 53082 53092 53102 53112 53122 53132
53062 53072 53082 53092 53102 53112 53122 53132
53062 53072 53082 53092 53102 53112 53122 53132
53062 53072 53082 53092 53102 53112 53122 53132
53062 53072 53082 53092 53102 53112 53122 53132
53062 53072 53082 53092 53102 53112 53122 53132
53062 53072 53082 53092 53102 53112 53122 53132
53062 53072 53082 53092 53102 53112 53122 53132
53062 53072 53082 53092 53102 53112 53122 53132
53062 53072 53082 53092 53102 53112 53122 53132
53062 53072 53082 53092 53102 53112 53122 53132
53062 53072 53082 53092 53102 53112 53122 53132
53062 53072 53082 53092 53102 53112 53122 53132
53062 53072 53082 53092 53102 53112 53122 53132
53062 53072 53082 53092 53102 53112 53122 53132
53062 53072 53082 53092 53102 53112 53122 53132
53062 53072 53082 53092 53102 53112 53122 53132
53062 53072 53082 53092 53102 53112 53122 53132
53062 53072 53082 53092 53102 53112 53122 53132
53062 53072 53082 53092 53102 53112 53122 53132
53062 53072 53082 53092 53102 53112 53122 53132
53062 53072 53082 53092 53102 53112 53122 53132
53062 53072 53082 53092 53102 53112 53122 53132
53062 53072 53082 53092 53102 53112 53122 53132
53062 53072 53082 53092 53102 53112 53122 53132
53062 53072 53082 53092 53102 53112 53122 53132
53062 53072 53082 53092 53102 53112 53122 53132
53062 53072 53082 53092 53102 53112 53122 53132
53062 53072 53082 53092 53102 53112 53122 53132
53062 53072 53082 53092 53102 53112 53122 53132
53062 53072 53082 53092 53102 53112 53122 53132
53062 53072 53082 53092 53102 53112 53122 53132
53062 53072 53082 53092 53102 53112 53122 53132
53062 53072 53082 53092 53102 53112 53122 53132
53062 53072 53082 53092 53102 53112 53122 53132
53062 53072 53082 53092 53102 53112 53122 53132
53062 53072 53082 53092 53102 53112 53122 53132
53062 53072 53082 53092 53102 53112 53122 53132
53062 53072 53082 53092 53102 53112 53122 53132
53062 53072 53082 53092 53102 53112 53122 53132
53062 53072 53082 53092 53102 53112 53122 53132
53062 53072 53082 53092 53102 53112 53122 53132
53062 53072 53082 53092 53102 53112 53122 53132
53062 53072 53082 53092 53102 53112 53122 53132
53062 53072 53082 53092 53102 53112 53122 53132
53062 53072 53082 53092 53102 53112 53122 53132
53062 53072 53082 53092 53102 53112 53122 53132
53062 53072 53082 53092 53102 53112 53122 53132
53062 53072 53082 53092 53102 53112 53122 53132
53062 53072 53082 53092 53102 53112 53122 53132
53062 53072 53082 53092 53102 53112 53122 53132
53062 53072 53082 53092 53102 53112 53122 53132
53062 53072 53082 53092 53102 53112 53122 53132
53062 53072 53082 53092 53102 53112 53122 53132
78743 78753 78763 78773 78783
78743 78753 78763 78773 78783
78743 78753 78763 78773 78783
78743 78753 78763 78773 78783
78743 78753 78763 78773 78783
78743 78753 78763 78773 78783
78743 78753 78763 78773 78783
78743 78753 78763 78773 78783
78743 78753 78763 78773 78783
78743 78753 78763 78773 78783
78743 78753 78763 78773 78783
78743 78753 78763 78773 78783
78743 78753 78763 78773 78783
78743 78753 78763 78773 78783
78743 78753 78763 78773 78783
78743 78753 78763 78773 78783
78743 78753 78763 78773 78783
78743 78753 78763 78773 78783
78743 78753 78763 78773 78783
78743 78753 78763 78773 78783
78743 78753 78763 78773 78783
78743 78753 78763 78773 78783
78743 78753 78763 78773 78783
78743 78753 78763 78773 78783
78743 78753 78763 78773 78783
78743 78753 78763 78773 78783
78743 78753 78763 78773 78783
78743 78753 78763 78773 78783
78743 78753 78763 78773 78783
78743 78753 78763 78773 78783
78743 78753 78763 78773 78783
78743 78753 78763 78773 78783
78743 78753 78763 78773 78783
78743 78753 78763 78773 78783
78743 78753 78763 78773 78783
78743 78753 78763 78773 78783
78743 78753 78763 78773 78783
78743 78753 78763 78773 78783
78743 78753 78763 78773 78783
78743 78753 78763 78773 78783
78743 78753 78763 78773 78783
78743 78753 78763 78773 78783
78743 78753 78763 78773 78783
78743 78753 78763 78773 78783
78743 78753 78763 78773 78783
78743 78753 78763 78773 78783
78743 78753 78763 78773 78783
78743 78753 78763 78773 78783
78743 78753 78763 78773 78783
78743 78753 78793 78793 78793 78793
78743 78753 78793 78793 78793 78793
78743 78753 78793 78793 78793 78793
78743 78753 78813 78813 78813 78813
78743 78753 78813 78813 78813 78813
78743 78753 78813 78813 78813 78813
78743 78753 78763 78773 78783
78743 78753 78763 78773 78783
78743 78753 78763 78773 78783
78743 78753 78763 78773 78783
78743 78753 78763 78773 78783
78743 78753 78763 78773 78783
78743 78753 78763 78773 78783
78743 78753 78763 78773 78783
78743 78753 78763 78773 78783
78743 78753 78763 78773 78783
78743 78753 78763 78773 78783
78743 78753 78763 78773 78783
78743 78753 78763 78773 78783
78743 78753 78763 78773 78783
78743 78753 78763 78773 78783
78743 78753 78763 78773 78783
78743 78753 78763 78773 78783
78743 78753 78763 78773 78783
78743 78753 78763 78773 78783
