38801
38801
38801
38801
38801
38801
38801
38801
38801
38801
38801
38801
38801
38801
38801
38801
38801
38801
38801
38801
38801
38801
38801
38801
38801
38801
38801
38801
38801
38801
25562 25572 25582 25592 25602 25612 25622
25562 25572 25582 25592 25602 25612 25622
25562 25572 25582 25592 25602 25612 25622
25562 25572 25582 25592 25602 25612 25622
25562 25572 25582 25592 25602 25612 25622
25562 25572 25582 25592 25602 25612 25622
25562 25572 25582 25592 25602 25612 25622
25562 25572 25582 25592 25602 25612 25622
25562 25572 25582 25592 25602 25612 25622
25562 25572 25582 25592 25602 25612 25622
25562 25572 25582 25592 25602 25612 25622
25562 25572 25582 25592 25602 25612 25622
25562 25572 25582 25592 25602 25612 25622
25562 25572 25582 25592 25602 25612 25622
25562 25572 25582 25592 25602 25612 25622
25562 25572 25582 25592 25602 25612 25622
25562 25572 25582 25592 25602 25612 25622
25562 25572 25582 25592 25602 25612 25622
25562 25572 25582 25592 25602 25612 25622
25562 25572 25582 25592 25602 25612 25622
25562 25572 25582 25592 25602 25612 25622
25562 25572 25582 25592 25602 25612 25622
25562 25572 25582 25592 25602 25612 25622
25562 25572 25582 25592 25602 25612 25622
25562 25572 25582 25592 25602 25612 25622
25562 25572 25582 25592 25602 25612 25622
25562 25572 25582 25592 25602 25612 25622
25562 25572 25582 25592 25602 25612 25622
25562 25572 25582 25592 25602 25612 25622
25562 25572 25582 25592 25602 25612 25622
25562 25572 25582 25592 25602 25612 25622
25562 25572 25582 25592 25602 25612 25622
25562 25572 25582 25592 25602 25612 25622
25562 25572 25582 25592 25602 25612 25622
25562 25572 25582 25592 25602 25612 25622
25562 25572 25582 25592 25602 25612 25622
25562 25572 25582 25592 25602 25612 25622
25562 25572 25582 25592 25602 25612 25622
25562 25572 25582 25592 25602 25612 25622
25562 25572 25582 25592 25602 25612 25622
25562 25572 25582 25592 25602 25612 25622
25562 25572 25582 25592 25602 25612 25622
25562 25572 25582 25592 25602 25612 25622
25562 25572 25582 25592 25602 25612 25622
25562 25572 25582 25592 25602 25612 25622
25562 25572 25582 25592 25602 25612 25622
25562 25572 25582 25592 25602 25612 25622
25562 25572 25582 25592 25602 25612 25622
25562 25572 25582 25592 25602 25612 25622
25562 25572 25582 25592 25602 25612 25622
25562 25572 25582 25592 25602 25612 25622
25562 25572 25582 25592 25602 25612 25622
25562 25572 25582 25592 25602 25612 25622
25562 25572 25582 25592 25602 25612 25622
25562 25572 25582 25592 25602 25612 25622
25562 25572 25582 25592 25602 25612 25622
25562 25572 25582 25592 25602 25612 25622
25562 25572 25582 25592 25602 25612 25622
25562 25572 25582 25592 25602 25612 25622
25562 25572 25582 25592 25602 25612 25622
25562 25572 25582 25592 25602 25612 25622
25562 25572 25582 25592 25602 25612 25622
25562 25572 25582 25592 25602 25612 25622
25562 25572 25582 25592 25602 25612 25622
25562 25572 25582 25592 25602 25612 25622
25562 25572 25582 25592 25602 25612 25622
25562 25572 25582 25592 25602 25612 25622
25562 25572 25582 25592 25602 25612 25622
25562 25572 25582 25592 25602 25612 25622
25562 25572 25582 25592 25602 25612 25622
25562 25572 25582 25592 25602 25612 25622
25562 25572 25582 25592 25602 25612 25622
25562 25572 25582 25592 25602 25612 25622
25562 25572 25582 25592 25602 25612 25622
25562 25572 25582 25592 25602 25612 25622
25562 25572 25582 25592 25602 25612 25622
25562 25572 25582 25592 25602 25612 25622
25562 25572 25582 25592 25602 25612 25622
25562 25572 25582 25592 25602 25612 25622
25562 25572 25582 25592 25602 25612 25622
25562 25572 25582 25592 25602 25612 25622
25562 25572 25582 25592 25602 25612 25622
25562 25572 25582 25592 25602 25612 25622
25562 25572 25582 25592 25602 25612 25622
25562 25572 25582 25592 25602 25612 25622
36643 36653 36663 36673 36683 36693 36703
36643 36653 36663 36673 36683 36693 36703
36643 36653 36663 36673 36683 36693 36703
36643 36653 36663 36673 36683 36693 36703
36643 36653 36663 36673 36683 36693 36703
36643 36653 36663 36673 36683 36693 36703
36643 36653 36663 36673 36683 36693 36703
36643 36653 36663 36673 36683 36693 36703
36643 36653 36663 36673 36683 36693 36703
36643 36653 36663 36673 36683 36693 36703
36643 36653 36663 36673 36683 36693 36703
36643 36653 36663 36673 36683 36693 36703
36643 36653 36663 36673 36683 36693 36703
36643 36653 36663 36673 36683 36693 36703
36643 36653 36663 36673 36683 36693 36703
36643 36653 36663 36673 36683 36693 36703
36643 36653 36663 36673 36683 36693 36703
36643 36653 36663 36673 36683 36693 36703
36643 36653 36663 36673 36683 36693 36703
36643 36653 36663 36673 36683 36693 36703
36643 36653 36663 36673 36683 36693 36703
36643 36653 36663 36673 36683 36693 36703
36643 36653 36663 36673 36683 36693 36703
36643 36653 36663 36673 36683 36693 36703
36643 36653 36663 36673 36683 36693 36703
36643 36653 36663 36673 36683 36693 36703
36643 36653 36663 36673 36683 36693 36703
36643 36653 36663 36673 36683 36693 36703
36643 36653 36663 36673 36683 36693 36703
36643 36653 36663 36673 36683 36693 36703
36643 36653 36663 36673 36683 36693 36703
36643 36653 36663 36673 36683 36693 36703
36643 36653 36663 36673 36683 36693 36703
36643 36713 36663 36713 36713 36693 36703 36713
36643 36713 36663 36713 36713 36693 36703 36713
36643 36713 36663 36713 36713 36693 36703 36713
36643 36713 36663 36713 36713 36693 36703 36713
36643 36713 36663 36713 36713 36693 36703 36713
36643 36713 36663 36713 36713 36693 36703 36713
36643 36653 36663 36673 36683 36693 36703
36643 36653 36663 36673 36683 36693 36703
36643 36653 36663 36673 36683 36693 36703
36643 36653 36663 36673 36683 36693 36703
36643 36653 36663 36673 36683 36693 36703
36643 36653 36663 36673 36683 36693 36703
36643 36653 36663 36673 36683 36693 36703
36643 36653 36663 36673 36683 36693 36703
36643 36653 36663 36673 36683 36693 36703
36643 36653 36663 36673 36683 36693 36703
36643 36653 36663 36673 36683 36693 36703
36643 36653 36663 36673 36683 36693 36703
36643 36653 36663 36673 36683 36693 36703
36643 36653 36663 36673 36683 36693 36703
36643 36653 36663 36673 36683 36693 36703
36643 36653 36663 36673 36683 36693 36703
36643 36653 36663 36673 36683 36693 36703
36643 36653 36663 36673 36683 36693 36703
36643 36653 36663 36673 36683 36693 36703
36643 36653 36663 36673 36683 36693 36703
36643 36653 36663 36673 36683 36693 36703
36643 36653 36663 36673 36683 36693 36703
36643 36653 36663 36673 36683 36693 36703
36643 36653 36663 36673 36683 36693 36703
36643 36653 36663 36673 36683 36693 36703
36643 36653 36663 36673 36683 36693 36703
36643 36653 36663 36673 36683 36693 36703
36643 36653 36663 36673 36683 36693 36703
36643 36653 36663 36673 36683 36693 36703
36643 36653 36663 36673 36683 36693 36703
36643 36653 36663 36673 36683 36693 36703
36643 36653 36663 36673 36683 36693 36703
36643 36653 36663 36673 36683 36693 36703
36643 36653 36663 36673 36683 36693 36703
36643 36653 36663 36673 36683 36693 36703
