30 30 30 90 30 60 90 30 30
60 60 60 100 30 90 90 60 60
60 60 60 80 80 80 90 60 60
10 5 15 60 60 60 90 90 90
90 90 90 70 70 70 90 90 90
80 80 80 40 40 40 90 5 5
80 90 90 90 90 90 90 90 90
90 30 90 60 60 60 90 10 90
90 90 90 70 70 70 90 90 90
60 10 90 90 30 90 90 40 90
80 90 45 90 40 90 90 90 35
70 90 5 90 30 90 90 80 80
90 90 90 90 40 90 90 30 80
80 90 70 90 40 60 90 90 30
30 90 90 90 50 90 90 80 70
80 90 55 100 50 90 90 70 45
45 55 90 100 50 90 90 90 90
80 80 80 100 30 90 90 80 80
90 90 90 100 80 90 90 40 90
90 90 90 100 60 90 90 80 80
10 10 10 60 60 60 90 10 10
50 50 50 15 15 15 15 15 15
35 35 35 35 35 35 35 35 35
