84641
84641
84641
84641
84641
84641
84641
84641
84641
84641
84641
84641
84641
84641
84641
84641
84641
84641
84641
84641
84641
84641
84641
84641
84641
84641
84641
84641
84641
84641
17932 17942 17952 17962 17972 17982 17992 18002
17932 17942 17952 17962 17972 17982 17992 18002
17932 17942 17952 17962 17972 17982 17992 18002
17932 17942 17952 17962 17972 17982 17992 18002
17932 17942 17952 17962 17972 17982 17992 18002
17932 17942 17952 17962 17972 17982 17992 18002
17932 17942 17952 17962 17972 17982 17992 18002
17932 17942 17952 17962 17972 17982 17992 18002
17932 17942 17952 17962 17972 17982 17992 18002
17932 17942 17952 17962 17972 17982 17992 18002
17932 17942 17952 17962 17972 17982 17992 18002
17932 17942 17952 17962 17972 17982 17992 18002
17932 17942 17952 17962 17972 17982 17992 18002
17932 17942 17952 17962 17972 17982 17992 18002
17932 17942 17952 17962 17972 17982 17992 18002
17932 17942 17952 17962 17972 17982 17992 18002
17932 17942 17952 17962 17972 17982 17992 18002
17932 17942 17952 17962 17972 17982 17992 18002
17932 17942 17952 17962 17972 17982 17992 18002
17932 17942 17952 17962 17972 17982 17992 18002
17932 17942 17952 17962 17972 17982 17992 18002
17932 17942 17952 17962 17972 17982 17992 18002
17932 17942 17952 17962 17972 17982 17992 18002
17932 17942 17952 17962 17972 17982 17992 18002
17932 17942 17952 17962 17972 17982 17992 18002
17932 17942 17952 17962 17972 17982 17992 18002
17932 17942 17952 17962 17972 17982 17992 18002
17932 17942 17952 17962 17972 17982 17992 18002
17932 17942 17952 17962 17972 17982 17992 18002
17932 17942 17952 17962 17972 17982 17992 18002
17932 17942 17952 17962 17972 17982 17992 18002
17932 17942 17952 17962 17972 17982 17992 18002
17932 17942 17952 17962 17972 17982 17992 18002
17932 17942 17952 17962 17972 17982 17992 18002
17932 17942 17952 17962 17972 17982 17992 18002
17932 17942 17952 17962 17972 17982 17992 18002
17932 17942 17952 17962 17972 17982 17992 18002
17932 17942 17952 17962 17972 17982 17992 18002
17932 17942 17952 17962 17972 17982 17992 18002
17932 17942 17952 17962 17972 17982 17992 18002
17932 17942 17952 17962 17972 17982 17992 18002
17932 17942 17952 17962 17972 17982 17992 18002
17932 17942 17952 17962 17972 17982 17992 18002
17932 17942 17952 17962 17972 17982 17992 18002
17932 17942 17952 17962 17972 17982 17992 18002
17932 17942 17952 17962 17972 17982 17992 18002
17932 17942 17952 17962 17972 17982 17992 18002
17932 17942 17952 17962 17972 17982 17992 18002
17932 17942 17952 17962 17972 17982 17992 18002
17932 17942 17952 17962 17972 17982 17992 18002
17932 17942 17952 17962 17972 17982 17992 18002
17932 18022 17952 17962 17972 17982 17992 18002
17932 18012 17952 17962 17972 17982 17992 18002
17932 17942 17952 18032 17972 17982 17992 18002
17932 17942 17952 17962 17972 17982 17992 18002
17932 18042 18042 18042 18042 17982 18042 18002
17932 18042 18042 18042 18042 17982 18042 18002
17932 18042 18042 18042 18042 17982 18042 18002
17932 18042 18042 18042 18042 17982 18042 18002
17932 18052 18052 18052 18052 17982 18052 18002
17932 18052 18052 18052 18052 17982 18052 18002
17932 18042 18042 18042 18042 17982 18042 18002
17932 18042 18042 18042 18042 17982 18042 18002
17932 18062 18062 18062 18062 17982 18062 18002
17932 18062 18062 18062 18062 17982 18062 18002
17932 18042 18042 18042 18042 17982 18042 18002
17932 18042 18042 18042 18042 17982 18042 18002
17932 18072 18072 18072 18072 17982 18072 18002
17932 18072 18072 18072 18072 17982 18072 18002
17932 17942 17952 17962 17972 17982 17992 18002
17932 17942 17952 17962 17972 17982 17992 18002
17932 18082 18082 18082 18082 18082 18082 18082
17932 18092 18092 18092 18092 18092 18092 18092
17932 18092 18092 18092 18092 18092 18092 18092
17932 17942 17952 17962 17972 17982 17992 18002
17932 17942 17952 17962 17972 17982 17992 18002
17932 17942 17952 17962 17972 17982 17992 18002
17932 17942 17952 17962 17972 17982 17992 18002
17932 17942 17952 17962 17972 17982 17992 18002
17932 17942 17952 17962 17972 17982 17992 18002
17932 17942 17952 17962 17972 17982 17992 18002
17932 17942 17952 17962 17972 17982 17992 18002
17932 17942 17952 17962 17972 17982 17992 18002
17932 17942 17952 17962 17972 17982 17992 18002
17932 17942 17952 17962 17972 17982 17992 18002
17932 17942 17952 17962 17972 17982 17992 18002
17932 17942 17952 17962 17972 17982 17992 18002
17932 17942 17952 17962 17972 17982 17992 18002
17932 17942 17952 17962 17972 17982 17992 18002
17932 17942 17952 17962 17972 17982 17992 18002
17932 17942 17952 17962 17972 17982 17992 18002
68233 68243 68253 68263 68273 68283 68293 68303
68233 68243 68253 68263 68273 68283 68293 68303
68233 68243 68253 68263 68273 68283 68293 68303
68233 68243 68253 68263 68273 68283 68293 68303
68233 68243 68253 68263 68273 68283 68293 68303
68233 68243 68253 68263 68273 68283 68293 68303
68233 68243 68253 68263 68273 68283 68293 68303
68233 68243 68253 68263 68273 68283 68293 68303
68233 68243 68253 68263 68273 68283 68293 68303
68233 68243 68253 68263 68273 68283 68293 68303
68233 68243 68253 68263 68273 68283 68293 68303
68233 68243 68253 68263 68273 68283 68293 68303
68233 68243 68253 68263 68273 68283 68293 68303
68233 68243 68253 68263 68273 68283 68293 68303
68233 68243 68253 68263 68273 68283 68293 68303
68233 68243 68253 68263 68273 68283 68293 68303
68233 68243 68253 68263 68273 68283 68293 68303
68233 68243 68253 68263 68273 68283 68293 68303
68233 68243 68253 68263 68273 68283 68293 68303
68233 68243 68253 68263 68273 68283 68293 68303
68233 68243 68253 68263 68273 68283 68293 68303
68233 68243 68253 68263 68273 68283 68293 68303
68233 68243 68253 68263 68273 68283 68293 68303
68233 68243 68253 68263 68273 68283 68293 68303
68233 68243 68253 68263 68273 68283 68293 68303
68233 68243 68253 68263 68273 68283 68293 68303
68233 68243 68253 68263 68273 68283 68293 68303
68233 68243 68253 68263 68273 68283 68293 68303
68233 68243 68253 68263 68273 68283 68293 68303
68233 68243 68253 68263 68273 68283 68293 68303
68233 68243 68253 68263 68273 68283 68293 68303
68233 68243 68253 68263 68273 68283 68293 68303
68233 68243 68253 68263 68273 68283 68293 68303
68233 68243 68253 68263 68273 68283 68293 68303
68233 68243 68253 68263 68273 68283 68293 68303
68233 68243 68253 68263 68273 68283 68293 68303
68233 68243 68253 68263 68273 68283 68293 68303
68233 68243 68253 68263 68273 68283 68293 68303
68233 68243 68253 68263 68273 68283 68293 68303
68233 68243 68253 68263 68273 68283 68293 68303
68233 68243 68253 68263 68273 68283 68293 68303
68233 68243 68253 68263 68273 68283 68293 68303
68233 68243 68253 68263 68273 68283 68293 68303
68233 68243 68253 68263 68273 68283 68293 68303
68233 68243 68313 68263 68313 68283 68293 68303
68233 68243 68313 68263 68313 68283 68293 68303
68233 68243 68413 68263 68273 68283 68293 68303
68233 68243 68413 68263 68273 68283 68293 68303
68233 68243 68323 68263 68323 68283 68293 68303
68233 68243 68413 68263 68273 68283 68293 68303
68233 68243 68253 68263 68273 68283 68293 68303
68233 68243 68323 68263 68323 68283 68293 68303
68233 68243 68333 68263 68333 68283 68293 68303
68233 68423 68423 68263 68273 68423 68293 68303
68233 68423 68423 68263 68273 68423 68293 68303
68233 68423 68423 68263 68273 68423 68293 68303
68233 68433 68433 68263 68273 68433 68293 68303
68233 68433 68433 68263 68273 68433 68293 68303
68233 68343 68343 68263 68273 68343 68293 68303
68233 68343 68343 68263 68273 68343 68293 68303
68233 68423 68423 68263 68273 68423 68293 68303
68233 68423 68423 68263 68273 68423 68293 68303
68233 68433 68433 68263 68273 68433 68293 68303
68233 68343 68343 68263 68273 68343 68293 68303
68233 68343 68343 68263 68273 68343 68293 68303
68233 68353 68353 68263 68273 68353 68293 68303
68233 68353 68353 68263 68273 68353 68293 68303
68233 68353 68353 68263 68273 68353 68293 68303
68233 68353 68353 68263 68273 68353 68293 68303
68233 68353 68353 68263 68273 68353 68293 68303
68233 68353 68353 68263 68273 68353 68293 68303
68233 68243 68373 68263 68273 68433 68293 68303
68233 68243 68373 68263 68273 68433 68293 68303
68233 68243 68373 68263 68273 68433 68293 68303
68233 68243 68373 68263 68273 68433 68293 68303
68233 68243 68373 68263 68273 68433 68293 68303
68233 68243 68373 68263 68273 68433 68293 68303
68233 68243 68383 68263 68273 68283 68293 68303
68233 68243 68383 68263 68273 68283 68293 68303
68233 68393 68253 68263 68273 68283 68293 68303
68233 68393 68253 68263 68273 68283 68293 68303
68233 68393 68253 68263 68273 68283 68293 68303
68233 68393 68253 68263 68273 68283 68293 68303
68233 68393 68253 68263 68273 68283 68293 68303
68233 68243 68403 68263 68403 68283 68293 68303
68233 68243 68403 68263 68403 68283 68293 68303
68233 68243 68403 68263 68403 68283 68293 68303
68233 68243 68253 68263 68273 68283 68293 68303
68233 68243 68253 68263 68273 68283 68293 68303
