84611
84611
84611
84611
84611
84611
84611
84611
84611
84611
84611
84611
84611
84611
84611
84611
84611
84611
84611
84611
84611
84611
84611
84611
84611
84611
84611
84611
84611
84611
7072 7122 7132 7142
7072 7122 7132 7142
7072 7122 7132 7142
7072 7122 7132 7142
7072 7122 7132 7142
7072 7122 7132 7142
7072 7122 7132 7142
7072 7122 7132 7142
7072 7122 7132 7142
7072 7122 7132 7142
7072 7122 7132 7142
7072 7122 7132 7142
7072 7122 7132 7142
7072 7122 7132 7142
7072 7122 7132 7142
7072 7122 7132 7142
7072 7122 7132 7142
7072 7122 7132 7142
7072 7122 7132 7142
7072 7122 7132 7142
7072 7122 7132 7142
7072 7122 7132 7142
7072 7122 7132 7142
7072 7122 7132 7142
7072 7122 7132 7142
7072 7122 7132 7142
7072 7122 7132 7142
7072 7122 7132 7142
7072 7122 7132 7142
7072 7122 7132 7142
7072 7122 7132 7142
7072 7122 7132 7142
7072 7122 7132 7142
7072 7122 7132 7142
7072 7122 7132 7142
7072 7122 7132 7142
7072 7122 7132 7142
7072 7122 7132 7142
7082 7082 7082 7082
7092 7092 7092 7092
7072 7122 7132 7142
7102 7102 7102 7102
7102 7102 7102 7102
7072 7122 7132 7142
7072 7122 7132 7142
7112 7112 7112 7112
7072 7122 7132 7142
7072 7122 7132 7142
7072 7122 7132 7142
7072 7122 7132 7142
53443 53453 53463 53473 53483 53493 53503 53513
53443 53453 53463 53473 53483 53493 53503 53513
53443 53453 53463 53473 53483 53493 53503 53513
53443 53453 53463 53473 53483 53493 53503 53513
53443 53453 53463 53473 53483 53493 53503 53513
53443 53453 53463 53473 53483 53493 53503 53513
53443 53453 53463 53473 53483 53493 53503 53513
53443 53453 53463 53473 53483 53493 53503 53513
53443 53453 53463 53473 53483 53493 53503 53513
53443 53453 53463 53473 53483 53493 53503 53513
53443 53453 53463 53473 53483 53493 53503 53513
53443 53453 53463 53473 53483 53493 53503 53513
53443 53453 53463 53473 53483 53493 53503 53513
53443 53453 53463 53473 53483 53493 53503 53513
53443 53453 53463 53473 53483 53493 53503 53513
53443 53453 53463 53473 53483 53493 53503 53513
53443 53453 53463 53473 53483 53493 53503 53513
53443 53453 53463 53473 53483 53493 53503 53513
53443 53453 53463 53473 53483 53493 53503 53513
53443 53453 53463 53473 53483 53493 53503 53513
53443 53453 53463 53473 53483 53493 53503 53513
53443 53453 53463 53473 53483 53493 53503 53513
53443 53453 53463 53473 53483 53493 53503 53513
53443 53453 53463 53473 53483 53493 53503 53513
53443 53453 53463 53473 53483 53493 53503 53513
53443 53453 53463 53473 53483 53493 53503 53513
53443 53453 53463 53473 53483 53493 53503 53513
53443 53453 53463 53473 53483 53493 53503 53513
53443 53453 53463 53473 53483 53493 53503 53513
53443 53453 53463 53473 53483 53493 53503 53513
53443 53453 53463 53473 53483 53493 53503 53513
53443 53453 53463 53473 53483 53493 53503 53513
53443 53453 53463 53473 53483 53493 53503 53513
53443 53453 53463 53473 53483 53493 53503 53513
53443 53453 53463 53473 53483 53493 53503 53513
53443 53453 53463 53473 53483 53493 53503 53513
53443 53453 53463 53473 53483 53493 53503 53513
53443 53453 53463 53473 53483 53493 53503 53513
53443 53453 53463 53473 53483 53493 53503 53513
53443 53453 53463 53473 53483 53493 53503 53513
53443 53453 53463 53473 53483 53493 53503 53513
53443 53453 53463 53473 53483 53493 53503 53513
53443 53453 53463 53473 53483 53493 53503 53513
53443 53453 53463 53473 53483 53493 53503 53513
53443 53453 53463 53473 53483 53493 53503 53513
53443 53453 53463 53473 53483 53493 53503 53513
53443 53453 53463 53473 53483 53493 53503 53513
53443 53453 53463 53473 53483 53493 53503 53513
53443 53453 53463 53473 53483 53493 53503 53513
53443 53453 53463 53473 53483 53493 53503 53513
53443 53453 53463 53473 53483 53493 53503 53513
53443 53453 53463 53473 53483 53493 53503 53513
53443 53453 53463 53473 53483 53493 53503 53513
53443 53453 53463 53473 53483 53493 53503 53513
53443 53453 53463 53473 53483 53493 53503 53513
53443 53453 53463 53473 53483 53493 53503 53513
53443 53453 53463 53473 53483 53493 53503 53513
53443 53453 53463 53473 53483 53493 53503 53513
53443 53453 53463 53473 53483 53493 53503 53513
53443 53453 53463 53473 53483 53493 53503 53513
53443 53533 53533 53523 53533 53533 53533 53523
53443 53543 53543 53543 53543 53543 53543 53543
53443 53543 53543 53543 53543 53543 53543 53543
53443 53543 53543 53543 53543 53543 53543 53543
53443 53563 53563 53553 53563 53563 53563 53553
53443 53563 53563 53553 53563 53563 53563 53553
53443 53563 53563 53553 53563 53563 53563 53553
53443 53563 53563 53553 53563 53563 53563 53553
53443 53563 53563 53553 53563 53563 53563 53553
53443 53563 53563 53553 53563 53563 53563 53553
53443 53453 53463 53473 53483 53493 53503 53513
53443 53453 53463 53473 53483 53493 53503 53513
53443 53543 53543 53543 53543 53543 53543 53513
53443 53543 53543 53523 53543 53543 53543 53523
53443 53563 53563 53553 53563 53563 53563 53553
53443 53563 53563 53553 53563 53563 53563 53553
53443 53563 53563 53553 53563 53563 53563 53553
53443 53453 53463 53473 53483 53493 53503 53513
53443 53453 53463 53473 53483 53493 53503 53513
53443 53453 53463 53473 53483 53493 53503 53513
53443 53573 53573 53573 53573 53573 53573 53573
53443 53453 53463 53473 53483 53493 53503 53513
53443 53583 53583 53583 53583 53583 53583 53583
53443 53583 53583 53583 53583 53583 53583 53583
53443 53453 53463 53473 53483 53493 53503 53513
67604 67614 67624 67634 67644 67654 67664 67674
67604 67614 67624 67634 67644 67654 67664 67674
67604 67614 67624 67634 67644 67654 67664 67674
67604 67614 67624 67634 67644 67654 67664 67674
67604 67614 67624 67634 67644 67654 67664 67674
67604 67614 67624 67634 67644 67654 67664 67674
67604 67614 67624 67634 67644 67654 67664 67674
67604 67614 67624 67634 67644 67654 67664 67674
67604 67614 67624 67634 67644 67654 67664 67674
67604 67614 67624 67634 67644 67654 67664 67674
67604 67614 67624 67634 67644 67654 67664 67674
67604 67614 67624 67634 67644 67654 67664 67674
67604 67614 67624 67634 67644 67654 67664 67674
67604 67614 67624 67634 67644 67654 67664 67674
67604 67614 67624 67634 67644 67654 67664 67674
67604 67614 67624 67634 67644 67654 67664 67674
67604 67614 67624 67634 67644 67654 67664 67674
67604 67614 67624 67634 67644 67654 67664 67674
67604 67614 67624 67634 67644 67654 67664 67674
67604 67614 67624 67634 67644 67654 67664 67674
67604 67614 67624 67634 67644 67654 67664 67674
67604 67614 67624 67634 67644 67654 67664 67674
67604 67614 67624 67634 67644 67654 67664 67674
67604 67614 67624 67634 67644 67654 67664 67674
67604 67614 67624 67634 67644 67654 67664 67674
67604 67614 67624 67634 67644 67654 67664 67674
67604 67614 67624 67634 67644 67654 67664 67674
67604 67614 67624 67634 67644 67654 67664 67674
67604 67614 67624 67634 67644 67654 67664 67674
67604 67614 67624 67634 67644 67654 67664 67674
67604 67614 67624 67634 67644 67654 67664 67674
67604 67614 67624 67634 67644 67654 67664 67674
67604 67614 67624 67634 67644 67654 67664 67674
67604 67614 67624 67634 67644 67654 67664 67674
67604 67614 67624 67634 67644 67654 67664 67674
67604 67614 67624 67634 67644 67654 67664 67674
67604 67614 67624 67634 67644 67654 67664 67674
67604 67614 67624 67634 67644 67654 67664 67674
67604 67614 67624 67634 67644 67654 67664 67674
67604 67614 67624 67634 67644 67654 67664 67674
67604 67614 67624 67634 67644 67654 67664 67674
67604 67614 67624 67634 67644 67654 67664 67674
67604 67614 67624 67634 67644 67654 67664 67674
67604 67614 67624 67634 67644 67654 67664 67674
67604 67614 67684 67634 67684 67654 67664 67674
67604 67614 67684 67634 67684 67654 67664 67674
67604 67614 67784 67634 67644 67654 67664 67674
67604 67614 67784 67634 67644 67654 67664 67674
67604 67614 67694 67634 67694 67654 67664 67674
67604 67614 67784 67634 67644 67654 67664 67674
67604 67614 67624 67634 67644 67654 67664 67674
67604 67614 67694 67634 67694 67654 67664 67674
67604 67614 67704 67634 67704 67654 67664 67674
67604 67794 67794 67634 67644 67794 67664 67674
67604 67794 67794 67634 67644 67794 67664 67674
67604 67794 67794 67634 67644 67794 67664 67674
67604 67804 67804 67634 67644 67804 67664 67674
67604 67804 67804 67634 67644 67804 67664 67674
67604 67714 67714 67634 67644 67714 67664 67674
67604 67714 67714 67634 67644 67714 67664 67674
67604 67794 67794 67634 67644 67794 67664 67674
67604 67794 67794 67634 67644 67794 67664 67674
67604 67804 67804 67634 67644 67804 67664 67674
67604 67714 67714 67634 67644 67714 67664 67674
67604 67714 67714 67634 67644 67714 67664 67674
67604 67724 67724 67634 67644 67724 67664 67674
67604 67724 67724 67634 67644 67724 67664 67674
67604 67724 67724 67634 67644 67724 67664 67674
67604 67724 67724 67634 67644 67724 67664 67674
67604 67724 67724 67634 67644 67724 67664 67674
67604 67724 67724 67634 67644 67724 67664 67674
67604 67614 67744 67634 67644 67804 67664 67674
67604 67614 67744 67634 67644 67804 67664 67674
67604 67614 67744 67634 67644 67804 67664 67674
67604 67614 67744 67634 67644 67804 67664 67674
67604 67614 67744 67634 67644 67804 67664 67674
67604 67614 67744 67634 67644 67804 67664 67674
67604 67614 67754 67634 67644 67654 67664 67674
67604 67614 67754 67634 67644 67654 67664 67674
67604 67764 67624 67634 67644 67654 67664 67674
67604 67764 67624 67634 67644 67654 67664 67674
67604 67764 67624 67634 67644 67654 67664 67674
67604 67764 67624 67634 67644 67654 67664 67674
67604 67764 67624 67634 67644 67654 67664 67674
67604 67614 67774 67634 67774 67654 67664 67674
67604 67614 67774 67634 67774 67654 67664 67674
67604 67614 67774 67634 67774 67654 67664 67674
67604 67614 67624 67634 67644 67654 67664 67674
67604 67614 67624 67634 67644 67654 67664 67674
