60 60 60 90 70 70 70 60 60
90 90 40 90 70 70 90 80 10
90 90 80 90 30 30 80 80 5
40 20 40 90 60 60 90 10 90
90 90 90 90 80 80 90 90 90
90 90 90 90 80 80 90 60 90
40 80 90 90 70 70 80 90 10
90 15 90 90 60 60 90 90 90
40 40 70 90 70 70 90 15 90
60 60 60 90 50 70 90 60 60
90 90 40 90 40 70 90 80 10
90 90 80 90 40 70 80 80 5
40 20 40 90 60 80 90 10 90
90 90 90 90 80 90 90 90 90
90 90 90 90 80 90 90 60 90
45 80 80 90 70 80 90 90 90
90 10 90 90 50 70 90 90 10
40 40 70 90 80 90 90 15 90
60 60 60 50 90 90 60 60 60
90 90 40 40 90 90 60 80 10
90 90 80 40 90 90 60 80 5
40 20 40 60 90 90 70 10 90
90 90 90 80 90 90 90 90 90
90 90 90 80 90 90 90 60 90
55 80 90 70 90 90 70 90 90
90 10 90 50 90 90 70 90 10
70 40 70 90 90 90 90 30 90
35 35 35 35 35 35 35 35 35
