84581
84581
84581
84581
84581
84581
84581
84581
84581
84581
84581
84581
84581
84581
84581
84581
84581
84581
84581
84581
84581
84581
84581
84581
84581
84581
84581
84581
84581
84581
6432 6482 6492 6502
6432 6482 6492 6502
6432 6482 6492 6502
6432 6482 6492 6502
6432 6482 6492 6502
6432 6482 6492 6502
6432 6482 6492 6502
6432 6482 6492 6502
6432 6482 6492 6502
6432 6482 6492 6502
6432 6482 6492 6502
6432 6482 6492 6502
6432 6482 6492 6502
6432 6482 6492 6502
6432 6482 6492 6502
6432 6482 6492 6502
6432 6482 6492 6502
6432 6482 6492 6502
6432 6482 6492 6502
6432 6482 6492 6502
6432 6482 6492 6502
6432 6482 6492 6502
6432 6482 6492 6502
6432 6482 6492 6502
6432 6482 6492 6502
6432 6482 6492 6502
6432 6482 6492 6502
6432 6482 6492 6502
6432 6482 6492 6502
6432 6482 6492 6502
6432 6482 6492 6502
6432 6482 6492 6502
6432 6482 6492 6502
6432 6482 6492 6502
6432 6482 6492 6502
6432 6482 6492 6502
6432 6482 6492 6502
6432 6482 6492 6502
6442 6442 6442 6442
6452 6452 6452 6452
6432 6482 6492 6502
6462 6462 6462 6462
6462 6462 6462 6462
6432 6482 6492 6502
6432 6482 6492 6502
6472 6472 6472 6472
6432 6482 6492 6502
6432 6482 6492 6502
6432 6482 6492 6502
6432 6482 6492 6502
6433 6483 6493 6503
6433 6483 6493 6503
6433 6483 6493 6503
6433 6483 6493 6503
6433 6483 6493 6503
6433 6483 6493 6503
6433 6483 6493 6503
6433 6483 6493 6503
6433 6483 6493 6503
6433 6483 6493 6503
6433 6483 6493 6503
6433 6483 6493 6503
6433 6483 6493 6503
6433 6483 6493 6503
6433 6483 6493 6503
6433 6483 6493 6503
6433 6483 6493 6503
6433 6483 6493 6503
6433 6483 6493 6503
6433 6483 6493 6503
6433 6483 6493 6503
6433 6483 6493 6503
6433 6483 6493 6503
6433 6483 6493 6503
6433 6483 6493 6503
6433 6483 6493 6503
6433 6483 6493 6503
6433 6483 6493 6503
6433 6483 6493 6503
6433 6483 6493 6503
6433 6483 6493 6503
6433 6483 6493 6503
6433 6483 6493 6503
6433 6483 6493 6503
6433 6483 6493 6503
6433 6483 6493 6503
6433 6483 6493 6503
6433 6483 6493 6503
6443 6443 6443 6443
6453 6453 6453 6453
6433 6483 6493 6503
6463 6463 6463 6463
6463 6463 6463 6463
6433 6483 6493 6503
6433 6483 6493 6503
6473 6473 6473 6473
6433 6483 6493 6503
6433 6483 6493 6503
6433 6483 6493 6503
6433 6483 6493 6503
7884 7884 7884
7884 7884 7884
7884 7884 7884
7884 7884 7884
7884 7884 7884
7884 7884 7884
7884 7884 7884
7884 7884 7884
7884 7884 7884
7884 7884 7884
7884 7884 7884
7884 7884 7884
7884 7884 7884
7884 7884 7884
7884 7884 7884
7884 7884 7884
7884 7884 7884
7884 7884 7884
7884 7884 7884
7884 7884 7884
7884 7884 7884
7884 7884 7884
7884 7884 7884
7884 7884 7884
7884 7884 7884
7884 7884 7884
7884 7884 7884
7884 7884 7884
7884 7884 7884
7884 7884 7884
7884 7884 7884
7884 7884 7884
49575 49585 49595
49575 49585 49595
49575 49585 49595
49575 49585 49595
49575 49585 49595
49575 49585 49595
49575 49585 49595
49575 49585 49595
49575 49585 49595
49575 49585 49595
49575 49585 49595
49575 49585 49595
49575 49585 49595
49575 49585 49595
49575 49585 49595
49575 49585 49595
49575 49585 49595
49575 49585 49595
49575 49585 49595
49575 49585 49595
49575 49585 49595
49575 49585 49595
49575 49585 49595
49575 49585 49595
49575 49585 49595
49575 49585 49595
49575 49585 49595
49575 49585 49595
49575 49585 49595
49575 49585 49595
49575 49585 49595
49575 49585 49595
49575 49585 49595
49575 49585 49595
49575 49585 49595
49575 49585 49595
49575 49585 49595
49605 49605 49605
49615 49615 49615
49575 49585 49595
49575 49585 49595
49575 49585 49595
49575 49585 49595
49575 49585 49595
49575 49585 49595
49575 49585 49595
49575 49585 49595
49575 49585 49595
49575 49585 49595
49576 49586 49596
49576 49586 49596
49576 49586 49596
49576 49586 49596
49576 49586 49596
49576 49586 49596
49576 49586 49596
49576 49586 49596
49576 49586 49596
49576 49586 49596
49576 49586 49596
49576 49586 49596
49576 49586 49596
49576 49586 49596
49576 49586 49596
49576 49586 49596
49576 49586 49596
49576 49586 49596
49576 49586 49596
49576 49586 49596
49576 49586 49596
49576 49586 49596
49576 49586 49596
49576 49586 49596
49576 49586 49596
49576 49586 49596
49576 49586 49596
49576 49586 49596
49576 49586 49596
49576 49586 49596
49576 49586 49596
49576 49586 49596
49576 49586 49596
49576 49586 49596
49576 49586 49596
49576 49586 49596
49576 49586 49596
49606 49606 49606
49616 49616 49616
49576 49586 49596
49576 49586 49596
49576 49586 49596
49576 49586 49596
49576 49586 49596
49576 49586 49596
49576 49586 49596
49576 49586 49596
49576 49586 49596
49576 49586 49596
