38741
38741
38741
38741
38741
38741
38741
38741
38741
38741
38741
38741
38741
38741
38741
38741
38741
38741
38741
38741
38741
38741
38741
38741
38741
38741
38741
38741
38741
38741
2352
2352
2352
2352
2352
2352
2352
2352
2352
2352
2352
2352
2352
2352
2352
2352
2352
2352
2352
2352
2352
2352
2352
2352
2352
2352
2352
2352
2352
2352
2352
2352
2352
2352
2352
2352
2352
2352
2352
2352
2352
2352
2352
2352
2352
2352
2352
2352
2352
2352
2353
2353
2353
2353
2353
2353
2353
2353
2353
2353
2353
2353
2353
2353
2353
2353
2353
2353
2353
2353
2353
2353
2353
2353
2353
2353
2353
2353
2353
2353
2353
2353
2353
2353
2353
2353
2353
2353
2353
2353
2353
2353
2353
2353
2353
2353
2353
2353
2353
2353
2614
2614
2614
2614
2614
2614
2614
2614
2614
2614
2614
2614
2614
2614
2614
2614
2614
2614
2614
2614
2614
2614
2614
2614
2614
2614
2614
2614
2614
2614
2614
2614
23655
23655
23655
23655
23655
23655
23655
23655
23655
23655
23655
23655
23655
23655
23655
23655
23655
23655
23655
23655
23655
23655
23655
23655
23655
23655
23655
23655
23655
23655
23655
23655
23655
23655
23655
23655
23655
23655
23655
23655
23655
23655
23655
23655
23655
23655
23655
23655
23655
23656
23656
23656
23656
23656
23656
23656
23656
23656
23656
23656
23656
23656
23656
23656
23656
23656
23656
23656
23656
23656
23656
23656
23656
23656
23656
23656
23656
23656
23656
23656
23656
23656
23656
23656
23656
23656
23656
23656
23656
23656
23656
23656
23656
23656
23656
23656
23656
23656
