29361
29361
29361
29361
29361
29361
29361
29361
29361
29361
29361
29361
29361
29361
29361
29361
29361
29361
29361
29361
29361
29361
29361
29361
29361
29361
29361
29361
29361
29361
1182
1182
1182
1182
1182
1182
1182
1182
1182
1182
1182
1182
1182
1182
1182
1182
1182
1182
1182
1182
1182
1182
1182
1182
1182
1182
1182
1182
1182
1182
1182
1182
1182
1182
1182
1182
1182
1182
1182
1182
1182
1182
1182
1182
1182
1182
1182
1182
1182
1182
1253
1253
1253
1253
1253
1253
1253
1253
1253
1253
1253
1253
1253
1253
1253
1253
1253
1253
1253
1253
1253
1253
1253
1253
1253
1253
1253
1253
1253
1253
1253
1253
1253
1253
1253
1253
1253
1253
1253
1253
1253
1253
1253
1253
1253
1253
1253
1253
1253
1304 1294 1314 1324 1334 1344 13904
1304 1294 1314 1324 1334 1344 13904
1304 1294 1314 1324 1334 1344 13904
1304 1294 1314 1324 1334 1344 13904
1304 1294 1314 1324 1334 1344 13904
1304 1294 1314 1324 1334 1344 13904
1304 1294 1314 1324 1334 1344 13904
1304 1294 1314 1324 1334 1344 13904
1304 1294 1314 1324 1334 1344 13904
1304 1294 1314 1324 1334 1344 13904
1304 1294 1314 1324 1334 1344 13904
1304 1294 1314 1324 1334 1344 13904
1304 1294 1314 1324 1334 1344 13904
1304 1294 1314 1324 1334 1344 13904
1304 1294 1314 1324 1334 1344 13904
1304 1294 1314 1324 1334 1344 13904
1304 1294 1314 1324 1334 1344 13904
1304 1294 1314 1324 1334 1344 13904
1304 1294 1314 1324 1334 1344 13904
1304 1294 1314 1324 1334 1344 13904
1304 1294 1314 1324 1334 1344 13904
1304 1294 1314 1324 1334 1344 13904
1304 1294 1314 1324 1334 1344 13904
1304 1294 1314 1324 1334 1344 13904
1304 1294 1314 1324 1334 1344 13904
1304 1294 1314 1324 1334 1344 13904
1304 1294 1314 1324 1334 1344 13904
1304 1294 1314 1324 1334 1344 13904
1304 1294 1314 1324 1334 1344 13904
1304 1294 1314 1324 1334 1344 13904
1304 1294 1314 1324 1334 1344 13904
1304 1294 1314 1324 1334 1344 13904
1304 1294 1314 1324 1334 1344 13904
1304 1294 1314 1324 1334 1344 13904
1304 1294 1314 1324 1334 1344 13904
1304 1294 1314 1324 1334 1344 13904
1304 1294 1314 1324 1334 1344 13904
1304 1294 1314 1324 1334 1344 13904
1304 1294 1314 1324 1334 1344 13904
1304 1294 1314 1324 1334 1344 13904
1304 1294 1314 1324 1334 1344 13904
1304 1294 1314 1324 1334 1344 13904
1304 1294 1314 1324 1334 1344 13904
1304 1294 1314 1324 1334 1344 13904
1304 1294 1314 1324 1334 1344 13904
1304 1294 1314 1324 1334 1344 13904
1304 1294 1314 1324 1334 1344 13904
1304 1294 1314 1324 1334 1344 13904
1304 1294 1314 1324 1334 1344 13904
1304 1294 1314 1324 1334 1344 13904
1304 1294 1314 1324 1334 1344 13904
1304 1294 1314 1324 1334 1344 13904
1304 1294 1314 1324 1334 1344 13904
1304 1294 1314 1324 1334 1344 13904
1304 1294 1314 1324 1334 1344 13904
1304 1294 1314 1324 1334 1344 13904
1304 1294 1314 1324 1334 1344 13904
1304 1294 1314 1324 1334 1344 13904
1304 1294 1314 1324 1334 1344 13904
1304 1294 1314 1324 1334 1344 13904
1304 1294 1314 1324 1334 1344 13904
1304 1294 1314 1324 1334 1344 13904
1304 1294 1314 1324 1334 1344 13904
1304 1294 1314 1324 1334 1344 13904
1304 1294 1314 1324 1334 1344 13904
1304 1294 1314 1324 1334 1344 13904
37335 37345 37355 37375 37365 37385 37395
37335 37345 37355 37375 37365 37385 37395
37335 37345 37355 37375 37365 37385 37395
37335 37345 37355 37375 37365 37385 37395
37335 37345 37355 37375 37365 37385 37395
37335 37345 37355 37375 37365 37385 37395
37335 37345 37355 37375 37365 37385 37395
37335 37345 37355 37375 37365 37385 37395
37335 37345 37355 37375 37365 37385 37395
37335 37345 37355 37375 37365 37385 37395
37335 37345 37355 37375 37365 37385 37395
37335 37345 37355 37375 37365 37385 37395
37335 37345 37355 37375 37365 37385 37395
37335 37345 37355 37375 37365 37385 37395
37335 37345 37355 37375 37365 37385 37395
37335 37345 37355 37375 37365 37385 37395
37335 37345 37355 37375 37365 37385 37395
37335 37345 37355 37375 37365 37385 37395
37335 37345 37355 37375 37365 37385 37395
37335 37345 37355 37375 37365 37385 37395
37335 37345 37355 37375 37365 37385 37395
37335 37345 37355 37375 37365 37385 37395
37335 37345 37355 37375 37365 37385 37395
37335 37345 37355 37375 37365 37385 37395
37335 37345 37355 37375 37365 37385 37395
37335 37345 37355 37375 37365 37385 37395
37335 37345 37355 37375 37365 37385 37395
37335 37345 37355 37375 37365 37385 37395
37335 37345 37355 37375 37365 37385 37395
37335 37345 37355 37375 37365 37385 37395
37335 37345 37355 37375 37365 37385 37395
37335 37345 37355 37375 37365 37385 37395
37335 37345 37355 37375 37365 37385 37395
37335 37345 37355 37375 37365 37385 37395
37335 37345 37355 37375 37365 37385 37395
37335 37345 37355 37375 37365 37385 37395
37335 37345 37355 37375 37365 37385 37395
37335 37345 37355 37375 37365 37385 37395
37335 37345 37355 37375 37365 37385 37395
37335 37345 37355 37375 37365 37385 37395
37335 37345 37355 37375 37365 37385 37395
37335 37345 37355 37375 37365 37385 37395
37335 37345 37355 37375 37365 37385 37395
37335 37345 37355 37375 37365 37385 37395
37335 37345 37355 37375 37365 37385 37395
37335 37345 37355 37375 37365 37385 37395
37335 37345 37355 37375 37365 37385 37395
37335 37345 37355 37375 37365 37385 37395
37335 37345 37355 37375 37365 37385 37395
37335 37345 37355 37375 37365 37385 37395
37335 37345 37355 37375 37365 37385 37395
37335 37345 37355 37375 37365 37385 37395
37335 37345 37355 37375 37365 37385 37395
37335 37345 37355 37375 37365 37385 37395
37335 37345 37355 37375 37365 37385 37395
37335 37345 37355 37375 37365 37385 37395
37335 37345 37355 37375 37365 37385 37395
37335 37345 37355 37375 37365 37385 37395
37335 37345 37355 37375 37365 37385 37395
37335 37345 37355 37375 37365 37385 37395
37335 37345 37355 37375 37365 37385 37395
37335 37345 37355 37375 37365 37385 37395
37335 37345 37355 37375 37365 37385 37395
37335 37345 37355 37375 37365 37385 37395
37335 37345 37355 37375 37365 37385 37395
37335 37345 37355 37375 37365 37385 37395
37335 37345 37355 37375 37365 37385 37395
37335 37345 37355 37375 37365 37385 37395
37335 37345 37355 37375 37365 37385 37395
37335 37345 37355 37375 37365 37385 37395
37335 37345 37355 37375 37365 37385 37395
37335 37345 37355 37375 37365 37385 37395
37335 37345 37355 37375 37365 37385 37395
37335 37345 37355 37375 37365 37385 37395
37335 37345 37355 37375 37365 37385 37395
37335 37345 37355 37375 37365 37385 37395
37335 37345 37355 37375 37365 37385 37395
37335 37345 37355 37375 37365 37385 37395
37335 37345 37355 37375 37365 37385 37395
37335 37345 37355 37375 37365 37385 37395
37335 37345 37355 37375 37365 37385 37395
37335 37345 37355 37375 37365 37385 37395
37335 37345 37355 37375 37365 37385 37395
37335 37345 37355 37375 37365 37385 37395
37335 37345 37355 37375 37365 37385 37395
37335 37345 37355 37375 37365 37385 37395
37335 37345 37355 37375 37365 37385 37395
37335 37345 37355 37375 37365 37385 37395
37335 37345 37355 37375 37365 37385 37395
37335 37345 37355 37375 37365 37385 37395
37335 37345 37355 37375 37365 37385 37395
37335 37345 37355 37375 37365 37385 37395
37335 37345 37355 37375 37365 37385 37395
37335 37345 37355 37375 37365 37385 37395
37335 37345 37355 37375 37365 37385 37395
37335 37345 37355 37375 37365 37385 37395
37335 37345 37355 37375 37365 37385 37395
