61581
61581
61581
61581
61581
61581
61581
61581
61581
61581
61581
61581
61581
61581
61581
61581
61581
61581
61581
61581
61581
61581
61581
61581
61581
61581
61581
61581
61581
61581
3252 3302 3312 3322
3252 3302 3312 3322
3252 3302 3312 3322
3252 3302 3312 3322
3252 3302 3312 3322
3252 3302 3312 3322
3252 3302 3312 3322
3252 3302 3312 3322
3252 3302 3312 3322
3252 3302 3312 3322
3252 3302 3312 3322
3252 3302 3312 3322
3252 3302 3312 3322
3252 3302 3312 3322
3252 3302 3312 3322
3252 3302 3312 3322
3252 3302 3312 3322
3252 3302 3312 3322
3252 3302 3312 3322
3252 3302 3312 3322
3252 3302 3312 3322
3252 3302 3312 3322
3252 3302 3312 3322
3252 3302 3312 3322
3252 3302 3312 3322
3252 3302 3312 3322
3252 3302 3312 3322
3252 3302 3312 3322
3252 3302 3312 3322
3252 3302 3312 3322
3252 3302 3312 3322
3252 3302 3312 3322
3252 3302 3312 3322
3252 3302 3312 3322
3252 3302 3312 3322
3252 3302 3312 3322
3252 3302 3312 3322
3252 3302 3312 3322
3262 3262 3262 3262
3272 3272 3272 3272
3252 3302 3312 3322
3282 3282 3282 3282
3282 3282 3282 3282
3252 3302 3312 3322
3252 3302 3312 3322
3292 3292 3292 3292
3252 3302 3312 3322
3252 3302 3312 3322
3252 3302 3312 3322
3252 3302 3312 3322
3573 3583 3593
3573 3583 3593
3573 3583 3593
3573 3583 3593
3573 3583 3593
3573 3583 3593
3573 3583 3593
3573 3583 3593
3573 3583 3593
3573 3583 3593
3573 3583 3593
3573 3583 3593
3573 3583 3593
3573 3583 3593
3573 3583 3593
3573 3583 3593
3573 3583 3593
3573 3583 3593
3573 3583 3593
3573 3583 3593
3573 3583 3593
3573 3583 3593
3573 3583 3593
3573 3583 3593
3573 3583 3593
3573 3583 3593
3573 3583 3593
3573 3583 3593
3573 3583 3593
3573 3583 3593
3573 3583 3593
3573 3583 3593
3573 3583 3593
3573 3583 3593
3573 3583 3593
3573 3583 3593
3573 3583 3593
3603 3603 3603
3613 3613 3613
3573 3583 3593
3573 3583 3593
3573 3583 3593
3573 3583 3593
3573 3583 3593
3573 3583 3593
3573 3583 3593
3573 3583 3593
3573 3583 3593
3573 3583 3593
3894 3904 3914 3924 3934 29634
3894 3904 3914 3924 3934 29634
3894 3904 3914 3924 3934 29634
3894 3904 3914 3924 3934 29634
3894 3904 3914 3924 3934 29634
3894 3904 3914 3924 3934 29634
3894 3904 3914 3924 3934 29634
3894 3904 3914 3924 3934 29634
3894 3904 3914 3924 3934 29634
3894 3904 3914 3924 3934 29634
3894 3904 3914 3924 3934 29634
3894 3904 3914 3924 3934 29634
3894 3904 3914 3924 3934 29634
3894 3904 3914 3924 3934 29634
3894 3904 3914 3924 3934 29634
3894 33524 3914 33524 3934 29634
3894 33524 3914 33524 3934 29634
3894 33524 3914 33524 3934 29634
3894 3904 3914 3924 3934 29634
3894 3904 3914 3924 3934 29634
3894 3904 3914 3924 3934 29634
3894 3904 3914 3924 3934 29634
3894 3904 3914 3924 3934 29634
3894 3904 3914 3924 3934 29634
3894 3904 3914 3924 3934 29634
3894 3904 3914 3924 3934 29634
3894 3904 3914 3924 3934 29634
3894 3904 3914 3924 3934 29634
3894 3904 3914 3924 3934 29634
3894 3904 3914 3924 3934 29634
3894 3904 3914 3924 3934 29634
3894 3904 3914 3924 3934 29634
3894 3904 3914 3924 3934 29634
3894 3904 3914 3924 3934 29634
3894 3904 3914 3924 3934 29634
3894 3904 3914 3924 3934 29634
3894 3904 3914 3924 3934 29634
3894 3904 3914 3924 3934 29634
3894 3904 3914 3924 3934 29634
3894 3904 3914 3924 3934 29634
3894 3904 3914 3924 3934 29634
3894 3904 3914 3924 3934 29634
3894 3904 3914 3924 3934 29634
3894 3904 3914 3924 3934 29634
3894 3904 3914 3924 3934 29634
3894 3904 3914 3924 3934 29634
3894 3904 3914 3924 3934 29634
3944 3944 3944 3944 3944 29634
3894 3904 3914 3924 3934 29634
3954 3954 3954 3954 3954 29634
3964 3964 3964 3964 3964 29634
3974 3974 3974 3974 3974 29634
3974 3974 3974 3974 3974 29634
3974 3974 3974 3974 3974 29634
3894 3904 3914 3924 3934 29634
3894 3904 3914 3924 3934 29634
3894 3904 3914 3924 3934 29634
3984 3984 3984 3984 3984 29634
3894 3904 3914 3924 3934 29634
3894 3904 3914 3924 3934 29634
3894 3904 33534 3924 3934 29634
3894 3904 33534 3924 3934 29634
3894 3904 33534 3924 3934 29634
3894 3904 3914 3924 3934 29634
3894 3904 3914 3924 3934 29634
3894 3904 3914 3924 3934 29634
80445 80455 80465 80475 80485 80495 80505 80515
80445 80455 80465 80475 80485 80495 80505 80515
80445 80455 80465 80475 80485 80495 80505 80515
80445 80455 80465 80475 80485 80495 80505 80515
80445 80455 80465 80475 80485 80495 80505 80515
80445 80455 80465 80475 80485 80495 80505 80515
80445 80455 80465 80475 80485 80495 80505 80515
80445 80455 80465 80475 80485 80495 80505 80515
80445 80455 80465 80475 80485 80495 80505 80515
80445 80455 80465 80475 80485 80495 80505 80515
80445 80455 80465 80475 80485 80495 80505 80515
80445 80455 80465 80475 80485 80495 80505 80515
80445 80455 80465 80475 80485 80495 80505 80515
80445 80455 80465 80475 80485 80495 80505 80515
80445 80455 80465 80475 80485 80495 80505 80515
80445 80455 80465 80475 80485 80495 80505 80515
80445 80455 80465 80475 80485 80495 80505 80515
80445 80455 80465 80475 80485 80495 80505 80515
80445 80455 80465 80475 80485 80495 80505 80515
80445 80455 80465 80475 80485 80495 80505 80515
80445 80455 80465 80475 80485 80495 80505 80515
80445 80455 80465 80475 80485 80495 80505 80515
80445 80455 80465 80475 80485 80495 80505 80515
80445 80455 80465 80475 80485 80495 80505 80515
80445 80455 80465 80475 80485 80495 80505 80515
80445 80455 80465 80475 80485 80495 80505 80515
80445 80455 80465 80475 80485 80495 80505 80515
80445 80455 80465 80475 80485 80495 80505 80515
80445 80455 80465 80475 80485 80495 80505 80515
80445 80455 80465 80475 80485 80495 80505 80515
80445 80455 80465 80475 80485 80495 80505 80515
80445 80455 80465 80475 80485 80495 80505 80515
80445 80455 80465 80475 80485 80495 80505 80515
80445 80455 80465 80475 80485 80495 80505 80515
80445 80455 80465 80475 80485 80495 80505 80515
80445 80455 80465 80475 80485 80495 80505 80515
80445 80455 80465 80475 80485 80495 80505 80515
80445 80455 80465 80475 80485 80495 80505 80515
80445 80455 80465 80475 80485 80495 80505 80515
80445 80455 80465 80475 80485 80495 80505 80515
80445 80455 80465 80475 80485 80495 80505 80515
80445 80455 80465 80475 80485 80495 80505 80515
80445 80455 80465 80475 80485 80495 80505 80515
80445 80455 80465 80475 80485 80495 80505 80515
80445 80455 80525 80525 80525 80495 80505 80515
80445 80455 80525 80525 80525 80495 80505 80515
80445 80455 80625 80475 80625 80495 80505 80515
80445 80455 80625 80475 80625 80495 80505 80515
80445 80455 80535 80475 80535 80495 80505 80515
80445 80455 80625 80475 80625 80495 80505 80515
80445 80455 80465 80475 80485 80495 80505 80515
80445 80455 80535 80475 80535 80495 80505 80515
80445 80455 80545 80545 80545 80495 80505 80515
80445 80635 80635 80475 80635 80635 80505 80515
80445 80635 80635 80475 80635 80635 80505 80515
80445 80635 80635 80475 80635 80635 80505 80515
80445 80645 80645 80475 80645 80645 80505 80515
80445 80645 80645 80475 80645 80645 80505 80515
80445 80555 80555 80475 80555 80555 80505 80515
80445 80555 80555 80475 80555 80555 80505 80515
80445 80635 80635 80475 80635 80635 80505 80515
80445 80635 80635 80475 80635 80635 80505 80515
80445 80645 80645 80475 80645 80645 80505 80515
80445 80555 80555 80475 80555 80555 80505 80515
80445 80555 80555 80475 80555 80555 80505 80515
80445 80565 80565 80475 80565 80565 80505 80515
80445 80565 80565 80475 80565 80565 80505 80515
80445 80565 80565 80475 80565 80565 80505 80515
80445 80565 80565 80475 80565 80565 80505 80515
80445 80565 80565 80475 80565 80565 80505 80515
80445 80565 80565 80475 80565 80565 80505 80515
80445 80455 80585 80475 80585 80585 80505 80515
80445 80455 80585 80475 80585 80585 80505 80515
80445 80455 80585 80475 80585 80585 80505 80515
80445 80455 80585 80475 80585 80585 80505 80515
80445 80455 80585 80475 80585 80585 80505 80515
80445 80455 80585 80475 80585 80585 80505 80515
80445 80455 80595 80475 80485 80495 80505 80515
80445 80455 80595 80475 80485 80495 80505 80515
80445 80605 80465 80475 80485 80495 80505 80515
80445 80605 80465 80475 80485 80495 80505 80515
80445 80605 80465 80475 80485 80495 80505 80515
80445 80605 80465 80475 80485 80495 80505 80515
80445 80605 80465 80475 80485 80495 80505 80515
80445 80455 80615 80615 80615 80495 80505 80515
80445 80455 80615 80615 80615 80495 80505 80515
80445 80455 80615 80615 80615 80495 80505 80515
80445 80455 80465 80475 80485 80495 80505 80515
80445 80455 80465 80475 80485 80495 80505 80515
80445 80455 80465 80475 80485 80495 80505 80515
80445 80455 80465 80475 80485 80495 80505 80515
80445 80455 80465 80475 80485 80495 80505 80515
80445 80565 80565 80475 80565 80565 80505 80515
80445 80565 80565 80475 80565 80565 80505 80515
80445 80565 80565 80475 80565 80565 80505 80515
80445 80455 80465 80475 80485 80495 80505 80515
80445 80455 80465 80475 80485 80495 80505 80515
