38751
38751
38751
38751
38751
38751
38751
38751
38751
38751
38751
38751
38751
38751
38751
38751
38751
38751
38751
38751
38751
38751
38751
38751
38751
38751
38751
38751
38751
38751
2292
2292
2292
2292
2292
2292
2292
2292
2292
2292
2292
2292
2292
2292
2292
2292
2292
2292
2292
2292
2292
2292
2292
2292
2292
2292
2292
2292
2292
2292
2292
2292
2292
2292
2292
2292
2292
2292
2292
2292
2292
2292
2292
2292
2292
2292
2292
2292
2292
2292
30313 30323 30333 30343 30353 30363 30373 30383
30313 30323 30333 30343 30353 30363 30373 30383
30313 30323 30333 30343 30353 30363 30373 30383
30313 30323 30333 30343 30353 30363 30373 30383
30313 30323 30333 30343 30353 30363 30373 30383
30313 30323 30333 30343 30353 30363 30373 30383
30313 30323 30333 30343 30353 30363 30373 30383
30313 30323 30333 30343 30353 30363 30373 30383
30313 30323 30333 30343 30353 30363 30373 30383
30313 30323 30333 30343 30353 30363 30373 30383
30313 30323 30333 30343 30353 30363 30373 30383
30313 30323 30333 30343 30353 30363 30373 30383
30313 30323 30333 30343 30353 30363 30373 30383
30313 30323 30333 30343 30353 30363 30373 30383
30313 30323 30333 30343 30353 30363 30373 30383
30313 30323 30333 30343 30353 30363 30373 30383
30313 30323 30333 30343 30353 30363 30373 30383
30313 30323 30333 30343 30353 30363 30373 30383
30313 30323 30333 30343 30353 30363 30373 30383
30313 30323 30333 30343 30353 30363 30373 30383
30313 30323 30333 30343 30353 30363 30373 30383
30313 30323 30333 30343 30353 30363 30373 30383
30313 30323 30333 30343 30353 30363 30373 30383
30313 30323 30333 30343 30353 30363 30373 30383
30313 30323 30333 30343 30353 30363 30373 30383
30313 30323 30333 30343 30353 30363 30373 30383
30313 30323 30333 30343 30353 30363 30373 30383
30313 30323 30333 30343 30353 30363 30373 30383
30313 30323 30333 30343 30353 30363 30373 30383
30313 30323 30333 30343 30353 30363 30373 30383
30313 30323 30333 30343 30353 30363 30373 30383
30313 30323 30333 30343 30353 30363 30373 30383
30313 30323 30333 30343 30353 30363 30373 30383
30313 30323 30333 30343 30353 30363 30373 30383
30313 30323 30333 30343 30353 30363 30373 30383
30313 30323 30333 30343 30353 30363 30373 30383
30313 30323 30333 30343 30353 30363 30373 30383
30313 30323 30333 30343 30353 30363 30373 30383
30313 30323 30333 30343 30353 30363 30373 30383
30313 30323 30333 30343 30353 30363 30373 30383
30313 30323 30333 30343 30353 30363 30373 30383
30313 30323 30333 30343 30353 30363 30373 30383
30313 30323 30333 30343 30353 30363 30373 30383
30313 30323 30333 30343 30353 30363 30373 30383
30313 30323 30333 30343 30353 30363 30373 30383
30313 30323 30333 30343 30353 30363 30373 30383
30313 30323 30333 30343 30353 30363 30373 30383
30313 30323 30333 30343 30353 30363 30373 30383
30313 30323 30333 30343 30353 30363 30373 30383
30313 30323 30333 30343 30353 30363 30373 30383
30313 30323 30333 30343 30353 30363 30373 30383
30313 30323 30333 30343 30353 30363 30373 30383
30313 30323 30333 30343 30353 30363 30373 30383
30313 30323 30333 30343 30353 30363 30373 30383
30313 30323 30333 30343 30353 30363 30373 30383
30313 30323 30333 30343 30353 30363 30373 30383
30313 30323 30333 30343 30353 30363 30373 30383
30313 30323 30333 30343 30353 30363 30373 30383
30313 30323 30333 30343 30353 30363 30373 30383
30313 30323 30333 30343 30353 30363 30373 30383
30393 30323 30333 30393 30353 30363 30373 30383
30313 30323 30333 30343 30353 30363 30373 30383
30313 30323 30333 30343 30353 30363 30373 30383
30393 30323 30333 30393 30353 30363 30373 30383
30393 30323 30333 30393 30353 30363 30373 30383
30393 30323 30333 30393 30353 30363 30373 30383
30393 30323 30333 30393 30353 30363 30373 30383
30313 30323 30333 30343 30353 30363 30373 30383
30313 30323 30333 30343 30353 30363 30373 30383
30393 30323 30333 30393 30353 30363 30373 30383
30393 30323 30333 30393 30353 30363 30373 30383
30313 30323 30333 30343 30353 30363 30373 30383
30313 30323 30333 30343 30353 30363 30373 30383
30393 30323 30333 30393 30353 30363 30373 30383
30393 30323 30333 30393 30353 30363 30373 30383
30393 30323 30333 30393 30353 30363 30373 30383
30313 30323 30333 30343 30353 30363 30373 30383
30313 30323 30333 30343 30353 30363 30373 30383
30393 30323 30333 30393 30353 30363 30373 30383
30393 30323 30333 30393 30353 30363 30373 30383
30313 30323 30333 30343 30353 30363 30373 30383
30313 30323 30333 30343 30353 30363 30373 30383
30313 30323 30333 30343 30353 30363 30373 30383
30313 30323 30333 30343 30353 30363 30373 30383
30684
30684
30684
30684
30684
30684
30684
30684
30684
30684
30684
30684
30684
30684
30684
30684
30684
30684
30684
30684
30684
30684
30684
30684
30684
30684
30684
30684
30684
30684
30684
30684
30684
30684
30684
30684
30684
30684
30684
30684
30684
30684
30684
30684
