84591
84591
84591
84591
84591
84591
84591
84591
84591
84591
84591
84591
84591
84591
84591
84591
84591
84591
84591
84591
84591
84591
84591
84591
84591
84591
84591
84591
84591
84591
5952 6002 6012 6022
5952 6002 6012 6022
5952 6002 6012 6022
5952 6002 6012 6022
5952 6002 6012 6022
5952 6002 6012 6022
5952 6002 6012 6022
5952 6002 6012 6022
5952 6002 6012 6022
5952 6002 6012 6022
5952 6002 6012 6022
5952 6002 6012 6022
5952 6002 6012 6022
5952 6002 6012 6022
5952 6002 6012 6022
5952 6002 6012 6022
5952 6002 6012 6022
5952 6002 6012 6022
5952 6002 6012 6022
5952 6002 6012 6022
5952 6002 6012 6022
5952 6002 6012 6022
5952 6002 6012 6022
5952 6002 6012 6022
5952 6002 6012 6022
5952 6002 6012 6022
5952 6002 6012 6022
5952 6002 6012 6022
5952 6002 6012 6022
5952 6002 6012 6022
5952 6002 6012 6022
5952 6002 6012 6022
5952 6002 6012 6022
5952 6002 6012 6022
5952 6002 6012 6022
5952 6002 6012 6022
5952 6002 6012 6022
5952 6002 6012 6022
5962 5962 5962 5962
5972 5972 5972 5972
5952 6002 6012 6022
5982 5982 5982 5982
5982 5982 5982 5982
5952 6002 6012 6022
5952 6002 6012 6022
5992 5992 5992 5992
5952 6002 6012 6022
5952 6002 6012 6022
5952 6002 6012 6022
5952 6002 6012 6022
63493 63503 63513 63523 63533 63543 63553 63563
63493 63503 63513 63523 63533 63543 63553 63563
63493 63503 63513 63523 63533 63543 63553 63563
63493 63503 63513 63523 63533 63543 63553 63563
63493 63503 63513 63523 63533 63543 63553 63563
63493 63503 63513 63523 63533 63543 63553 63563
63493 63503 63513 63523 63533 63543 63553 63563
63493 63503 63513 63523 63533 63543 63553 63563
63493 63503 63513 63523 63533 63543 63553 63563
63493 63503 63513 63523 63533 63543 63553 63563
63493 63503 63513 63523 63533 63543 63553 63563
63493 63503 63513 63523 63533 63543 63553 63563
63493 63503 63513 63523 63533 63543 63553 63563
63493 63503 63513 63523 63533 63543 63553 63563
63493 63503 63513 63523 63533 63543 63553 63563
63493 63503 63513 63713 63713 63713 63553 63563
63493 63503 63513 63713 63713 63713 63553 63563
63493 63503 63513 63713 63713 63713 63553 63563
63493 63503 63513 63523 63533 63543 63553 63563
63493 63503 63513 63523 63533 63543 63553 63563
63493 63503 63513 63523 63533 63543 63553 63563
63493 63503 63513 63523 63533 63543 63553 63563
63493 63503 63513 63523 63533 63543 63553 63563
63493 63503 63513 63523 63533 63543 63553 63563
63493 63503 63513 63523 63533 63543 63553 63563
63493 63503 63513 63523 63533 63543 63553 63563
63493 63503 63513 63523 63533 63543 63553 63563
63493 63503 63513 63523 63533 63543 63553 63563
63493 63503 63513 63523 63533 63543 63553 63563
63493 63503 63513 63523 63533 63543 63553 63563
63493 63503 63513 63523 63533 63543 63553 63563
63493 63503 63513 63523 63533 63543 63553 63563
63493 63503 63513 63523 63533 63543 63553 63563
63493 63503 63513 63523 63533 63543 63553 63563
63493 63503 63513 63523 63533 63543 63553 63563
63493 63503 63513 63523 63533 63543 63553 63563
63493 63503 63513 63523 63533 63543 63553 63563
63493 63503 63513 63523 63533 63543 63553 63563
63493 63503 63513 63523 63533 63543 63553 63563
63493 63503 63513 63523 63533 63543 63553 63563
63493 63503 63513 63523 63533 63543 63553 63563
63493 63503 63513 63523 63533 63543 63553 63563
63493 63503 63513 63523 63533 63543 63553 63563
63493 63503 63513 63523 63533 63543 63553 63563
63493 63503 63513 63523 63533 63543 63553 63563
63493 63503 63513 63523 63533 63543 63553 63563
63493 63503 63513 63523 63533 63543 63553 63563
63573 63503 63513 63573 63533 63543 63553 63573
63593 63503 63513 63593 63533 63543 63553 63593
63493 63503 63513 63523 63533 63543 63553 63563
63583 63583 63583 63583 63583 63583 63583 63583
63583 63583 63583 63583 63583 63583 63583 63583
63603 63603 63603 63603 63603 63543 63553 63563
63493 63503 63513 63523 63533 63543 63553 63563
63613 63613 63513 63613 63613 63543 63553 63563
63493 63503 63513 63523 63533 63543 63553 63563
63623 63503 63513 63623 63623 63623 63623 63623
63633 63503 63513 63633 63533 63543 63553 63633
63643 63503 63513 63523 63533 63543 63553 63643
63653 63503 63513 63653 63533 63543 63553 63563
63493 63503 63513 63523 63533 63543 63553 63563
63493 63503 63513 63523 63533 63543 63553 63563
63663 63503 63513 63663 63533 63543 63553 63563
63493 63503 63513 63523 63533 63543 63553 63563
63663 63663 63663 63663 63663 63663 63663 63663
63663 63663 63663 63663 63663 63663 63663 63663
63663 63663 63663 63663 63663 63663 63663 63663
63493 63503 63513 63523 63533 63543 63553 63563
63673 63503 63513 63673 63533 63543 63553 63563
63493 63503 63513 63523 63533 63543 63553 63563
63673 63503 63513 63523 63533 63543 63553 63673
63493 63503 63513 63523 63533 63543 63553 63563
63683 63503 63513 63683 63533 63543 63553 63563
63493 63503 63513 63523 63533 63543 63553 63563
63493 63503 63513 63523 63533 63543 63553 63563
63493 63503 63513 63523 63533 63543 63553 63563
63493 63503 63513 63523 63533 63543 63553 63563
63693 63503 63513 63693 63533 63543 63553 63563
63493 63503 63513 63523 63533 63543 63553 63563
63693 63503 63513 63693 63693 63693 63693 63693
63493 63503 63513 63523 63533 63543 63553 63563
63703 63703 63513 63703 63703 63543 63553 63563
63493 63503 63513 63523 63533 63543 63553 63563
63493 63503 63513 63523 63533 63543 63553 63563
64324
64324
64324
64324
64324
64324
64324
64324
64324
64324
64324
64324
64324
64324
64324
64324
64324
64324
64324
64324
64324
64324
64324
64324
64324
64324
64324
64324
64324
64324
64324
64324
64324
64324
64324
64324
64324
64324
64324
64334
64334
64324
64324
64324
