84631
84631
84631
84631
84631
84631
84631
84631
84631
84631
84631
84631
84631
84631
84631
84631
84631
84631
84631
84631
84631
84631
84631
84631
84631
84631
84631
84631
84631
84631
49832 49842 49852 49862 49872 49882 49892
49832 49842 49852 49862 49872 49882 49892
49832 49842 49852 49862 49872 49882 49892
49832 49842 49852 49862 49872 49882 49892
49832 49842 49852 49862 49872 49882 49892
49832 49842 49852 49862 49872 49882 49892
49832 49842 49852 49862 49872 49882 49892
49832 49842 49852 49862 49872 49882 49892
49832 49842 49852 49862 49872 49882 49892
49832 49842 49852 49862 49872 49882 49892
49832 49842 49852 49862 49872 49882 49892
49832 49842 49852 49862 49872 49882 49892
49832 49842 49852 49862 49872 49882 49892
49832 49842 49852 49862 49872 49882 49892
49832 49842 49852 49862 49872 49882 49892
49832 49842 49852 49862 49872 49882 49892
49832 49842 49852 49862 49872 49882 49892
49832 49842 49852 49862 49872 49882 49892
49832 49842 49852 49862 49872 49882 49892
49832 49842 49852 49862 49872 49882 49892
49832 49842 49852 49862 49872 49882 49892
49832 49842 49852 49862 49872 49882 49892
49832 49842 49852 49862 49872 49882 49892
49832 49842 49852 49862 49872 49882 49892
49832 49842 49852 49862 49872 49882 49892
49832 49842 49852 49862 49872 49882 49892
49832 49842 49852 49862 49872 49882 49892
49832 49842 49852 49862 49872 49882 49892
49832 49842 49852 49862 49872 49882 49892
49832 49842 49852 49862 49872 49882 49892
49832 49842 49852 49862 49872 49882 49892
49832 49842 49852 49862 49872 49882 49892
49832 49842 49852 49862 49872 49882 49892
49832 49842 49852 49862 49872 49882 49892
49832 49842 49852 49862 49872 49882 49892
49832 49842 49852 49862 49872 49882 49892
49832 49842 49852 49862 49872 49882 49892
49832 49842 49852 49862 49872 49882 49892
49832 49842 49852 49862 49872 49882 49892
49832 49842 49852 49862 49872 49882 49892
49832 49842 49852 49862 49872 49882 49892
49832 49842 49852 49862 49872 49882 49892
49832 49842 49852 49862 49872 49882 49892
49832 49842 49852 49862 49872 49882 49892
49832 49842 49852 49862 49872 49882 49892
49832 49842 49852 49862 49872 49882 49892
49832 49842 49852 49862 49872 49882 49892
49832 49842 49852 49862 49872 49882 49892
49832 49842 49852 49862 49872 49882 49892
49832 49842 49852 49862 49872 49882 49892
49832 49842 49852 49862 49872 49882 49892
49832 49842 49852 49862 49872 49882 49892
49832 49842 49852 49862 49872 49882 49892
49832 49842 49852 49862 49872 49882 49892
49832 49842 49852 49862 49872 49882 49892
49832 49842 49852 49862 49872 49882 49892
49832 49842 49852 49862 49872 49902 49902
49832 49842 49852 49862 49872 49912 49912
49832 49842 49852 49862 49872 49922 49922
49832 49842 49932 49862 49872 49882 49892
49832 49942 49942 49942 49942 49942 49942
49832 49942 49942 49942 49942 49942 49942
49832 49942 49942 49942 49942 49942 49942
49832 49952 49952 49952 49952 49952 49952
49832 49952 49952 49952 49952 49952 49952
49832 49952 49952 49952 49952 49952 49952
49832 49842 49852 49862 49872 49882 49892
49832 49842 49852 49862 49872 49882 49892
49832 49842 49852 49862 49872 49882 49892
49832 49942 49942 49942 49942 49942 49942
49832 49942 49942 49942 49942 49942 49942
49832 49942 49932 49942 49942 49942 49942
49832 49842 49852 49862 49872 49882 49892
49832 49842 49852 49862 49872 49882 49892
49832 49842 49852 49862 49872 49982 49982
49832 49942 49942 49942 49942 49942 49942
49832 49942 49942 49942 49942 49942 49942
49832 49942 49942 49942 49942 49942 49942
49832 49842 49852 49862 49872 49882 49892
82053 82063 82073 82083 82093 82103 82113 82123 82133
82053 82063 82073 82083 82093 82103 82113 82123 82133
82053 82063 82073 82083 82093 82103 82113 82123 82133
82053 82063 82073 82083 82093 82103 82113 82123 82133
82053 82063 82073 82083 82093 82103 82113 82123 82133
82053 82063 82073 82083 82093 82103 82113 82123 82133
82053 82063 82073 82083 82093 82103 82113 82123 82133
82053 82063 82073 82083 82093 82103 82113 82123 82133
82053 82063 82073 82083 82093 82103 82113 82123 82133
82053 82063 82073 82083 82093 82103 82113 82123 82133
82053 82063 82073 82083 82093 82103 82113 82123 82133
82053 82063 82073 82083 82093 82103 82113 82123 82133
82053 82063 82073 82083 82093 82103 82113 82123 82133
82053 82063 82073 82083 82093 82103 82113 82123 82133
82053 82063 82073 82083 82093 82103 82113 82123 82133
82053 82063 82073 82083 82093 82103 82113 82123 82133
82053 82063 82073 82083 82093 82103 82113 82123 82133
82053 82063 82073 82083 82093 82103 82113 82123 82133
82053 82063 82073 82083 82093 82103 82113 82123 82133
82053 82063 82073 82083 82093 82103 82113 82123 82133
82053 82063 82073 82083 82093 82103 82113 82123 82133
82053 82063 82073 82083 82093 82103 82113 82123 82133
82053 82063 82073 82083 82093 82103 82113 82123 82133
82053 82063 82073 82083 82093 82103 82113 82123 82133
82053 82063 82073 82083 82093 82103 82113 82123 82133
82053 82063 82073 82083 82093 82103 82113 82123 82133
82053 82063 82073 82083 82093 82103 82113 82123 82133
82053 82063 82073 82083 82093 82103 82113 82123 82133
82053 82063 82073 82083 82093 82103 82113 82123 82133
82053 82063 82073 82083 82093 82103 82113 82123 82133
82053 82063 82073 82083 82093 82103 82113 82123 82133
82053 82063 82073 82083 82093 82103 82113 82123 82133
82053 82063 82073 82083 82093 82103 82113 82123 82133
82053 82063 82073 82083 82093 82103 82113 82123 82133
82053 82063 82073 82083 82093 82103 82113 82123 82133
82053 82063 82073 82083 82093 82103 82113 82123 82133
82053 82063 82073 82083 82093 82103 82113 82123 82133
82053 82063 82073 82083 82093 82103 82113 82123 82133
82053 82063 82073 82083 82093 82103 82113 82123 82133
82053 82063 82073 82083 82093 82103 82113 82123 82133
82053 82063 82073 82083 82093 82103 82113 82123 82133
82053 82063 82073 82083 82093 82103 82113 82123 82133
82053 82063 82073 82083 82093 82103 82113 82123 82133
82053 82063 82073 82083 82093 82103 82113 82123 82133
82053 82063 82073 82083 82093 82103 82113 82123 82133
82053 82063 82073 82083 82093 82103 82113 82123 82133
82053 82063 82073 82083 82093 82103 82113 82123 82133
82053 82063 82073 82083 82093 82103 82113 82143 82133
82053 82063 82073 82083 82093 82103 82113 82143 82133
82053 82063 82073 82083 82093 82103 82113 82123 82133
82053 82063 82163 82083 82163 82163 82163 82163 82133
82053 82063 82163 82083 82163 82163 82163 82163 82133
82053 82063 82073 82083 82093 82103 82113 82123 82133
82053 82063 82073 82083 82093 82103 82113 82123 82133
82053 82063 82073 82083 82093 82103 82113 82173 82133
82053 82063 82073 82083 82093 82103 82183 82123 82133
82053 82063 82073 82083 82093 82103 82183 82123 82133
82053 82063 82073 82083 82093 82103 82113 82123 82133
82053 82063 82073 82083 82093 82103 82113 82123 82133
82053 82063 82073 82083 82093 82103 82113 82193 82133
82053 82063 82073 82083 82093 82103 82113 82123 82133
82053 82063 82073 82083 82093 82103 82113 82203 82133
82053 82063 82073 82083 82093 82103 82113 82213 82133
82053 82063 82073 82083 82093 82103 82113 82243 82133
82053 82063 82073 82083 82093 82103 82113 82253 82133
82053 82063 82073 82083 82093 82103 82113 82263 82133
82053 82063 82073 82083 82093 82103 82113 82273 82133
83554 83564 83574 83584 83594 83604 83614 83624 83634
83554 83564 83574 83584 83594 83604 83614 83624 83634
83554 83564 83574 83584 83594 83604 83614 83624 83634
83554 83564 83574 83584 83594 83604 83614 83624 83634
83554 83564 83574 83584 83594 83604 83614 83624 83634
83554 83564 83574 83584 83594 83604 83614 83624 83634
83554 83564 83574 83584 83594 83604 83614 83624 83634
83554 83564 83574 83584 83594 83604 83614 83624 83634
83554 83564 83574 83584 83594 83604 83614 83624 83634
83554 83564 83574 83584 83594 83604 83614 83624 83634
83554 83564 83574 83584 83594 83604 83614 83624 83634
83554 83564 83574 83584 83594 83604 83614 83624 83634
83554 83564 83574 83584 83594 83604 83614 83624 83634
83554 83564 83574 83584 83594 83604 83614 83624 83634
83554 83564 83574 83584 83594 83604 83614 83624 83634
83554 83564 83574 83584 83594 83604 83614 83624 83634
83554 83564 83574 83584 83594 83604 83614 83624 83634
83554 83564 83574 83584 83594 83604 83614 83624 83634
83554 83564 83574 83584 83594 83604 83614 83624 83634
83554 83564 83574 83584 83594 83604 83614 83624 83634
83554 83564 83574 83584 83594 83604 83614 83624 83634
83554 83564 83574 83584 83594 83604 83614 83624 83634
83554 83564 83574 83584 83594 83604 83614 83624 83634
83554 83564 83574 83584 83594 83604 83614 83624 83634
83554 83564 83574 83584 83594 83604 83614 83624 83634
83554 83564 83574 83584 83594 83604 83614 83624 83634
83554 83564 83574 83584 83594 83604 83614 83624 83634
83554 83564 83574 83584 83594 83604 83614 83624 83634
83554 83564 83574 83584 83594 83604 83614 83624 83634
83554 83564 83574 83584 83594 83604 83614 83624 83634
83554 83564 83574 83584 83594 83604 83614 83624 83634
83554 83564 83574 83584 83594 83604 83614 83624 83634
83554 83564 83574 83584 83594 83604 83614 83624 83634
83554 83564 83574 83584 83594 83604 83614 83624 83634
83554 83564 83574 83584 83594 83604 83614 83624 83634
83554 83564 83574 83584 83594 83604 83614 83624 83634
83554 83564 83574 83584 83594 83604 83614 83624 83634
83554 83564 83574 83584 83594 83604 83614 83624 83634
83554 83564 83574 83584 83594 83604 83614 83624 83634
83554 83564 83574 83584 83594 83604 83614 83624 83634
83554 83564 83574 83584 83594 83604 83614 83624 83634
83554 83564 83574 83584 83594 83604 83614 83624 83634
83554 83564 83574 83584 83594 83604 83614 83624 83634
83554 83564 83574 83584 83594 83604 83614 83624 83634
83554 83564 83574 83584 83594 83604 83614 83624 83634
83554 83564 83574 83584 83594 83604 83614 83624 83634
83554 83564 83574 83584 83594 83604 83614 83624 83634
83554 83564 83574 83584 83594 83604 83614 83644 83634
83554 83564 83574 83584 83594 83604 83614 83644 83634
83554 83564 83574 83584 83594 83604 83614 83624 83634
83554 83564 83664 83584 83664 83664 83664 83664 83634
83554 83564 83664 83584 83664 83664 83664 83664 83634
83554 83564 83574 83584 83594 83604 83614 83624 83634
83554 83564 83574 83584 83594 83604 83614 83624 83634
83554 83564 83574 83584 83594 83604 83614 83674 83634
83554 83564 83574 83584 83594 83604 83684 83624 83634
83554 83564 83574 83584 83594 83604 83684 83624 83634
83554 83564 83574 83584 83594 83604 83614 83624 83634
83554 83564 83574 83584 83594 83604 83614 83624 83634
83554 83564 83574 83584 83594 83604 83614 83624 83634
83554 83564 83574 83584 83594 83604 83614 83624 83634
83554 83564 83574 83584 83724 83604 83614 83694 83634
83554 83564 83574 83584 83594 83604 83614 83624 83634
83554 83564 83574 83584 83724 83604 83614 83704 83634
83554 83564 83574 83584 83594 83604 83614 83624 83634
83554 83564 83574 83584 83724 83604 83614 83714 83634
83554 83564 83574 83584 83594 83604 83614 83624 83634
83554 83564 83734 83734 83594 83734 83614 83734 83634
83554 83564 83574 83584 83594 83604 83614 83744 83634
83554 83564 83734 83734 83594 83734 83614 83734 83634
83554 83564 83574 83584 83594 83604 83614 83744 83634
83554 83564 83574 83584 83594 83604 83614 83774 83634
83554 83564 83574 83584 83594 83604 83614 83784 83634
83554 83564 83574 83584 83594 83604 83614 83794 83634
83554 83564 83574 83584 83594 83604 83614 83804 83634
83554 83564 83574 83584 83594 83604 83614 83814 83634
