38791
38791
38791
38791
38791
38791
38791
38791
38791
38791
38791
38791
38791
38791
38791
38791
38791
38791
38791
38791
38791
38791
38791
38791
38791
38791
38791
38791
38791
38791
23802 23812 23822 23832 23842 23852 23862
23802 23812 23822 23832 23842 23852 23862
23802 23812 23822 23832 23842 23852 23862
23802 23812 23822 23832 23842 23852 23862
23802 23812 23822 23832 23842 23852 23862
23802 23812 23822 23832 23842 23852 23862
23802 23812 23822 23832 23842 23852 23862
23802 23812 23822 23832 23842 23852 23862
23802 23812 23822 23832 23842 23852 23862
23802 23812 23822 23832 23842 23852 23862
23802 23812 23822 23832 23842 23852 23862
23802 23812 23822 23832 23842 23852 23862
23802 23812 23822 23832 23842 23852 23862
23802 23812 23822 23832 23842 23852 23862
23802 23812 23822 23832 23842 23852 23862
23802 23812 23822 23832 23842 23852 23862
23802 23812 23822 23832 23842 23852 23862
23802 23812 23822 23832 23842 23852 23862
23802 23812 23822 23832 23842 23852 23862
23802 23812 23822 23832 23842 23852 23862
23802 23812 23822 23832 23842 23852 23862
23802 23922 23912 23902 23872 23882 23892
23802 23922 23912 23902 23872 23882 23892
23802 23922 23912 23902 23872 23882 23892
23802 23922 23912 23902 23872 23882 23892
23802 23922 23912 23902 23872 23882 23892
23802 23922 23912 23902 23872 23882 23892
23802 23922 23912 23902 23872 23882 23892
23802 23922 23912 23902 23872 23882 23892
23802 23922 23912 23902 23872 23882 23892
23802 23812 23822 23832 23842 23852 23862
23802 23812 23822 23832 23842 23852 23862
23802 23812 23822 23832 23842 23852 23862
23802 23812 23822 23832 23842 23852 23862
23802 23922 23912 23902 23872 23882 23892
23802 23922 23912 23902 23872 23882 23892
23802 23922 23912 23902 23872 23882 23892
23802 23922 23912 23902 23872 23882 23892
23802 23922 23912 23902 23872 23882 23892
23802 23922 23912 23902 23872 23882 23892
23802 23922 23912 23902 23872 23882 23892
23802 23922 23912 23902 23872 23882 23892
23802 23922 23912 23902 23872 23882 23892
23802 23922 23912 23902 23872 23882 23892
23802 23922 23912 23902 23872 23882 23892
23802 23922 23912 23902 23872 23882 23892
23802 23922 23912 23902 23872 23882 23892
23802 23922 23912 23902 23872 23882 23892
23802 23922 23912 23902 23872 23882 23892
23802 23922 23912 23902 23872 23882 23892
23802 23922 23912 23902 23872 23882 23892
23802 23922 23912 23902 23872 23882 23892
23802 23922 23912 23902 23872 23882 23892
23802 23922 23912 23902 23872 23882 23892
23802 23922 23912 23902 23872 23882 23892
23802 23922 23912 23902 23872 23882 23892
23802 23922 23912 23902 23872 23882 23892
23802 23922 23912 23902 23872 23882 23892
23802 23922 23912 23902 23872 23882 23892
23802 23922 23912 23902 23872 23882 23892
23802 23922 23912 23902 23872 23882 23892
23802 23922 23912 23902 23872 23882 23892
23802 23922 23912 23902 23872 23882 23892
23802 23922 23912 23902 23872 23882 23892
23802 23922 23912 23902 23872 23882 23892
23802 23922 23912 23902 23872 23882 23892
23802 23922 23912 23902 23872 23882 23892
23802 23922 23912 23902 23872 23882 23892
23802 23922 23912 23902 23872 23882 23892
23802 23922 23912 23902 23872 23882 23892
23802 23922 23912 23902 23872 23882 23892
23802 23922 23912 23902 23872 23882 23892
23802 23922 23912 23902 23872 23882 23892
23802 23922 23912 23902 23872 23882 23892
23802 23922 23912 23902 23872 23882 23892
23802 23922 23912 23902 23872 23882 23892
23802 23922 23912 23902 23872 23882 23892
23802 23922 23912 23902 23872 23882 23892
23802 23922 23912 23902 23872 23882 23892
37823 37833 37843 37853 37863 37873 37883 37893
37823 37833 37843 37853 37863 37873 37883 37893
37823 37833 37843 37853 37863 37873 37883 37893
37823 37833 37843 37853 37863 37873 37883 37893
37823 37833 37843 37853 37863 37873 37883 37893
37823 37833 37843 37853 37863 37873 37883 37893
37823 37833 37843 37853 37863 37873 37883 37893
37823 37833 37843 37853 37863 37873 37883 37893
37823 37833 37843 37853 37863 37873 37883 37893
37823 37833 37843 37853 37863 37873 37883 37893
37823 37833 37843 37853 37863 37873 37883 37893
37823 37833 37843 37853 37863 37873 37883 37893
37823 37833 37843 37853 37863 37873 37883 37893
37823 37833 37843 37853 37863 37873 37883 37893
37823 37833 37843 37853 37863 37873 37883 37893
37823 37833 37843 37853 37863 37873 37883 37893
37823 37833 37843 37853 37863 37873 37883 37893
37823 37833 37843 37853 37863 37873 37883 37893
37823 37833 37843 37853 37863 37873 37883 37893
37823 37833 37843 37853 37863 37873 37883 37893
37823 37833 37843 37853 37863 37873 37883 37893
37823 37833 37843 37853 37863 37873 37883 37893
37823 37833 37843 37853 37863 37873 37883 37893
37823 37833 37843 37853 37863 37873 37883 37893
37823 37833 37843 37853 37863 37873 37883 37893
37823 37833 37843 37853 37863 37873 37883 37893
37823 37833 37843 37853 37863 37873 37883 37893
37823 37833 37843 37853 37863 37873 37883 37893
37823 37833 37843 37853 37863 37873 37883 37893
37823 37833 37843 37853 37863 37873 37883 37893
37823 37833 37843 37853 37863 37873 37883 37893
37823 37833 37843 37853 37863 37873 37883 37893
37823 37833 37843 37853 37863 37873 37883 37893
37823 37833 37843 37853 37863 37873 37883 37893
37823 37833 37843 37853 37863 37873 37883 37893
37823 37833 37843 37853 37863 37873 37883 37893
37823 37833 37843 37853 37863 37873 37883 37893
37823 37833 37843 37853 37863 37873 37883 37893
37823 37833 37843 37853 37863 37873 37883 37893
37823 37833 37843 37853 37863 37873 37883 37893
37823 37833 37843 37853 37863 37873 37883 37893
37823 37833 37843 37853 37863 37873 37883 37893
37823 37833 37843 37853 37863 37873 37883 37893
37823 37833 37843 37853 37863 37873 37883 37893
37823 37833 37843 37853 37863 37873 37883 37893
37823 37833 37843 37853 37863 37873 37883 37893
37823 37833 37843 37853 37863 37873 37883 37893
37823 37833 37843 37853 37863 37873 37883 37893
37823 37833 37843 37853 37863 37873 37883 37893
37823 37833 37843 37853 37863 37873 37883 37893
37823 37833 37843 37853 37863 37873 37883 37893
37823 37833 37843 37853 37863 37873 37883 37893
37823 37833 37843 37853 37863 37873 37883 37893
37823 37833 37843 37853 37863 37873 37883 37893
37823 37833 37843 37853 37863 37873 37883 37893
37823 37833 37843 37853 37863 37873 37883 37893
37823 37833 37843 37853 37863 37873 37883 37893
37823 37833 37843 37853 37863 37873 37883 37893
37823 37833 37843 37853 37863 37873 37883 37893
37823 37833 37843 37853 37863 37873 37883 37893
37823 37833 37843 37853 37863 37873 37883 37893
37823 37833 37843 37853 37863 37873 37883 37893
37823 37833 37843 37853 37863 37873 37883 37893
37823 37833 37843 37853 37863 37873 37883 37893
37823 37833 37843 37853 37863 37873 37883 37893
37823 37833 37843 37853 37863 37873 37883 37893
37823 37833 37843 37853 37863 37873 37883 37893
38304 38314 38324 38334 38344 38354 38364 38374
38304 38314 38324 38334 38344 38354 38364 38374
38304 38314 38324 38334 38344 38354 38364 38374
38304 38314 38324 38334 38344 38354 38364 38374
38304 38314 38324 38334 38344 38354 38364 38374
38304 38314 38324 38334 38344 38354 38364 38374
38304 38314 38324 38334 38344 38354 38364 38374
38304 38314 38324 38334 38344 38354 38364 38374
38304 38314 38324 38334 38344 38354 38364 38374
38304 38314 38324 38334 38344 38354 38364 38374
38304 38314 38324 38334 38344 38354 38364 38374
38304 38314 38324 38334 38344 38354 38364 38374
38304 38314 38324 38334 38344 38354 38364 38374
38304 38314 38324 38334 38344 38354 38364 38374
38304 38314 38324 38334 38344 38354 38364 38374
38304 38314 38324 38334 38344 38354 38364 38374
38304 38314 38324 38334 38344 38354 38364 38374
38304 38314 38324 38334 38344 38354 38364 38374
38304 38314 38324 38334 38344 38354 38364 38374
38304 38314 38324 38334 38344 38354 38364 38374
38304 38314 38324 38334 38344 38354 38364 38374
38304 38314 38324 38334 38344 38354 38364 38374
38304 38314 38324 38334 38344 38354 38364 38374
38304 38314 38324 38334 38344 38354 38364 38374
38304 38314 38324 38334 38344 38354 38364 38374
38304 38314 38324 38334 38344 38354 38364 38374
38304 38314 38324 38334 38344 38354 38364 38374
38304 38314 38324 38334 38344 38354 38364 38374
38304 38314 38324 38334 38344 38354 38364 38374
38304 38314 38324 38334 38344 38354 38364 38374
38304 38314 38324 38334 38344 38354 38364 38374
38304 38314 38324 38334 38344 38354 38364 38374
38304 38314 38324 38334 38344 38354 38364 38374
38304 38314 38324 38334 38344 38354 38364 38374
38304 38314 38324 38334 38344 38354 38364 38374
38304 38314 38324 38334 38344 38354 38364 38374
38304 38314 38324 38334 38344 38354 38364 38374
38304 38314 38324 38334 38344 38354 38364 38374
38304 38314 38324 38334 38344 38354 38364 38374
38304 38314 38324 38334 38344 38354 38364 38374
38304 38314 38324 38334 38344 38354 38364 38374
38304 38314 38324 38334 38344 38354 38364 38374
38304 38314 38324 38334 38344 38354 38364 38374
38304 38314 38324 38334 38344 38354 38364 38374
38304 38314 38324 38334 38344 38354 38364 38374
38304 38314 38324 38334 38344 38354 38364 38374
38304 38314 38324 38334 38344 38354 38364 38374
38304 38314 38324 38334 38344 38354 38364 38374
38304 38314 38324 38334 38344 38354 38364 38374
38304 38314 38324 38334 38344 38354 38364 38374
38304 38314 38324 38334 38344 38354 38364 38374
38304 38314 38324 38334 38344 38354 38364 38374
38304 38314 38324 38334 38344 38354 38364 38374
38304 38314 38324 38334 38344 38354 38364 38374
38304 38314 38324 38334 38344 38354 38364 38374
38304 38314 38324 38334 38344 38354 38364 38374
38304 38314 38324 38334 38344 38354 38364 38374
38304 38314 38324 38334 38344 38354 38364 38374
38304 38314 38324 38334 38344 38354 38364 38374
38304 38314 38324 38334 38344 38354 38364 38374
38304 38314 38324 38334 38344 38354 38364 38374
38304 38314 38324 38334 38344 38354 38364 38374
38304 38314 38324 38334 38344 38354 38364 38374
38304 38314 38324 38334 38344 38354 38364 38374
38304 38314 38324 38334 38344 38354 38364 38374
38304 38314 38324 38334 38344 38354 38364 38374
38304 38314 38324 38334 38344 38354 38364 38374
38304 38314 38324 38334 38344 38354 38364 38374
38304 38314 38324 38334 38344 38354 38364 38374
38304 38314 38324 38334 38344 38354 38364 38374
38304 38314 38324 38334 38344 38354 38364 38374
38304 38314 38324 38334 38344 38354 38364 38374
38304 38314 38324 38334 38344 38354 38364 38374
38304 38314 38324 38334 38344 38354 38364 38374
38304 38314 38324 38334 38344 38354 38364 38374
38304 38314 38324 38334 38344 38354 38364 38374
