61581
61581
61581
61581
61581
61581
61581
61581
61581
61581
61581
61581
61581
61581
61581
61581
61581
61581
61581
61581
61581
61581
61581
61581
61581
61581
61581
61581
61581
61581
4092 4112 4122 4132 4142
4092 4112 4122 4132 4142
4092 4112 4122 4132 4142
4092 4112 4122 4132 4142
4092 4112 4122 4132 4142
4092 4112 4122 4132 4142
4092 4112 4122 4132 4142
4092 4112 4122 4132 4142
4092 4112 4122 4132 4142
4092 4112 4122 4132 4142
4092 4112 4122 4132 4142
4092 4112 4122 4132 4142
4092 4112 4122 4132 4142
4092 4112 4122 4132 4142
4092 4112 4122 4132 4142
4092 4112 4122 4132 33592
4092 4112 4122 4132 33592
4092 4112 4122 4132 33592
4092 4112 4122 4132 4142
4092 4112 4122 4132 4142
4092 4112 4122 4132 4142
4092 4112 4122 4132 4142
4092 4112 4122 4132 4142
4092 4112 4122 4132 4142
4092 4112 4122 4132 4142
4092 4112 4122 4132 4142
4092 4112 4122 4132 4142
4092 4112 4122 4132 4142
4092 4112 4122 4132 4142
4092 4112 4122 4132 4142
4092 4112 4122 4132 4142
4092 4112 4122 4132 4142
4092 4112 4122 4132 4142
4092 4112 4122 4132 4142
4092 4112 4122 4132 4142
4092 4112 4122 4132 4142
4092 4112 4122 4132 4142
4092 4112 4122 4132 4142
4092 4112 4122 4132 4142
4092 4112 4122 4132 4142
4092 4112 4122 4132 4142
4092 4112 4122 4132 4142
4092 4112 4122 4132 4142
4092 4112 4122 4132 4142
4092 4112 4122 4132 4142
4092 4112 4122 4132 4142
4092 4112 4122 4132 4142
4102 4102 4102 4132 4142
4092 4112 4122 4132 4142
4092 4112 4122 4132 4142
4092 4112 4122 4132 4142
4092 4112 4122 4132 4142
4092 4112 4122 4132 4142
4092 4112 4122 4132 4142
4092 4112 4122 4132 4142
4092 4112 4122 4132 4142
4092 4172 4122 4132 4142
4092 4112 4122 4132 4142
4092 4112 4122 4132 4142
4182 4182 4182 4132 4142
4092 4112 4122 4132 4142
4092 4112 4122 4132 4142
28312 28312 28312 4132 4142
28322 28322 28322 28322 28322
28322 28322 28322 28322 28322
28322 28322 28322 28322 28322
4092 4112 4122 4132 4142
49043 49053 49063 49073 49083 49093 49103 49113
49043 49053 49063 49073 49083 49093 49103 49113
49043 49053 49063 49073 49083 49093 49103 49113
49043 49053 49063 49073 49083 49093 49103 49113
49043 49053 49063 49073 49083 49093 49103 49113
49043 49053 49063 49073 49083 49093 49103 49113
49043 49053 49063 49073 49083 49093 49103 49113
49043 49053 49063 49073 49083 49093 49103 49113
49043 49053 49063 49073 49083 49093 49103 49113
49043 49053 49063 49073 49083 49093 49103 49113
49043 49053 49063 49073 49083 49093 49103 49113
49043 49053 49063 49073 49083 49093 49103 49113
49043 49053 49063 49073 49083 49093 49103 49113
49043 49053 49063 49073 49083 49093 49103 49113
49043 49053 49063 49073 49083 49093 49103 49113
49043 49053 49063 49073 49083 49093 49103 49113
49043 49053 49063 49073 49083 49093 49103 49113
49043 49053 49063 49073 49083 49093 49103 49113
49043 49053 49063 49073 49083 49093 49103 49113
49043 49053 49063 49073 49083 49093 49103 49113
49043 49053 49063 49073 49083 49093 49103 49113
49043 49053 49063 49073 49083 49093 49103 49113
49043 49053 49063 49073 49083 49093 49103 49113
49043 49053 49063 49073 49083 49093 49103 49113
49043 49053 49063 49073 49083 49093 49103 49113
49043 49053 49063 49073 49083 49093 49103 49113
49043 49053 49063 49073 49083 49093 49103 49113
49043 49053 49063 49073 49083 49093 49103 49113
49043 49053 49063 49073 49083 49093 49103 49113
49043 49053 49063 49073 49083 49093 49103 49113
49043 49053 49063 49073 49083 49093 49103 49113
49043 49053 49063 49073 49083 49093 49103 49113
49043 49053 49063 49073 49083 49093 49103 49113
49043 49053 49063 49073 49083 49093 49103 49113
49043 49053 49063 49073 49083 49093 49103 49113
49043 49053 49063 49073 49083 49093 49103 49113
49043 49053 49063 49073 49083 49093 49103 49113
49043 49053 49063 49073 49083 49093 49103 49113
49043 49053 49063 49073 49083 49093 49103 49113
49043 49053 49063 49073 49083 49093 49103 49113
49043 49053 49063 49073 49083 49093 49103 49113
49043 49053 49063 49073 49083 49093 49103 49113
49043 49053 49063 49073 49083 49093 49103 49113
49043 49053 49063 49073 49083 49093 49103 49113
49043 49053 54043 49073 54043 49093 49103 49113
49043 49053 54043 49073 54043 49093 49103 49113
49043 49053 54143 49073 49083 49093 49103 49113
49043 49053 54143 49073 49083 49093 49103 49113
49043 49053 54053 49073 54053 49093 49103 49113
49043 49053 54143 49073 49083 49093 49103 49113
49043 49053 49063 49073 49083 49093 49103 49113
49043 49053 54053 49073 54053 49093 49103 49113
49043 49053 54063 49073 54063 49093 49103 49113
49043 54533 54533 49073 49083 54533 49103 49113
49043 54533 54533 49073 49083 54533 49103 49113
49043 54533 54533 49073 49083 54533 49103 49113
49043 54543 54543 49073 49083 54543 49103 49113
49043 54543 54543 49073 49083 54543 49103 49113
49043 54073 54073 49073 49083 54073 49103 49113
49043 54073 54073 49073 49083 54073 49103 49113
49043 54533 54533 49073 49083 54533 49103 49113
49043 54533 54533 49073 49083 54533 49103 49113
49043 54543 54543 49073 49083 54543 49103 49113
49043 54073 54073 49073 49083 54073 49103 49113
49043 54073 54073 49073 49083 54073 49103 49113
49043 54083 54083 49073 49083 54083 49103 49113
49043 54083 54083 49073 49083 54083 49103 49113
49043 54083 54083 49073 49083 54083 49103 49113
49043 54083 54083 49073 49083 54083 49103 49113
49043 54083 54083 49073 49083 54083 49103 49113
49043 54083 54083 49073 49083 54083 49103 49113
49043 49053 54103 49073 49083 54543 49103 49113
49043 49053 54103 49073 49083 54543 49103 49113
49043 49053 54103 49073 49083 54543 49103 49113
49043 49053 54103 49073 49083 54543 49103 49113
49043 49053 54103 49073 49083 54543 49103 49113
49043 49053 54103 49073 49083 54543 49103 49113
49043 49053 54113 49073 49083 49093 49103 49113
49043 49053 54113 49073 49083 49093 49103 49113
49043 54123 49063 49073 49083 49093 49103 49113
49043 54123 49063 49073 49083 49093 49103 49113
49043 54123 49063 49073 49083 49093 49103 49113
49043 54123 49063 49073 49083 49093 49103 49113
49043 54123 49063 49073 49083 49093 49103 49113
49043 49053 54133 49073 54133 49093 49103 49113
49043 49053 54133 49073 54133 49093 49103 49113
49043 49053 54133 49073 54133 49093 49103 49113
49043 49053 49063 49073 49083 49093 49103 49113
49043 49053 49063 49073 49083 49093 49103 49113
