29361
29361
29361
29361
29361
29361
29361
29361
29361
29361
29361
29361
29361
29361
29361
29361
29361
29361
29361
29361
29361
29361
29361
29361
29361
29361
29361
29361
29361
29361
1412 1422 1432 1442 1462 1452
1412 1422 1432 1442 1462 1452
1412 1422 1432 1442 1462 1452
1412 1422 1432 1442 1462 1452
1412 1422 1432 1442 1462 1452
1412 1422 1432 1442 1462 1452
1412 1422 1432 1442 1462 1452
1412 1422 1432 1442 1462 1452
1412 1422 1432 1442 1462 1452
1412 1422 1432 1442 1462 1452
1412 1422 1432 1442 1462 1452
1412 1422 1432 1442 1462 1452
1412 1422 1432 1442 1462 1452
1412 1422 1432 1442 1462 1452
1412 1422 1432 1442 1462 1452
1412 1422 1432 1442 1462 1452
1412 1422 1432 1442 1462 1452
1412 1422 1432 1442 1462 1452
1412 1422 1432 1442 1462 1452
1412 1422 1432 1442 1462 1452
1412 1422 1432 1442 1462 1452
1412 1422 1432 1442 1462 1452
1412 1422 1432 1442 1462 1452
1412 1422 1432 1442 1462 1452
1412 1422 1432 1442 1462 1452
1412 1422 1432 1442 1462 1452
1412 1422 1432 1442 1462 1452
1412 1422 1432 1442 1462 1452
1412 1422 1432 1442 1462 1452
1412 1422 1432 1442 1462 1452
1412 1422 1432 1442 1462 1452
1412 1422 1432 1442 1462 1452
1412 1422 1432 1442 1462 1452
1412 1422 1432 1442 1462 1452
1412 1422 1432 1442 1462 1452
1412 1422 1432 1442 1462 1452
1412 1422 1432 1442 1462 1452
1412 1422 1432 1442 1462 1452
1412 1422 1432 1442 1462 1452
1412 1422 1432 1442 1462 1452
1412 1422 1432 1442 1462 1452
1412 1422 1432 1442 1462 1452
1412 1422 1432 1442 1462 1452
1412 1422 1432 1442 1462 1452
1412 1422 1432 1442 1462 1452
1412 1422 1432 1442 1462 1452
1412 1422 1432 1442 1462 1452
1412 1422 1432 1442 1462 1452
1412 1422 1432 1442 1462 1452
1412 1422 1432 1442 1462 1452
1412 1422 1432 1442 1462 1452
1412 1422 1432 1442 1462 1452
1412 1422 1432 1442 1462 1452
1412 1422 1432 1442 1462 1452
1412 1422 1432 1442 1462 1452
1412 1422 1432 1442 1462 1452
1412 1422 1432 1442 1462 1452
1412 1422 1432 1442 1462 1452
1412 1422 1432 1442 1462 1452
1412 1422 1432 1442 1462 1452
1412 1422 1432 1442 1462 1452
1412 1422 1432 1442 1462 1452
1412 1422 1432 1442 1462 1452
1412 1422 1432 1442 1462 1452
1412 1422 1432 1442 1462 1452
1412 1422 1432 1442 1462 1452
1412 1422 1432 1442 1462 1452
23253 23263 23273 23283 23293 23303 23313
23253 23263 23273 23283 23293 23303 23313
23253 23263 23273 23283 23293 23303 23313
23253 23263 23273 23283 23293 23303 23313
23253 23263 23273 23283 23293 23303 23313
23253 23263 23273 23283 23293 23303 23313
23253 23263 23273 23283 23293 23303 23313
23253 23263 23273 23283 23293 23303 23313
23253 23263 23273 23283 23293 23303 23313
23253 23263 23273 23283 23293 23303 23313
23253 23263 23273 23283 23293 23303 23313
23253 23263 23273 23283 23293 23303 23313
23253 23263 23273 23283 23293 23303 23313
23253 23263 23273 23283 23293 23303 23313
23253 23263 23273 23283 23293 23303 23313
23253 23263 23273 23283 23293 23303 23313
23253 23263 23273 23283 23293 23303 23313
23253 23263 23273 23283 23293 23303 23313
23253 23263 23273 23283 23293 23303 23313
23253 23263 23273 23283 23293 23303 23313
23253 23263 23273 23283 23293 23303 23313
23253 23263 23273 23283 23293 23303 23313
23253 23263 23273 23283 23293 23303 23313
23253 23263 23273 23283 23293 23303 23313
23253 23263 23273 23283 23293 23303 23313
23253 23263 23273 23283 23293 23303 23313
23253 23263 23273 23283 23293 23303 23313
23253 23263 23273 23283 23293 23303 23313
23253 23263 23273 23283 23293 23303 23313
23253 23263 23273 23283 23293 23303 23313
23253 23263 23273 23283 23293 23303 23313
23253 23263 23273 23283 23293 23303 23313
23253 23263 23273 23283 23293 23303 23313
23253 23263 23273 23283 23293 23303 23313
23253 23263 23273 23283 23293 23303 23313
23253 23263 23273 23283 23293 23303 23313
23253 23263 23273 23283 23293 23303 23313
23253 23263 23273 23283 23293 23303 23313
23253 23263 23273 23283 23293 23303 23313
23253 23263 23273 23283 23293 23303 23313
23253 23263 23273 23283 23293 23303 23313
23253 23263 23273 23283 23293 23303 23313
23253 23263 23273 23283 23293 23303 23313
23253 23263 23273 23283 23293 23303 23313
23253 23263 23273 23283 23293 23303 23313
23253 23263 23273 23283 23293 23303 23313
23253 23263 23273 23283 23293 23303 23313
23253 23263 23273 23283 23293 23303 23313
23253 23263 23273 23283 23293 23303 23313
23253 23263 23273 23283 23293 23303 23313
23253 23263 23273 23283 23293 23303 23313
23253 23263 23273 23283 23293 23303 23313
23253 23263 23273 23283 23293 23303 23313
23253 23263 23273 23283 23293 23303 23313
23253 23263 23273 23283 23293 23303 23313
23253 23263 23273 23283 23293 23303 23313
23253 23263 23273 23283 23293 23303 23313
23253 23263 23273 23283 23293 23303 23313
23253 23263 23273 23283 23293 23303 23313
23253 23263 23273 23283 23293 23303 23313
23253 23263 23273 23283 23293 23303 23313
23253 23263 23273 23283 23293 23303 23313
23253 23263 23273 23283 23293 23303 23313
23253 23263 23273 23283 23293 23303 23313
23253 23263 23273 23283 23293 23303 23313
23253 23263 23273 23283 23293 23303 23313
23253 23263 23273 23283 23293 23303 23313
23253 23263 23273 23283 23293 23303 23313
23253 23263 23273 23283 23293 23303 23313
23253 23263 23273 23283 23293 23303 23313
23253 23263 23273 23283 23293 23303 23313
23253 23263 23273 23283 23293 23303 23313
23253 23263 23273 23283 23293 23303 23313
23253 23263 23273 23283 23293 23303 23313
23253 23263 23273 23283 23293 23303 23313
23253 23263 23273 23283 23293 23303 23313
23253 23263 23273 23283 23293 23303 23313
23253 23263 23273 23283 23293 23303 23313
23253 23263 23273 23283 23293 23303 23313
23253 23263 23273 23283 23293 23303 23313
23253 23263 23273 23283 23293 23303 23313
23253 23263 23273 23283 23293 23303 23313
23253 23263 23273 23283 23293 23303 23313
23253 23263 23273 23283 23293 23303 23313
23253 23263 23273 23283 23293 23303 23313
23253 23263 23273 23283 23293 23303 23313
23253 23263 23273 23283 23293 23303 23313
23253 23263 23273 23283 23293 23303 23313
23253 23263 23273 23283 23293 23303 23313
