38791
38791
38791
38791
38791
38791
38791
38791
38791
38791
38791
38791
38791
38791
38791
38791
38791
38791
38791
38791
38791
38791
38791
38791
38791
38791
38791
38791
38791
38791
2922
2922
2922
2922
2922
2922
2922
2922
2922
2922
2922
2922
2922
2922
2922
2922
2922
2922
2922
2922
2922
2922
2922
2922
2922
2922
2922
2922
2922
2922
2922
2922
2922
2922
2922
2922
2922
2922
2922
2922
2922
2922
2922
2922
2922
2922
2922
2922
2922
7163 7173 7183 7193 7203 7213 7223 7233
7163 7173 7183 7193 7203 7213 7223 7233
7163 7173 7183 7193 7203 7213 7223 7233
7163 7173 7183 7193 7203 7213 7223 7233
7163 7173 7183 7193 7203 7213 7223 7233
7163 7173 7183 7193 7203 7213 7223 7233
7163 7173 7183 7193 7203 7213 7223 7233
7163 7173 7183 7193 7203 7213 7223 7233
7163 7173 7183 7193 7203 7213 7223 7233
7163 7173 7183 7193 7203 7213 7223 7233
7163 7173 7183 7193 7203 7213 7223 7233
7163 7173 7183 7193 7203 7213 7223 7233
7163 7173 7183 7193 7203 7213 7223 7233
7163 7173 7183 7193 7203 7213 7223 7233
7163 7173 7183 7193 7203 7213 7223 7233
7163 7173 7183 7193 7203 7213 7223 7233
7163 7173 7183 7193 7203 7213 7223 7233
7163 7173 7183 7193 7203 7213 7223 7233
7163 7173 7183 7193 7203 7213 7223 7233
7163 7173 7183 7193 7203 7213 7223 7233
7163 7173 7183 7193 7203 7213 7223 7233
7163 7173 7183 7193 7203 7213 7223 7233
7163 7173 7183 7193 7203 7213 7223 7233
7163 7173 7183 7193 7203 7213 7223 7233
7163 7173 7183 7193 7203 7213 7223 7233
7163 7173 7183 7193 7203 7213 7223 7233
7163 7173 7183 7193 7203 7213 7223 7233
7163 7173 7183 7193 7203 7213 7223 7233
7163 7173 7183 7193 7203 7213 7223 7233
7163 7173 7183 7193 7203 7213 7223 7233
7163 7173 7183 7193 7203 7213 7223 7233
7163 7173 7183 7193 7203 7213 7223 7233
7163 7173 7183 7193 7203 7213 7223 7233
7163 7173 7183 7193 7203 7213 7223 7233
7163 7173 7183 7193 7203 7213 7223 7233
7163 7173 7183 7193 7203 7213 7223 7233
7163 7173 7183 7193 7203 7213 7223 7233
7163 7173 7183 7193 7203 7213 7223 7233
7163 7173 7183 7193 7203 7213 7223 7233
7163 7173 7183 7193 7203 7213 7223 7233
7163 7173 7183 7193 7203 7213 7223 7233
7163 7173 7183 7193 7203 7213 7223 7233
7163 7173 7183 7193 7203 7213 7223 7233
7163 7173 7183 7193 7203 7213 7223 7233
7163 7173 7183 7193 7203 7213 7223 7233
7163 7173 7183 7193 7203 7213 7223 7233
7163 7173 7183 7193 7203 7213 7223 7233
7163 7173 7183 7193 7203 7213 7223 7233
7163 7173 7183 7193 7203 7213 7223 7233
7163 7173 7183 7193 7203 7213 7223 7233
7163 7173 7183 7193 7203 7213 7223 7233
7163 7173 7183 7193 7203 7213 7223 7233
7163 7173 7183 7193 7203 7213 7223 7233
7163 7173 7183 7193 7203 7213 7223 7233
7163 7173 7183 7193 7203 7213 7223 7233
7163 7173 7183 7193 7203 7213 7223 7233
7163 7173 7183 7193 7203 7213 7223 7233
7163 7173 7183 7193 7203 7213 7223 7233
7163 7173 7183 7193 7203 7213 7223 7233
7163 7173 7183 7193 7203 7213 7223 7233
7243 7173 7183 7243 7203 7213 7223 7233
7163 7173 7183 7193 7203 7213 7223 7233
7163 7173 7183 7193 7203 7213 7223 7233
7243 7173 7183 7243 7203 7213 7223 7233
7243 7173 7183 7243 7203 7213 7223 7233
7243 7173 7183 7243 7203 7213 7223 7233
7243 7173 7183 7243 7203 7213 7223 7233
7163 7173 7183 7193 7203 7213 7223 7233
7163 7173 7183 7193 7203 7213 7223 7233
7243 7173 7183 7243 7203 7213 7223 7233
7243 7173 7183 7243 7203 7213 7223 7233
7163 7173 7183 7193 7203 7213 7223 7233
7163 7173 7183 7193 7203 7213 7223 7233
7243 7173 7183 7243 7203 7213 7223 7233
7243 7173 7183 7243 7203 7213 7223 7233
7243 7173 7183 7243 7203 7213 7223 7233
7163 7173 7183 7193 7203 7213 7223 7233
7163 7173 7183 7193 7203 7213 7223 7233
7243 7173 7183 7243 7203 7213 7223 7233
7243 7173 7183 7243 7203 7213 7223 7233
7163 7173 7183 7193 7203 7213 7223 7233
7163 7173 7183 7193 7203 7213 7223 7233
7163 7173 7183 7193 7203 7213 7223 7233
7163 7173 7183 7193 7203 7213 7223 7233
