84611
84611
84611
84611
84611
84611
84611
84611
84611
84611
84611
84611
84611
84611
84611
84611
84611
84611
84611
84611
84611
84611
84611
84611
84611
84611
84611
84611
84611
84611
63812 63822 63832 63842 63852
63812 63822 63832 63842 63852
63812 63822 63992 63842 63992
63812 63822 63992 63842 63992
63812 63822 63992 63842 63992
63812 63822 63992 63842 63992
63812 63822 63832 63842 63852
63812 63822 63832 63842 63852
63812 63822 63832 63842 63852
63812 63822 63832 63842 63852
63812 63822 63832 63842 63852
63812 63822 63832 63842 63852
63812 63822 63832 63842 63852
63812 63822 63992 63842 63992
63812 63822 63992 63842 63992
63812 63822 63992 63842 63992
63812 63822 63992 63842 63992
63812 63822 63832 63842 63852
63812 63822 63832 63842 63852
63812 63822 63832 63842 63852
63812 63822 63832 63842 63852
63812 63822 63832 63842 63852
63812 63822 63832 63842 63852
63812 63822 63832 63842 63852
63812 63822 63832 63842 63852
63812 63822 63832 63842 63852
63812 63822 63832 63842 63852
63812 63822 63832 63842 63852
63812 63822 63832 63842 63852
63812 63822 63832 63842 63852
63812 63822 63832 63842 63852
63812 63822 63832 63842 63852
63812 63822 63832 63842 63852
63812 63822 63832 63842 63852
63812 63822 63832 63842 63852
63812 63822 63832 63842 63852
63812 63822 63832 63842 63852
63862 63862 63862 63842 63862
63872 63822 63872 63872 63852
63812 63822 63832 63842 63852
63882 63822 63882 63882 63852
63882 63822 63882 63882 63852
63892 63822 63892 63892 63852
63892 63822 63892 63892 63852
63902 63822 63902 63902 63852
63912 63822 63912 63912 63852
63922 63822 63922 63842 63852
63932 63822 63932 63842 63852
63942 63822 63942 63842 63852
63952 63952 63952 63952 63952
63952 63952 63952 63952 63952
63952 63952 63952 63952 63952
63962 63962 63962 63962 63962
63962 63962 63962 63962 63962
63962 63962 63962 63962 63962
63812 63822 63832 63842 63852
63972 63972 63972 63972 63972
63972 63972 63972 63972 63972
63812 63822 63832 63842 63852
63982 63822 63982 63842 63852
63812 63822 63832 63842 63852
