38771
38771
38771
38771
38771
38771
38771
38771
38771
38771
38771
38771
38771
38771
38771
38771
38771
38771
38771
38771
38771
38771
38771
38771
38771
38771
38771
38771
38771
38771
30482 30492 30502 30512 30522 30532 30542 30552
30482 30492 30502 30512 30522 30532 30542 30552
30482 30492 30502 30512 30522 30532 30542 30552
30482 30492 30502 30512 30522 30532 30542 30552
30482 30492 30502 30512 30522 30532 30542 30552
30482 30492 30502 30512 30522 30532 30542 30552
30482 30492 30502 30512 30522 30532 30542 30552
30482 30492 30502 30512 30522 30532 30542 30552
30482 30492 30502 30512 30522 30532 30542 30552
30482 30492 30502 30512 30522 30532 30542 30552
30482 30492 30502 30512 30522 30532 30542 30552
30482 30492 30502 30512 30522 30532 30542 30552
30482 30492 30502 30512 30522 30532 30542 30552
30482 30492 30502 30512 30522 30532 30542 30552
30482 30492 30502 30512 30522 30532 30542 30552
30482 30492 30502 30512 30522 30532 30542 30552
30482 30492 30502 30512 30522 30532 30542 30552
30482 30492 30502 30512 30522 30532 30542 30552
30482 30492 30502 30512 30522 30532 30542 30552
30482 30492 30502 30512 30522 30532 30542 30552
30482 30492 30502 30512 30522 30532 30542 30552
30482 30492 30502 30512 30522 30532 30542 30552
30482 30492 30502 30512 30522 30532 30542 30552
30482 30492 30502 30512 30522 30532 30542 30552
30482 30492 30502 30512 30522 30532 30542 30552
30482 30492 30502 30512 30522 30532 30542 30552
30482 30492 30502 30512 30522 30532 30542 30552
30482 30492 30502 30512 30522 30532 30542 30552
30482 30492 30502 30512 30522 30532 30542 30552
30482 30492 30502 30512 30522 30532 30542 30552
30482 30492 30502 30512 30522 30532 30542 30552
30482 30492 30502 30512 30522 30532 30542 30552
30482 30492 30502 30512 30522 30532 30542 30552
30482 30492 30502 30512 30522 30532 30542 30552
30482 30492 30502 30512 30522 30532 30542 30552
30482 30492 30502 30512 30522 30532 30542 30552
30482 30492 30502 30512 30522 30532 30542 30552
30482 30492 30502 30512 30522 30532 30542 30552
30482 30492 30502 30512 30522 30532 30542 30552
30482 30492 30502 30512 30522 30532 30542 30552
30482 30492 30502 30512 30522 30532 30542 30552
30482 30492 30502 30512 30522 30532 30542 30552
30482 30492 30502 30512 30522 30532 30542 30552
30482 30492 30502 30512 30522 30532 30542 30552
30482 30492 30502 30512 30522 30532 30542 30552
30482 30492 30502 30512 30522 30532 30542 30552
30482 30492 30502 30512 30522 30532 30542 30552
30482 30492 30502 30512 30522 30532 30542 30552
30482 30492 30502 30512 30522 30532 30542 30552
30482 30492 30502 30512 30522 30532 30542 30552
30482 30492 30502 30512 30522 30532 30542 30552
30482 30492 30502 30512 30522 30532 30542 30552
30482 30492 30502 30512 30522 30532 30542 30552
30482 30492 30502 30512 30522 30532 30542 30552
30482 30492 30502 30512 30522 30532 30542 30552
30482 30492 30502 30512 30522 30532 30542 30552
30482 30492 30502 30512 30522 30532 30542 30552
30482 30492 30502 30512 30522 30532 30542 30552
30482 30492 30502 30512 30522 30532 30542 30552
30482 30492 30502 30512 30522 30532 30542 30552
30482 30492 30502 30512 30522 30532 30542 30552
