38801
38801
38801
38801
38801
38801
38801
38801
38801
38801
38801
38801
38801
38801
38801
38801
38801
38801
38801
38801
38801
38801
38801
38801
38801
38801
38801
38801
38801
38801
2602
2602
2602
2602
2602
2602
2602
2602
2602
2602
2602
2602
2602
2602
2602
2602
2602
2602
2602
2602
2602
2602
2602
2602
2602
2602
2602
2602
2602
2602
2602
2602
8593 8603 8613 8623 8633 8643 8653
8593 8603 8613 8623 8633 8643 8653
8593 8603 8613 8623 8633 8643 8653
8593 8603 8613 8623 8633 8643 8653
8593 8603 8613 8623 8633 8643 8653
8593 8603 8613 8623 8633 8643 8653
8593 8603 8613 8623 8633 8643 8653
8593 8603 8613 8623 8633 8643 8653
8593 8603 8613 8623 8633 8643 8653
8593 8603 8613 8623 8633 8643 8653
8593 8603 8613 8623 8633 8643 8653
8593 8603 8613 8623 8633 8643 8653
8593 8603 8613 8623 8633 8643 8653
8593 8603 8613 8623 8633 8643 8653
8593 8603 8613 8623 8633 8643 8653
8593 8603 8613 8623 8633 8643 8653
8593 8603 8613 8623 8633 8643 8653
8593 8603 8613 8623 8633 8643 8653
8593 8603 8613 8623 8633 8643 8653
8593 8603 8613 8623 8633 8643 8653
8593 8603 8613 8623 8633 8643 8653
8593 8603 8613 8623 8633 8643 8653
8593 8603 8613 8623 8633 8643 8653
8593 8603 8613 8623 8633 8643 8653
8593 8603 8613 8623 8633 8643 8653
8593 8603 8613 8623 8633 8643 8653
8593 8603 8613 8623 8633 8643 8653
8593 8603 8613 8623 8633 8643 8653
8593 8603 8613 8623 8633 8643 8653
8593 8603 8613 8623 8633 8643 8653
8593 8603 8613 8623 8633 8643 8653
8593 8603 8613 8623 8633 8643 8653
8593 8603 8613 8623 8633 8643 8653
8593 15603 8613 15603 15603 8643 8653 15603
8593 15603 8613 15603 15603 8643 8653 15603
8593 15603 8613 15603 15603 8643 8653 15603
8593 15603 8613 15603 15603 8643 8653 15603
8593 15603 8613 15603 15603 8643 8653 15603
8593 15603 8613 15603 15603 8643 8653 15603
8593 8603 8613 8623 8633 8643 8653
8593 8603 8613 8623 8633 8643 8653
8593 8603 8613 8623 8633 8643 8653
8593 8603 8613 8623 8633 8643 8653
8593 8603 8613 8623 8633 8643 8653
8593 8603 8613 8623 8633 8643 8653
8593 8603 8613 8623 8633 8643 8653
8593 8603 8613 8623 8633 8643 8653
8593 8603 8613 8623 8633 8643 8653
8593 8603 8613 8623 8633 8643 8653
8593 8603 8613 8623 8633 8643 8653
8593 8603 8613 8623 8633 8643 8653
8593 8603 8613 8623 8633 8643 8653
8593 8603 8613 8623 8633 8643 8653
8593 8603 8613 8623 8633 8643 8653
8593 8603 8613 8623 8633 8643 8653
8593 8603 8613 8623 8633 8643 8653
8593 8603 8613 8623 8633 8643 8653
8593 8603 8613 8623 8633 8643 8653
8593 8603 8613 8623 8633 8643 8653
8593 8603 8613 8623 8633 8643 8653
8593 8603 8613 8623 8633 8643 8653
8593 8603 8613 8623 8633 8643 8653
8593 8603 8613 8623 8633 8643 8653
8593 8603 8613 8623 8633 8643 8653
8593 8603 8613 8623 8633 8643 8653
8593 8603 8613 8623 8633 8643 8653
8593 8603 8613 8623 8633 8643 8653
8593 8603 8613 8623 8633 8643 8653
8593 8603 8613 8623 8633 8643 8653
8593 8603 8613 8623 8633 8643 8653
8593 8603 8613 8623 8633 8643 8653
8593 8603 8613 8623 8633 8643 8653
37904 37914 37924 37934 37944 37954 37964 37974
37904 37914 37924 37934 37944 37954 37964 37974
37904 37914 37924 37934 37944 37954 37964 37974
37904 37914 37924 37934 37944 37954 37964 37974
37904 37914 37924 37934 37944 37954 37964 37974
37904 37914 37924 37934 37944 37954 37964 37974
37904 37914 37924 37934 37944 37954 37964 37974
37904 37914 37924 37934 37944 37954 37964 37974
37904 37914 37924 37934 37944 37954 37964 37974
37904 37914 37924 37934 37944 37954 37964 37974
37904 37914 37924 37934 37944 37954 37964 37974
37904 37914 37924 37934 37944 37954 37964 37974
37904 37914 37924 37934 37944 37954 37964 37974
37904 37914 37924 37934 37944 37954 37964 37974
37904 37914 37924 37934 37944 37954 37964 37974
37904 37914 37924 37934 37944 37954 37964 37974
37904 37914 37924 37934 37944 37954 37964 37974
37904 37914 37924 37934 37944 37954 37964 37974
37904 37914 37924 37934 37944 37954 37964 37974
37904 37914 37924 37934 37944 37954 37964 37974
37904 37914 37924 37934 37944 37954 37964 37974
37904 37914 37924 37934 37944 37954 37964 37974
37904 37914 37924 37934 37944 37954 37964 37974
37904 37914 37924 37934 37944 37954 37964 37974
37904 37914 37924 37934 37944 37954 37964 37974
37904 37914 37924 37934 37944 37954 37964 37974
37904 37914 37924 37934 37944 37954 37964 37974
37904 37914 37924 37934 37944 37954 37964 37974
37904 37914 37924 37934 37944 37954 37964 37974
37904 37914 37924 37934 37944 37954 37964 37974
37904 37914 37924 37934 37944 37954 37964 37974
37904 37914 37924 37934 37944 37954 37964 37974
37904 37914 37924 37934 37944 37954 37964 37974
37904 37914 37924 37934 37944 37954 37964 37974
37904 37914 37924 37934 37944 37954 37964 37974
37904 37914 37924 37934 37944 37954 37964 37974
37904 37914 37924 37934 37944 37954 37964 37974
37904 37914 37924 37934 37944 37954 37964 37974
37904 37914 37924 37934 37944 37954 37964 37974
37904 37914 37924 37934 37944 37954 37964 37974
37904 37914 37924 37934 37944 37954 37964 37974
37904 37914 37924 37934 37944 37954 37964 37974
37904 37914 37924 37934 37944 37954 37964 37974
37904 37914 37924 37934 37944 37954 37964 37974
37904 37914 37924 37934 37944 37954 37964 37974
37904 37914 37924 37934 37944 37954 37964 37974
37904 37914 37924 37934 37944 37954 37964 37974
37904 37914 37924 37934 37944 37954 37964 37974
37904 37914 37924 37934 37944 37954 37964 37974
37904 37914 37924 37934 37944 37954 37964 37974
37904 37914 37924 37934 37944 37954 37964 37974
37904 37914 37924 37934 37944 37954 37964 37974
37904 37914 37924 37934 37944 37954 37964 37974
37904 37914 37924 37934 37944 37954 37964 37974
37904 37914 37924 37934 37944 37954 37964 37974
37904 37914 37924 37934 37944 37954 37964 37974
37904 37914 37924 37934 37944 37954 37964 37974
37904 37914 37924 37934 37944 37954 37964 37974
37904 37914 37924 37934 37944 37954 37964 37974
37904 37914 37924 37934 37944 37954 37964 37974
37904 37914 37924 37934 37944 37954 37964 37974
37904 37914 37924 37934 37944 37954 37964 37974
37904 37914 37924 37934 37944 37954 37964 37974
37904 37914 37924 37934 37944 37954 37964 37974
37904 37914 37924 37934 37944 37954 37964 37974
37904 37914 37924 37934 37944 37954 37964 37974
37904 37914 37924 37934 37944 37954 37964 37974
38545 38555 38565 38575 38585 38595 38605 38615 38625
38545 38555 38565 38575 38585 38595 38605 38615 38625
38545 38555 38565 38575 38585 38595 38605 38615 38625
38545 38555 38565 38575 38585 38595 38605 38615 38625
38545 38555 38565 38575 38585 38595 38605 38615 38625
38545 38555 38565 38575 38585 38595 38605 38615 38625
38545 38555 38565 38575 38585 38595 38605 38615 38625
38545 38555 38565 38575 38585 38595 38605 38615 38625
38545 38555 38565 38575 38585 38595 38605 38615 38625
38545 38555 38565 38575 38585 38595 38605 38615 38625
38545 38555 38565 38575 38585 38595 38605 38615 38625
38545 38555 38565 38575 38585 38595 38605 38615 38625
38545 38555 38565 38575 38585 38595 38605 38615 38625
38545 38555 38565 38575 38585 38595 38605 38615 38625
38545 38555 38565 38575 38585 38595 38605 38615 38625
38545 38555 38565 38575 38585 38595 38605 38615 38625
38545 38555 38565 38575 38585 38595 38605 38615 38625
38545 38555 38565 38575 38585 38595 38605 38615 38625
38545 38555 38565 38575 38585 38595 38605 38615 38625
38545 38555 38565 38575 38585 38595 38605 38615 38625
38545 38555 38565 38575 38585 38595 38605 38615 38625
38545 38555 38565 38575 38585 38595 38605 38615 38625
38545 38555 38565 38575 38585 38595 38605 38615 38625
38545 38555 38565 38575 38585 38595 38605 38615 38625
38545 38555 38565 38575 38585 38595 38605 38615 38625
38545 38555 38565 38575 38585 38595 38605 38615 38625
38545 38555 38565 38575 38585 38595 38605 38615 38625
38545 38555 38565 38575 38585 38595 38605 38615 38625
38545 38555 38565 38575 38585 38595 38605 38615 38625
38545 38555 38565 38575 38585 38595 38605 38615 38625
38545 38555 38565 38575 38585 38595 38605 38615 38625
38545 38555 38565 38575 38585 38595 38605 38615 38625
38545 38555 38565 38575 38585 38595 38605 38615 38625
38545 38555 38565 38575 38585 38595 38605 38615 38625
38545 38555 38565 38575 38585 38595 38605 38615 38625
38545 38555 38565 38575 38585 38595 38605 38615 38625
38545 38555 38565 38575 38585 38595 38605 38615 38625
38545 38555 38565 38575 38585 38595 38605 38615 38625
38545 38555 38565 38575 38585 38595 38605 38615 38625
38545 38555 38565 38575 38585 38595 38605 38615 38625
38545 38555 38565 38575 38585 38595 38605 38615 38625
38545 38555 38565 38575 38585 38595 38605 38615 38625
38545 38555 38565 38575 38585 38595 38605 38615 38625
38545 38555 38565 38575 38585 38595 38605 38615 38625
38545 38555 38565 38575 38585 38595 38605 38615 38625
38545 38555 38565 38575 38585 38595 38605 38615 38625
38545 38555 38565 38575 38585 38595 38605 38615 38625
38545 38555 38565 38575 38585 38595 38605 38615 38625
38545 38555 38565 38575 38585 38595 38605 38615 38625
38545 38555 38565 38575 38585 38595 38605 38615 38625
38545 38555 38565 38575 38585 38595 38605 38615 38625
38545 38555 38565 38575 38585 38595 38605 38615 38625
38545 38555 38565 38575 38585 38595 38605 38615 38625
38545 38555 38565 38575 38585 38595 38605 38615 38625
38545 38555 38565 38575 38585 38595 38605 38615 38625
38545 38555 38565 38575 38585 38595 38605 38615 38625
38545 38555 38565 38575 38585 38595 38605 38615 38625
38545 38555 38565 38575 38585 38595 38605 38615 38625
38545 38555 38565 38575 38585 38595 38605 38615 38625
38545 38555 38565 38575 38585 38595 38605 38615 38625
38545 38555 38565 38575 38585 38595 38605 38615 38625
38545 38555 38565 38575 38585 38595 38605 38615 38625
38545 38555 38565 38575 38585 38595 38605 38615 38625
38545 38555 38565 38575 38585 38595 38605 38615 38625
38545 38555 38565 38575 38585 38595 38605 38615 38625
38545 38555 38565 38575 38585 38595 38605 38615 38625
38545 38555 38565 38575 38585 38595 38605 38615 38625
38545 38555 38565 38575 38585 38595 38605 38615 38625
38545 38555 38565 38575 38585 38595 38605 38615 38625
38545 38555 38565 38575 38585 38595 38605 38615 38625
38545 38555 38565 38575 38585 38595 38605 38615 38625
38545 38555 38565 38575 38585 38595 38605 38615 38625
38545 38555 38565 38575 38585 38595 38605 38615 38625
