84641
84641
84641
84641
84641
84641
84641
84641
84641
84641
84641
84641
84641
84641
84641
84641
84641
84641
84641
84641
84641
84641
84641
84641
84641
84641
84641
84641
84641
84641
7872 7872 7872
7872 7872 7872
7872 7872 7872
7872 7872 7872
7872 7872 7872
7872 7872 7872
7872 7872 7872
7872 7872 7872
7872 7872 7872
7872 7872 7872
7872 7872 7872
7872 7872 7872
7872 7872 7872
7872 7872 7872
7872 7872 7872
7872 7872 7872
7872 7872 7872
7872 7872 7872
7872 7872 7872
7872 7872 7872
7872 7872 7872
7872 7872 7872
7872 7872 7872
7872 7872 7872
7872 7872 7872
7872 7872 7872
7872 7872 7872
7872 7872 7872
7872 7872 7872
7872 7872 7872
7872 7872 7872
7872 7872 7872
21973 21983 21993 22003 22013
21973 21983 21993 22003 22013
21973 21983 21993 22003 22013
21973 21983 21993 22003 22013
21973 21983 21993 22003 22013
21973 21983 21993 22003 22013
21973 21983 21993 22003 22013
21973 21983 21993 22003 22013
21973 21983 21993 22003 22013
21973 21983 21993 22003 22013
21973 21983 21993 22003 22013
21973 21983 21993 22003 22013
21973 21983 21993 22003 22013
21973 21983 21993 22003 22013
21973 21983 21993 22003 22013
21973 21983 21993 22003 22013
21973 21983 21993 22003 22013
21973 21983 21993 22003 22013
21973 21983 21993 22003 22013
21973 21983 21993 22003 22013
21973 21983 21993 22003 22013
21973 21983 21993 22003 22013
21973 21983 21993 22003 22013
21973 21983 21993 22003 22013
21973 21983 21993 22003 22013
21973 21983 21993 22003 22013
21973 21983 21993 22003 22013
21973 21983 21993 22003 22013
21973 21983 21993 22003 22013
21973 21983 21993 22003 22013
21973 21983 21993 22003 22013
21973 21983 21993 22003 22013
21973 21983 21993 22003 22013
21973 21983 21993 22003 22013
21973 21983 21993 22003 22013
21973 21983 21993 22003 22013
21973 21983 21993 22003 22013
21973 21983 21993 22003 22013
21973 21983 21993 22003 22013
21973 21983 21993 22003 22013
21973 21983 21993 22003 22013
21973 21983 21993 22003 22013
21973 21983 21993 22003 22013
21973 21983 21993 22003 22013
21973 21983 21993 22003 22013
21973 21983 21993 22003 22013
21973 21983 21993 22003 22013
21973 21983 21993 22003 22013
21973 21983 21993 22003 22013
21973 21983 22023 22023 22023 22023
21973 21983 22023 22023 22023 22023
21973 21983 22023 22023 22023 22023
21973 21983 34913 34913 34913 34913
21973 21983 34913 34913 34913 34913
21973 21983 34913 34913 34913 34913
21973 21983 22033 22033 22033 22033
21973 21983 22033 22033 22033 22033
21973 21983 34923 34923 34923 34923
21973 21983 34923 34923 34923 34923
21973 21983 21993 22003 22013
21973 21983 21993 22003 22013
21973 21983 21993 22003 22013
21973 21983 21993 22003 22013
21973 21983 21993 22003 22013
21973 21983 21993 22003 22013
21973 21983 21993 22003 22013
21973 21983 21993 22003 22013
21973 21983 21993 22003 22013
21973 21983 21993 22003 22013
21973 21983 21993 22003 22013
21973 21983 21993 22003 22013
21973 21983 21993 22003 22013
82284 82294 82304 82314 82324 82334 82344 82354 82364
82284 82294 82304 82314 82324 82334 82344 82354 82364
82284 82294 82304 82314 82324 82334 82344 82354 82364
82284 82294 82304 82314 82324 82334 82344 82354 82364
82284 82294 82304 82314 82324 82334 82344 82354 82364
82284 82294 82304 82314 82324 82334 82344 82354 82364
82284 82294 82304 82314 82324 82334 82344 82354 82364
82284 82294 82304 82314 82324 82334 82344 82354 82364
82284 82294 82304 82314 82324 82334 82344 82354 82364
82284 82294 82304 82314 82324 82334 82344 82354 82364
82284 82294 82304 82314 82324 82334 82344 82354 82364
82284 82294 82304 82314 82324 82334 82344 82354 82364
82284 82294 82304 82314 82324 82334 82344 82354 82364
82284 82294 82304 82314 82324 82334 82344 82354 82364
82284 82294 82304 82314 82324 82334 82344 82354 82364
82284 82294 82304 82314 82324 82334 82344 82354 82364
82284 82294 82304 82314 82324 82334 82344 82354 82364
82284 82294 82304 82314 82324 82334 82344 82354 82364
82284 82294 82304 82314 82324 82334 82344 82354 82364
82284 82294 82304 82314 82324 82334 82344 82354 82364
82284 82294 82304 82314 82324 82334 82344 82354 82364
82284 82294 82304 82314 82324 82334 82344 82354 82364
82284 82294 82304 82314 82324 82334 82344 82354 82364
82284 82294 82304 82314 82324 82334 82344 82354 82364
82284 82294 82304 82314 82324 82334 82344 82354 82364
82284 82294 82304 82314 82324 82334 82344 82354 82364
82284 82294 82304 82314 82324 82334 82344 82354 82364
82284 82294 82304 82314 82324 82334 82344 82354 82364
82284 82294 82304 82314 82324 82334 82344 82354 82364
82284 82294 82304 82314 82324 82334 82344 82354 82364
82284 82294 82304 82314 82324 82334 82344 82354 82364
82284 82294 82304 82314 82324 82334 82344 82354 82364
82284 82294 82304 82314 82324 82334 82344 82354 82364
82284 82294 82304 82314 82324 82334 82344 82354 82364
82284 82294 82304 82314 82324 82334 82344 82354 82364
82284 82294 82304 82314 82324 82334 82344 82354 82364
82284 82294 82304 82314 82324 82334 82344 82354 82364
82284 82294 82304 82314 82324 82334 82344 82354 82364
82284 82294 82304 82314 82324 82334 82344 82354 82364
82284 82294 82304 82314 82324 82334 82344 82354 82364
82284 82294 82304 82314 82324 82334 82344 82354 82364
82284 82294 82304 82314 82324 82334 82344 82354 82364
82284 82294 82304 82314 82324 82334 82344 82354 82364
82284 82294 82304 82314 82324 82334 82344 82354 82364
82284 82294 82304 82314 82324 82334 82344 82354 82364
82284 82294 82304 82314 82324 82334 82344 82354 82364
82284 82294 82304 82314 82324 82334 82344 82354 82364
82284 82294 82304 82314 82324 82334 82344 82374 82364
82284 82294 82304 82314 82324 82334 82344 82374 82364
82284 82294 82304 82314 82324 82334 82344 82354 82364
82284 82294 82394 82314 82394 82394 82394 82394 82364
82284 82294 82394 82314 82394 82394 82394 82394 82364
82284 82294 82304 82314 82324 82334 82344 82354 82364
82284 82294 82304 82314 82324 82334 82344 82354 82364
82284 82294 82304 82314 82324 82334 82344 82404 82364
82284 82294 82304 82314 82324 82334 82414 82354 82364
82284 82294 82304 82314 82324 82334 82414 82354 82364
82284 82294 82304 82314 82324 82334 82344 82354 82364
82284 82294 82304 82314 82324 82334 82344 82354 82364
82284 82294 82304 82314 82324 82334 82344 82424 82364
82284 82294 82304 82314 82324 82334 82344 82354 82364
82284 82294 82304 82314 82324 82334 82344 82434 82364
82284 82294 82304 82314 82324 82334 82344 82444 82364
82284 82294 82304 82314 82324 82334 82344 82474 82364
82284 82294 82304 82314 82324 82334 82344 82484 82364
82284 82294 82304 82314 82324 82334 82344 82494 82364
82284 82294 82304 82314 82324 82334 82344 82504 82364
84365 84375 84385 84395 84405 84415 84425 84435 84445 84455
84365 84375 84385 84395 84405 84415 84425 84435 84445 84455
84365 84375 84385 84395 84405 84415 84425 84435 84445 84455
84365 84375 84385 84395 84405 84415 84425 84435 84445 84455
84365 84375 84385 84395 84405 84415 84425 84435 84445 84455
84365 84375 84385 84395 84405 84415 84425 84435 84445 84455
84365 84375 84385 84395 84405 84415 84425 84435 84445 84455
84365 84375 84385 84395 84405 84415 84425 84435 84445 84455
84365 84375 84385 84395 84405 84415 84425 84435 84445 84455
84365 84375 84385 84395 84405 84415 84425 84435 84445 84455
84365 84375 84385 84395 84405 84415 84425 84435 84445 84455
84365 84375 84385 84395 84405 84415 84425 84435 84445 84455
84365 84375 84385 84395 84405 84415 84425 84435 84445 84455
84365 84375 84385 84395 84405 84415 84425 84435 84445 84455
84365 84375 84385 84395 84405 84415 84425 84435 84445 84455
84365 84375 84385 84395 84405 84415 84425 84435 84445 84455
84365 84375 84385 84395 84405 84415 84425 84435 84445 84455
84365 84375 84385 84395 84405 84415 84425 84435 84445 84455
84365 84375 84385 84395 84405 84415 84425 84435 84445 84455
84365 84375 84385 84395 84405 84415 84425 84435 84445 84455
84365 84375 84385 84395 84405 84415 84425 84435 84445 84455
84365 84375 84385 84395 84405 84415 84425 84435 84445 84455
84365 84375 84385 84395 84405 84415 84425 84435 84445 84455
84365 84375 84385 84395 84405 84415 84425 84435 84445 84455
84365 84375 84385 84395 84405 84415 84425 84435 84445 84455
84365 84375 84385 84395 84405 84415 84425 84435 84445 84455
84365 84375 84385 84395 84405 84415 84425 84435 84445 84455
84365 84375 84385 84395 84405 84415 84425 84435 84445 84455
84365 84375 84385 84395 84405 84415 84425 84435 84445 84455
84365 84375 84385 84395 84405 84415 84425 84435 84445 84455
84365 84375 84385 84395 84405 84415 84425 84435 84445 84455
84365 84375 84385 84395 84405 84415 84425 84435 84445 84455
84365 84375 84385 84395 84405 84415 84425 84435 84445 84455
84365 84375 84385 84395 84405 84415 84425 84435 84445 84455
84365 84375 84385 84395 84405 84415 84425 84435 84445 84455
84365 84375 84385 84395 84405 84415 84425 84435 84445 84455
84365 84375 84385 84395 84405 84415 84425 84435 84445 84455
84365 84375 84385 84395 84405 84415 84425 84435 84445 84455
84365 84375 84385 84395 84405 84415 84425 84435 84445 84455
84365 84375 84385 84395 84405 84415 84425 84435 84445 84455
84365 84375 84385 84395 84405 84415 84425 84435 84445 84455
84365 84375 84385 84395 84405 84415 84425 84435 84445 84455
84365 84375 84385 84395 84405 84415 84425 84435 84445 84455
84365 84375 84385 84395 84405 84415 84425 84435 84445 84455
84365 84375 84385 84395 84405 84415 84425 84435 84445 84455
84365 84735 84735 84735 84735 84735 84735 84735 84735 84455
84365 84735 84735 84735 84735 84735 84735 84735 84735 84455
84365 84735 84735 84735 84735 84735 84735 84735 84735 84455
84365 84375 84385 84395 84405 84415 84425 84745 84745 84455
84365 84375 84385 84395 84405 84415 84425 84745 84745 84455
84365 84375 84385 84395 84405 84415 84425 84745 84745 84455
84365 84375 84385 84395 84405 84415 84425 84755 84755 84455
84365 84765 84765 84765 84765 84765 84765 84765 84765 84455
84365 84765 84765 84765 84765 84765 84765 84765 84765 84455
84365 84765 84765 84765 84765 84765 84765 84765 84765 84455
84365 84765 84765 84765 84765 84765 84765 84765 84765 84455
84365 84765 84765 84765 84765 84765 84765 84765 84765 84455
84365 84765 84765 84765 84765 84765 84765 84765 84765 84455
84365 84375 84385 84395 84405 84415 84425 84435 84445 84455
84365 84375 84385 84395 84405 84415 84425 84435 84445 84455
84365 84375 84385 84395 84405 84415 84425 84435 84445 84455
84365 84375 84385 84395 84405 84415 84425 84435 84445 84455
84365 84775 84775 84775 84775 84775 84775 84775 84775 84455
84365 84775 84775 84775 84775 84775 84775 84775 84775 84455
84365 84775 84775 84775 84775 84775 84775 84775 84775 84455
84365 84785 84785 84785 84785 84785 84785 84785 84785 84455
84365 84785 84785 84785 84785 84785 84785 84785 84785 84455
84365 84785 84785 84785 84785 84785 84785 84785 84785 84455
84365 84795 84795 84795 84795 84795 84795 84795 84795 84455
84365 84795 84795 84795 84795 84795 84795 84795 84795 84455
84365 84795 84795 84795 84795 84795 84795 84795 84795 84455
84365 84375 84385 84395 84405 84415 84425 84435 84445 84455
84365 84375 84385 84395 84405 84415 84425 84435 84445 84455
