0 0 0
1 0 1
2 0 2
3 0 3
4 0 4
5 0 5
6 0 6
7 0 7
8 0 8
9 0 9
10 0 10
11 0 11
0 0 0
12 0 12
13 1 13
14 1 14
15 1 15
16 1 16
17 1 17
18 1 18
19 1 19
20 1 20
21 1 21
13 1 13
22 1 22
23 1 23
24 1 24
25 1 25
26 1 26
27 1 27
0 0 0
1 0 1
2 0 2
3 0 3
4 0 4
5 0 5
6 1 6
7 1 7
8 1 8
9 1 9
10 1 10
11 1 11
12 1 12
13 1 13
14 1 14
15 1 15
16 1 16
17 1 17
18 1 18
19 1 19
17 1 17
18 1 18
19 1 19
20 1 20
21 1 21
22 1 22
23 1 23
24 2 24
25 3 25
26 4 26
27 5 27
29 1 28
0 0 0
1 0 1
1 0 1
2 0 2
3 0 3
4 0 4
5 0 5
6 0 6
7 0 7
8 0 8
9 0 9
10 0 10
11 0 11
12 0 12
13 0 13
14 1 14
23 1 23
15 2 15
16 3 16
17 4 17
18 5 18
19 6 19
20 7 20
21 8 21
22 9 22
24 1 24
25 1 25
26 1 26
27 1 27
28 1 28
29 1 29
30 1 30
31 1 31
32 1 32
33 1 33
34 1 34
35 1 35
36 1 36
37 1 37
38 1 38
39 1 39
40 1 40
38 1 38
39 1 39
40 1 40
41 1 41
42 1 42
43 1 43
44 1 44
45 10 45
46 11 46
47 12 47
45 10 45
46 11 46
47 12 47
48 10 45
49 13 48
48 10 45
49 13 48
50 14 49
51 14 49
52 15 50
53 16 51
54 17 52
55 18 53
56 19 54
57 1 55
58 1 56
59 1 57
60 1 58
61 16 51
62 1 59
16 0 16
21 0 21
22 0 22
4 0 4
5 0 5
6 0 6
7 0 7
8 0 8
9 0 9
17 0 17
18 0 18
19 0 19
20 0 20
41 0 41
42 0 42
0 0 0
15 0 15
1 0 1
2 0 2
3 0 3
10 0 10
11 0 11
12 0 12
13 0 13
14 0 14
23 0 23
24 0 24
25 0 25
26 0 26
44 0 44
45 0 45
46 0 46
27 0 27
28 0 28
29 0 29
30 0 30
31 0 31
32 0 32
33 0 33
38 0 38
39 0 39
40 0 40
37 0 37
34 0 34
35 0 35
36 0 36
43 0 43
47 1 47
48 1 47
49 2 48
50 3 49
51 4 50
52 5 51
53 6 52
54 7 53
55 8 54
56 9 55
57 10 56
58 11 57
59 12 58
60 13 59
61 14 60
62 15 61
63 16 62
64 17 63
65 16 62
66 17 63
15 0 15
20 0 20
4 0 4
5 0 5
6 0 6
7 0 7
8 0 8
9 0 9
16 0 16
17 0 17
18 0 18
19 0 19
39 0 39
40 0 40
0 0 0
1 0 1
2 0 2
3 0 3
10 0 10
11 0 11
12 0 12
13 0 13
14 0 14
21 0 21
22 0 22
23 0 23
24 0 24
42 0 42
43 0 43
44 0 44
25 0 25
26 0 26
27 0 27
28 0 28
29 0 29
30 0 30
31 0 31
36 0 36
37 0 37
38 0 38
35 0 35
32 0 32
33 0 33
34 0 34
41 0 41
45 1 45
46 2 46
47 3 47
48 4 48
49 5 49
50 6 50
51 7 51
52 8 52
53 9 53
54 10 54
55 8 52
56 9 53
57 10 54
58 11 55
59 12 56
60 13 57
61 14 58
63 16 60
64 17 61
65 18 62
66 19 63
67 20 64
68 21 65
69 22 66
70 2 46
71 3 47
62 15 59
72 23 67
