38731
38731
38731
38731
38731
38731
38731
38731
38731
38731
38731
38731
38731
38731
38731
38731
38731
38731
38731
38731
38731
38731
38731
38731
38731
38731
38731
38731
38731
38731
2792
2792
2792
2792
2792
2792
2792
2792
2792
2792
2792
2792
2792
2792
2792
2792
2792
2792
2792
2792
2792
2792
2792
2792
2792
2792
2792
2792
2792
2792
2792
2792
2792
2792
2792
2792
2792
2792
2792
2792
2792
2792
2792
2792
2792
2792
2792
2792
2792
4373 4383 4393 4403 4423 4413
4373 4383 4393 4403 4423 4413
4373 4383 4393 4403 4423 4413
4373 4383 4393 4403 4423 4413
4373 4383 4393 4403 4423 4413
4373 4383 4393 4403 4423 4413
4373 4383 4393 4403 4423 4413
4373 4383 4393 4403 4423 4413
4373 4383 4393 4403 4423 4413
4373 4383 4393 4403 4423 4413
4373 4383 4393 4403 4423 4413
4373 4383 4393 4403 4423 4413
4373 4383 4393 4403 4423 4413
4373 4383 4393 4403 4423 4413
4373 4383 4393 4403 4423 4413
4373 4383 4393 4403 4423 4413
4373 4383 4393 4403 4423 4413
4373 4383 4393 4403 4423 4413
4373 4383 4393 4403 4423 4413
4373 4383 4393 4403 4423 4413
4373 4383 4393 4403 4423 4413
4373 4383 4393 4403 4423 4413
4373 4383 4393 4403 4423 4413
4373 4383 4393 4403 4423 4413
4373 4383 4393 4403 4423 4413
4373 4383 4393 4403 4423 4413
4373 4383 4393 4403 4423 4413
4373 4383 4393 4403 4423 4413
4373 4383 4393 4403 4423 4413
4373 4383 4393 4403 4423 4413
4373 4383 4393 4403 4423 4413
4373 4383 4393 4403 4423 4413
4373 4383 4393 4403 4423 4413
4373 4383 4393 4403 4423 4413
4373 4383 4393 4403 4423 4413
4373 4383 4393 4403 4423 4413
4373 4383 4393 4403 4423 4413
4373 4383 4393 4403 4423 4413
4373 4383 4393 4403 4423 4413
4373 4383 4393 4403 4423 4413
4373 4383 4393 4403 4423 4413
4373 4383 4393 4403 4423 4413
4373 4383 4393 4403 4423 4413
4373 4383 4393 4403 4423 4413
4373 4383 4393 4403 4423 4413
4373 4383 4393 4403 4423 4413
4373 4383 4393 4403 4423 4413
4373 4383 4393 4403 4423 4413
4373 4383 4393 4403 4423 4413
4373 4383 4393 4403 4423 4413
4373 4383 4393 4403 4423 4413
4373 4383 4393 4403 4423 4413
4373 4383 4393 4403 4423 4413
4373 4383 4393 4403 4423 4413
4373 4383 4393 4403 4423 4413
4373 4383 4393 4403 4423 4413
4373 4383 4393 4403 4423 4413
4373 4383 4393 4403 4423 4413
4373 4383 4393 4403 4423 4413
4373 4383 4393 4403 4423 4413
4373 4383 4393 4403 4423 4413
4373 4383 4393 4403 4423 4413
4373 4383 4393 4403 4423 4413
4373 4383 4393 4403 4423 4413
4373 4383 4393 4403 4423 4413
4373 4383 4393 4403 4423 4413
4373 4383 4393 4403 4423 4413
