84571
84571
84571
84571
84571
84571
84571
84571
84571
84571
84571
84571
84571
84571
84571
84571
84571
84571
84571
84571
84571
84571
84571
84571
84571
84571
84571
84571
84571
84571
8102 8112 8122
8102 8112 8122
8102 8112 8122
8102 8112 8122
8102 8112 8122
8102 8112 8122
8102 8112 8122
8102 8112 8122
8102 8112 8122
8102 8112 8122
8102 8112 8122
8102 8112 8122
8102 8112 8122
8102 8112 8122
8102 8112 8122
8102 8112 8122
8102 8112 8122
8102 8112 8122
8102 8112 8122
8102 8112 8122
8102 8112 8122
8102 8112 8122
8102 8112 8122
8102 8112 8122
8102 8112 8122
8102 8112 8122
8102 8112 8122
8102 8112 8122
8102 8112 8122
8102 8112 8122
8102 8112 8122
8102 8112 8122
8102 8112 8122
8102 8112 8122
8102 8112 8122
8102 8112 8122
8102 8112 8122
8132 8132 8132
8142 8142 8142
8102 8112 8122
8102 8112 8122
8102 8112 8122
8102 8112 8122
8102 8112 8122
8102 8112 8122
8102 8112 8122
8102 8112 8122
8102 8112 8122
8102 8112 8122
13343 13363 13373 13383 13393
13343 13363 13373 13383 13393
13343 13363 13373 13383 13393
13343 13363 13373 13383 13393
13343 13363 13373 13383 13393
13343 13363 13373 13383 13393
13343 13363 13373 13383 13393
13343 13363 13373 13383 13393
13343 13363 13373 13383 13393
13343 13363 13373 13383 13393
13343 13363 13373 13383 13393
13343 13363 13373 13383 13393
13343 13363 13373 13383 13393
13343 13363 13373 13383 13393
13343 13363 13373 13383 13393
13343 13363 13373 13383 34023
13343 13363 13373 13383 34023
13343 13363 13373 13383 34023
13343 13363 13373 13383 13393
13343 13363 13373 13383 13393
13343 13363 13373 13383 13393
13343 13363 13373 13383 13393
13343 13363 13373 13383 13393
13343 13363 13373 13383 13393
13343 13363 13373 13383 13393
13343 13363 13373 13383 13393
13343 13363 13373 13383 13393
13343 13363 13373 13383 13393
13343 13363 13373 13383 13393
13343 13363 13373 13383 13393
13343 13363 13373 13383 13393
13343 13363 13373 13383 13393
13343 13363 13373 13383 13393
13343 13363 13373 13383 13393
13343 13363 13373 13383 13393
13343 13363 13373 13383 13393
13343 13363 13373 13383 13393
13343 13363 13373 13383 13393
13343 13363 13373 13383 13393
13343 13363 13373 13383 13393
13343 13363 13373 13383 13393
13343 13363 13373 13383 13393
13343 13363 13373 13383 13393
13343 13363 13373 13383 13393
13343 13363 13373 13383 13393
13343 13363 13373 13383 13393
13343 13363 13373 13383 13393
13353 13353 13353 13383 13393
13343 13363 13373 13383 13393
13343 13363 13373 13383 13393
13343 13363 13373 13383 13393
13343 13363 13373 13383 13393
13343 13363 13373 13383 13393
13343 13363 13373 13383 13393
13343 13363 13373 13383 13393
13343 13363 13373 13383 13393
13343 13423 13373 13383 13393
13343 13363 13373 13383 13393
13343 13363 13373 13383 13393
13433 13433 13433 13383 13393
13343 13363 13373 13383 13393
13343 13363 13373 13383 13393
28303 28303 28303 13383 13393
28293 28293 28293 28293 28293
28293 28293 28293 28293 28293
28293 28293 28293 28293 28293
13343 13363 13373 13383 13393
