29361
29361
29361
29361
29361
29361
29361
29361
29361
29361
29361
29361
29361
29361
29361
29361
29361
29361
29361
29361
29361
29361
29361
29361
29361
29361
29361
29361
29361
29361
22 32 42 52 62 72 82
22 32 42 52 62 72 82
22 32 42 52 62 72 82
22 32 42 52 62 72 82
22 32 42 52 62 72 82
22 32 42 52 62 72 82
22 32 42 52 62 72 82
22 32 42 52 62 72 82
22 32 42 52 62 72 82
22 32 42 52 62 72 82
22 32 42 52 62 72 82
22 32 42 52 62 72 82
22 32 42 52 62 72 82
22 32 42 52 62 72 82
22 32 42 52 62 72 82
22 32 42 52 62 72 82
22 32 42 52 62 72 82
22 32 42 52 62 72 82
22 32 42 52 62 72 82
22 32 42 52 62 72 82
22 32 42 52 62 72 82
22 32 42 52 62 72 82
22 32 42 52 62 72 82
22 32 42 52 62 72 82
22 32 42 52 62 72 82
22 32 42 52 62 72 82
22 32 42 52 62 72 82
22 32 42 52 62 72 82
22 32 42 52 62 72 82
22 32 42 52 62 72 82
22 32 42 52 62 72 82
22 32 42 52 62 72 82
22 32 42 52 62 72 82
22 32 42 52 62 72 82
22 32 42 52 62 72 82
22 32 42 52 62 72 82
22 32 42 52 62 72 82
22 32 42 52 62 72 82
22 32 42 52 62 72 82
22 32 42 52 62 72 82
22 32 42 52 62 72 82
22 32 42 52 62 72 82
22 32 42 52 62 72 82
22 32 42 52 62 72 82
22 32 42 52 62 72 82
22 32 42 52 62 72 82
22 32 42 52 62 72 82
22 32 42 52 62 72 82
22 32 42 52 62 72 82
22 32 42 52 62 72 82
22 32 42 52 62 72 82
22 32 42 52 62 72 82
22 32 42 52 62 72 82
22 32 42 52 62 72 82
22 32 42 52 62 72 82
22 32 42 52 62 72 82
22 32 42 52 62 72 82
22 32 42 52 62 72 82
22 32 42 52 62 72 82
22 32 42 52 62 72 82
22 32 42 52 62 72 82
22 32 42 52 62 72 82
22 32 42 52 62 72 82
22 32 42 52 62 72 82
22 32 42 52 62 72 82
22 32 42 52 62 72 82
22 32 42 52 62 72 82
22 32 42 52 62 72 82
22 32 42 52 62 72 82
22 32 42 52 62 72 82
22 32 42 52 62 72 82
22 32 42 52 62 72 82
22 32 42 52 62 72 82
22 32 42 52 62 72 82
22 32 42 52 62 72 82
22 32 42 52 62 72 82
22 32 42 52 62 72 82
22 32 42 52 62 72 82
22 32 42 52 62 72 82
22 32 42 52 62 72 82
22 32 42 52 62 72 82
22 32 42 52 62 72 82
22 32 42 52 62 72 82
22 32 42 52 62 72 82
22 32 42 52 62 72 82
22 32 42 52 62 72 82
22 32 42 52 62 72 82
22 32 42 52 62 72 82
22 32 42 52 62 72 82
22 32 42 52 62 72 82
22 32 42 52 62 72 82
193 203 213 223 253 233
193 203 213 223 253 233
193 203 213 223 253 233
193 203 213 223 253 233
193 203 213 223 253 233
193 203 213 223 253 233
193 203 213 223 253 233
193 203 213 223 253 233
193 203 213 223 253 233
193 203 213 223 253 233
193 203 213 223 253 233
193 203 213 223 253 233
193 203 213 223 253 233
193 203 213 223 253 233
193 203 213 223 253 233
193 203 213 223 253 233
193 203 213 223 253 233
193 203 213 223 253 233
193 203 213 223 253 233
193 203 213 223 253 233
193 203 213 223 253 233
193 203 213 223 253 233
193 203 213 223 253 233
193 203 213 223 253 233
193 203 213 223 253 233
193 203 213 223 253 233
193 203 213 223 253 233
193 203 213 223 253 233
193 203 213 223 253 233
193 203 213 223 253 233
193 203 213 223 253 233
193 203 213 223 253 233
193 203 213 223 253 233
193 203 213 223 253 233
193 203 213 223 253 233
193 203 213 223 253 233
193 203 213 223 253 233
193 203 213 223 253 233
193 203 213 223 253 233
193 203 213 223 253 233
193 203 213 223 253 233
193 203 213 223 253 233
193 203 213 223 253 233
193 203 213 223 253 233
193 203 213 223 253 233
193 203 213 223 253 233
193 203 213 223 253 233
193 203 213 223 253 233
193 203 213 223 253 233
193 203 213 223 253 233
193 203 213 223 253 233
193 203 213 223 253 233
193 203 213 223 253 233
193 203 213 223 253 233
193 203 213 223 253 233
193 203 213 223 253 233
193 203 213 223 253 233
193 203 213 223 253 233
193 203 213 223 253 233
193 203 213 223 253 233
193 203 213 223 253 233
193 203 213 223 253 233
193 203 213 223 253 233
193 203 213 223 253 233
193 203 213 223 253 233
193 203 213 223 253 233
193 203 213 223 253 233
1244
1244
1244
1244
1244
1244
1244
1244
1244
1244
1244
1244
1244
1244
1244
1244
1244
1244
1244
1244
1244
1244
1244
1244
1244
1244
1244
1244
1244
1244
1244
1244
1244
1244
1244
1244
1244
1244
1244
1244
1244
1244
1244
1244
1244
1244
1244
1244
1244
1265
1265
1265
1265
1265
1265
1265
1265
1265
1265
1265
1265
1265
1265
1265
1265
1265
1265
1265
1265
1265
1265
1265
1265
1265
1265
1265
1265
1265
1265
1265
1265
1265
1265
1265
1265
1265
1265
1265
1265
1265
1265
1265
1265
1265
1265
1265
1265
1265
