61581
61581
61581
61581
61581
61581
61581
61581
61581
61581
61581
61581
61581
61581
61581
61581
61581
61581
61581
61581
61581
61581
61581
61581
61581
61581
61581
61581
61581
61581
22 32 42 52 62 72 82 92
22 32 42 52 62 72 82 92
22 32 42 52 62 72 82 92
22 32 42 52 62 72 82 92
22 32 42 52 62 72 82 92
22 32 42 52 62 72 82 92
22 32 42 52 62 72 82 92
22 32 42 52 62 72 82 92
22 32 42 52 62 72 82 92
22 32 42 52 62 72 82 92
22 32 42 52 62 72 82 92
22 32 42 52 62 72 82 92
22 32 42 52 62 72 82 92
22 32 42 52 62 72 82 92
22 32 42 52 62 72 82 92
22 32 42 52 62 72 82 92
22 32 42 52 62 72 82 92
22 32 42 52 62 72 82 92
22 32 42 52 62 72 82 92
22 32 42 52 62 72 82 92
22 32 42 52 62 72 82 92
22 32 42 52 62 72 82 92
22 32 42 52 62 72 82 92
22 32 42 52 62 72 82 92
22 32 42 52 62 72 82 92
22 32 42 52 62 72 82 92
22 32 42 52 62 72 82 92
22 32 42 52 62 72 82 92
22 32 42 52 62 72 82 92
22 32 42 52 62 72 82 92
22 32 42 52 62 72 82 92
22 32 42 52 62 72 82 92
22 32 42 52 62 72 82 92
22 32 42 52 62 72 82 92
22 32 42 52 62 72 82 92
22 32 42 52 62 72 82 92
22 32 42 52 62 72 82 92
22 32 42 52 62 72 82 92
22 32 42 52 62 72 82 92
22 32 42 52 62 72 82 92
22 32 42 52 62 72 82 92
22 32 42 52 62 72 82 92
22 32 42 52 62 72 82 92
22 32 42 52 62 72 82 92
22 32 42 52 62 72 82 92
22 32 42 52 62 72 82 92
22 32 42 52 62 72 82 92
22 32 42 52 62 72 82 92
22 32 42 52 62 72 82 92
22 32 42 52 62 72 82 92
22 32 42 52 62 72 82 92
22 612 42 52 62 72 82 92
22 592 42 52 62 72 82 92
22 32 42 622 62 72 82 92
22 32 42 52 62 72 82 92
22 632 632 632 632 72 632 92
22 632 632 632 632 72 632 92
22 632 632 632 632 72 632 92
22 632 632 632 632 72 632 92
22 642 642 642 642 72 642 92
22 642 642 642 642 72 642 92
22 632 632 632 632 72 632 92
22 632 632 632 632 72 632 92
22 652 652 652 652 72 652 92
22 652 652 652 652 72 652 92
22 632 632 632 632 72 632 92
22 632 632 632 632 72 632 92
22 662 662 662 662 72 662 92
22 662 662 662 662 72 662 92
22 32 42 52 62 72 82 92
22 32 42 52 62 72 82 92
22 672 672 672 672 672 672 672
22 682 682 682 682 682 682 682
22 32 42 52 62 72 82 92
22 32 42 52 62 72 82 92
22 32 42 52 62 72 82 92
22 32 42 52 62 72 82 92
22 32 42 52 62 72 82 92
22 32 42 52 62 72 82 92
22 32 42 52 62 72 82 92
22 32 42 52 62 72 82 92
22 32 42 52 62 72 82 92
22 32 42 52 62 72 82 92
22 32 42 52 62 72 82 92
22 32 42 52 62 72 82 92
22 32 42 52 62 72 82 92
22 32 42 52 62 72 82 92
22 32 42 52 62 72 82 92
22 32 42 52 62 72 82 92
22 32 42 52 62 72 82 92
22 32 42 52 62 72 82 92
953 973 983 993 1003
953 973 983 993 1003
953 973 983 993 1003
953 973 983 993 1003
953 973 983 993 1003
953 973 983 993 1003
953 973 983 993 1003
953 973 983 993 1003
953 973 983 993 1003
953 973 983 993 1003
953 973 983 993 1003
953 973 983 993 1003
953 973 983 993 1003
953 973 983 993 1003
953 973 983 993 1003
953 973 983 993 33583
953 973 983 993 33583
953 973 983 993 33583
953 973 983 993 1003
953 973 983 993 1003
953 973 983 993 1003
953 973 983 993 1003
953 973 983 993 1003
953 973 983 993 1003
953 973 983 993 1003
953 973 983 993 1003
953 973 983 993 1003
953 973 983 993 1003
953 973 983 993 1003
953 973 983 993 1003
953 973 983 993 1003
953 973 983 993 1003
953 973 983 993 1003
953 973 983 993 1003
953 973 983 993 1003
953 973 983 993 1003
953 973 983 993 1003
953 973 983 993 1003
953 973 983 993 1003
953 973 983 993 1003
953 973 983 993 1003
953 973 983 993 1003
953 973 983 993 1003
953 973 983 993 1003
953 973 983 993 1003
953 973 983 993 1003
953 973 983 993 1003
963 963 963 993 1003
953 973 983 993 1003
953 973 983 993 1003
953 973 983 993 1003
953 973 983 993 1003
953 973 983 993 1003
953 973 983 993 1003
953 973 983 993 1003
953 973 983 993 1003
953 1333 983 993 1003
953 973 983 993 1003
953 973 983 993 1003
1343 1343 1343 993 1003
953 973 983 993 1003
953 973 983 993 1003
28273 28273 28273 993 1003
28283 28283 28283 28283 28283
28283 28283 28283 28283 28283
28283 28283 28283 28283 28283
953 973 983 993 1003
3524 3534 3544
3524 3534 3544
3524 3534 3544
3524 3534 3544
3524 3534 3544
3524 3534 3544
3524 3534 3544
3524 3534 3544
3524 3534 3544
3524 3534 3544
3524 3534 3544
3524 3534 3544
3524 3534 3544
3524 3534 3544
3524 3534 3544
3524 3534 3544
3524 3534 3544
3524 3534 3544
3524 3534 3544
3524 3534 3544
3524 3534 3544
3524 3534 3544
3524 3534 3544
3524 3534 3544
3524 3534 3544
3524 3534 3544
3524 3534 3544
3524 3534 3544
3524 3534 3544
3524 3534 3544
3524 3534 3544
3524 3534 3544
3524 3534 3544
3524 3534 3544
3524 3534 3544
3524 3534 3544
3524 3534 3544
3554 3554 3554
3564 3564 3564
3524 3534 3544
3524 3534 3544
3524 3534 3544
3524 3534 3544
3524 3534 3544
3524 3534 3544
3524 3534 3544
3524 3534 3544
3524 3534 3544
3524 3534 3544
3625 3635 3645
3625 3635 3645
3625 3635 3645
3625 3635 3645
3625 3635 3645
3625 3635 3645
3625 3635 3645
3625 3635 3645
3625 3635 3645
3625 3635 3645
3625 3635 3645
3625 3635 3645
3625 3635 3645
3625 3635 3645
3625 3635 3645
3625 3635 3645
3625 3635 3645
3625 3635 3645
3625 3635 3645
3625 3635 3645
3625 3635 3645
3625 3635 3645
3625 3635 3645
3625 3635 3645
3625 3635 3645
3625 3635 3645
3625 3635 3645
3625 3635 3645
3625 3635 3645
3625 3635 3645
3625 3635 3645
3625 3635 3645
3625 3635 3645
3625 3635 3645
3625 3635 3645
3625 3635 3645
3625 3635 3645
3655 3655 3655
3665 3665 3665
3625 3635 3645
3625 3635 3645
3625 3635 3645
3625 3635 3645
3625 3635 3645
3625 3635 3645
3625 3635 3645
3625 3635 3645
3625 3635 3645
3625 3635 3645
