60 60 60 90 50 70 90 60 60
90 90 40 90 40 70 90 80 40
90 90 80 90 40 70 80 80 5
40 20 40 90 60 80 90 10 90
80 90 30 90 80 90 90 90 90
80 30 90 90 80 90 90 60 90
20 80 90 90 70 80 90 90 90
90 10 90 90 50 70 90 90 10
40 40 70 90 80 90 90 15 90
90 90 90 30 100 90 90 90 90
90 90 90 30 100 90 90 30 90
90 50 90 35 100 90 90 90 70
35 20 90 40 100 90 90 90 90
90 90 90 50 100 90 90 90 90
90 90 40 30 100 90 90 90 10
90 10 90 20 100 90 90 90 10
90 30 30 20 100 90 90 90 90
40 90 90 20 100 90 90 90 50
5 20 90 20 100 90 90 30 30
5 30 20 20 100 90 90 30 30
35 35 35 35 35 35 35 35 35
