38761
38761
38761
38761
38761
38761
38761
38761
38761
38761
38761
38761
38761
38761
38761
38761
38761
38761
38761
38761
38761
38761
38761
38761
38761
38761
38761
38761
38761
38761
3782 3772 3792 3802 3812 3822 13952
3782 3772 3792 3802 3812 3822 13952
3782 3772 3792 3802 3812 3822 13952
3782 3772 3792 3802 3812 3822 13952
3782 3772 3792 3802 3812 3822 13952
3782 3772 3792 3802 3812 3822 13952
3782 3772 3792 3802 3812 3822 13952
3782 3772 3792 3802 3812 3822 13952
3782 3772 3792 3802 3812 3822 13952
3782 3772 3792 3802 3812 3822 13952
3782 3772 3792 3802 3812 3822 13952
3782 3772 3792 3802 3812 3822 13952
3782 3772 3792 3802 3812 3822 13952
3782 3772 3792 3802 3812 3822 13952
3782 3772 3792 3802 3812 3822 13952
3782 3772 3792 3802 3812 3822 13952
3782 3772 3792 3802 3812 3822 13952
3782 3772 3792 3802 3812 3822 13952
3782 3772 3792 3802 3812 3822 13952
3782 3772 3792 3802 3812 3822 13952
3782 3772 3792 3802 3812 3822 13952
3782 3772 3792 3802 3812 3822 13952
3782 3772 3792 3802 3812 3822 13952
3782 3772 3792 3802 3812 3822 13952
3782 3772 3792 3802 3812 3822 13952
3782 3772 3792 3802 3812 3822 13952
3782 3772 3792 3802 3812 3822 13952
3782 3772 3792 3802 3812 3822 13952
3782 3772 3792 3802 3812 3822 13952
3782 3772 3792 3802 3812 3822 13952
3782 3772 3792 3802 3812 3822 13952
3782 3772 3792 3802 3812 3822 13952
3782 3772 3792 3802 3812 3822 13952
3782 3772 3792 3802 3812 3822 13952
3782 3772 3792 3802 3812 3822 13952
3782 3772 3792 3802 3812 3822 13952
3782 3772 3792 3802 3812 3822 13952
3782 3772 3792 3802 3812 3822 13952
3782 3772 3792 3802 3812 3822 13952
3782 3772 3792 3802 3812 3822 13952
3782 3772 3792 3802 3812 3822 13952
3782 3772 3792 3802 3812 3822 13952
3782 3772 3792 3802 3812 3822 13952
3782 3772 3792 3802 3812 3822 13952
3782 3772 3792 3802 3812 3822 13952
3782 3772 3792 3802 3812 3822 13952
3782 3772 3792 3802 3812 3822 13952
3782 3772 3792 3802 3812 3822 13952
3782 3772 3792 3802 3812 3822 13952
3782 3772 3792 3802 3812 3822 13952
3782 3772 3792 3802 3812 3822 13952
3782 3772 3792 3802 3812 3822 13952
3782 3772 3792 3802 3812 3822 13952
3782 3772 3792 3802 3812 3822 13952
3782 3772 3792 3802 3812 3822 13952
3782 3772 3792 3802 3812 3822 13952
3782 3772 3792 3802 3812 3822 13952
3782 3772 3792 3802 3812 3822 13952
3782 3772 3792 3802 3812 3822 13952
3782 3772 3792 3802 3812 3822 13952
3782 3772 3792 3802 3812 3822 13952
3782 3772 3792 3802 3812 3822 13952
3782 3772 3792 3802 3812 3822 13952
3782 3772 3792 3802 3812 3822 13952
3782 3772 3792 3802 3812 3822 13952
3782 3772 3792 3802 3812 3822 13952
4553 4563 4573 4583 4603 4593
4553 4563 4573 4583 4603 4593
4553 4563 4573 4583 4603 4593
4553 4563 4573 4583 4603 4593
4553 4563 4573 4583 4603 4593
4553 4563 4573 4583 4603 4593
4553 4563 4573 4583 4603 4593
4553 4563 4573 4583 4603 4593
4553 4563 4573 4583 4603 4593
4553 4563 4573 4583 4603 4593
4553 4563 4573 4583 4603 4593
4553 4563 4573 4583 4603 4593
4553 4563 4573 4583 4603 4593
4553 4563 4573 4583 4603 4593
4553 4563 4573 4583 4603 4593
4553 4563 4573 4583 4603 4593
4553 4563 4573 4583 4603 4593
4553 4563 4573 4583 4603 4593
4553 4563 4573 4583 4603 4593
4553 4563 4573 4583 4603 4593
4553 4563 4573 4583 4603 4593
4553 4563 4573 4583 4603 4593
4553 4563 4573 4583 4603 4593
4553 4563 4573 4583 4603 4593
4553 4563 4573 4583 4603 4593
4553 4563 4573 4583 4603 4593
4553 4563 4573 4583 4603 4593
4553 4563 4573 4583 4603 4593
4553 4563 4573 4583 4603 4593
4553 4563 4573 4583 4603 4593
4553 4563 4573 4583 4603 4593
4553 4563 4573 4583 4603 4593
4553 4563 4573 4583 4603 4593
4553 4563 4573 4583 4603 4593
4553 4563 4573 4583 4603 4593
4553 4563 4573 4583 4603 4593
4553 4563 4573 4583 4603 4593
4553 4563 4573 4583 4603 4593
4553 4563 4573 4583 4603 4593
4553 4563 4573 4583 4603 4593
4553 4563 4573 4583 4603 4593
4553 4563 4573 4583 4603 4593
4553 4563 4573 4583 4603 4593
4553 4563 4573 4583 4603 4593
4553 4563 4573 4583 4603 4593
4553 4563 4573 4583 4603 4593
4553 4563 4573 4583 4603 4593
4553 4563 4573 4583 4603 4593
4553 4563 4573 4583 4603 4593
4553 4563 4573 4583 4603 4593
4553 4563 4573 4583 4603 4593
4553 4563 4573 4583 4603 4593
4553 4563 4573 4583 4603 4593
4553 4563 4573 4583 4603 4593
4553 4563 4573 4583 4603 4593
4553 4563 4573 4583 4603 4593
4553 4563 4573 4583 4603 4593
4553 4563 4573 4583 4603 4593
4553 4563 4573 4583 4603 4593
4553 4563 4573 4583 4603 4593
4553 4563 4573 4583 4603 4593
4553 4563 4573 4583 4603 4593
4553 4563 4573 4583 4603 4593
4553 4563 4573 4583 4603 4593
4553 4563 4573 4583 4603 4593
4553 4563 4573 4583 4603 4593
4553 4563 4573 4583 4603 4593
25284 25294 25304 25314 25324 25334 25344
25284 25294 25304 25314 25324 25334 25344
25284 25294 25304 25314 25324 25334 25344
25284 25294 25304 25314 25324 25334 25344
25284 25294 25304 25314 25324 25334 25344
25284 25294 25304 25314 25324 25334 25344
25284 25294 25304 25314 25324 25334 25344
25284 25294 25304 25314 25324 25334 25344
25284 25294 25304 25314 25324 25334 25344
25284 25294 25304 25314 25324 25334 25344
25284 25294 25304 25314 25324 25334 25344
25284 25294 25304 25314 25324 25334 25344
25284 25294 25304 25314 25324 25334 25344
25284 25294 25304 25314 25324 25334 25344
25284 25294 25304 25314 25324 25334 25344
25284 25294 25304 25314 25324 25334 25344
25284 25294 25304 25314 25324 25334 25344
25284 25294 25304 25314 25324 25334 25344
25284 25294 25304 25314 25324 25334 25344
25284 25294 25304 25314 25324 25334 25344
25284 25294 25304 25314 25324 25334 25344
25284 25294 25304 25314 25324 25334 25344
25284 25294 25304 25314 25324 25334 25344
25284 25294 25304 25314 25324 25334 25344
25284 25294 25304 25314 25324 25334 25344
25284 25294 25304 25314 25324 25334 25344
25284 25294 25304 25314 25324 25334 25344
25284 25294 25304 25314 25324 25334 25344
25284 25294 25304 25314 25324 25334 25344
25284 25294 25304 25314 25324 25334 25344
25284 25294 25304 25314 25324 25334 25344
25284 25294 25304 25314 25324 25334 25344
25284 25294 25304 25314 25324 25334 25344
25284 25294 25304 25314 25324 25334 25344
25284 25294 25304 25314 25324 25334 25344
25284 25294 25304 25314 25324 25334 25344
25284 25294 25304 25314 25324 25334 25344
25284 25294 25304 25314 25324 25334 25344
25284 25294 25304 25314 25324 25334 25344
25284 25294 25304 25314 25324 25334 25344
25284 25294 25304 25314 25324 25334 25344
25284 25294 25304 25314 25324 25334 25344
25284 25294 25304 25314 25324 25334 25344
25284 25294 25304 25314 25324 25334 25344
25284 25294 25304 25314 25324 25334 25344
25284 25294 25304 25314 25324 25334 25344
25284 25294 25304 25314 25324 25334 25344
25284 25294 25304 25314 25324 25334 25344
25284 25294 25304 25314 25324 25334 25344
25284 25294 25304 25314 25324 25334 25344
25284 25294 25304 25314 25324 25334 25344
25284 25294 25304 25314 25324 25334 25344
25284 25294 25304 25314 25324 25334 25344
25284 25294 25304 25314 25324 25334 25344
25284 25294 25304 25314 25324 25334 25344
25284 25294 25304 25314 25324 25334 25344
25284 25294 25304 25314 25324 25334 25344
25284 25294 25304 25314 25324 25334 25344
25284 25294 25304 25314 25324 25334 25344
25284 25294 25304 25314 25324 25334 25344
25284 25294 25304 25314 25324 25334 25344
25284 25294 25304 25314 25324 25334 25344
25284 25294 25304 25314 25324 25334 25344
25284 25294 25304 25314 25324 25334 25344
25284 25294 25304 25314 25324 25334 25344
25284 25294 25304 25314 25324 25334 25344
25284 25294 25304 25314 25324 25334 25344
25284 25294 25304 25314 25324 25334 25344
25284 25294 25304 25314 25324 25334 25344
25284 25294 25304 25314 25324 25334 25344
25284 25294 25304 25314 25324 25334 25344
25284 25294 25304 25314 25324 25334 25344
25284 25294 25304 25314 25324 25334 25344
25284 25294 25304 25314 25324 25334 25344
25284 25294 25304 25314 25324 25334 25344
25284 25294 25304 25314 25324 25334 25344
25284 25294 25304 25314 25324 25334 25344
25284 25294 25304 25314 25324 25334 25344
25284 25294 25304 25314 25324 25334 25344
25284 25294 25304 25314 25324 25334 25344
25284 25294 25304 25314 25324 25334 25344
25284 25294 25304 25314 25324 25334 25344
25284 25294 25304 25314 25324 25334 25344
25284 25294 25304 25314 25324 25334 25344
25284 25294 25304 25314 25324 25334 25344
