84601
84601
84601
84601
84601
84601
84601
84601
84601
84601
84601
84601
84601
84601
84601
84601
84601
84601
84601
84601
84601
84601
84601
84601
84601
84601
84601
84601
84601
84601
12342 12352 12362 12372 12382 29662
12342 12352 12362 12372 12382 29662
12342 12352 12362 12372 12382 29662
12342 12352 12362 12372 12382 29662
12342 12352 12362 12372 12382 29662
12342 12352 12362 12372 12382 29662
12342 12352 12362 12372 12382 29662
12342 12352 12362 12372 12382 29662
12342 12352 12362 12372 12382 29662
12342 12352 12362 12372 12382 29662
12342 12352 12362 12372 12382 29662
12342 12352 12362 12372 12382 29662
12342 12352 12362 12372 12382 29662
12342 12352 12362 12372 12382 29662
12342 12352 12362 12372 12382 29662
12342 33822 12362 33822 12382 29662
12342 33822 12362 33822 12382 29662
12342 33822 12362 33822 12382 29662
12342 12352 12362 12372 12382 29662
12342 12352 12362 12372 12382 29662
12342 12352 12362 12372 12382 29662
12342 12352 12362 12372 12382 29662
12342 12352 12362 12372 12382 29662
12342 12352 12362 12372 12382 29662
12342 12352 12362 12372 12382 29662
12342 12352 12362 12372 12382 29662
12342 12352 12362 12372 12382 29662
12342 12352 12362 12372 12382 29662
12342 12352 12362 12372 12382 29662
12342 12352 12362 12372 12382 29662
12342 12352 12362 12372 12382 29662
12342 12352 12362 12372 12382 29662
12342 12352 12362 12372 12382 29662
12342 12352 12362 12372 12382 29662
12342 12352 12362 12372 12382 29662
12342 12352 12362 12372 12382 29662
12342 12352 12362 12372 12382 29662
12342 12352 12362 12372 12382 29662
12342 12352 12362 12372 12382 29662
12342 12352 12362 12372 12382 29662
12342 12352 12362 12372 12382 29662
12342 12352 12362 12372 12382 29662
12342 12352 12362 12372 12382 29662
12342 12352 12362 12372 12382 29662
12342 12352 12362 12372 12382 29662
12342 12352 12362 12372 12382 29662
12342 12352 12362 12372 12382 29662
12392 12392 12392 12392 12392 29662
12342 12352 12362 12372 12382 29662
12402 12402 12402 12402 12402 29662
12412 12412 12412 12412 12412 29662
12422 12422 12422 12422 12422 29662
12422 12422 12422 12422 12422 29662
12422 12422 12422 12422 12422 29662
12342 12352 12362 12372 12382 29662
12342 12352 12362 12372 12382 29662
12342 12352 12362 12372 12382 29662
12432 12432 12432 12432 12432 29662
12342 12352 12362 12372 12382 29662
12342 12352 12362 12372 12382 29662
12342 12352 33832 12372 12382 29662
12342 12352 33832 12372 12382 29662
12342 12352 33832 12372 12382 29662
12342 12352 12362 12372 12382 29662
12342 12352 12362 12372 12382 29662
12342 12352 12362 12372 12382 29662
13643 13663 13673 13683 13693
13643 13663 13673 13683 13693
13643 13663 13673 13683 13693
13643 13663 13673 13683 13693
13643 13663 13673 13683 13693
13643 13663 13673 13683 13693
13643 13663 13673 13683 13693
13643 13663 13673 13683 13693
13643 13663 13673 13683 13693
13643 13663 13673 13683 13693
13643 13663 13673 13683 13693
13643 13663 13673 13683 13693
13643 13663 13673 13683 13693
13643 13663 13673 13683 13693
13643 13663 13673 13683 13693
13643 13663 13673 13683 34053
13643 13663 13673 13683 34053
13643 13663 13673 13683 34053
13643 13663 13673 13683 13693
13643 13663 13673 13683 13693
13643 13663 13673 13683 13693
13643 13663 13673 13683 13693
13643 13663 13673 13683 13693
13643 13663 13673 13683 13693
13643 13663 13673 13683 13693
13643 13663 13673 13683 13693
13643 13663 13673 13683 13693
13643 13663 13673 13683 13693
13643 13663 13673 13683 13693
13643 13663 13673 13683 13693
13643 13663 13673 13683 13693
13643 13663 13673 13683 13693
13643 13663 13673 13683 13693
13643 13663 13673 13683 13693
13643 13663 13673 13683 13693
13643 13663 13673 13683 13693
13643 13663 13673 13683 13693
13643 13663 13673 13683 13693
13643 13663 13673 13683 13693
13643 13663 13673 13683 13693
13643 13663 13673 13683 13693
13643 13663 13673 13683 13693
13643 13663 13673 13683 13693
13643 13663 13673 13683 13693
13643 13663 13673 13683 13693
13643 13663 13673 13683 13693
13643 13663 13673 13683 13693
13653 13653 13653 13683 13693
13643 13663 13673 13683 13693
13643 13663 13673 13683 13693
13643 13663 13673 13683 13693
13643 13663 13673 13683 13693
13643 13663 13673 13683 13693
13643 13663 13673 13683 13693
13643 13663 13673 13683 13693
13643 13663 13673 13683 13693
13643 13723 13673 13683 13693
13643 13663 13673 13683 13693
13643 13663 13673 13683 13693
13733 13733 13733 13683 13693
13643 13663 13673 13683 13693
13643 13663 13673 13683 13693
28623 28623 28623 13683 13693
28633 28633 28633 28633 28633
28633 28633 28633 28633 28633
28633 28633 28633 28633 28633
13643 13663 13673 13683 13693
52744 52754 52764 52774 52784 52794 52804 52814
52744 52754 52764 52774 52784 52794 52804 52814
52744 52754 52764 52774 52784 52794 52804 52814
52744 52754 52764 52774 52784 52794 52804 52814
52744 52754 52764 52774 52784 52794 52804 52814
52744 52754 52764 52774 52784 52794 52804 52814
52744 52754 52764 52774 52784 52794 52804 52814
52744 52754 52764 52774 52784 52794 52804 52814
52744 52754 52764 52774 52784 52794 52804 52814
52744 52754 52764 52774 52784 52794 52804 52814
52744 52754 52764 52774 52784 52794 52804 52814
52744 52754 52764 52774 52784 52794 52804 52814
52744 52754 52764 52774 52784 52794 52804 52814
52744 52754 52764 52774 52784 52794 52804 52814
52744 52754 52764 52774 52784 52794 52804 52814
52744 52754 52764 52774 52784 52794 52804 52814
52744 52754 52764 52774 52784 52794 52804 52814
52744 52754 52764 52774 52784 52794 52804 52814
52744 52754 52764 52774 52784 52794 52804 52814
52744 52754 52764 52774 52784 52794 52804 52814
52744 52754 52764 52774 52784 52794 52804 52814
52744 52754 52764 52774 52784 52794 52804 52814
52744 52754 52764 52774 52784 52794 52804 52814
52744 52754 52764 52774 52784 52794 52804 52814
52744 52754 52764 52774 52784 52794 52804 52814
52744 52754 52764 52774 52784 52794 52804 52814
52744 52754 52764 52774 52784 52794 52804 52814
52744 52754 52764 52774 52784 52794 52804 52814
52744 52754 52764 52774 52784 52794 52804 52814
52744 52754 52764 52774 52784 52794 52804 52814
52744 52754 52764 52774 52784 52794 52804 52814
52744 52754 52764 52774 52784 52794 52804 52814
52744 52754 52764 52774 52784 52794 52804 52814
52744 52754 52764 52774 52784 52794 52804 52814
52744 52754 52764 52774 52784 52794 52804 52814
52744 52754 52764 52774 52784 52794 52804 52814
52744 52754 52764 52774 52784 52794 52804 52814
52744 52754 52764 52774 52784 52794 52804 52814
52744 52754 52764 52774 52784 52794 52804 52814
52744 52754 52764 52774 52784 52794 52804 52814
52744 52754 52764 52774 52784 52794 52804 52814
52744 52754 52764 52774 52784 52794 52804 52814
52744 52754 52764 52774 52784 52794 52804 52814
52744 52754 52764 52774 52784 52794 52804 52814
52744 52754 52764 52774 52784 52794 52804 52814
52744 52754 52764 52774 52784 52794 52804 52814
52744 52754 52764 52774 52784 52794 52804 52814
52744 52754 52764 52774 52784 52794 52804 52814
52744 52754 52764 52774 52784 52794 52804 52814
52744 52754 52764 52774 52784 52794 52804 52814
52744 52754 52764 52774 52784 52794 52804 52814
52744 52754 52764 52774 52784 52794 52804 52814
52744 52754 52764 52774 52784 52794 52804 52814
52744 52754 52764 52774 52784 52794 52804 52814
52744 52754 52764 52774 52784 52794 52804 52814
52744 52754 52764 52774 52784 52794 52804 52814
52744 52754 52764 52774 52784 52794 52804 52814
52744 52754 52764 52774 52784 52794 52804 52814
52744 52754 52764 52774 52784 52794 52804 52814
52744 52754 52764 52774 52784 52794 52804 52814
52744 52754 52764 52774 52784 52794 52804 52814
52744 52754 52764 52774 52784 52794 52804 52814
52744 52754 52764 52774 52784 52794 52804 52814
52744 52754 52764 52774 52784 52794 52804 52814
52744 52754 52764 52774 52784 52794 52804 52814
52744 52754 52764 52774 52784 52794 52804 52814
52744 52754 52764 52774 52784 52794 52804 52814
52744 52754 52764 52774 52784 52794 52804 52814
52744 52754 52764 52774 52784 52794 52804 52814
52744 52754 52764 52774 52784 52794 52804 52814
52744 52754 52764 52774 52784 52794 52804 52814
52744 52754 52764 52774 52784 52794 52804 52814
52744 52754 52764 52774 52784 52794 52804 52814
52744 52754 52764 52774 52784 52794 52804 52814
52744 52754 52764 52774 52784 52794 52804 52814
52744 52754 52764 52774 52784 52794 52804 52814
52744 52754 52764 52774 52784 52794 52804 52814
52744 52754 52764 52774 52784 52794 52804 52814
52744 52754 52764 52774 52784 52794 52804 52814
52744 52754 52764 52774 52784 52794 52804 52814
52744 52754 52764 52774 52784 52794 52804 52814
52744 52754 52764 52774 52784 52794 52804 52814
52744 52754 52764 52774 52784 52794 52804 52814
52744 52754 52764 52774 52784 52794 52804 52814
52744 52754 52764 52774 52784 52794 52804 52814
