38731
38731
38731
38731
38731
38731
38731
38731
38731
38731
38731
38731
38731
38731
38731
38731
38731
38731
38731
38731
38731
38731
38731
38731
38731
38731
38731
38731
38731
38731
3042 13682 13692 13702 13712 13722 13732
3042 13682 13692 13702 13712 13722 13732
3042 13682 13692 13702 13712 13722 13732
3042 13682 13692 13702 13712 13722 13732
3042 13682 13692 13702 13712 13722 13732
3042 13682 13692 13702 13712 13722 13732
3042 13682 13692 13702 13712 13722 13732
3042 13682 13692 13702 13712 13722 13732
3042 13682 13692 13702 13712 13722 13732
3042 13682 13692 13702 13712 13722 13732
3042 13682 13692 13702 13712 13722 13732
3042 13682 13692 13702 13712 13722 13732
3042 13682 13692 13702 13712 13722 13732
3042 13682 13692 13702 13712 13722 13732
3042 13682 13692 13702 13712 13722 13732
3042 13682 13692 13702 13712 13722 13732
3042 13682 13692 13702 13712 13722 13732
3042 13682 13692 13702 13712 13722 13732
3042 13682 13692 13702 13712 13722 13732
3042 13682 13692 13702 13712 13722 13732
3042 13682 13692 13702 13712 13722 13732
3042 13682 13692 13702 13712 13722 13732
3042 13682 13692 13702 13712 13722 13732
3042 13682 13692 13702 13712 13722 13732
3042 13682 13692 13702 13712 13722 13732
3042 13682 13692 13702 13712 13722 13732
3042 13682 13692 13702 13712 13722 13732
3042 13682 13692 13702 13712 13722 13732
3042 13682 13692 13702 13712 13722 13732
3042 13682 13692 13702 13712 13722 13732
3042 13682 13692 13702 13712 13722 13732
3042 13682 13692 13702 13712 13722 13732
3042 13682 13692 13702 13712 13722 13732
3042 13682 13692 13702 13712 13722 13732
3042 13682 13692 13702 13712 13722 13732
3042 13682 13692 13702 13712 13722 13732
3042 13682 13692 13702 13712 13722 13732
3042 13682 13692 13702 13712 13722 13732
3042 13682 13692 13702 13712 13722 13732
3042 13682 13692 13702 13712 13722 13732
3042 13682 13692 13702 13712 13722 13732
3042 13682 13692 13702 13712 13722 13732
3042 13682 13692 13702 13712 13722 13732
3042 13682 13692 13702 13712 13722 13732
3042 13682 13692 13702 13712 13722 13732
3042 13682 13692 13702 13712 13722 13732
3042 13682 13692 13702 13712 13722 13732
3042 13682 13692 13702 13712 13722 13732
3042 13682 13692 13702 13712 13722 13732
3042 13682 13692 13702 13712 13722 13732
3042 13682 13692 13702 13712 13722 13732
3042 13682 13692 13702 13712 13722 13732
3042 13682 13692 13702 13712 13722 13732
3042 13682 13692 13702 13712 13722 13732
3042 13682 13692 13702 13712 13722 13732
3042 13682 13692 13702 13712 13722 13732
3042 13682 13692 13702 13712 13722 13732
3042 13682 13692 13702 13712 13722 13732
3042 13682 13692 13702 13712 13722 13732
3042 13682 13692 13702 13712 13722 13732
3042 13682 13692 13702 13712 13722 13732
3042 13682 13692 13702 13712 13722 13732
3042 13682 13692 13702 13712 13722 13732
3042 13682 13692 13702 13712 13722 13732
3042 13682 13692 13702 13712 13722 13732
3042 13682 13692 13702 13712 13722 13732
3042 13682 13692 13702 13712 13722 13732
29873
29873
29873
29873
29873
29873
29873
29873
29873
29873
29873
29873
29873
29873
29873
29873
29873
29873
29873
29873
29873
29873
29873
29873
29873
29873
29873
29873
29873
29873
29873
29873
