84571
84571
84571
84571
84571
84571
84571
84571
84571
84571
84571
84571
84571
84571
84571
84571
84571
84571
84571
84571
84571
84571
84571
84571
84571
84571
84571
84571
84571
84571
9352 9402 9412 9422 9432 9442 9452
9352 9402 9412 9422 9432 9442 9452
9352 9402 9412 9422 9432 9442 9452
9352 9402 9412 9422 9432 9442 9452
9352 9402 9412 9422 9432 9442 9452
9352 9402 9412 9422 9432 9442 9452
9352 9402 9412 9422 9432 9442 9452
9352 9402 9412 9422 9432 9442 9452
9352 9402 9412 9422 9432 9442 9452
9352 9402 9412 9422 9432 9442 9452
9352 9402 9412 9422 9432 9442 9452
9352 9402 9412 9422 9432 9442 9452
9352 9402 9412 9422 9432 9442 9452
9352 9402 9412 9422 9432 9442 9452
9352 9402 9412 9422 9432 9442 9452
9352 9402 9412 9422 9432 9442 9452
9352 9402 9412 9422 33212 9442 9452
9352 9402 9412 9422 33212 9442 9452
9352 9402 9412 9422 9432 9442 9452
9352 9402 9412 9422 9432 9442 9452
9352 9402 9412 9422 9432 9442 9452
9352 9402 9412 9422 9432 9442 9452
9352 9402 9412 9422 9432 9442 9452
9352 9402 9412 9422 9432 9442 9452
9352 9402 9412 9422 9432 9442 9452
9352 9402 9412 9422 9432 9442 9452
9352 9402 9412 9422 9432 9442 9452
9352 9402 9412 9422 9432 9442 9452
9352 9402 9412 9422 9432 9442 9452
9352 9402 9412 9422 9432 9442 9452
9352 9402 9412 9422 9432 9442 9452
9352 9402 9412 9422 9432 9442 9452
9352 9402 9412 9422 9432 9442 9452
9352 9402 9412 9422 9432 9442 9452
9352 9402 9412 9422 9432 9442 9452
9352 9402 9412 9422 9432 9442 9452
9352 9402 9412 9422 9432 9442 9452
9352 9402 9412 9422 9432 9442 9452
9352 9402 9412 9422 9432 9442 9452
9352 9402 9412 9422 9432 9442 9452
9352 9402 9412 9422 9432 9442 9452
9352 9402 9412 9422 9432 9442 9452
9352 9402 9412 9422 9432 9442 9452
9352 9402 9412 9422 9432 9442 9452
9352 9402 9412 9422 9432 9442 9452
9362 9362 9362 9362 9362 9362 9362
9372 9372 9372 9372 9372 9372 9372
9352 9402 9412 9422 9432 9442 9452
9382 9382 9382 9382 33212 9382 9382
9382 9382 9382 9382 9382 9382 9382
9352 9402 9412 9422 9432 9442 9452
9352 9402 9412 9422 9432 9442 9452
9352 9402 9412 9422 9432 9442 9452
9352 9402 9412 9422 9432 9442 9452
9352 9402 9412 9422 9432 9442 9452
9392 9392 9392 9392 9392 9392 9392
9392 9392 9392 9392 9392 9392 9392
9392 9392 9392 9392 9392 9392 9392
9352 9402 9412 9422 9432 9442 9452
9352 9402 9412 9422 9432 9442 9452
9352 9402 9412 9422 9432 9442 9452
9352 9402 9412 9422 9432 9442 9452
9352 9402 9412 9422 9432 9442 9452
9352 9402 9412 9422 9432 9442 9452
9352 9402 9412 9422 9432 9442 9452
9352 9402 9412 9422 9432 9442 9452
9352 9402 9412 9422 9432 9442 9452
62703 62703 62703
62703 62703 62703
62703 62703 62703
62703 62703 62703
62703 62703 62703
62703 62703 62703
62703 62703 62703
62703 62703 62703
62703 62703 62703
62703 62703 62703
62703 62703 62703
62703 62703 62703
62703 62703 62703
62703 62703 62703
62703 62703 62703
62703 62703 62703
62703 62703 62703
62703 62703 62703
62703 62703 62703
62703 62703 62703
62703 62703 62703
62703 62703 62703
62703 62703 62703
62703 62703 62703
62703 62703 62703
62703 62703 62703
62703 62703 62703
62703 62703 62703
62703 62703 62703
62703 62703 62703
62703 62703 62703
62703 62703 62703
