4036
4016
4098
4078
4137
4228
4148
4048
4052
4056
4089
4308
4171
4109
4187
4211
4127
4278
4041
4180
4257
4239
7448
4166
7458
4023
7454
4249
4320
4302
4305
4333
4353
4456
4520
4418
4486
4504
4531
4547
4364
4367
4370
4618
4396
4357
4469
4540
4572
4556
4577
4566
4589
4584
7491
4340
7483
7487
4594
4599
4603
4607
4647
4653
7481
4660
4665
4663
4671
4714
4691
4828
4725
4814
4786
4749
4839
4767
4730
4795
4882
4808
4862
4852
4802
4694
4887
7513
7521
4901
4908
4678
7517
4905
4912
4763
4921
4924
4927
4919
4931
5100
4980
4951
5015
5033
5063
5111
5079
4995
5103
5037
5072
5136
7547
4938
7543
5067
5046
5057
5096
5145
5150
5148
5155
5221
5186
5197
5266
5277
5232
5242
5175
5314
5330
5300
5208
5323
5347
5365
5374
5355
5380
7568
5162
5295
5305
7572
5385
5388
5493
5455
5393
5439
5557
5424
5414
5504
5528
5485
5541
5578
5521
5413
5568
7604
5470
7595
7599
7591
5400
5600
5597
5603
5666
5608
5678
5714
5655
5629
5739
5725
5633
5774
5699
5628
5753
5758
5636
7617
7625
5765
5745
7621
7613
7629
5615
5770
5796
5798
5825
5804
5867
5935
5852
5910
5951
5919
5836
5902
5878
5974
5928
5824
5980
5960
7646
5985
5946
7638
7642
5811
5966
5969
5989
5998
5996
6002
6038
6059
6082
6022
6137
6049
6065
6152
6105
6115
7659
7663
7655
6044
6009
6126
6130
6121
6134
6238
6194
6162
6216
6205
6183
6227
6250
6260
6303
6281
6271
6219
6295
6174
6312
6319
7685
6265
7677
7673
6169
6286
7681
6329
6332
6335
6337
6399
6343
6388
6364
6411
6376
6455
6422
6446
6432
6497
6363
6440
6466
7708
7713
7696
6394
7704
6512
6350
6472
6485
7700
6490
6494
7694
6521
6575
6597
6542
6553
6564
6586
6616
6608
6533
6589
6645
6640
7730
7722
7726
6528
7734
6651
6655
6660
6658
6853
6859
6860
6861
765
793
6852
6854
6855
6856
6857
6858
6864
6867
6868
6869
7016
773
774
775
777
794
795
6870
6871
6872
6873
6874
6878
6879
6880
6884
6886
6887
6888
7003
7013
6892
6893
6894
6895
6896
6897
6898
6899
6900
6902
7010
6866
6904
6905
6906
6907
6908
6912
6913
6914
6915
6916
6991
6992
6993
7000
7002
7005
6917
6918
6919
6921
6924
6925
6994
6997
7006
7009
7015
833
6885
6926
6927
6928
6929
6930
6931
6932
6933
6934
6935
6936
6937
6938
6939
6940
6941
6942
6943
6995
6996
6998
6999
7001
7004
7007
7008
7011
7012
6901
6903
6944
6945
6946
6947
6948
6949
6950
6954
7014
6955
6956
6957
6958
6959
6960
6961
6962
7874
6963
866
869
870
872
2550
2551
2552
2553
7033
7037
7034
7038
7035
7039
7036
7040
7049
7050
7051
7052
7045
7046
7047
7048
7041
7042
7043
7044
7053
7060
7054
7061
7058
7065
7059
7066
7022
7026
7023
7027
7024
7028
7025
7029
2128
2129
2130
2134
7067
7068
7069
7070
7082
7083
7084
7085
7086
7087
7088
7089
7071
7075
7072
7076
7073
7078
7074
7081
7110
7111
7112
7113
7094
7095
7096
7097
7106
7107
7108
7109
7098
7101
7099
7100
7114
7115
7118
7119
7090
7091
7092
7093
7102
7103
7104
7105
7121
7122
7123
7124
7125
7126
7127
7128
7129
7133
7130
7134
7131
7135
7132
7136
7163
7164
7165
7166
7155
7156
7157
7158
7159
7160
7161
7162
7138
7144
7140
7147
7141
7148
7142
7149
7151
7152
7153
7154
7167
7168
7169
7170
7197
7198
7199
7200
7171
7172
7173
7174
7175
7176
7177
7178
7201
7202
7203
7204
7180
7187
7181
7188
7182
7189
7183
7190
7193
7194
7195
7196
7205
7222
7223
7224
7225
7210
7211
7212
7213
7214
7218
7215
7219
7216
7220
7217
7221
7206
7207
7208
7209
7226
7230
7227
7231
7228
7232
7229
7233
7234
7238
7235
7239
7236
7240
7237
7241
873
2168
876
2171
877
2172
879
2174
2554
2555
2556
2557
7260
7264
7261
7265
7262
7266
7263
7267
7276
7277
7278
7279
7272
7273
7274
7275
7268
7269
7270
7271
7280
7281
7285
7286
7253
7254
7255
7256
2135
2136
2137
2141
7287
7288
7289
7290
7302
7303
7304
7305
7306
7307
7308
7309
7291
7295
7292
7296
7293
7298
7294
7301
7326
7327
7328
7329
7314
7315
7316
7317
7318
7319
7320
7321
7330
7331
7334
7335
7310
7311
7312
7313
7322
7323
7324
7325
7337
7338
7339
7340
7371
7372
7373
7374
7354
7360
7356
7363
7357
7364
7358
7365
7341
7342
7343
7344
7367
7368
7369
7370
7345
7349
7346
7350
7347
7351
7348
7352
7375
7376
7377
7378
7397
7398
7399
7400
7379
7380
7381
7382
7401
7402
7403
7404
7384
7391
7385
7392
7386
7393
7387
7394
7405
7418
7419
7420
7421
7410
7411
7412
7413
7414
7415
7416
7417
7406
7407
7408
7409
7422
7426
7423
7427
7424
7428
7425
7429
3118
3119
3120
3121
3127
3132
3138
3144
6965
6966
6967
6969
6972
6979
6980
6981
6982
6983
6985
6986
6987
6988
6990
7771
7772
7773
7774
7775
7776
7777
7778
7779
7780
7781
7782
7783
7784
7785
7786
7787
7788
7789
7790
7791
7792
7793
7794
7795
7796
7797
7798
7799
7800
7801
7802
7803
7804
7805
7806
7807
7808
7809
7810
7811
7812
7813
7814
7815
7816
7817
7818
7819
7820
7821
7822
7823
7824
7825
7826
7827
7828
7829
7830
7831
7832
7833
7834
7835
7836
7837
7838
7839
7840
7841
7842
7843
7844
7845
7846
7847
7848
7849
7850
7851
7852
7853
7854
7855
7856
