7
4294967295
4
7
8
10
12
8
8
8
27
27
28
27
36
41
46
42
52
52
62
63
75
75
74
74
74
74
75
84
82
4294967295
7
5
7
4
14
8
28
27
27
27
27
41
42
52
52
52
62
63
62
62
76
74
74
74
74
74
80
80
80
78
78
78
82
82
85
85
4294967295
3
3
10
8
11
28
32
41
44
41
52
52
62
71
63
62
62
62
74
74
75
75
74
74
78
78
78
84
82
85
86
4294967295
3
9
8
14
8
28
47
44
41
42
41
52
62
76
74
74
74
76
78
78
84
82
86
4294967295
3
3
4
7
12
8
8
8
28
36
32
41
52
52
71
62
63
76
74
74
75
74
74
84
82
7
4
4294967295
8
10
8
20
36
27
46
42
52
59
52
71
76
74
76
75
74
74
84
84
82
3
4294967295
5
8
20
8
32
44
42
52
52
52
62
62
62
74
74
74
74
74
74
74
74
78
86
85
3
4294967295
4
14
8
27
27
28
42
41
52
52
52
52
62
62
74
74
76
74
74
74
78
78
78
85
85
4294967295
4
8
12
8
8
27
41
52
63
74
74
75
74
76
74
80
80
80
84
3
4
4294967295
4
9
3
3
8
12
28
32
35
46
41
52
52
63
74
74
77
74
74
74
74
83
84
85
85
5
4294967295
3
4
4
4
10
8
27
41
52
52
62
76
76
74
74
76
74
74
74
76
76
75
78
83
82
4294967295
4
7
4
4
4
14
36
44
52
52
62
71
74
74
74
74
74
79
84
85
86
5
7
3
4
10
8
8
25
10
8
8
8
8
10
10
12
8
39
32
27
27
27
27
39
32
27
27
27
27
36
27
27
38
36
27
32
32
42
49
46
47
42
41
44
45
41
42
41
52
52
52
52
52
52
52
52
52
52
52
54
52
52
52
52
52
62
62
71
62
62
62
62
62
62
62
62
74
74
75
74
74
75
75
74
74
75
74
76
75
75
77
74
77
74
74
74
74
76
74
76
74
75
76
74
74
74
78
78
78
78
78
78
78
78
78
78
78
82
82
82
82
82
82
82
82
82
85
4
4
4
4
6
6
6
6
12
12
12
12
12
12
12
12
20
20
20
20
14
14
14
14
12
12
12
12
20
20
20
20
20
20
20
20
8
8
8
8
8
8
8
8
8
8
8
8
20
20
20
20
25
25
25
25
28
28
28
28
24
24
24
24
24
24
24
24
50
50
50
50
42
42
42
42
44
44
44
44
42
42
42
42
50
50
50
50
36
36
36
36
42
42
42
42
51
51
51
51
53
53
53
53
53
53
53
53
53
53
53
53
64
64
64
64
62
62
62
62
62
62
62
62
61
61
61
61
61
61
61
61
61
61
61
61
74
74
74
74
79
79
79
79
74
74
74
74
74
74
74
74
79
79
79
79
74
74
74
74
74
74
74
74
74
74
74
74
81
86
86
86
86
84
84
84
84
85
85
85
85
85
85
85
85
82
82
82
82
86
86
86
86
86
86
86
86
88
88
88
88
88
88
88
88
4
4
4
4
4
4
4
4
6
6
6
6
12
12
12
12
12
12
12
12
20
20
20
20
14
14
14
14
12
12
12
12
20
20
20
20
8
8
8
8
8
8
8
8
20
20
20
20
25
25
25
25
28
28
28
28
24
24
24
24
24
24
24
24
50
50
50
50
42
42
42
42
42
42
42
42
50
50
50
41
36
36
36
36
42
42
42
42
51
51
51
51
62
62
62
62
61
61
61
61
61
61
61
61
53
53
53
53
61
61
61
61
53
53
53
53
53
53
53
53
74
74
74
74
79
79
79
79
74
74
74
74
79
79
79
79
74
74
74
74
74
74
74
74
81
86
86
86
86
84
84
84
84
85
85
85
85
82
82
82
82
86
86
86
86
86
86
86
86
32
3
75
5
3
3
7
5
8
8
8
8
27
39
41
42
52
62
71
76
75
74
75
23
53
42
29
29
53
43
29
29
53
42
29
29
53
42
29
29
56
44
29
29
56
44
29
29
53
42
29
29
53
42
29
29
53
42
29
29
63
53
45
45
63
53
42
42
63
56
42
42
63
53
42
42
71
53
42
42
75
63
53
53
78
63
53
53
76
63
53
53
63
54
52
52
64
46
46
63
54
42
42
47
32
32
53
42
42
