1752 1151
3790 1711
1054 1056
3628 3874
1811 1070
3844 3584
1255 1257 1256 1673
1716 3636 1735
1716 3860 1736
1719 3586 1691
1726 1720 1747
1697 1765 3655 1658 1735
3746 3737 3866
1054 1055 1056 1736
1432 1431 1429
1377 1382 3637 1379
1058 1054 3915 1735
1814 1824 1734
1804 1814 1438 1086 1092
3745 3734 3996 3934 3810
1726 1815 1833 1747
3021 3019 3025 3626 1771
1325 3597 3025 1366 1367
1295 3828 1296 1301 3942
1879 3816 1398 1391 3643
3930 1802 1084 1431 3744
3852 1824 3687 3669 3794
3609 3686 3599 3701 3948
1657 1860 1470 1263 1284
3282 3638 3625 3280 3284
3727 4007 3994 3736 3560
3790 1711
1752 1658
1151 1637 1153
3667 3628 3671
1697 1658
1084 1086 1082 1085
1733 1725
3746 3737 3866
3970 4015 3378 3889 3760
1713 3857 3940 1735
1719 3857 1691
1713 3857 3940 1736
1773 1815 1833
1805 1429 1770 3655
1804 1807 1438 1086 1092
1638 1152 1686 1769
3745 3734 3996 3934 3810
3894 3693 3648 3643 7436
3021 3019 3025 3626 1771
3896 3693 3674 3643 3604
3669 3795 3597 3813 3822
3793 2116 3606 2115
1214 1221 1222 1185 1219
3852 1824 3687 3971 3674
3930 1802 1084 1431 3744
1214 1223 1222 1189 1188
3020 3021 3025 1189 1188
3885 3565 3914 3645 3601
3885 3565 3914 3645 3601
3885 3565 3914 3645 3601
1244 3748 1237 1242
1772 1871 1809 1734 1477
1767 1871 1809 1691 1477
1214 1215 3025 3020 3024
3727 4007 3994 3736 3560
3407 3954 3663 3997 3748
1773 1825 1821 1730 1815
3790 1711
1725 3608 3987
1713 1686
3584 3786 3892
3933 1313 1317 1316 1314
1870 1151 1153
3737 3746 3866
1183 1184 1180 1181
1752 1734 1747
1486 1478 1473 1476
1320 1313 3603 3868 1344
3745 3734 3996 3934 3810
3911 1737 1733 1382 1770
3896 3693 3674 3648 3604
1556 1554 1557 1560 1582
3021 3019 3025 3626 1771
3894 3693 3674 3648 7436
1804 1807 1323 1431 3677
3911 1737 1733 1382 1769
1263 1287 1379 1403 1788
3852 1824 3687 3746 3561
1840 1767 1216 1221 1222
1840 1767 1362 1336 3973
3930 1802 1084 1431 3744
1556 1579 3708 1593 1560
1840 1767 3027 3021 3025
1840 1767 3724 3561 3606
1189 1236 1244 1237 1199
3282 3638 3283 3280
3727 4007 3623 3736 3560
1386 1388 1883 1387 3565
3256 3257 1386 3610 1476
3790 1711
1713 1726 1069 3855
1070 1661 1069
1716 1720
1085 1083 1084 1082
3933 1316 1315 1686 1314
3746 3737 3866
3722 1826 1323 1319 1084
1486 1473 1477 1476
1074 3969 1073 3912 1769
1786 1315 1317 3716
1320 1319 1323 3868 1344
3745 3734 3996 3934 3810
3794 3795 3597 3813 3822
3566 3564 1326 3794 3669
3930 1802 1084 1431 3744
3852 1824 3642 3973 1366
3607 3746 3687 3744 3642
1349 1326 1323 3868 1351
1244 1236 1237 1242
1485 3950 3703 3997 3986
3782 3738 3864 3751 3867
3727 4007 3623 3736 3560
3254 3257 3673 3845 1105
3790 1711
3857 3860 3636
3636 1735
1719 3628
3628 3667 3935
1255 1256 1673
1734 1752
1736 1752
1752 1151 1054
3746 3737 3866
3677 1430 1437 1429
1183 1186 1180 1181
1826 1814 1433 3911
3745 3734 3996 3934 3810
1432 3789 1455 1431 1446
1556 1554 1557 1560 1582
3669 3795 3597 3813 3822
3024 3626 1771 3020 3021
3561 2116 3606 2115
3852 1824 3687 3021 3027
3930 1802 1084 1431 3642
1295 1296 1300 1301 3942
1189 1222 1214 1215 1223
1433 1443 1455 3683 1152
3282 3638 3283 3280
3727 4007 3994 3736 3560
3874 3667 3935
1055 1061
3790 1733
1719 1069 3855
3611 3588 3786 3587
1765 1069 3855
1714 1669 1069 6836 3987
3677 1432 1437 1430 1429
1714 1752 1734
3915 1684 1058 1056
1379 1381 3637 1671 1387
1814 1803 1461 3889 1735
1461 1432 1437 1433 1446
1320 1786 1323 1319 1152
1558 1557 1579 1561 1560
3826 1381 1394 1214 1216
1065 1685 3842 1058
1290 1286 1381 1671 1832
1325 3795 3021 1365 1367
3852 1767 3744 3931 3794
3930 1802 3621 3980 3846
3279 3829 3979 3283 3284
3833 3738 3864 3751 3867
3623 3736 3994 3672 3895
3857 3636 3586
3790 1733
1152 1686 1658
1726 1720 1747
1714 1725 3855
1697 1669 3987
1186 1183 1184 1185
1473 1477 1480 1483 1684
1786 1765 1264 1277
3911 1826 3909 3608
1638 1161 1686 1769
3966 1786 1765 3839 3909
3858 3806 3743 3648 7436
3858 3806 3743 3643 3604
1786 1765 1477 3946 1770
1215 1223 1222 1189 1188
3020 3021 3025 1189 1188
3609 3959 3971 3650 3924
1197 1222 1221 1214 1223
1882 1189 3966 3380 1223
3852 1767 3744 3026 3027
3852 1767 3744 3650 3843
3930 1802 3621 3705 3846
1544 3986 3717 1543 3703
3255 3257 3742 1481 1394
1773 1825 1821 1765 1815
1733 1833 1736
3790 1733
1669 1061 1069
1085 1086 1083 1082
1719 3608 3987 1061
1716 1765 1734
3889 3629 4015 3873
3737 3978 3607
1805 3786 3627 3655 1770
1826 1702 1184
3969 1684 1074 1661 1771
1713 1826 1824 1770 1771
3640 3934 3810 3902
3966 1697 1765 3839 3909
1713 1826 1810 1769 1771
3794 3822 3669 3931 3813
3852 1767 3744 3607 3670
1713 1826 1877 1770 1771
3724 2116 3561 2115
3579 1325 1104 1105 1685
1557 1559 1517 1499 1685
3930 1802 3621 3980 3846
1243 1236 1244 1185 1198
1243 1236 1244 1188 1199
1713 1826 1824 1769 1771
1403 3567 1883 3728 3575
3407 3954 3663 3997 1332
3790 1733
3608 3987 1637
3933 1315 1317 1686 1314
1269 1257 1266
1765 1153 1151
1713 1069 6835 3987
1803 1726 1765
1319 1323 3603 3868 1322
1814 1737 1765 1747
3020 3907 3019 3025 1771
1215 1221 1216 1185 1188
1438 1444 1445 1657 1152
1278 1262 1286 1300 1367
3852 1767 3744 1335 1366
3968 3747 3909 1825 3731
3930 1802 3661 3980 3846
3601 3575 3644 2221 3885
3644 3575 2221 3914
3601 3575 3644 2221 3885
3279 3829 3979 3284
1711 3855
3855 1725 3608
3790 1719
1055 1054
1070 1069 1669 1661
1711 3884
1711 3608
1316 3933 1313 1315 1314
1255 1257 1266 1269
3607 3746 3866
1186 1184 1183 1185
3613 3668 3977 3700
3915 1055 1054 1058
1726 1720 1737
1432 1809 1086 3909 1638
3640 3934 3632 3902
3020 3907 3019 3025 3626
1434 1461 1432 1446 1152
1277 1287 3828 1284 1673
3018 3027 3023 1183 1197
1216 1221 1219 1183 1197
3930 1924 1161 3716 3408
1197 1216 1221 1215 1223
3852 3678 3898 3822 3794
3817 3658 3943 3944 3780
3979 3829 3279 3280 3284
1773 1825 1821 1803 1815
3407 2252 3729 1544 1300
1153 1658 1637 1152
3790 1719
3860 3586 3636
1716 3586
1719 3636
1716 3608 1151
3588 3755 3584
1734 1726
4015 3889 3629 3378 3760
1377 1379 3637 1381 3816
1814 1856 1434 1432 3898
3911 1807 1434 1151 1658
3674 3858 3743 3894 3693
3784 3659 3965 3562
1325 3597 3020 1362 1367
3852 3678 3898 3599 3674
3852 3678 3898 3018 3027
4000 3722 3937 3916 3818
3858 1871 1820 1438 1437
3971 3609 3959 3686 3948
3930 1924 1161 3716 3408
3606 2115 1889 1883 2113
3724 3670 3793 3606 2115
1262 1284 1382 1403 1788
1243 1237 1244 3748 1242
1384 1422 1416 1426 3718
1216 1215 3018 3027 3024
3790 1719
1720 1733
3671 3667 3874
1716 3608 1736
1716 3855 1691
1716 3860 1735
1083 1085 1082
1430 3677 1437
1473 1475 1486 1476
3911 1814 1434 1431 1161
1091 1094 6834 1093
3794 3822 3795 3931 3813
1558 1559 1579 1561 1560
1558 1579 1592 1593 1560
3852 3678 3898 1362 1366
3917 1320 1326 3597 3795
3930 1924 1161 3716 3408
3852 3678 3898 3642 2115
3781 3706 3702 3985
3782 3738 3833 3751 3867
1403 1386 1883 1387 3565
3255 3257 1492 1091 3989
1152 1055
1736 3884 1637
1735 3884 1637
1691 3884 1637
3755 1316 1152
1315 1730
3935 3671 1055
4015 1152
3655 1314
1316 3611
1315 3755
1317 3588
1702 1833
3588 1317
3611 1266
1269 1085
3855 1702
3637 3873 1186
1181 1180
3760 3584
1743 3816 1070
3987 1055
1314 1317
3816 1055
1186 1256
1055 3987
1743 1812 1811
1743 3816 1730
3587 1429
1429 1314 1317
3667 3970 1256
1317 3588 1266
1065 3816 4015 1185
1429 3816 1055 1185
1833 1743 3987 3760
1183 3816 1181 1185
1180 3378 1661
3947 6836 3637
1447 1319 1664
3915 1321 1663
1189 1094 1665
6835 3594 3816
1152 3844 1085
1478 3839 3594
6834 1483 1314
1322 3974 3642
3409 1480 1286
3912 3603 1279
1431 1475 3926
1316 4015 3933 6836
3839 3753 1189 3909
3839 3578 1399 3909
1094 3753 3969 3909
1094 3578 1478 3909
1480 3753 1743 1730
6836 3594 3974
1181 3926 1319
1197 1114 3376
1189 1402 3376
1172 1067 3818 3917
3621 1065 3716 1263
3723 3915 3722 1319
3753 3627 3578 1433
1664 1663 1665 1286
1684 1185 1671 6836
6834 1382 3926 6836
6834 1399 3020 6836
1554 3019 1480
3858 1336 1480
1257 1559 3816
1256 3643 1398
3594 1557 1554 3637
3662 1398 1433
1478 1332 1140 3969
1483 3648 3405 3969
1264 1263 1279 1284
1847 3924 1188 3380
1185 1592 3018
1443 1278 1336 3564
3669 1215 1403 1558
3794 1216 1362 3917
3373 1262 3639 1557
1443 1278 1336 3564
3669 1215 1403 1558
3794 1216 1362 3917
3373 1262 3639 1557
3580 4014 3673 3018
1365 3599 3643 4005
1325 3769 3597 3670
1275 3769 3669 3561
1592 3850 3794 3724
3967 3020 1847 1730
1518 3019 1480 1671
1480 3987 6836 1188
3967 3753 3564 3882
1847 4014 3580 3850
3597 1214 3380 1278
1365 1290 3769 3599
3597 1214 3380 1278
1365 1290 3769 3599
1556 3643 3858 1295
1499 1579 3642 1402
1403 1296 1216 1592
3744 1300 1215 1592
1730 1437 3753 1325
1730 1437 3882 3834
1367 4013 1216 3701
3861 3717 1296 3830
3850 3689 3894 1325
1290 1160 1300 1185
4014 3689 3907 1200
3633 3580 3639 3567
1104 3650 1557 3787 1198
1362 1325 1499 1143 3919
3379 3997 3565 3941 3647
3673 1200 1146 3787 1575
3747 3601 3971 1576 3826
1300 1423 1386 1842 1935
1362 3689 1262 3610 2114
1460 1443 3793 3867 3847
3769 3952 3993 4010 1879
3556 1200 7437 3567 3811
3682 3997 1244 3833 3914
3407 3634 3870 7435 3718
1575 3782 3867 7437 1426
3554 3560
1543 3713 1422 2225 3830
1728 1688
1728 1688
1728 1688
1728 1688
1728 1756
1728 1756
1728 1756
1728 1756
1739 1702
1739 1702
1739 1702
1739 1702
1739 1702
1739 1702
1739 1702
1739 1702
1700 1756
1700 1756
1700 1756
1700 1756
1728 1816
1728 1816
1728 1816
1728 1816
1751 1753
1751 1753
1751 1753
1751 1753
1816 1700
1751 1702
1816 1700
1751 1702
1816 1700
1751 1702
1816 1700
1751 1702
1816 1753
1816 1753
1816 1753
1816 1753
1816 1753
1816 1753
1816 1753
1816 1753
1700 1756
1700 1756
1700 1756
1700 1756
1700 1702
1700 1702
1700 1702
1700 1702
1700 1756
1700 1756
1700 1756
1700 1756
1729 1688
1729 1688
1729 1688
1729 1688
1728 1756
1753 1688
1728 1756
1753 1688
1728 1756
1753 1688
1728 1756
1753 1688
1700 1702
1700 1702
1700 1702
1700 1702
1728 1688 1816
1728 1688 1816
1728 1688 1816
1728 1688 1816
1739 3568
1739 3568
1739 3568
1739 3568
1700 3568
1700 3568
1700 3568
1700 3568
1729 1757 1688
1729 1757 1688
1729 1757 1688
1729 1757 1688
1728 1751 1756
1728 1751 1756
1728 1751 1756
1728 1751 1756
1753 1751 1756
1753 1751 1756
1753 1751 1756
1753 1751 1756
1700 1729 1757
1700 1729 1757
1700 1729 1757
1700 1729 1757
1728 1816 3568
1728 1816 3568
1728 1816 3568
1728 1816 3568
1760 1790 1688
1760 1790 1688
1760 1790 1688
1760 1790 1688
1760 1790 1688
1760 1790 1688
1760 1790 1688
1760 1790 1688
1729 1688 1760
1729 1688 1760
1729 1688 1760
1729 1688 1760
1728 1763 1823
1728 1763 1823
1728 1763 1823
1728 1763 1823
1823 1728 1790
1823 1728 1790
1823 1728 1790
1823 1728 1790
1760 1751 1753
1753 1760 3568
1760 1751 1753
1753 1760 3568
1760 1751 1753
1753 1760 3568
1760 1751 1753
1753 1760 3568
1729 1790 3568
1729 1790 3568
1729 1790 3568
1729 1790 3568
1739 3568 1763
1739 3568 1763
1739 3568 1763
1739 3568 1763
1816 1728 1881 1756
1816 1728 1881 1756
1816 1728 1881 1756
1816 1728 1881 1756
1760 1813 1790
1760 1813 1790
1760 1813 1790
1760 1813 1790
1830 1823 1688
1830 1823 1688
1830 1823 1688
1830 1823 1688
1739 1830 1763 3568
1739 1830 1763 3568
1739 1830 1763 3568
1739 1830 1763 3568
1820 1993
1760 1884 1993
1820 1993
1760 1884 1993
1820 1993
1760 1884 1993
1820 1993
1760 1884 1993
1891 1753 1858
1891 1753 1858
1891 1753 1858
1891 1753 1858
1813 1823 1884 1860
1739 1884 1881 3568
1739 1884 1881 3568
1739 1884 1881 3568
1739 1884 1881 3568
1891 1813 1881 1860
1891 1813 1881 1860
1891 1813 1881 1860
1891 1813 1881 1860
1700 1763 1695 1858
1700 1790 1695 1723
1700 1763 1695 1858
1700 1790 1695 1723
1700 1763 1695 1858
1700 1790 1695 1723
1700 1763 1695 1858
1700 1790 1695 1723
1790 1830 1763 1858
1790 1830 1763 1858
1790 1830 1763 1858
1790 1830 1763 1858
1891 1813 1784 1820
1884 1841 1784 1820
1891 1813 1784 1820
1884 1841 1784 1820
1891 1813 1784 1820
1884 1841 1784 1820
1891 1813 1784 1820
1884 1841 1784 1820
1841 1890 1729 1935
1841 1890 1763 1935
1841 1890 1729 1935
1841 1890 1763 1935
1841 1890 1729 1935
1841 1890 1763 1935
1841 1890 1729 1935
1841 1890 1763 1935
1816 1702
1728 1688
1816 1702
1728 1688
1816 1702
1728 1688
1816 1702
1728 1688
1728 1756
1728 1756
1728 1756
1728 1756
1739 1702
1739 1702
1739 1702
1739 1702
1739 1702
1739 1702
1739 1702
1739 1702
1700 1756
1700 1756
1700 1756
1700 1756
1728 1816
1728 1816
1728 1816
1728 1816
1751 1753
1751 1753
1751 1753
1751 1753
1751 1688
1751 1688
1751 1688
1751 1688
1728 1816
1728 1816
1728 1816
1728 1816
1700 1756
1700 1756
1700 1756
1700 1756
1700 1702
1700 1702
1700 1702
1700 1702
1739 1751
1739 1751
1739 1751
1739 1751
1729 1688
1729 1688
1729 1688
1729 1688
1751 1702
1757 1756
1751 1702
1757 1756
1751 1702
1757 1756
1751 1702
1757 1756
1728 1816 1702
1728 1816 1702
1728 1816 1702
1728 1816 1702
1728 1688 1816
1728 1688 1816
1728 1688 1816
1728 1688 1816
1751 1753
1751 1753
1751 1753
1751 1753
1729 1757 1688
1729 1757 1688
1729 1757 1688
1729 1757 1688
1728 1751 1756
1728 1751 1756
1728 1751 1756
1728 1751 1756
1753 1751 1756
1753 1751 1756
1753 1751 1756
1753 1751 1756
1700 1729 1757
1700 1729 1757
1700 1729 1757
1700 1729 1757
1728 1763 1702
1728 1763 1702
1728 1763 1702
1728 1763 1702
1760 1751 1753
1751 1823 1688
1760 1751 1753
1751 1823 1688
1760 1751 1753
1751 1823 1688
1760 1751 1753
1751 1823 1688
1728 1816 3568
1728 1816 3568
1728 1816 3568
1728 1816 3568
1729 1790 3568
1729 1790 3568
1729 1790 3568
1729 1790 3568
1760 1790 1688
1760 1790 1688
1760 1790 1688
1760 1790 1688
1760 1790 1688
1760 1790 1688
1760 1790 1688
1760 1790 1688
1728 1830 1884 1881
1728 1830 1884 1881
1728 1830 1884 1881
1728 1830 1884 1881
1751 1790 1823 1695
1751 1790 1823 1695
1751 1790 1823 1695
1751 1790 1823 1695
1881 1813 1891 1858
1881 1813 1891 1858
1881 1813 1891 1858
1881 1813 1891 1858
1700 1813 1751 1881
1700 1813 1751 1881
1700 1813 1751 1881
1700 1813 1751 1881
1700 1884 1858
1700 1884 1858
1700 1884 1858
1700 1884 1858
1700 1884 1858
1700 1884 1858
1700 1884 1858
1700 1884 1858
1813 1823 1884 1860
1739 1884 1881 3568
1739 1884 1881 3568
1739 1884 1881 3568
1739 1884 1881 3568
1891 1813 1881 1860
1891 1813 1881 1860
1891 1813 1881 1860
1891 1813 1881 1860
1700 1763 1695 1858
1700 1763 1695 1858
1700 1763 1695 1858
1700 1763 1695 1858
1790 1830 1881 1858
1790 1830 1881 1858
1790 1830 1881 1858
1790 1830 1881 1858
1891 1813 1784 1820
1884 1841 1784 1820
1891 1813 1784 1820
1884 1841 1784 1820
1891 1813 1784 1820
1884 1841 1784 1820
1891 1813 1784 1820
1884 1841 1784 1820
1186 1181 1180
3857 3884
1295 1197 1518 1326 1219
1152 3940
1743 1055
3586 1637
1702 1669
1152 1055
3636 1070 1152
3933 1315 1313
3935 1702 3987
1316 3584 1256
1255 1257 1382
1382 3892 1658
3637 1181 1189
6836 3684 3376
6836 3969 1381 1856
1743 3816 1402 1407
1559 3648 1093
3561 3662 1367 3947 3024
1301 3639 1216 1366 1387
3662 1554 3724 1154
3843 1300 3685 1592
3552
3553 1771
3553 1771
3552 1736
3552 1736
3553 1770
3553 1770
3552 1735
3552 1735
3553 1769
3553 1769
3552 1691
3552 1691
3553 1768
3553 1768
3552 1734
3552 1734
3553 1407
3553 1480
3552 3935
3552 3935
3553 1407
3553 1480
3552 1661
3552 1661
3553 1446
3553 3409
3552 3587
3552 3587
3553 1446
3553 3409
3552 3587
3552 3587
3553 1199
3553 3947
3552 3844
3552 3844
3553 1093
3553 3946
3553 1093
3553 1093
3553 3806
3553 3745
3553 3873
3553 3873
3553 1480
3553 1407
3553 1387
3553 1387
3553 1391
3553 3723
3553 3636
3553 3636
3553 1561
3553 3760
3553 1321
3553 1321
3554 3830
3553 3743
3553 3946
3553 3946
3554 3986
3553 3626
3553 3892
3553 3892
3554 1367
3553 3813
3553 3746
3553 3746
3553 3868
3553 3705
3553 3902
3553 3902
3553 1335
3553 3376
3553 3376
3553 3024
3553 3705
3553 1152
3553 1152
3553 1199
3552 1185
3552 1185
3553 1199
3553 1185
3553 1185
