314
896
50
739
351
949
121
288
288
289
294
275
854
50
192
169
53
354
346
853
294
603
155
139
402
1030
956
720
256
641
835
896
314
82
777
275
64
299
854
1070
286
289
286
328
347
346
254
853
996
603
998
779
899
106
956
1030
106
602
987
987
987
120
327
322
106
835
654
328
896
293
286
695
1033
394
845
92
314
221
151
853
1012
998
234
603
996
346
1012
125
956
372
372
1030
234
372
372
97
641
835
174
635
896
286
59
288
65
1033
854
830
221
61
333
151
853
900
678
1030
956
718
163
120
220
888
835
633
896
960
747
289
739
121
300
302
314
854
787
92
363
853
192
234
779
605
673
956
1030
139
97
193
641
835
977
51
896
289
722
321
287
787
287
1016
170
354
207
151
236
931
56
138
155
956
1030
639
938
734
960
896
83
294
287
275
95
212
333
1012
254
1066
961
961
333
107
602
720
99
404
956
956
1030
232
634
328
299
896
262
65
289
288
991
845
347
363
1069
286
751
1066
286
900
956
286
832
690
235
1030
119
119
286
182
654
896
719
1033
129
321
286
345
150
354
602
107
196
133
956
1068
1030
712
755
712
639
285
958
896
51
59
285
285
148
121
718
95
724
1016
294
192
751
602
194
132
600
108
1030
99
956
923
1079
328
654
84
896
963
288
289
288
699
300
1115
169
354
1012
784
890
155
956
956
1100
961
1071
1030
717
832
124
119
173
108
896
290
781
288
288
288
63
190
212
1012
67
900
236
236
956
1018
1030
956
887
888
182
634
83
302
301
270
862
147
1035
1115
766
148
147
149
277
699
722
129
958
748
91
867
307
1087
146
922
95
51
307
307
698
189
777
149
56
189
367
92
90
1047
202
1016
97
3935
83
216
3934
153
656
1013
191
148
944
944
70
70
217
3936
91
99
97
89
732
831
861
260
265
3934
3934
233
961
123
122
705
773
216
219
126
375
94
198
779
900
644
198
779
900
644
691
166
155
131
249
1067
229
217
1067
375
708
166
708
166
234
225
182
852
298
298
168
964
955
138
1114
744
71
165
650
783
855
142
165
206
875
668
791
654
243
4964
231
296
296
296
296
296
296
296
296
304
304
304
304
304
304
304
304
276
276
276
276
296
296
296
296
313
313
313
313
356
313
356
313
356
313
356
313
356
356
356
356
356
356
356
356
276
276
276
276
276
276
276
276
276
276
276
276
297
297
297
297
296
315
296
315
296
315
296
315
276
276
276
276
296
296
296
296
304
304
304
304
276
276
276
276
297
297
297
297
296
296
296
296
315
315
315
315
276
276
276
276
296
296
296
296
319
319
319
319
319
319
319
319
297
297
297
297
296
296
296
296
360
360
360
360
319
315
319
315
319
315
319
315
297
297
297
297
304
304
304
304
356
356
356
356
319
319
319
319
364
364
364
364
304
304
304
304
358
319
358
319
358
319
358
319
411
411
411
411
353
304
304
304
304
411
411
411
411
276
276
276
276
276
276
276
276
335
335
335
335
411
406
411
406
411
406
411
406
373
373
373
373
373
373
373
373
356
296
356
296
356
296
356
296
296
296
296
296
304
304
304
304
304
304
304
304
276
276
276
276
296
296
296
296
313
313
313
313
313
313
313
313
296
296
296
296
276
276
276
276
276
276
276
276
304
304
304
304
297
297
297
297
313
317
313
317
313
317
313
317
296
296
296
296
296
296
296
296
313
313
313
313
297
297
297
297
296
296
296
296
315
315
315
315
276
276
276
276
296
296
296
296
319
313
319
313
319
313
319
313
296
296
296
296
297
297
297
297
319
319
319
319
319
319
319
319
296
296
296
296
313
313
313
313
403
403
403
403
276
276
276
276
276
276
276
276
276
276
276
276
353
304
304
304
304
411
411
411
411
276
276
276
276
335
335
335
335
411
406
411
406
411
406
411
406
95
960
139
83
307
697
277
83
747
1033
1035
148
121
172
748
3936
3936
307
237
673
143
773
948
4861
4868
4868
4868
4868
4868
4868
4868
4868
4868
4868
4868
4868
4868
4868
4868
4868
4868
4868
4868
4868
4868
4868
4868
4868
4868
4868
4868
4868
4868
4868
4868
4868
4868
4868
4868
4868
4868
4868
4868
4868
4868
4868
4868
4868
4868
4868
4868
4868
4868
4868
4868
4868
4868
4868
4868
4868
4868
4868
4868
4868
4868
4868
4868
4868
4868
4868
4868
4868
4868
4868
4868
4868
4868
4868
4868
4868
4868
4868
4868
4868
4868
4868
4868
4868
4868
