1980
1978
1985
1979
1975
1982
1983
1999
1989
1988
1991
1976
1984
1986
1981
1992
1987
1998
2001
1990
1997
1993
2702
2002
2704
1977
2703
1994
2000
1995
1996
1923
1927
1924
1930
1925
1928
1921
1931
1922
1950
1947
1948
1951
1926
1952
1929
1932
1935
1933
1949
1934
1937
1936
2692
1946
2694
2695
1938
1939
1953
1940
1941
1942
2693
1943
1945
1944
1870
1872
1871
1874
1878
1882
1881
1873
1883
1877
1875
1879
1886
1898
1885
1884
1880
1893
1887
2688
2687
1894
1896
1892
2689
1895
1897
1876
1889
1890
1891
1888
1899
1909
1900
1910
1901
1904
1903
1917
1908
1902
1919
1905
1907
1911
2691
1915
2690
1916
1918
1906
1920
1912
1914
1913
2040
2059
2048
2055
2041
2043
2058
2057
2045
2056
2042
2044
2060
2047
2061
2050
2051
2049
2052
2712
2054
2063
2046
2713
2062
2053
2024
2030
2021
2025
2028
2023
2027
2022
2020
2026
2031
2038
2029
2039
2032
2708
2037
2711
2709
2710
2035
2036
2033
2034
1807
1801
1806
1805
1810
1802
1808
1811
1803
1820
1809
1821
1813
1819
1804
2677
2679
1814
1812
2678
2676
2675
1818
1815
1816
1817
1830
1822
1828
1832
1826
1823
1827
1824
1825
1843
1829
1837
1831
1845
1838
1834
2680
1839
1833
2681
2682
1844
1835
1836
1840
1842
1841
2007
2017
2011
2003
2004
2009
2006
2010
2018
2012
2013
2706
2707
2705
2008
2005
2127
2019
2126
2016
1850
1847
1846
1848
1851
1854
1856
1849
1852
1867
1864
1853
1865
1858
1869
1866
1859
2686
1855
2684
2683
1863
1857
2685
1868
1860
1861
1862
1961
1955
1960
1956
1957
1959
1958
1964
1954
1962
1972
1974
1963
1971
2701
2696
2698
1970
2700
1973
1969
2128
1966
2699
1967
1968
2697
2065
2064
2071
2067
2068
2069
2070
2066
2072
2081
2080
2074
2073
2717
2715
2716
2079
2714
2078
2075
2077
2076
2130
2136
2137
2138
2112
2113
2129
2131
2132
2133
2134
2135
2140
2248
2249
2250
2251
2117
2110
2111
2116
2114
2115
2143
2144
2145
2146
2147
2151
2152
2339
2155
2157
2158
2159
2341
2340
2160
2161
2162
2163
2164
2165
2166
2167
2168
2170
2380
2142
2172
2173
2174
2175
2176
2177
2178
2179
2180
2181
2445
2443
2444
2440
2441
2442
2182
2183
2184
2185
2186
2187
2502
2381
2500
2501
2503
2118
2156
2188
2189
2190
2191
2192
2193
2194
2195
2196
2197
2198
2199
2200
2201
2202
2674
2203
2204
2540
2541
2542
2543
2536
2537
2534
2535
2538
2539
2169
2171
2205
2206
2207
2208
2209
2210
2211
2212
2611
2213
2214
2215
2216
2217
2218
2219
2220
2804
2221
2109
2108
2107
2106
2089
2088
2087
2086
2263
2267
2264
2268
2265
2269
2266
2270
2279
2280
2281
2282
2275
2276
2277
2278
2271
2272
2273
2274
2283
2290
2284
2291
2288
2295
2289
2296
2252
2256
2253
2257
2254
2258
2255
2259
2097
2096
2095
2094
2297
2298
2299
2300
2353
2354
2355
2356
2357
2358
2359
2360
2342
2346
2343
2347
2344
2349
2345
2352
2402
2403
2404
2405
2386
2387
2388
2389
2398
2399
2400
2401
2390
2393
2391
2392
2406
2407
2410
2411
2382
2383
2384
2385
2394
2395
2396
2397
2446
2447
2448
2449
2450
2451
2452
2453
2454
2458
2455
2459
2456
2460
2457
2461
2530
2531
2532
2533
2522
2523
2524
2525
2526
2527
2528
2529
2505
2511
2507
2514
2508
2515
2509
2516
2518
2519
2520
2521
2544
2545
2546
2547
2574
2575
2576
2577
2548
2549
2550
2551
2552
2553
2554
2555
2578
2579
2580
2581
2557
2564
2558
2565
2559
2566
2560
2567
2570
2571
2572
2573
2612
2630
2631
2632
2633
2618
2619
2620
2621
2622
2626
2623
2627
2624
2628
2625
2629
2614
2615
2616
2617
2634
2638
2635
2639
2636
2640
2637
2641
2642
2646
2643
2647
2644
2648
2645
2649
2105
2101
2104
2100
2103
2099
2102
2098
2085
2084
2083
2082
2308
2312
2309
2313
2310
2314
2311
2315
2324
2325
2326
2327
2320
2321
2322
2323
2316
2317
2318
2319
2328
2329
2333
2334
2301
2302
2303
2304
2093
2092
2091
2090
2335
2336
2337
2338
2372
2373
2374
2375
2376
2377
2378
2379
2361
2365
2362
2366
2363
2368
2364
2371
2429
2430
2431
2432
2417
2418
2419
2420
2421
2422
2423
2424
2433
2434
2437
2438
2413
2414
2415
2416
2425
2426
2427
2428
2462
2463
2464
2465
2496
2497
2498
2499
2479
2485
2481
2488
2482
2489
2483
2490
2466
2467
2468
2469
2492
2493
2494
2495
2470
2474
2471
2475
2472
2476
2473
2477
2582
2583
2584
2585
2603
2604
2605
2606
2586
2587
2588
2589
2607
2608
2609
2610
2590
2597
2591
2598
2592
2599
2593
2600
2613
2662
2663
2664
2665
2654
2655
2656
2657
2658
2659
2660
2661
2650
2651
2652
2653
2666
2670
2667
2671
2668
2672
2669
2673
2119
2120
1800
2121
2122
2123
2124
2125
2222
2223
2224
2225
2226
2227
2228
2229
2230
2231
2232
2233
2234
2235
2236
2718
2767
2739
2719
2720
2768
2740
2721
2722
2769
2741
2723
2724
2770
2742
2725
2726
2771
2743
2727
2728
2772
2744
2729
2730
2773
2745
2731
2732
2774
2746
2733
2734
2775
2747
2735
2736
2791
2776
2748
2749
2792
2777
2750
2751
2793
2778
2752
2753
2794
2779
2754
2755
2795
2780
2756
2757
2801
2796
2781
2782
2802
2797
2783
2784
2803
2798
2785
2786
2799
2787
2758
2759
2788
2760
2761
2800
2789
2762
2763
2764
2737
2738
2790
2765
2766
