38801
38801
38801
38801
38801
38801
38801
38801
38801
38801
38801
38801
38801
38801
38801
38801
38801
38801
38801
38801
38801
38801
38801
38801
38801
38801
38801
38801
38801
38801
2412
2412
2412
2412
2412
2412
2412
2412
2412
2412
2412
2412
2412
2412
2412
2412
2412
2412
2412
2412
2412
2412
2412
2412
2412
2412
2412
2412
2412
2412
2412
2412
2412
2412
2412
2412
2412
2412
2412
2412
2412
2412
2412
2412
2412
2412
2412
2412
2412
2412
2983
2983
2983
2983
2983
2983
2983
2983
2983
2983
2983
2983
2983
2983
2983
2983
2983
2983
2983
2983
2983
2983
2983
2983
2983
2983
2983
2983
2983
2983
2983
2983
2983
2983
2983
2983
2983
2983
2983
2983
2983
2983
2983
2983
2983
2983
2983
2983
2983
3224 13334 13344 13354 13364 13374 13384
3224 13334 13344 13354 13364 13374 13384
3224 13334 13344 13354 13364 13374 13384
3224 13334 13344 13354 13364 13374 13384
3224 13334 13344 13354 13364 13374 13384
3224 13334 13344 13354 13364 13374 13384
3224 13334 13344 13354 13364 13374 13384
3224 13334 13344 13354 13364 13374 13384
3224 13334 13344 13354 13364 13374 13384
3224 13334 13344 13354 13364 13374 13384
3224 13334 13344 13354 13364 13374 13384
3224 13334 13344 13354 13364 13374 13384
3224 13334 13344 13354 13364 13374 13384
3224 13334 13344 13354 13364 13374 13384
3224 13334 13344 13354 13364 13374 13384
3224 13334 13344 13354 13364 13374 13384
3224 13334 13344 13354 13364 13374 13384
3224 13334 13344 13354 13364 13374 13384
3224 13334 13344 13354 13364 13374 13384
3224 13334 13344 13354 13364 13374 13384
3224 13334 13344 13354 13364 13374 13384
3224 13334 13344 13354 13364 13374 13384
3224 13334 13344 13354 13364 13374 13384
3224 13334 13344 13354 13364 13374 13384
3224 13334 13344 13354 13364 13374 13384
3224 13334 13344 13354 13364 13374 13384
3224 13334 13344 13354 13364 13374 13384
3224 13334 13344 13354 13364 13374 13384
3224 13334 13344 13354 13364 13374 13384
3224 13334 13344 13354 13364 13374 13384
3224 13334 13344 13354 13364 13374 13384
3224 13334 13344 13354 13364 13374 13384
3224 13334 13344 13354 13364 13374 13384
3224 13334 13344 13354 13364 13374 13384
3224 13334 13344 13354 13364 13374 13384
3224 13334 13344 13354 13364 13374 13384
3224 13334 13344 13354 13364 13374 13384
3224 13334 13344 13354 13364 13374 13384
3224 13334 13344 13354 13364 13374 13384
3224 13334 13344 13354 13364 13374 13384
3224 13334 13344 13354 13364 13374 13384
3224 13334 13344 13354 13364 13374 13384
3224 13334 13344 13354 13364 13374 13384
3224 13334 13344 13354 13364 13374 13384
3224 13334 13344 13354 13364 13374 13384
3224 13334 13344 13354 13364 13374 13384
3224 13334 13344 13354 13364 13374 13384
3224 13334 13344 13354 13364 13374 13384
3224 13334 13344 13354 13364 13374 13384
3224 13334 13344 13354 13364 13374 13384
3224 13334 13344 13354 13364 13374 13384
3224 13334 13344 13354 13364 13374 13384
3224 13334 13344 13354 13364 13374 13384
3224 13334 13344 13354 13364 13374 13384
3224 13334 13344 13354 13364 13374 13384
3224 13334 13344 13354 13364 13374 13384
3224 13334 13344 13354 13364 13374 13384
3224 13334 13344 13354 13364 13374 13384
3224 13334 13344 13354 13364 13374 13384
3224 13334 13344 13354 13364 13374 13384
3224 13334 13344 13354 13364 13374 13384
3224 13334 13344 13354 13364 13374 13384
3224 13334 13344 13354 13364 13374 13384
3224 13334 13344 13354 13364 13374 13384
3224 13334 13344 13354 13364 13374 13384
3224 13334 13344 13354 13364 13374 13384
3224 13334 13344 13354 13364 13374 13384
35515 35525 35535 35545 35555 35565 35575
35515 35525 35535 35545 35555 35565 35575
35515 35525 35535 35545 35555 35565 35575
35515 35525 35535 35545 35555 35565 35575
35515 35525 35535 35545 35555 35565 35575
35515 35525 35535 35545 35555 35565 35575
35515 35525 35535 35545 35555 35565 35575
35515 35525 35535 35545 35555 35565 35575
35515 35525 35535 35545 35555 35565 35575
35515 35525 35535 35545 35555 35565 35575
35515 35525 35535 35545 35555 35565 35575
35515 35525 35535 35545 35555 35565 35575
35515 35525 35535 35545 35555 35565 35575
35515 35525 35535 35545 35555 35565 35575
35515 35525 35535 35545 35555 35565 35575
35515 35525 35535 35545 35555 35565 35575
35515 35525 35535 35545 35555 35565 35575
35515 35525 35535 35545 35555 35565 35575
35515 35525 35535 35545 35555 35565 35575
35515 35525 35535 35545 35555 35565 35575
35515 35525 35535 35545 35555 35565 35575
35515 35525 35535 35545 35555 35565 35575
35515 35525 35535 35545 35555 35565 35575
35515 35525 35535 35545 35555 35565 35575
35515 35525 35535 35545 35555 35565 35575
35515 35525 35535 35545 35555 35565 35575
35515 35525 35535 35545 35555 35565 35575
35515 35525 35535 35545 35555 35565 35575
35515 35525 35535 35545 35555 35565 35575
35515 35525 35535 35545 35555 35565 35575
35515 35525 35535 35545 35555 35565 35575
35515 35525 35535 35545 35555 35565 35575
35515 35525 35535 35545 35555 35565 35575
35515 35525 35535 35545 35555 35565 35575
35515 35525 35535 35545 35555 35565 35575
35515 35525 35535 35545 35555 35565 35575
35515 35525 35535 35545 35555 35565 35575
35515 35525 35535 35545 35555 35565 35575
35515 35525 35535 35545 35555 35565 35575
35515 35525 35535 35545 35555 35565 35575
35515 35525 35535 35545 35555 35565 35575
35515 35525 35535 35545 35555 35565 35575
35515 35525 35535 35545 35555 35565 35575
35515 35525 35535 35545 35555 35565 35575
35515 35525 35535 35545 35555 35565 35575
35515 35525 35535 35545 35555 35565 35575
35515 35525 35535 35545 35555 35565 35575
35515 35525 35535 35545 35555 35565 35575
35515 35525 35535 35545 35555 35565 35575
35515 35525 35535 35545 35555 35565 35575
35515 35525 35535 35545 35555 35565 35575
35515 35525 35535 35545 35555 35565 35575
35515 35525 35535 35545 35555 35565 35575
35515 35525 35535 35545 35555 35565 35575
35515 35525 35535 35545 35555 35565 35575
35515 35525 35535 35545 35555 35565 35575
35515 35525 35535 35545 35555 35565 35575
35515 35525 35535 35545 35555 35565 35575
35515 35525 35535 35545 35555 35565 35575
35515 35525 35535 35545 35555 35565 35575
35515 35525 35535 35545 35555 35565 35575
35515 35525 35535 35545 35555 35565 35575
35515 35525 35535 35545 35555 35565 35575
35515 35525 35535 35545 35555 35565 35575
35515 35525 35535 35545 35555 35565 35575
35515 35525 35535 35545 35555 35565 35575
35515 35525 35535 35545 35555 35565 35575
35515 35525 35535 35545 35555 35565 35575
35515 35525 35535 35545 35555 35565 35575
35515 35525 35535 35545 35555 35565 35575
35515 35525 35535 35545 35555 35565 35575
35515 35525 35535 35545 35555 35565 35575
35515 35525 35535 35545 35555 35565 35575
35515 35525 35535 35545 35555 35565 35575
35515 35525 35535 35545 35555 35565 35575
35515 35525 35535 35545 35555 35565 35575
35515 35525 35535 35545 35555 35565 35575
35515 35525 35535 35545 35555 35565 35575
35515 35525 35535 35545 35555 35565 35575
35515 35525 35535 35545 35555 35565 35575
35515 35525 35535 35545 35555 35565 35575
35515 35525 35535 35545 35555 35565 35575
35515 35525 35535 35545 35555 35565 35575
35515 35525 35535 35545 35555 35565 35575
35515 35525 35535 35545 35555 35565 35575
35515 35525 35535 35545 35555 35565 35575
35515 35525 35535 35545 35555 35565 35575
35515 35525 35535 35545 35555 35565 35575
35515 35525 35535 35545 35555 35565 35575
35515 35525 35535 35545 35555 35565 35575
35515 35525 35535 35545 35555 35565 35575
35515 35525 35535 35545 35555 35565 35575
35515 35525 35535 35545 35555 35565 35575
35515 35525 35535 35545 35555 35565 35575
35515 35525 35535 35545 35555 35565 35575
35515 35525 35535 35545 35555 35565 35575
35515 35525 35535 35545 35555 35565 35575
