84641
84641
84641
84641
84641
84641
84641
84641
84641
84641
84641
84641
84641
84641
84641
84641
84641
84641
84641
84641
84641
84641
84641
84641
84641
84641
84641
84641
84641
84641
6912 6962 6972 6982
6912 6962 6972 6982
6912 6962 6972 6982
6912 6962 6972 6982
6912 6962 6972 6982
6912 6962 6972 6982
6912 6962 6972 6982
6912 6962 6972 6982
6912 6962 6972 6982
6912 6962 6972 6982
6912 6962 6972 6982
6912 6962 6972 6982
6912 6962 6972 6982
6912 6962 6972 6982
6912 6962 6972 6982
6912 6962 6972 6982
6912 6962 6972 6982
6912 6962 6972 6982
6912 6962 6972 6982
6912 6962 6972 6982
6912 6962 6972 6982
6912 6962 6972 6982
6912 6962 6972 6982
6912 6962 6972 6982
6912 6962 6972 6982
6912 6962 6972 6982
6912 6962 6972 6982
6912 6962 6972 6982
6912 6962 6972 6982
6912 6962 6972 6982
6912 6962 6972 6982
6912 6962 6972 6982
6912 6962 6972 6982
6912 6962 6972 6982
6912 6962 6972 6982
6912 6962 6972 6982
6912 6962 6972 6982
6912 6962 6972 6982
6922 6922 6922 6922
6932 6932 6932 6932
6912 6962 6972 6982
6942 6942 6942 6942
6942 6942 6942 6942
6912 6962 6972 6982
6912 6962 6972 6982
6952 6952 6952 6952
6912 6962 6972 6982
6912 6962 6972 6982
6912 6962 6972 6982
6912 6962 6972 6982
9053 9063 9073
9053 9063 9073
9053 9063 9073
9053 9063 9073
9053 9063 9073
9053 9063 9073
9053 9063 9073
9053 9063 9073
9053 9063 9073
9053 9063 9073
9053 9063 9073
9053 9063 9073
9053 9063 9073
9053 9063 9073
9053 9063 9073
9053 9063 9073
9053 9063 9073
9053 9063 9073
9053 9063 9073
9053 9063 9073
9053 9063 9073
9053 9063 9073
9053 9063 9073
9053 9063 9073
9053 9063 9073
9053 9063 9073
9053 9063 9073
9053 9063 9073
9053 9063 9073
9053 9063 9073
9053 9063 9073
9053 9063 9073
9053 9063 9073
9053 9063 9073
9053 9063 9073
9053 9063 9073
9053 9063 9073
9083 9083 9083
9093 9093 9093
9053 9063 9073
9053 9063 9073
9053 9063 9073
9053 9063 9073
9053 9063 9073
9053 9063 9073
9053 9063 9073
9053 9063 9073
9053 9063 9073
9053 9063 9073
11334 11384 11394 11404 11414 11424 11434
11334 11384 11394 11404 11414 11424 11434
11334 11384 11394 11404 11414 11424 11434
11334 11384 11394 11404 11414 11424 11434
11334 11384 11394 11404 11414 11424 11434
11334 11384 11394 11404 11414 11424 11434
11334 11384 11394 11404 11414 11424 11434
11334 11384 11394 11404 11414 11424 11434
11334 11384 11394 11404 11414 11424 11434
11334 11384 11394 11404 11414 11424 11434
11334 11384 11394 11404 11414 11424 11434
11334 11384 11394 11404 11414 11424 11434
11334 11384 11394 11404 11414 11424 11434
11334 11384 11394 11404 11414 11424 11434
11334 11384 11394 11404 11414 11424 11434
11334 11384 11394 11404 11414 11424 11434
11334 11384 11394 11404 33394 11424 11434
11334 11384 11394 11404 33394 11424 11434
11334 11384 11394 11404 11414 11424 11434
11334 11384 11394 11404 11414 11424 11434
11334 11384 11394 11404 11414 11424 11434
11334 11384 11394 11404 11414 11424 11434
11334 11384 11394 11404 11414 11424 11434
11334 11384 11394 11404 11414 11424 11434
11334 11384 11394 11404 11414 11424 11434
11334 11384 11394 11404 11414 11424 11434
11334 11384 11394 11404 11414 11424 11434
11334 11384 11394 11404 11414 11424 11434
11334 11384 11394 11404 11414 11424 11434
11334 11384 11394 11404 11414 11424 11434
11334 11384 11394 11404 11414 11424 11434
11334 11384 11394 11404 11414 11424 11434
11334 11384 11394 11404 11414 11424 11434
11334 11384 11394 11404 11414 11424 11434
11334 11384 11394 11404 11414 11424 11434
11334 11384 11394 11404 11414 11424 11434
11334 11384 11394 11404 11414 11424 11434
11334 11384 11394 11404 11414 11424 11434
11334 11384 11394 11404 11414 11424 11434
11334 11384 11394 11404 11414 11424 11434
11334 11384 11394 11404 11414 11424 11434
11334 11384 11394 11404 11414 11424 11434
11334 11384 11394 11404 11414 11424 11434
11334 11384 11394 11404 11414 11424 11434
11334 11384 11394 11404 11414 11424 11434
11344 11344 11344 11344 11344 11344 11344
11354 11354 11354 11354 11354 11354 11354
11334 11384 11394 11404 11414 11424 11434
11364 11364 11364 11364 33394 11364 11364
11364 11364 11364 11364 11364 11364 11364
11334 11384 11394 11404 11414 11424 11434
11334 11384 11394 11404 11414 11424 11434
11334 11384 11394 11404 11414 11424 11434
11334 11384 11394 11404 11414 11424 11434
11334 11384 11394 11404 11414 11424 11434
11374 11374 11374 11374 11374 11374 11374
11374 11374 11374 11374 11374 11374 11374
11374 11374 11374 11374 11374 11374 11374
11334 11384 11394 11404 11414 11424 11434
11334 11384 11394 11404 11414 11424 11434
11334 11384 11394 11404 11414 11424 11434
11334 11384 11394 11404 11414 11424 11434
11334 11384 11394 11404 11414 11424 11434
11334 11384 11394 11404 11414 11424 11434
11334 11384 11394 11404 11414 11424 11434
11334 11384 11394 11404 11414 11424 11434
11334 11384 11394 11404 11414 11424 11434
76235 76245 76255 76265 76275 76285 76295 76305
76235 76245 76255 76265 76275 76285 76295 76305
76235 76245 76255 76265 76275 76285 76295 76305
76235 76245 76255 76265 76275 76285 76295 76305
76235 76245 76255 76265 76275 76285 76295 76305
76235 76245 76255 76265 76275 76285 76295 76305
76235 76245 76255 76265 76275 76285 76295 76305
76235 76245 76255 76265 76275 76285 76295 76305
76235 76245 76255 76265 76275 76285 76295 76305
76235 76245 76255 76265 76275 76285 76295 76305
76235 76245 76255 76265 76275 76285 76295 76305
76235 76245 76255 76265 76275 76285 76295 76305
76235 76245 76255 76265 76275 76285 76295 76305
76235 76245 76255 76265 76275 76285 76295 76305
76235 76245 76255 76265 76275 76285 76295 76305
76235 76245 76255 76265 76275 76285 76295 76305
76235 76245 76255 76265 76275 76285 76295 76305
76235 76245 76255 76265 76275 76285 76295 76305
76235 76245 76255 76265 76275 76285 76295 76305
76235 76245 76255 76265 76275 76285 76295 76305
76235 76245 76255 76265 76275 76285 76295 76305
76235 76245 76255 76265 76275 76285 76295 76305
76235 76245 76255 76265 76275 76285 76295 76305
76235 76245 76255 76265 76275 76285 76295 76305
76235 76245 76255 76265 76275 76285 76295 76305
76235 76245 76255 76265 76275 76285 76295 76305
76235 76245 76255 76265 76275 76285 76295 76305
76235 76245 76255 76265 76275 76285 76295 76305
76235 76245 76255 76265 76275 76285 76295 76305
76235 76245 76255 76265 76275 76285 76295 76305
76235 76245 76255 76265 76275 76285 76295 76305
76235 76245 76255 76265 76275 76285 76295 76305
76235 76245 76255 76265 76275 76285 76295 76305
76235 76245 76255 76265 76275 76285 76295 76305
76235 76245 76255 76265 76275 76285 76295 76305
76235 76245 76255 76265 76275 76285 76295 76305
76235 76245 76255 76265 76275 76285 76295 76305
76235 76245 76255 76265 76275 76285 76295 76305
76235 76245 76255 76265 76275 76285 76295 76305
76235 76245 76255 76265 76275 76285 76295 76305
76235 76245 76255 76265 76275 76285 76295 76305
76235 76245 76255 76265 76275 76285 76295 76305
76235 76245 76255 76265 76275 76285 76295 76305
76235 76245 76255 76265 76275 76285 76295 76305
76235 76245 76315 76315 76315 76285 76295 76305
76235 76245 76315 76315 76315 76285 76295 76305
76235 76245 76415 76265 76415 76285 76295 76305
76235 76245 76415 76265 76415 76285 76295 76305
76235 76245 76325 76265 76325 76285 76295 76305
76235 76245 76415 76265 76415 76285 76295 76305
76235 76245 76255 76265 76275 76285 76295 76305
76235 76245 76325 76265 76325 76285 76295 76305
76235 76245 76335 76335 76335 76285 76295 76305
76235 76425 76425 76265 76425 76425 76295 76305
76235 76425 76425 76265 76425 76425 76295 76305
76235 76425 76425 76265 76425 76425 76295 76305
76235 76435 76435 76265 76435 76435 76295 76305
76235 76435 76435 76265 76435 76435 76295 76305
76235 76345 76345 76265 76345 76345 76295 76305
76235 76345 76345 76265 76345 76345 76295 76305
76235 76425 76425 76265 76425 76425 76295 76305
76235 76425 76425 76265 76425 76425 76295 76305
76235 76435 76435 76265 76435 76435 76295 76305
76235 76345 76345 76265 76345 76345 76295 76305
76235 76345 76345 76265 76345 76345 76295 76305
76235 76355 76355 76265 76355 76355 76295 76305
76235 76355 76355 76265 76355 76355 76295 76305
76235 76355 76355 76265 76355 76355 76295 76305
76235 76355 76355 76265 76355 76355 76295 76305
76235 76355 76355 76265 76355 76355 76295 76305
76235 76355 76355 76265 76355 76355 76295 76305
76235 76245 76375 76265 76375 76375 76295 76305
76235 76245 76375 76265 76375 76375 76295 76305
76235 76245 76375 76265 76375 76375 76295 76305
76235 76245 76375 76265 76375 76375 76295 76305
76235 76245 76375 76265 76375 76375 76295 76305
76235 76245 76375 76265 76375 76375 76295 76305
76235 76245 76385 76265 76275 76285 76295 76305
76235 76245 76385 76265 76275 76285 76295 76305
76235 76395 76255 76265 76275 76285 76295 76305
76235 76395 76255 76265 76275 76285 76295 76305
76235 76395 76255 76265 76275 76285 76295 76305
76235 76395 76255 76265 76275 76285 76295 76305
76235 76395 76255 76265 76275 76285 76295 76305
76235 76245 76405 76405 76405 76285 76295 76305
76235 76245 76405 76405 76405 76285 76295 76305
76235 76245 76405 76405 76405 76285 76295 76305
76235 76245 76255 76265 76275 76285 76295 76305
76235 76245 76255 76265 76275 76285 76295 76305
76235 76245 76255 76265 76275 76285 76295 76305
76235 76245 76255 76265 76275 76285 76295 76305
76235 76245 76255 76265 76275 76285 76295 76305
76235 76355 76355 76265 76355 76355 76295 76305
76235 76355 76355 76265 76355 76355 76295 76305
76235 76355 76355 76265 76355 76355 76295 76305
76235 76245 76255 76265 76275 76285 76295 76305
76235 76245 76255 76265 76275 76285 76295 76305
