38721
38721
38721
38721
38721
38721
38721
38721
38721
38721
38721
38721
38721
38721
38721
38721
38721
38721
38721
38721
38721
38721
38721
38721
38721
38721
38721
38721
38721
38721
2522
2522
2522
2522
2522
2522
2522
2522
2522
2522
2522
2522
2522
2522
2522
2522
2522
2522
2522
2522
2522
2522
2522
2522
2522
2522
2522
2522
2522
2522
2522
2522
30753
30753
30753
30753
30753
30753
30753
30753
30753
30753
30753
30753
30753
30753
30753
30753
30753
30753
30753
30753
30753
30753
30753
30753
30753
30753
30753
30753
