84601
84601
84601
84601
84601
84601
84601
84601
84601
84601
84601
84601
84601
84601
84601
84601
84601
84601
84601
84601
84601
84601
84601
84601
84601
84601
84601
84601
84601
84601
8852 8862 8872
8852 8862 8872
8852 8862 8872
8852 8862 8872
8852 8862 8872
8852 8862 8872
8852 8862 8872
8852 8862 8872
8852 8862 8872
8852 8862 8872
8852 8862 8872
8852 8862 8872
8852 8862 8872
8852 8862 8872
8852 8862 8872
8852 8862 8872
8852 8862 8872
8852 8862 8872
8852 8862 8872
8852 8862 8872
8852 8862 8872
8852 8862 8872
8852 8862 8872
8852 8862 8872
8852 8862 8872
8852 8862 8872
8852 8862 8872
8852 8862 8872
8852 8862 8872
8852 8862 8872
8852 8862 8872
8852 8862 8872
8852 8862 8872
8852 8862 8872
8852 8862 8872
8852 8862 8872
8852 8862 8872
8882 8882 8882
8892 8892 8892
8852 8862 8872
8852 8862 8872
8852 8862 8872
8852 8862 8872
8852 8862 8872
8852 8862 8872
8852 8862 8872
8852 8862 8872
8852 8862 8872
8852 8862 8872
68653 68663 68673 68683 68693 68703 68713 68723 68733 68743
68653 68663 68673 68683 68693 68703 68713 68723 68733 68743
68653 68663 68673 68683 68693 68703 68713 68723 68733 68743
68653 68663 68673 68683 68693 68703 68713 68723 68733 68743
68653 68663 68673 68683 68693 68703 68713 68723 68733 68743
68653 68663 68673 68683 68693 68703 68713 68723 68733 68743
68653 68663 68673 68683 68693 68703 68713 68723 68733 68743
68653 68663 68673 68683 68693 68703 68713 68723 68733 68743
68653 68663 68673 68683 68693 68703 68713 68723 68733 68743
68653 68663 68673 68683 68693 68703 68713 68723 68733 68743
68653 68663 68673 68683 68693 68703 68713 68723 68733 68743
68653 68663 68673 68683 68693 68703 68713 68723 68733 68743
68653 68663 68673 68683 68693 68703 68713 68723 68733 68743
68653 68663 68673 68683 68693 68703 68713 68723 68733 68743
68653 68663 68673 68683 68693 68703 68713 68723 68733 68743
68653 68663 68673 68683 68693 68703 68713 68723 68733 68743
68653 68663 68673 68833 68833 68703 68713 68833 68833 68743
68653 68663 68673 68683 68693 68703 68713 68723 68733 68743
68653 68663 68673 68683 68693 68703 68713 68723 68733 68743
68653 68663 68673 68683 68693 68703 68713 68723 68733 68743
68653 68663 68673 68683 68693 68703 68713 68723 68733 68743
68653 68663 68673 68683 68693 68703 68713 68723 68733 68743
68653 68663 68673 68683 68693 68703 68713 68723 68733 68743
68653 68663 68673 68683 68693 68703 68713 68723 68733 68743
68653 68663 68673 68683 68693 68703 68713 68723 68733 68743
68653 68663 68673 68683 68693 68703 68713 68723 68733 68743
68653 68663 68673 68683 68693 68703 68713 68723 68733 68743
68653 68663 68673 68683 68693 68703 68713 68723 68733 68743
68653 68663 68673 68683 68693 68703 68713 68723 68733 68743
68653 68663 68673 68683 68693 68703 68713 68723 68733 68743
68653 68663 68673 68683 68693 68703 68713 68723 68733 68743
68653 68663 68673 68683 68693 68703 68713 68723 68733 68743
68653 68663 68673 68683 68693 68703 68713 68723 68733 68743
68653 68663 68673 68683 68693 68703 68713 68723 68733 68743
68653 68663 68673 68683 68693 68703 68713 68723 68733 68743
68653 68663 68673 68683 68693 68703 68713 68723 68733 68743
68653 68663 68673 68683 68693 68703 68713 68723 68733 68743
68653 68663 68673 68683 68693 68703 68713 68723 68733 68743
68653 68663 68673 68683 68693 68703 68713 68723 68733 68743
68653 68663 68673 68683 68693 68703 68713 68723 68733 68743
68653 68663 68673 68683 68693 68703 68713 68723 68733 68743
68653 68663 68673 68683 68693 68703 68713 68723 68733 68743
68653 68663 68673 68683 68693 68703 68713 68723 68733 68743
68653 68663 68673 68683 68693 68703 68713 68723 68733 68743
68653 68663 68673 68753 68693 68703 68713 68723 68753 68743
68653 68663 68673 68683 68763 68763 68713 68723 68763 68743
68653 68663 68673 68683 68773 68703 68713 68723 68773 68743
68653 68663 68673 68683 68693 68703 68713 68723 68733 68743
68653 68663 68673 68783 68783 68783 68713 68783 68783 68743
68653 68663 68673 68683 68693 68703 68713 68723 68733 68743
68653 68793 68793 68793 68793 68793 68793 68793 68793 68743
68653 68793 68793 68793 68793 68793 68793 68793 68793 68743
68653 68663 68673 68683 68693 68703 68713 68723 68733 68743
68653 68663 68673 68803 68803 68703 68713 68723 68803 68743
68653 68663 68673 68683 68693 68703 68713 68723 68733 68743
68653 68663 68673 68683 68693 68703 68713 68723 68733 68743
68653 68663 68673 68683 68693 68703 68713 68723 68733 68743
68653 68663 68673 68683 68693 68703 68713 68723 68733 68743
68653 68663 68673 68683 68693 68703 68713 68723 68733 68743
68653 68663 68673 68683 68693 68703 68713 68723 68733 68743
68653 68663 68673 68683 68693 68703 68713 68723 68733 68743
68653 68663 68673 68683 68693 68703 68713 68723 68733 68743
68653 68663 68673 68683 68693 68703 68713 68723 68733 68743
68653 68663 68673 68813 68813 68703 68713 68723 68813 68743
68653 68663 68673 68823 68823 68823 68713 68823 68823 68743
68653 68663 68673 68823 68823 68823 68713 68823 68823 68743
68653 68663 68673 68823 68823 68823 68713 68823 68823 68743
68653 68663 68673 68683 68693 68703 68713 68723 68733 68743
