38761
38761
38761
38761
38761
38761
38761
38761
38761
38761
38761
38761
38761
38761
38761
38761
38761
38761
38761
38761
38761
38761
38761
38761
38761
38761
38761
38761
38761
38761
2942
2942
2942
2942
2942
2942
2942
2942
2942
2942
2942
2942
2942
2942
2942
2942
2942
2942
2942
2942
2942
2942
2942
2942
2942
2942
2942
2942
2942
2942
2942
2942
2942
2942
2942
2942
2942
2942
2942
2942
2942
2942
2942
2942
2942
2942
2942
2942
2942
32223 32233 32243 32253 32263 32273 32283 32293 32303
32223 32233 32243 32253 32263 32273 32283 32293 32303
32223 32233 32243 32253 32263 32273 32283 32293 32303
32223 32233 32243 32253 32263 32273 32283 32293 32303
32223 32233 32243 32253 32263 32273 32283 32293 32303
32223 32233 32243 32253 32263 32273 32283 32293 32303
32223 32233 32243 32253 32263 32273 32283 32293 32303
32223 32233 32243 32253 32263 32273 32283 32293 32303
32223 32233 32243 32253 32263 32273 32283 32293 32303
32223 32233 32243 32253 32263 32273 32283 32293 32303
32223 32233 32243 32253 32263 32273 32283 32293 32303
32223 32233 32243 32253 32263 32273 32283 32293 32303
32223 32233 32243 32253 32263 32273 32283 32293 32303
32223 32233 32243 32253 32263 32273 32283 32293 32303
32223 32233 32243 32253 32263 32273 32283 32293 32303
32223 32233 32243 32253 32263 32273 32283 32293 32303
32223 32233 32243 32253 32263 32273 32283 32293 32303
32223 32233 32243 32253 32263 32273 32283 32293 32303
32223 32233 32243 32253 32263 32273 32283 32293 32303
32223 32233 32243 32253 32263 32273 32283 32293 32303
32223 32233 32243 32253 32263 32273 32283 32293 32303
32223 32233 32243 32253 32263 32273 32283 32293 32303
32223 32233 32243 32253 32263 32273 32283 32293 32303
32223 32233 32243 32253 32263 32273 32283 32293 32303
32223 32233 32243 32253 32263 32273 32283 32293 32303
32223 32233 32243 32253 32263 32273 32283 32293 32303
32223 32233 32243 32253 32263 32273 32283 32293 32303
32223 32233 32243 32253 32263 32273 32283 32293 32303
32223 32233 32243 32253 32263 32273 32283 32293 32303
32223 32233 32243 32253 32263 32273 32283 32293 32303
32223 32233 32243 32253 32263 32273 32283 32293 32303
32223 32233 32243 32253 32263 32273 32283 32293 32303
32223 32233 32243 32253 32263 32273 32283 32293 32303
32223 32233 32243 32253 32263 32273 32283 32293 32303
32223 32233 32243 32253 32263 32273 32283 32293 32303
32223 32233 32243 32253 32263 32273 32283 32293 32303
32223 32233 32243 32253 32263 32273 32283 32293 32303
32223 32233 32243 32253 32263 32273 32283 32293 32303
32223 32233 32243 32253 32263 32273 32283 32293 32303
32223 32233 32243 32253 32263 32273 32283 32293 32303
32223 32233 32243 32253 32263 32273 32283 32293 32303
32223 32233 32243 32253 32263 32273 32283 32293 32303
32223 32233 32243 32253 32263 32273 32283 32293 32303
32223 32233 32243 32253 32263 32273 32283 32293 32303
32223 32233 32243 32253 32263 32273 32283 32293 32303
32223 32233 32243 32253 32263 32273 32283 32293 32303
32223 32233 32243 32253 32263 32273 32283 32293 32303
32223 32233 32243 32253 32263 32273 32283 32293 32303
32223 32233 32243 32253 32263 32273 32283 32293 32303
32223 32233 32243 32253 32263 32273 32283 32293 32303
32223 32233 32243 32253 32263 32273 32283 32293 32303
32223 32233 32243 32253 32263 32273 32283 32293 32303
32223 32233 32243 32253 32263 32273 32283 32293 32303
32223 32233 32243 32253 32263 32273 32283 32293 32303
32223 32233 32243 32253 32263 32273 32283 32293 32303
32223 32233 32243 32253 32263 32273 32283 32293 32303
32223 32233 32243 32253 32263 32273 32283 32293 32303
32223 32233 32243 32253 32263 32273 32283 32293 32303
32223 32233 32243 32253 32263 32273 32283 32293 32303
32223 32233 32243 32253 32263 32273 32283 32293 32303
32223 32233 32243 32253 32263 32273 32283 32293 32303
32223 32233 32243 32253 32263 32273 32283 32293 32303
32223 32233 32243 32253 32263 32273 32283 32293 32303
32223 32233 32243 32253 32263 32273 32283 32293 32303
32223 32233 32243 32253 32263 32273 32283 32293 32303
32223 32233 32243 32253 32263 32273 32283 32293 32303
32223 32233 32243 32253 32263 32273 32283 32293 32303
32223 32233 32243 32253 32263 32273 32283 32293 32303
