38801
38801
38801
38801
38801
38801
38801
38801
38801
38801
38801
38801
38801
38801
38801
38801
38801
38801
38801
38801
38801
38801
38801
38801
38801
38801
38801
38801
38801
38801
3032
3032
3032
3032
3032
3032
3032
3032
3032
3032
3032
3032
3032
3032
3032
3032
3032
3032
3032
3032
3032
3032
3032
3032
3032
3032
3032
3032
3032
3032
3032
3032
3032
3032
3032
3032
3032
3032
3032
3032
3032
3032
3032
3032
3032
3032
3032
3032
3032
4323 4313 4333 4343 4353 14083 14093
4323 4313 4333 4343 4353 14083 14093
4323 4313 4333 4343 4353 14083 14093
4323 4313 4333 4343 4353 14083 14093
4323 4313 4333 4343 4353 14083 14093
4323 4313 4333 4343 4353 14083 14093
4323 4313 4333 4343 4353 14083 14093
4323 4313 4333 4343 4353 14083 14093
4323 4313 4333 4343 4353 14083 14093
4323 4313 4333 4343 4353 14083 14093
4323 4313 4333 4343 4353 14083 14093
4323 4313 4333 4343 4353 14083 14093
4323 4313 4333 4343 4353 14083 14093
4323 4313 4333 4343 4353 14083 14093
4323 4313 4333 4343 4353 14083 14093
4323 4313 4333 4343 4353 14083 14093
4323 4313 4333 4343 4353 14083 14093
4323 4313 4333 4343 4353 14083 14093
4323 4313 4333 4343 4353 14083 14093
4323 4313 4333 4343 4353 14083 14093
4323 4313 4333 4343 4353 14083 14093
4323 4313 4333 4343 4353 14083 14093
4323 4313 4333 4343 4353 14083 14093
4323 4313 4333 4343 4353 14083 14093
4323 4313 4333 4343 4353 14083 14093
4323 4313 4333 4343 4353 14083 14093
4323 4313 4333 4343 4353 14083 14093
4323 4313 4333 4343 4353 14083 14093
4323 4313 4333 4343 4353 14083 14093
4323 4313 4333 4343 4353 14083 14093
4323 4313 4333 4343 4353 14083 14093
4323 4313 4333 4343 4353 14083 14093
4323 4313 4333 4343 4353 14083 14093
4323 4313 4333 4343 4353 14083 14093
4323 4313 4333 4343 4353 14083 14093
4323 4313 4333 4343 4353 14083 14093
4323 4313 4333 4343 4353 14083 14093
4323 4313 4333 4343 4353 14083 14093
4323 4313 4333 4343 4353 14083 14093
4323 4313 4333 4343 4353 14083 14093
4323 4313 4333 4343 4353 14083 14093
4323 4313 4333 4343 4353 14083 14093
4323 4313 4333 4343 4353 14083 14093
4323 4313 4333 4343 4353 14083 14093
4323 4313 4333 4343 4353 14083 14093
4323 4313 4333 4343 4353 14083 14093
4323 4313 4333 4343 4353 14083 14093
4323 4313 4333 4343 4353 14083 14093
4323 4313 4333 4343 4353 14083 14093
4323 4313 4333 4343 4353 14083 14093
4323 4313 4333 4343 4353 14083 14093
4323 4313 4333 4343 4353 14083 14093
4323 4313 4333 4343 4353 14083 14093
4323 4313 4333 4343 4353 14083 14093
4323 4313 4333 4343 4353 14083 14093
4323 4313 4333 4343 4353 14083 14093
4323 4313 4333 4343 4353 14083 14093
4323 4313 4333 4343 4353 14083 14093
4323 4313 4333 4343 4353 14083 14093
4323 4313 4333 4343 4353 14083 14093
4323 4313 4333 4343 4353 14083 14093
4323 4313 4333 4343 4353 14083 14093
4323 4313 4333 4343 4353 14083 14093
4323 4313 4333 4343 4353 14083 14093
4323 4313 4333 4343 4353 14083 14093
4323 4313 4333 4343 4353 14083 14093
30834
30834
30834
30834
30834
30834
30834
30834
30834
30834
30834
30834
30834
30834
30834
30834
30834
30834
30834
30834
30834
30834
30834
30834
30834
30834
30834
30834
