84641
84641
84641
84641
84641
84641
84641
84641
84641
84641
84641
84641
84641
84641
84641
84641
84641
84641
84641
84641
84641
84641
84641
84641
84641
84641
84641
84641
84641
84641
9302 9312 9322
9302 9312 9322
9302 9312 9322
9302 9312 9322
9302 9312 9322
9302 9312 9322
9302 9312 9322
9302 9312 9322
9302 9312 9322
9302 9312 9322
9302 9312 9322
9302 9312 9322
9302 9312 9322
9302 9312 9322
9302 9312 9322
9302 9312 9322
9302 9312 9322
9302 9312 9322
9302 9312 9322
9302 9312 9322
9302 9312 9322
9302 9312 9322
9302 9312 9322
9302 9312 9322
9302 9312 9322
9302 9312 9322
9302 9312 9322
9302 9312 9322
9302 9312 9322
9302 9312 9322
9302 9312 9322
9302 9312 9322
9302 9312 9322
9302 9312 9322
9302 9312 9322
9302 9312 9322
9302 9312 9322
9332 9332 9332
9342 9342 9342
9302 9312 9322
9302 9312 9322
9302 9312 9322
9302 9312 9322
9302 9312 9322
9302 9312 9322
9302 9312 9322
9302 9312 9322
9302 9312 9322
9302 9312 9322
13243 13253 13263 13273 29753
13243 13253 13263 13273 29753
13243 13253 13263 13273 29753
13243 13253 13263 13273 29753
13243 13253 13263 13273 29753
13243 13253 13263 13273 29753
13243 13253 13263 13273 29753
13243 13253 13263 13273 29753
13243 13253 13263 13273 29753
13243 13253 13263 13273 29753
13243 13253 13263 13273 29753
13243 13253 13263 13273 29753
13243 13253 13263 13273 29753
13243 13253 13263 13273 29753
13243 13253 13263 13273 29753
13243 34003 13263 34003 29753
13243 34003 13263 34003 29753
13243 34003 13263 34003 29753
13243 13253 13263 13273 29753
13243 13253 13263 13273 29753
13243 13253 13263 13273 29753
13243 13253 13263 13273 29753
13243 13253 13263 13273 29753
13243 13253 13263 13273 29753
13243 13253 13263 13273 29753
13243 13253 13263 13273 29753
13243 13253 13263 13273 29753
13243 13253 13263 13273 29753
13243 13253 13263 13273 29753
13243 13253 13263 13273 29753
13243 13253 13263 13273 29753
13243 13253 13263 13273 29753
13243 13253 13263 13273 29753
13243 13253 13263 13273 29753
13243 13253 13263 13273 29753
13243 13253 13263 13273 29753
13243 13253 13263 13273 29753
13243 13253 13263 13273 29753
13243 13253 13263 13273 29753
13243 13253 13263 13273 29753
13243 13253 13263 13273 29753
13243 13253 13263 13273 29753
13243 13253 13263 13273 29753
13243 13253 13263 13273 29753
13243 13253 13263 13273 29753
13243 13253 13263 13273 29753
13243 13253 13263 13273 29753
13293 13293 13293 13293 13293
13243 13253 13263 13273 29753
13303 13303 13303 13303 13303
13313 13313 13313 13313 13313
13323 13323 13323 13323 13323
13323 13323 13323 13323 13323
13323 13323 13323 13323 13323
13243 13253 13263 13273 29753
13243 13253 13263 13273 29753
13243 13253 13263 13273 29753
13333 13333 13333 13333 13333
13243 13253 13263 13273 29753
13243 13253 13263 13273 29753
13243 13253 34013 13273 29753
13243 13253 34013 13273 29753
13243 13253 34013 13273 29753
13243 13253 13263 13273 29753
13243 13253 13263 13273 29753
13243 13253 13263 13273 29753
64544
64544
64544
64544
64544
64544
64544
64544
64544
64544
64544
64544
64544
64544
64544
64544
64544
64544
64544
64544
64544
64544
64544
64544
64544
64544
64544
64544
