84611
84611
84611
84611
84611
84611
84611
84611
84611
84611
84611
84611
84611
84611
84611
84611
84611
84611
84611
84611
84611
84611
84611
84611
84611
84611
84611
84611
84611
84611
10452 10502 10512 10522 10532 10542 10552
10452 10502 10512 10522 10532 10542 10552
10452 10502 10512 10522 10532 10542 10552
10452 10502 10512 10522 10532 10542 10552
10452 10502 10512 10522 10532 10542 10552
10452 10502 10512 10522 10532 10542 10552
10452 10502 10512 10522 10532 10542 10552
10452 10502 10512 10522 10532 10542 10552
10452 10502 10512 10522 10532 10542 10552
10452 10502 10512 10522 10532 10542 10552
10452 10502 10512 10522 10532 10542 10552
10452 10502 10512 10522 10532 10542 10552
10452 10502 10512 10522 10532 10542 10552
10452 10502 10512 10522 10532 10542 10552
10452 10502 10512 10522 10532 10542 10552
10452 10502 10512 10522 10532 10542 10552
10452 10502 10512 10522 33312 10542 10552
10452 10502 10512 10522 33312 10542 10552
10452 10502 10512 10522 10532 10542 10552
10452 10502 10512 10522 10532 10542 10552
10452 10502 10512 10522 10532 10542 10552
10452 10502 10512 10522 10532 10542 10552
10452 10502 10512 10522 10532 10542 10552
10452 10502 10512 10522 10532 10542 10552
10452 10502 10512 10522 10532 10542 10552
10452 10502 10512 10522 10532 10542 10552
10452 10502 10512 10522 10532 10542 10552
10452 10502 10512 10522 10532 10542 10552
10452 10502 10512 10522 10532 10542 10552
10452 10502 10512 10522 10532 10542 10552
10452 10502 10512 10522 10532 10542 10552
10452 10502 10512 10522 10532 10542 10552
10452 10502 10512 10522 10532 10542 10552
10452 10502 10512 10522 10532 10542 10552
10452 10502 10512 10522 10532 10542 10552
10452 10502 10512 10522 10532 10542 10552
10452 10502 10512 10522 10532 10542 10552
10452 10502 10512 10522 10532 10542 10552
10452 10502 10512 10522 10532 10542 10552
10452 10502 10512 10522 10532 10542 10552
10452 10502 10512 10522 10532 10542 10552
10452 10502 10512 10522 10532 10542 10552
10452 10502 10512 10522 10532 10542 10552
10452 10502 10512 10522 10532 10542 10552
10452 10502 10512 10522 10532 10542 10552
10462 10462 10462 10462 10462 10462 10462
10472 10472 10472 10472 10472 10472 10472
10452 10502 10512 10522 10532 10542 10552
10482 10482 10482 10482 33312 10482 10482
10482 10482 10482 10482 10482 10482 10482
10452 10502 10512 10522 10532 10542 10552
10452 10502 10512 10522 10532 10542 10552
10452 10502 10512 10522 10532 10542 10552
10452 10502 10512 10522 10532 10542 10552
10452 10502 10512 10522 10532 10542 10552
10492 10492 10492 10492 10492 10492 10492
10492 10492 10492 10492 10492 10492 10492
10492 10492 10492 10492 10492 10492 10492
10452 10502 10512 10522 10532 10542 10552
10452 10502 10512 10522 10532 10542 10552
10452 10502 10512 10522 10532 10542 10552
10452 10502 10512 10522 10532 10542 10552
10452 10502 10512 10522 10532 10542 10552
10452 10502 10512 10522 10532 10542 10552
10452 10502 10512 10522 10532 10542 10552
10452 10502 10512 10522 10532 10542 10552
10452 10502 10512 10522 10532 10542 10552
12443 12453 12463 12473 12483 29673
12443 12453 12463 12473 12483 29673
12443 12453 12463 12473 12483 29673
12443 12453 12463 12473 12483 29673
12443 12453 12463 12473 12483 29673
12443 12453 12463 12473 12483 29673
12443 12453 12463 12473 12483 29673
12443 12453 12463 12473 12483 29673
12443 12453 12463 12473 12483 29673
12443 12453 12463 12473 12483 29673
12443 12453 12463 12473 12483 29673
12443 12453 12463 12473 12483 29673
12443 12453 12463 12473 12483 29673
12443 12453 12463 12473 12483 29673
12443 12453 12463 12473 12483 29673
12443 33843 12463 33843 12483 29673
12443 33843 12463 33843 12483 29673
12443 33843 12463 33843 12483 29673
12443 12453 12463 12473 12483 29673
12443 12453 12463 12473 12483 29673
12443 12453 12463 12473 12483 29673
12443 12453 12463 12473 12483 29673
12443 12453 12463 12473 12483 29673
12443 12453 12463 12473 12483 29673
12443 12453 12463 12473 12483 29673
12443 12453 12463 12473 12483 29673
12443 12453 12463 12473 12483 29673
12443 12453 12463 12473 12483 29673
12443 12453 12463 12473 12483 29673
12443 12453 12463 12473 12483 29673
12443 12453 12463 12473 12483 29673
12443 12453 12463 12473 12483 29673
12443 12453 12463 12473 12483 29673
12443 12453 12463 12473 12483 29673
12443 12453 12463 12473 12483 29673
12443 12453 12463 12473 12483 29673
12443 12453 12463 12473 12483 29673
12443 12453 12463 12473 12483 29673
12443 12453 12463 12473 12483 29673
12443 12453 12463 12473 12483 29673
12443 12453 12463 12473 12483 29673
12443 12453 12463 12473 12483 29673
12443 12453 12463 12473 12483 29673
12443 12453 12463 12473 12483 29673
12443 12453 12463 12473 12483 29673
12443 12453 12463 12473 12483 29673
12443 12453 12463 12473 12483 29673
12493 12493 12493 12493 12493 29673
12443 12453 12463 12473 12483 29673
12503 12503 12503 12503 12503 29673
12513 12513 12513 12513 12513 29673
12523 12523 12523 12523 12523 29673
12523 12523 12523 12523 12523 29673
12523 12523 12523 12523 12523 29673
12443 12453 12463 12473 12483 29673
12443 12453 12463 12473 12483 29673
12443 12453 12463 12473 12483 29673
12533 12533 12533 12533 12533 29673
12443 12453 12463 12473 12483 29673
12443 12453 12463 12473 12483 29673
12443 12453 33853 12473 12483 29673
12443 12453 33853 12473 12483 29673
12443 12453 33853 12473 12483 29673
12443 12453 12463 12473 12483 29673
12443 12453 12463 12473 12483 29673
12443 12453 12463 12473 12483 29673
14244 14264 14274 14284 14294
14244 14264 14274 14284 14294
14244 14264 14274 14284 14294
14244 14264 14274 14284 14294
14244 14264 14274 14284 14294
14244 14264 14274 14284 14294
14244 14264 14274 14284 14294
14244 14264 14274 14284 14294
14244 14264 14274 14284 14294
14244 14264 14274 14284 14294
14244 14264 14274 14284 14294
14244 14264 14274 14284 14294
14244 14264 14274 14284 14294
14244 14264 14274 14284 14294
14244 14264 14274 14284 14294
14244 14264 14274 14284 34114
14244 14264 14274 14284 34114
14244 14264 14274 14284 34114
14244 14264 14274 14284 14294
14244 14264 14274 14284 14294
14244 14264 14274 14284 14294
14244 14264 14274 14284 14294
14244 14264 14274 14284 14294
14244 14264 14274 14284 14294
14244 14264 14274 14284 14294
14244 14264 14274 14284 14294
14244 14264 14274 14284 14294
14244 14264 14274 14284 14294
14244 14264 14274 14284 14294
14244 14264 14274 14284 14294
14244 14264 14274 14284 14294
14244 14264 14274 14284 14294
14244 14264 14274 14284 14294
14244 14264 14274 14284 14294
14244 14264 14274 14284 14294
14244 14264 14274 14284 14294
14244 14264 14274 14284 14294
14244 14264 14274 14284 14294
14244 14264 14274 14284 14294
14244 14264 14274 14284 14294
14244 14264 14274 14284 14294
14244 14264 14274 14284 14294
14244 14264 14274 14284 14294
14244 14264 14274 14284 14294
14244 14264 14274 14284 14294
14244 14264 14274 14284 14294
14244 14264 14274 14284 14294
14254 14254 14254 14284 14294
14244 14264 14274 14284 14294
14244 14264 14274 14284 14294
14244 14264 14274 14284 14294
14244 14264 14274 14284 14294
14244 14264 14274 14284 14294
14244 14264 14274 14284 14294
14244 14264 14274 14284 14294
14244 14264 14274 14284 14294
14244 14324 14274 14284 14294
14244 14264 14274 14284 14294
14244 14264 14274 14284 14294
14334 14334 14334 14284 14294
14244 14264 14274 14284 14294
14244 14264 14274 14284 14294
28744 28744 28744 14284 14294
28754 28754 28754 28754 28754
28754 28754 28754 28754 28754
28754 28754 28754 28754 28754
14244 14264 14274 14284 14294
65615 65625 65635 65645 65655 65665 65675
65615 65625 65635 65645 65655 65665 65675
65615 65625 65635 65645 65655 65665 65675
65615 65625 65635 65645 65655 65665 65675
65615 65625 65635 65645 65655 65665 65675
65615 65625 65635 65645 65655 65665 65675
65615 65625 65635 65645 65655 65665 65675
65615 65625 65635 65645 65655 65665 65675
65615 65625 65635 65645 65655 65665 65675
65615 65625 65635 65645 65655 65665 65675
65615 65625 65635 65645 65655 65665 65675
65615 65625 65635 65645 65655 65665 65675
65615 65625 65635 65645 65655 65665 65675
65615 65625 65635 65645 65655 65665 65675
65615 65625 65635 65645 65655 65665 65675
65615 65625 65635 65645 65655 65665 65675
65615 65625 65635 65645 65655 65665 65675
65615 65625 65635 65645 65655 65665 65675
65615 65625 65635 65645 65655 65665 65675
65615 65625 65635 65645 65655 65665 65675
65615 65625 65635 65645 65655 65665 65675
65615 65625 65635 65645 65655 65665 65675
65615 65625 65635 65645 65655 65665 65675
65615 65625 65635 65645 65655 65665 65675
65615 65625 65635 65645 65655 65665 65675
65615 65625 65635 65645 65655 65665 65675
65615 65625 65635 65645 65655 65665 65675
65615 65625 65635 65645 65655 65665 65675
65615 65625 65635 65645 65655 65665 65675
65615 65625 65635 65645 65655 65665 65675
65615 65625 65635 65645 65655 65665 65675
65615 65625 65635 65645 65655 65665 65675
65615 65625 65635 65645 65655 65665 65675
65615 65625 65635 65645 65655 65665 65675
65615 65625 65635 65645 65655 65665 65675
65615 65625 65635 65645 65655 65665 65675
65615 65625 65635 65645 65655 65665 65675
65615 65625 65635 65645 65655 65665 65675
65615 65625 65635 65645 65655 65665 65675
65615 65625 65635 65645 65655 65665 65675
65615 65685 65635 65645 65655 65665 65675
65615 65625 65635 65695 65695 65705 65675
65615 65715 65635 65645 65655 65665 65675
65615 65725 65635 65645 65655 65665 65675
65615 65735 65635 65645 65655 65665 65675
65615 65715 65635 65645 65655 65665 65675
65615 65725 65635 65645 65655 65665 65675
65615 65735 65635 65645 65655 65665 65675
65615 65625 65635 65645 65655 65665 65675
65615 65625 65635 65645 65655 65665 65675
65615 65755 65635 65645 65655 65665 65675
65615 65765 65635 65645 65655 65665 65675
65615 65625 65635 65645 65655 65665 65675
65615 65625 65635 65645 65655 65665 65675
65615 65625 65635 65645 65655 65665 65675
65615 65775 65635 65775 65775 65665 65675
65615 65805 65635 65785 65785 65665 65675
65615 65795 65635 65795 65795 65665 65675
65615 65625 65635 65645 65655 65815 65675
