38771
38771
38771
38771
38771
38771
38771
38771
38771
38771
38771
38771
38771
38771
38771
38771
38771
38771
38771
38771
38771
38771
38771
38771
38771
38771
38771
38771
38771
38771
3142 12852 12862 12872 12882 12892 12902
3142 12852 12862 12872 12882 12892 12902
3142 12852 12862 12872 12882 12892 12902
3142 12852 12862 12872 12882 12892 12902
3142 12852 12862 12872 12882 12892 12902
3142 12852 12862 12872 12882 12892 12902
3142 12852 12862 12872 12882 12892 12902
3142 12852 12862 12872 12882 12892 12902
3142 12852 12862 12872 12882 12892 12902
3142 12852 12862 12872 12882 12892 12902
3142 12852 12862 12872 12882 12892 12902
3142 12852 12862 12872 12882 12892 12902
3142 12852 12862 12872 12882 12892 12902
3142 12852 12862 12872 12882 12892 12902
3142 12852 12862 12872 12882 12892 12902
3142 12852 12862 12872 12882 12892 12902
3142 12852 12862 12872 12882 12892 12902
3142 12852 12862 12872 12882 12892 12902
3142 12852 12862 12872 12882 12892 12902
3142 12852 12862 12872 12882 12892 12902
3142 12852 12862 12872 12882 12892 12902
3142 12852 12862 12872 12882 12892 12902
3142 12852 12862 12872 12882 12892 12902
3142 12852 12862 12872 12882 12892 12902
3142 12852 12862 12872 12882 12892 12902
3142 12852 12862 12872 12882 12892 12902
3142 12852 12862 12872 12882 12892 12902
3142 12852 12862 12872 12882 12892 12902
3142 12852 12862 12872 12882 12892 12902
3142 12852 12862 12872 12882 12892 12902
3142 12852 12862 12872 12882 12892 12902
3142 12852 12862 12872 12882 12892 12902
3142 12852 12862 12872 12882 12892 12902
3142 12852 12862 12872 12882 12892 12902
3142 12852 12862 12872 12882 12892 12902
3142 12852 12862 12872 12882 12892 12902
3142 12852 12862 12872 12882 12892 12902
3142 12852 12862 12872 12882 12892 12902
3142 12852 12862 12872 12882 12892 12902
3142 12852 12862 12872 12882 12892 12902
3142 12852 12862 12872 12882 12892 12902
3142 12852 12862 12872 12882 12892 12902
3142 12852 12862 12872 12882 12892 12902
3142 12852 12862 12872 12882 12892 12902
3142 12852 12862 12872 12882 12892 12902
3142 12852 12862 12872 12882 12892 12902
3142 12852 12862 12872 12882 12892 12902
3142 12852 12862 12872 12882 12892 12902
3142 12852 12862 12872 12882 12892 12902
3142 12852 12862 12872 12882 12892 12902
3142 12852 12862 12872 12882 12892 12902
3142 12852 12862 12872 12882 12892 12902
3142 12852 12862 12872 12882 12892 12902
3142 12852 12862 12872 12882 12892 12902
3142 12852 12862 12872 12882 12892 12902
3142 12852 12862 12872 12882 12892 12902
3142 12852 12862 12872 12882 12892 12902
3142 12852 12862 12872 12882 12892 12902
3142 12852 12862 12872 12882 12892 12902
3142 12852 12862 12872 12882 12892 12902
3142 12852 12862 12872 12882 12892 12902
3142 12852 12862 12872 12882 12892 12902
3142 12852 12862 12872 12882 12892 12902
3142 12852 12862 12872 12882 12892 12902
3142 12852 12862 12872 12882 12892 12902
3142 12852 12862 12872 12882 12892 12902
3142 12852 12862 12872 12882 12892 12902
3843 3833 3853 3863 3873 3883 13963
3843 3833 3853 3863 3873 3883 13963
3843 3833 3853 3863 3873 3883 13963
3843 3833 3853 3863 3873 3883 13963
3843 3833 3853 3863 3873 3883 13963
3843 3833 3853 3863 3873 3883 13963
3843 3833 3853 3863 3873 3883 13963
3843 3833 3853 3863 3873 3883 13963
3843 3833 3853 3863 3873 3883 13963
3843 3833 3853 3863 3873 3883 13963
3843 3833 3853 3863 3873 3883 13963
3843 3833 3853 3863 3873 3883 13963
3843 3833 3853 3863 3873 3883 13963
3843 3833 3853 3863 3873 3883 13963
3843 3833 3853 3863 3873 3883 13963
3843 3833 3853 3863 3873 3883 13963
3843 3833 3853 3863 3873 3883 13963
3843 3833 3853 3863 3873 3883 13963
3843 3833 3853 3863 3873 3883 13963
3843 3833 3853 3863 3873 3883 13963
3843 3833 3853 3863 3873 3883 13963
3843 3833 3853 3863 3873 3883 13963
3843 3833 3853 3863 3873 3883 13963
3843 3833 3853 3863 3873 3883 13963
3843 3833 3853 3863 3873 3883 13963
3843 3833 3853 3863 3873 3883 13963
3843 3833 3853 3863 3873 3883 13963
3843 3833 3853 3863 3873 3883 13963
3843 3833 3853 3863 3873 3883 13963
3843 3833 3853 3863 3873 3883 13963
3843 3833 3853 3863 3873 3883 13963
3843 3833 3853 3863 3873 3883 13963
3843 3833 3853 3863 3873 3883 13963
3843 3833 3853 3863 3873 3883 13963
3843 3833 3853 3863 3873 3883 13963
3843 3833 3853 3863 3873 3883 13963
3843 3833 3853 3863 3873 3883 13963
3843 3833 3853 3863 3873 3883 13963
3843 3833 3853 3863 3873 3883 13963
3843 3833 3853 3863 3873 3883 13963
3843 3833 3853 3863 3873 3883 13963
3843 3833 3853 3863 3873 3883 13963
3843 3833 3853 3863 3873 3883 13963
3843 3833 3853 3863 3873 3883 13963
3843 3833 3853 3863 3873 3883 13963
3843 3833 3853 3863 3873 3883 13963
3843 3833 3853 3863 3873 3883 13963
3843 3833 3853 3863 3873 3883 13963
3843 3833 3853 3863 3873 3883 13963
3843 3833 3853 3863 3873 3883 13963
3843 3833 3853 3863 3873 3883 13963
3843 3833 3853 3863 3873 3883 13963
3843 3833 3853 3863 3873 3883 13963
3843 3833 3853 3863 3873 3883 13963
3843 3833 3853 3863 3873 3883 13963
3843 3833 3853 3863 3873 3883 13963
3843 3833 3853 3863 3873 3883 13963
3843 3833 3853 3863 3873 3883 13963
3843 3833 3853 3863 3873 3883 13963
3843 3833 3853 3863 3873 3883 13963
3843 3833 3853 3863 3873 3883 13963
3843 3833 3853 3863 3873 3883 13963
3843 3833 3853 3863 3873 3883 13963
3843 3833 3853 3863 3873 3883 13963
3843 3833 3853 3863 3873 3883 13963
3843 3833 3853 3863 3873 3883 13963
4914 4924 4934 4944 4964 4954
4914 4924 4934 4944 4964 4954
4914 4924 4934 4944 4964 4954
4914 4924 4934 4944 4964 4954
4914 4924 4934 4944 4964 4954
4914 4924 4934 4944 4964 4954
4914 4924 4934 4944 4964 4954
4914 4924 4934 4944 4964 4954
4914 4924 4934 4944 4964 4954
4914 4924 4934 4944 4964 4954
4914 4924 4934 4944 4964 4954
4914 4924 4934 4944 4964 4954
4914 4924 4934 4944 4964 4954
4914 4924 4934 4944 4964 4954
4914 4924 4934 4944 4964 4954
4914 4924 4934 4944 4964 4954
4914 4924 4934 4944 4964 4954
4914 4924 4934 4944 4964 4954
4914 4924 4934 4944 4964 4954
4914 4924 4934 4944 4964 4954
4914 4924 4934 4944 4964 4954
4914 4924 4934 4944 4964 4954
4914 4924 4934 4944 4964 4954
4914 4924 4934 4944 4964 4954
4914 4924 4934 4944 4964 4954
4914 4924 4934 4944 4964 4954
4914 4924 4934 4944 4964 4954
4914 4924 4934 4944 4964 4954
4914 4924 4934 4944 4964 4954
4914 4924 4934 4944 4964 4954
4914 4924 4934 4944 4964 4954
4914 4924 4934 4944 4964 4954
4914 4924 4934 4944 4964 4954
4914 4924 4934 4944 4964 4954
4914 4924 4934 4944 4964 4954
4914 4924 4934 4944 4964 4954
4914 4924 4934 4944 4964 4954
4914 4924 4934 4944 4964 4954
4914 4924 4934 4944 4964 4954
4914 4924 4934 4944 4964 4954
4914 4924 4934 4944 4964 4954
4914 4924 4934 4944 4964 4954
4914 4924 4934 4944 4964 4954
4914 4924 4934 4944 4964 4954
4914 4924 4934 4944 4964 4954
4914 4924 4934 4944 4964 4954
4914 4924 4934 4944 4964 4954
4914 4924 4934 4944 4964 4954
4914 4924 4934 4944 4964 4954
4914 4924 4934 4944 4964 4954
4914 4924 4934 4944 4964 4954
4914 4924 4934 4944 4964 4954
4914 4924 4934 4944 4964 4954
4914 4924 4934 4944 4964 4954
4914 4924 4934 4944 4964 4954
4914 4924 4934 4944 4964 4954
4914 4924 4934 4944 4964 4954
4914 4924 4934 4944 4964 4954
4914 4924 4934 4944 4964 4954
4914 4924 4934 4944 4964 4954
4914 4924 4934 4944 4964 4954
4914 4924 4934 4944 4964 4954
4914 4924 4934 4944 4964 4954
4914 4924 4934 4944 4964 4954
4914 4924 4934 4944 4964 4954
4914 4924 4934 4944 4964 4954
4914 4924 4934 4944 4964 4954
31155 31165 31175 31185 31195 31205
31155 31165 31175 31185 31195 31205
31155 31165 31175 31185 31195 31205
31155 31165 31175 31185 31195 31205
31155 31165 31175 31185 31195 31205
31155 31165 31175 31185 31195 31205
31155 31165 31175 31185 31195 31205
31155 31165 31175 31185 31195 31205
31155 31165 31175 31185 31195 31205
31155 31165 31175 31185 31195 31205
31155 31165 31175 31185 31195 31205
31155 31165 31175 31185 31195 31205
31155 31165 31175 31185 31195 31205
31155 31165 31175 31185 31195 31205
31155 31165 31175 31185 31195 31205
31155 31165 31175 31185 31195 31205
31155 31165 31175 31185 31195 31205
31155 31165 31175 31185 31195 31205
31155 31165 31175 31185 31195 31205
31155 31165 31175 31185 31195 31205
31155 31165 31175 31185 31195 31205
31155 31165 31175 31185 31195 31205
31155 31165 31175 31185 31195 31205
31155 31165 31175 31185 31195 31205
31155 31165 31175 31185 31195 31205
31155 31165 31175 31185 31195 31205
31155 31165 31175 31185 31195 31205
31155 31165 31175 31185 31195 31205
31155 31165 31175 31185 31195 31205
31155 31165 31175 31185 31195 31205
31155 31165 31175 31185 31195 31205
31155 31165 31175 31185 31195 31205
31155 31165 31175 31185 31195 31205
31155 31165 31175 31185 31195 31205
31155 31165 31175 31185 31195 31205
31155 31165 31175 31185 31195 31205
31155 31165 31175 31185 31195 31205
31155 31165 31175 31185 31195 31205
31155 31165 31175 31185 31195 31205
31155 31165 31175 31185 31195 31205
31155 31165 31175 31185 31195 31205
31155 31165 31175 31185 31195 31205
31155 31165 31175 31185 31195 31205
31155 31165 31175 31185 31195 31205
31155 31165 31175 31185 31195 31205
31155 31165 31175 31185 31195 31205
31155 31165 31175 31185 31195 31205
31155 31165 31175 31185 31195 31205
31155 31165 31175 31185 31195 31205
31155 31165 31175 31185 31195 31205
31155 31165 31175 31185 31195 31205
31155 31165 31175 31185 31195 31205
31155 31165 31175 31185 31195 31205
31155 31165 31175 31185 31195 31205
31155 31165 31175 31185 31195 31205
31155 31165 31175 31185 31195 31205
31155 31165 31175 31185 31195 31205
31155 31165 31175 31185 31195 31205
31155 31165 31175 31185 31195 31205
