0 0 0
1 0 1
2 0 2
3 0 3
4 0 4
5 0 5
6 0 6
7 0 7
8 0 8
9 0 9
10 0 10
11 0 11
0 0 0
12 0 12
13 1 13
14 1 14
15 1 15
16 1 16
17 1 17
18 1 18
19 1 19
20 1 20
21 1 21
13 1 13
22 1 22
23 1 23
24 1 24
25 1 25
26 1 26
27 1 27
0 0 0
1 0 1
2 0 2
3 1 3
4 0 4
5 0 5
6 2 6
7 0 7
8 0 8
9 0 9
10 0 10
11 0 11
12 0 12
13 0 13
14 3 14
15 3 15
16 4 16
17 5 17
18 6 18
19 7 19
20 3 20
21 8 21
22 3 22
23 3 23
24 3 24
25 3 25
26 3 26
27 3 27
28 3 28
29 3 29
30 3 30
31 3 31
32 3 32
33 3 33
34 3 34
35 3 35
36 3 36
37 3 37
38 3 38
39 3 39
37 3 37
38 3 38
39 3 39
40 3 40
41 3 41
42 3 42
43 3 43
44 9 44
45 3 45
46 10 46
47 11 47
48 12 48
49 13 49
50 14 50
51 15 51
52 3 52
45 3 45
54 16 53
55 15 51
56 3 52
57 3 54
58 17 55
59 18 56
60 15 51
61 3 52
64 3 57
0 0 0
1 0 1
1 0 1
2 0 2
3 0 3
4 0 4
5 0 5
6 0 6
7 0 7
8 0 8
9 0 9
10 0 10
11 0 11
12 0 12
13 0 13
14 1 14
23 1 23
15 2 15
16 3 16
17 4 17
18 5 18
19 6 19
20 7 20
21 8 21
22 9 22
24 1 24
25 1 25
26 1 26
27 1 27
28 1 28
29 1 29
30 1 30
31 1 31
32 1 32
33 1 33
34 1 34
35 1 35
36 1 36
37 1 37
38 1 38
39 1 39
40 1 40
38 1 38
39 1 39
40 1 40
41 1 41
42 1 42
43 1 43
44 1 44
45 10 45
46 11 46
47 12 47
45 10 45
46 11 46
47 12 47
48 10 45
49 13 48
48 10 45
49 13 48
50 14 49
51 14 49
52 15 50
53 16 51
54 17 52
55 18 53
56 19 54
57 1 55
58 1 56
59 1 57
60 1 58
61 16 51
62 1 59
0 0 0
1 0 1
2 0 2
11 0 11
12 3 12
13 4 13
14 0 14
15 5 15
16 6 16
3 0 3
4 0 4
5 0 5
6 0 6
41 0 41
42 11 42
7 0 7
22 0 22
8 0 8
9 1 9
10 2 10
17 7 17
18 8 18
19 0 19
20 9 20
21 10 21
23 0 23
24 0 24
25 0 25
26 0 26
38 0 38
39 0 39
40 0 40
27 0 27
28 0 28
29 0 29
30 0 30
31 0 31
32 0 32
33 0 33
31 0 31
32 0 32
33 0 33
34 0 34
35 0 35
36 0 36
37 0 37
44 0 45
45 0 44
46 0 46
47 0 44
48 0 47
49 0 48
50 12 49
51 13 50
52 0 44
53 0 51
54 14 52
55 15 53
56 0 54
57 0 44
58 16 55
59 17 56
60 18 57
61 19 58
62 20 59
63 21 60
64 22 61
65 21 60
66 22 61
67 23 62
68 0 46
69 0 63
70 18 57
71 19 58
72 20 59
73 21 60
74 22 61
75 0 64
76 12 49
77 13 50
78 24 65
79 25 66
80 26 67
81 27 68
43 0 43
