84601
84601
84601
84601
84601
84601
84601
84601
84601
84601
84601
84601
84601
84601
84601
84601
84601
84601
84601
84601
84601
84601
84601
84601
84601
84601
84601
84601
84601
84601
12842 12852 12862 12872 29712
12842 12852 12862 12872 29712
12842 12852 12862 12872 29712
12842 12852 12862 12872 29712
12842 12852 12862 12872 29712
12842 12852 12862 12872 29712
12842 12852 12862 12872 29712
12842 12852 12862 12872 29712
12842 12852 12862 12872 29712
12842 12852 12862 12872 29712
12842 12852 12862 12872 29712
12842 12852 12862 12872 29712
12842 12852 12862 12872 29712
12842 12852 12862 12872 29712
12842 12852 12862 12872 29712
12842 33922 12862 33922 29712
12842 33922 12862 33922 29712
12842 33922 12862 33922 29712
12842 12852 12862 12872 29712
12842 12852 12862 12872 29712
12842 12852 12862 12872 29712
12842 12852 12862 12872 29712
12842 12852 12862 12872 29712
12842 12852 12862 12872 29712
12842 12852 12862 12872 29712
12842 12852 12862 12872 29712
12842 12852 12862 12872 29712
12842 12852 12862 12872 29712
12842 12852 12862 12872 29712
12842 12852 12862 12872 29712
12842 12852 12862 12872 29712
12842 12852 12862 12872 29712
12842 12852 12862 12872 29712
12842 12852 12862 12872 29712
12842 12852 12862 12872 29712
12842 12852 12862 12872 29712
12842 12852 12862 12872 29712
12842 12852 12862 12872 29712
12842 12852 12862 12872 29712
12842 12852 12862 12872 29712
12842 12852 12862 12872 29712
12842 12852 12862 12872 29712
12842 12852 12862 12872 29712
12842 12852 12862 12872 29712
12842 12852 12862 12872 29712
12842 12852 12862 12872 29712
12842 12852 12862 12872 29712
12892 12892 12892 12892 12892
12842 12852 12862 12872 29712
12902 12902 12902 12902 12902
12912 12912 12912 12912 12912
12922 12922 12922 12922 12922
12922 12922 12922 12922 12922
12922 12922 12922 12922 12922
12842 12852 12862 12872 29712
12842 12852 12862 12872 29712
12842 12852 12862 12872 29712
12932 12932 12932 12932 12932
12842 12852 12862 12872 29712
12842 12852 12862 12872 29712
12842 12852 33932 12872 29712
12842 12852 33932 12872 29712
12842 12852 33932 12872 29712
12842 12852 12862 12872 29712
12842 12852 12862 12872 29712
12842 12852 12862 12872 29712
22043 22053 22063 22073 22083
22043 22053 22063 22073 22083
22043 22053 22063 22073 22083
22043 22053 22063 22073 22083
22043 22053 22063 22073 22083
22043 22053 22063 22073 22083
22043 22053 22063 22073 22083
22043 22053 22063 22073 22083
22043 22053 22063 22073 22083
22043 22053 22063 22073 22083
22043 22053 22063 22073 22083
22043 22053 22063 22073 22083
22043 22053 22063 22073 22083
22043 22053 22063 22073 22083
22043 22053 22063 22073 22083
22043 22053 22063 22073 22083
22043 22053 22063 22073 22083
22043 22053 22063 22073 22083
22043 22053 22063 22073 22083
22043 22053 22063 22073 22083
22043 22053 22063 22073 22083
22043 22053 22063 22073 22083
22043 22053 22063 22073 22083
22043 22053 22063 22073 22083
22043 22053 22063 22073 22083
22043 22053 22063 22073 22083
22043 22053 22063 22073 22083
22043 22053 22063 22073 22083
22043 22053 22063 22073 22083
22043 22053 22063 22073 22083
22043 22053 22063 22073 22083
22043 22053 22063 22073 22083
22043 22053 22063 22073 22083
22043 22053 22063 22073 22083
22043 22053 22063 22073 22083
22043 22053 22063 22073 22083
22043 22053 22063 22073 22083
22043 22053 22063 22073 22083
22043 22053 22063 22073 22083
22043 22053 22063 22073 22083
22043 22053 22063 22073 22083
22043 22053 22063 22073 22083
22043 22053 22063 22073 22083
22043 22053 22063 22073 22083
22043 22053 22063 22073 22083
22043 22053 22063 22073 22083
22043 22053 22063 22073 22083
22043 22053 22063 22073 22083
22043 22053 22063 22073 22083
22043 22053 22093 22093 22093 22093
22043 22053 22093 22093 22093 22093
22043 22053 22093 22093 22093 22093
22043 22053 34933 34933 34933 34933
22043 22053 34933 34933 34933 34933
22043 22053 34933 34933 34933 34933
22043 22053 22103 22103 22103 22103
22043 22053 22103 22103 22103 22103
22043 22053 34943 34943 34943 34943
22043 22053 34943 34943 34943 34943
22043 22053 22063 22073 22083
22043 22053 22063 22073 22083
22043 22053 22063 22073 22083
22043 22053 22063 22073 22083
22043 22053 22063 22073 22083
22043 22053 22063 22073 22083
22043 22053 22063 22073 22083
22043 22053 22063 22073 22083
22043 22053 22063 22073 22083
22043 22053 22063 22073 22083
22043 22053 22063 22073 22083
22043 22053 22063 22073 22083
22043 22053 22063 22073 22083
53294 53304 53314 53324 53334 53344 53354 53364
53294 53304 53314 53324 53334 53344 53354 53364
53294 53304 53314 53324 53334 53344 53354 53364
53294 53304 53314 53324 53334 53344 53354 53364
53294 53304 53314 53324 53334 53344 53354 53364
53294 53304 53314 53324 53334 53344 53354 53364
53294 53304 53314 53324 53334 53344 53354 53364
53294 53304 53314 53324 53334 53344 53354 53364
53294 53304 53314 53324 53334 53344 53354 53364
53294 53304 53314 53324 53334 53344 53354 53364
53294 53304 53314 53324 53334 53344 53354 53364
53294 53304 53314 53324 53334 53344 53354 53364
53294 53304 53314 53324 53334 53344 53354 53364
53294 53304 53314 53324 53334 53344 53354 53364
53294 53304 53314 53324 53334 53344 53354 53364
53294 53304 53314 53324 53334 53344 53354 53364
53294 53304 53314 53324 53334 53344 53354 53364
53294 53304 53314 53324 53334 53344 53354 53364
53294 53304 53314 53324 53334 53344 53354 53364
53294 53304 53314 53324 53334 53344 53354 53364
53294 53304 53314 53324 53334 53344 53354 53364
53294 53304 53314 53324 53334 53344 53354 53364
53294 53304 53314 53324 53334 53344 53354 53364
53294 53304 53314 53324 53334 53344 53354 53364
53294 53304 53314 53324 53334 53344 53354 53364
53294 53304 53314 53324 53334 53344 53354 53364
53294 53304 53314 53324 53334 53344 53354 53364
53294 53304 53314 53324 53334 53344 53354 53364
53294 53304 53314 53324 53334 53344 53354 53364
53294 53304 53314 53324 53334 53344 53354 53364
53294 53304 53314 53324 53334 53344 53354 53364
53294 53304 53314 53324 53334 53344 53354 53364
53294 53304 53314 53324 53334 53344 53354 53364
53294 53304 53314 53324 53334 53344 53354 53364
53294 53304 53314 53324 53334 53344 53354 53364
53294 53304 53314 53324 53334 53344 53354 53364
53294 53304 53314 53324 53334 53344 53354 53364
53294 53304 53314 53324 53334 53344 53354 53364
53294 53304 53314 53324 53334 53344 53354 53364
53294 53304 53314 53324 53334 53344 53354 53364
53294 53304 53314 53324 53334 53344 53354 53364
53294 53304 53314 53324 53334 53344 53354 53364
53294 53304 53314 53324 53334 53344 53354 53364
53294 53304 53314 53324 53334 53344 53354 53364
53294 53304 53314 53324 53334 53344 53354 53364
53294 53304 53314 53324 53334 53344 53354 53364
53294 53304 53314 53324 53334 53344 53354 53364
53294 53304 53314 53324 53334 53344 53354 53364
53294 53304 53314 53324 53334 53344 53354 53364
53294 53304 53314 53324 53334 53344 53354 53364
53294 53304 53314 53324 53334 53344 53354 53364
53294 53304 53314 53324 53334 53344 53354 53364
53294 53304 53314 53324 53334 53344 53354 53364
53294 53304 53314 53324 53334 53344 53354 53364
53294 53304 53314 53324 53334 53344 53354 53364
53294 53304 53314 53324 53334 53344 53354 53364
53294 53304 53314 53324 53334 53344 53354 53364
53294 53304 53314 53324 53334 53344 53354 53364
53294 53304 53314 53324 53334 53344 53354 53364
53294 53304 53314 53324 53334 53344 53354 53364
53294 53384 53384 53374 53384 53384 53384 53374
53294 53394 53394 53394 53394 53394 53394 53394
53294 53394 53394 53394 53394 53394 53394 53394
53294 53394 53394 53394 53394 53394 53394 53394
53294 53414 53414 53404 53414 53414 53414 53404
53294 53414 53414 53404 53414 53414 53414 53404
53294 53414 53414 53404 53414 53414 53414 53404
53294 53414 53414 53404 53414 53414 53414 53404
53294 53414 53414 53404 53414 53414 53414 53404
53294 53414 53414 53404 53414 53414 53414 53404
53294 53304 53314 53324 53334 53344 53354 53364
53294 53304 53314 53324 53334 53344 53354 53364
53294 53394 53394 53394 53394 53394 53394 53364
53294 53394 53394 53374 53394 53394 53394 53374
53294 53414 53414 53404 53414 53414 53414 53404
53294 53414 53414 53404 53414 53414 53414 53404
53294 53414 53414 53404 53414 53414 53414 53404
53294 53304 53314 53324 53334 53344 53354 53364
53294 53304 53314 53324 53334 53344 53354 53364
53294 53304 53314 53324 53334 53344 53354 53364
53294 53424 53424 53424 53424 53424 53424 53424
53294 53304 53314 53324 53334 53344 53354 53364
53294 53434 53434 53434 53434 53434 53434 53434
53294 53434 53434 53434 53434 53434 53434 53434
53294 53304 53314 53324 53334 53344 53354 53364
