38761
38761
38761
38761
38761
38761
38761
38761
38761
38761
38761
38761
38761
38761
38761
38761
38761
38761
38761
38761
38761
38761
38761
38761
38761
38761
38761
38761
38761
38761
4082 4072 4092 4102 4112 14002 14012
4082 4072 4092 4102 4112 14002 14012
4082 4072 4092 4102 4112 14002 14012
4082 4072 4092 4102 4112 14002 14012
4082 4072 4092 4102 4112 14002 14012
4082 4072 4092 4102 4112 14002 14012
4082 4072 4092 4102 4112 14002 14012
4082 4072 4092 4102 4112 14002 14012
4082 4072 4092 4102 4112 14002 14012
4082 4072 4092 4102 4112 14002 14012
4082 4072 4092 4102 4112 14002 14012
4082 4072 4092 4102 4112 14002 14012
4082 4072 4092 4102 4112 14002 14012
4082 4072 4092 4102 4112 14002 14012
4082 4072 4092 4102 4112 14002 14012
4082 4072 4092 4102 4112 14002 14012
4082 4072 4092 4102 4112 14002 14012
4082 4072 4092 4102 4112 14002 14012
4082 4072 4092 4102 4112 14002 14012
4082 4072 4092 4102 4112 14002 14012
4082 4072 4092 4102 4112 14002 14012
4082 4072 4092 4102 4112 14002 14012
4082 4072 4092 4102 4112 14002 14012
4082 4072 4092 4102 4112 14002 14012
4082 4072 4092 4102 4112 14002 14012
4082 4072 4092 4102 4112 14002 14012
4082 4072 4092 4102 4112 14002 14012
4082 4072 4092 4102 4112 14002 14012
4082 4072 4092 4102 4112 14002 14012
4082 4072 4092 4102 4112 14002 14012
4082 4072 4092 4102 4112 14002 14012
4082 4072 4092 4102 4112 14002 14012
4082 4072 4092 4102 4112 14002 14012
4082 4072 4092 4102 4112 14002 14012
4082 4072 4092 4102 4112 14002 14012
4082 4072 4092 4102 4112 14002 14012
4082 4072 4092 4102 4112 14002 14012
4082 4072 4092 4102 4112 14002 14012
4082 4072 4092 4102 4112 14002 14012
4082 4072 4092 4102 4112 14002 14012
4082 4072 4092 4102 4112 14002 14012
4082 4072 4092 4102 4112 14002 14012
4082 4072 4092 4102 4112 14002 14012
4082 4072 4092 4102 4112 14002 14012
4082 4072 4092 4102 4112 14002 14012
4082 4072 4092 4102 4112 14002 14012
4082 4072 4092 4102 4112 14002 14012
4082 4072 4092 4102 4112 14002 14012
4082 4072 4092 4102 4112 14002 14012
4082 4072 4092 4102 4112 14002 14012
4082 4072 4092 4102 4112 14002 14012
4082 4072 4092 4102 4112 14002 14012
4082 4072 4092 4102 4112 14002 14012
4082 4072 4092 4102 4112 14002 14012
4082 4072 4092 4102 4112 14002 14012
4082 4072 4092 4102 4112 14002 14012
4082 4072 4092 4102 4112 14002 14012
4082 4072 4092 4102 4112 14002 14012
4082 4072 4092 4102 4112 14002 14012
4082 4072 4092 4102 4112 14002 14012
4082 4072 4092 4102 4112 14002 14012
4082 4072 4092 4102 4112 14002 14012
4082 4072 4092 4102 4112 14002 14012
4082 4072 4092 4102 4112 14002 14012
4082 4072 4092 4102 4112 14002 14012
4082 4072 4092 4102 4112 14002 14012
8663 8673 8683 8693 8703 8713 8723
8663 8673 8683 8693 8703 8713 8723
8663 8673 8683 8693 8703 8713 8723
8663 8673 8683 8693 8703 8713 8723
8663 8673 8683 8693 8703 8713 8723
8663 8673 8683 8693 8703 8713 8723
8663 8673 8683 8693 8703 8713 8723
8663 8673 8683 8693 8703 8713 8723
8663 8673 8683 8693 8703 8713 8723
8663 8673 8683 8693 8703 8713 8723
8663 8673 8683 8693 8703 8713 8723
8663 8673 8683 8693 8703 8713 8723
8663 8673 8683 8693 8703 8713 8723
8663 8673 8683 8693 8703 8713 8723
8663 8673 8683 8693 8703 8713 8723
8663 8673 8683 8693 8703 8713 8723
8663 8673 8683 8693 8703 8713 8723
8663 8673 8683 8693 8703 8713 8723
8663 8673 8683 8693 8703 8713 8723
8663 8673 8683 8693 8703 8713 8723
8663 8673 8683 8693 8703 8713 8723
8663 8673 8683 8693 8703 8713 8723
8663 8673 8683 8693 8703 8713 8723
8663 8673 8683 8693 8703 8713 8723
8663 8673 8683 8693 8703 8713 8723
8663 8673 8683 8693 8703 8713 8723
8663 8673 8683 8693 8703 8713 8723
8663 8673 8683 8693 8703 8713 8723
8663 8673 8683 8693 8703 8713 8723
8663 8673 8683 8693 8703 8713 8723
8663 8673 8683 8693 8703 8713 8723
8663 8673 8683 8693 8703 8713 8723
8663 8673 8683 8693 8703 8713 8723
8663 15613 8683 15613 15613 8713 8723 15613
8663 15613 8683 15613 15613 8713 8723 15613
8663 15613 8683 15613 15613 8713 8723 15613
8663 15613 8683 15613 15613 8713 8723 15613
8663 15613 8683 15613 15613 8713 8723 15613
8663 15613 8683 15613 15613 8713 8723 15613
8663 8673 8683 8693 8703 8713 8723
8663 8673 8683 8693 8703 8713 8723
8663 8673 8683 8693 8703 8713 8723
8663 8673 8683 8693 8703 8713 8723
8663 8673 8683 8693 8703 8713 8723
8663 8673 8683 8693 8703 8713 8723
8663 8673 8683 8693 8703 8713 8723
8663 8673 8683 8693 8703 8713 8723
8663 8673 8683 8693 8703 8713 8723
8663 8673 8683 8693 8703 8713 8723
8663 8673 8683 8693 8703 8713 8723
8663 8673 8683 8693 8703 8713 8723
8663 8673 8683 8693 8703 8713 8723
8663 8673 8683 8693 8703 8713 8723
8663 8673 8683 8693 8703 8713 8723
8663 8673 8683 8693 8703 8713 8723
8663 8673 8683 8693 8703 8713 8723
8663 8673 8683 8693 8703 8713 8723
8663 8673 8683 8693 8703 8713 8723
8663 8673 8683 8693 8703 8713 8723
8663 8673 8683 8693 8703 8713 8723
8663 8673 8683 8693 8703 8713 8723
8663 8673 8683 8693 8703 8713 8723
8663 8673 8683 8693 8703 8713 8723
8663 8673 8683 8693 8703 8713 8723
8663 8673 8683 8693 8703 8713 8723
8663 8673 8683 8693 8703 8713 8723
8663 8673 8683 8693 8703 8713 8723
8663 8673 8683 8693 8703 8713 8723
8663 8673 8683 8693 8703 8713 8723
8663 8673 8683 8693 8703 8713 8723
8663 8673 8683 8693 8703 8713 8723
8663 8673 8683 8693 8703 8713 8723
25704 25714 25724 25734 25744 25754 25764
25704 25714 25724 25734 25744 25754 25764
25704 25714 25724 25734 25744 25754 25764
25704 25714 25724 25734 25744 25754 25764
25704 25714 25724 25734 25744 25754 25764
25704 25714 25724 25734 25744 25754 25764
25704 25714 25724 25734 25744 25754 25764
25704 25714 25724 25734 25744 25754 25764
25704 25714 25724 25734 25744 25754 25764
25704 25714 25724 25734 25744 25754 25764
25704 25714 25724 25734 25744 25754 25764
25704 25714 25724 25734 25744 25754 25764
25704 25714 25724 25734 25744 25754 25764
25704 25714 25724 25734 25744 25754 25764
25704 25714 25724 25734 25744 25754 25764
25704 25714 25724 25734 25744 25754 25764
25704 25714 25724 25734 25744 25754 25764
25704 25714 25724 25734 25744 25754 25764
25704 25714 25724 25734 25744 25754 25764
25704 25714 25724 25734 25744 25754 25764
25704 25714 25724 25734 25744 25754 25764
25704 25714 25724 25734 25744 25754 25764
25704 25714 25724 25734 25744 25754 25764
25704 25714 25724 25734 25744 25754 25764
25704 25714 25724 25734 25744 25754 25764
25704 25714 25724 25734 25744 25754 25764
25704 25714 25724 25734 25744 25754 25764
25704 25714 25724 25734 25744 25754 25764
25704 25714 25724 25734 25744 25754 25764
25704 25714 25724 25734 25744 25754 25764
25704 25714 25724 25734 25744 25754 25764
25704 25714 25724 25734 25744 25754 25764
25704 25714 25724 25734 25744 25754 25764
25704 25714 25724 25734 25744 25754 25764
25704 25714 25724 25734 25744 25754 25764
25704 25714 25724 25734 25744 25754 25764
25704 25714 25724 25734 25744 25754 25764
25704 25714 25724 25734 25744 25754 25764
25704 25714 25724 25734 25744 25754 25764
25704 25714 25724 25734 25744 25754 25764
25704 25714 25724 25734 25744 25754 25764
25704 25714 25724 25734 25744 25754 25764
25704 25714 25724 25734 25744 25754 25764
25704 25714 25724 25734 25744 25754 25764
25704 25714 25724 25734 25744 25754 25764
25704 25714 25724 25734 25744 25754 25764
25704 25714 25724 25734 25744 25754 25764
25704 25714 25724 25734 25744 25754 25764
25704 25714 25724 25734 25744 25754 25764
25704 25714 25724 25734 25744 25754 25764
25704 25714 25724 25734 25744 25754 25764
25704 25714 25724 25734 25744 25754 25764
25704 25714 25724 25734 25744 25754 25764
25704 25714 25724 25734 25744 25754 25764
25704 25714 25724 25734 25744 25754 25764
25704 25714 25724 25734 25744 25754 25764
25704 25714 25724 25734 25744 25754 25764
25704 25714 25724 25734 25744 25754 25764
25704 25714 25724 25734 25744 25754 25764
25704 25714 25724 25734 25744 25754 25764
25704 25714 25724 25734 25744 25754 25764
25704 25714 25724 25734 25744 25754 25764
25704 25714 25724 25734 25744 25754 25764
25704 25714 25724 25734 25744 25754 25764
25704 25714 25724 25734 25744 25754 25764
25704 25714 25724 25734 25744 25754 25764
25704 25714 25724 25734 25744 25754 25764
25704 25714 25724 25734 25744 25754 25764
25704 25714 25724 25734 25744 25754 25764
25704 25714 25724 25734 25744 25754 25764
25704 25714 25724 25734 25744 25754 25764
25704 25714 25724 25734 25744 25754 25764
25704 25714 25724 25734 25744 25754 25764
25704 25714 25724 25734 25744 25754 25764
25704 25714 25724 25734 25744 25754 25764
25704 25714 25724 25734 25744 25754 25764
25704 25714 25724 25734 25744 25754 25764
25704 25714 25724 25734 25744 25754 25764
25704 25714 25724 25734 25744 25754 25764
25704 25714 25724 25734 25744 25754 25764
25704 25714 25724 25734 25744 25754 25764
25704 25714 25724 25734 25744 25754 25764
25704 25714 25724 25734 25744 25754 25764
25704 25714 25724 25734 25744 25754 25764
25704 25714 25724 25734 25744 25754 25764
