84641
84641
84641
84641
84641
84641
84641
84641
84641
84641
84641
84641
84641
84641
84641
84641
84641
84641
84641
84641
84641
84641
84641
84641
84641
84641
84641
84641
84641
84641
36192 36202 36212 36222 36232
36192 36202 36212 36222 36232
36192 36202 36362 36222 36362
36192 36202 36362 36222 36362
36192 36202 36362 36222 36362
36192 36202 36362 36222 36362
36192 36202 36212 36222 36232
36192 36202 36212 36222 36232
36192 36202 36212 36222 36232
36192 36202 36212 36222 36232
36192 36202 36212 36222 36232
36192 36202 36212 36222 36232
36192 36202 36212 36222 36232
36192 36202 36362 36222 36362
36192 36202 36362 36222 36362
36192 36202 36362 36222 36362
36192 36202 36362 36222 36362
36192 36202 36212 36222 36232
36192 36202 36212 36222 36232
36192 36202 36212 36222 36232
36192 36202 36212 36222 36232
36192 36202 36212 36222 36232
36192 36202 36212 36222 36232
36192 36202 36212 36222 36232
36192 36202 36212 36222 36232
36192 36202 36212 36222 36232
36192 36202 36212 36222 36232
36192 36202 36212 36222 36232
36192 36202 36212 36222 36232
36192 36202 36212 36222 36232
36192 36202 36212 36222 36232
36192 36202 36212 36222 36232
36192 36202 36212 36222 36232
36192 36202 36212 36222 36232
36192 36202 36212 36222 36232
36192 36202 36212 36222 36232
36192 36202 36212 36222 36232
36242 36242 36242 36222 36242
36252 36202 36252 36252 36232
36192 36202 36212 36222 36232
36192 36202 36212 36222 36232
36192 36202 36212 36222 36232
36262 36202 36262 36262 36232
36262 36202 36262 36262 36232
36272 36202 36272 36272 36232
36192 36202 36212 36222 36232
36192 36202 36212 36222 36232
36192 36202 36212 36222 36232
36282 36202 36282 36222 36232
36292 36292 36292 36292 36292
36292 36292 36292 36292 36292
36292 36292 36292 36292 36292
36302 36302 36302 36302 36302
36302 36302 36302 36302 36302
36302 36302 36302 36302 36302
36192 36202 36212 36222 36232
36312 36312 36312 36312 36312
36312 36312 36312 36312 36312
36192 36202 36212 36222 36232
36192 36202 36212 36222 36232
36192 36202 36212 36222 36232
36322 36202 36322 36222 36232
36332 36202 36332 36222 36232
36192 36202 36212 36222 36232
36342 36202 36342 36222 36232
36192 36202 36212 36222 36232
36192 36202 36212 36222 36232
36352 36202 36212 36352 36232
