38801
38801
38801
38801
38801
38801
38801
38801
38801
38801
38801
38801
38801
38801
38801
38801
38801
38801
38801
38801
38801
38801
38801
38801
38801
38801
38801
38801
38801
38801
17162 17172 17182 17192 17202 17212 17222 17232
17162 17172 17182 17192 17202 17212 17222 17232
17162 17172 17182 17192 17202 17212 17222 17232
17162 17172 17182 17192 17202 17212 17222 17232
17162 17172 17182 17192 17202 17212 17222 17232
17162 17172 17182 17192 17202 17212 17222 17232
17162 17172 17182 17192 17202 17212 17222 17232
17162 17172 17182 17192 17202 17212 17222 17232
17162 17172 17182 17192 17202 17212 17222 17232
17162 17172 17182 17192 17202 17212 17222 17232
17162 17172 17182 17192 17202 17212 17222 17232
17162 17172 17182 17192 17202 17212 17222 17232
17162 17172 17182 17192 17202 17212 17222 17232
17162 17172 17182 17192 17202 17212 17222 17232
17162 17172 17182 17192 17202 17212 17222 17232
17162 17172 17182 17192 17202 17212 17222 17232
17162 17172 17182 17192 17202 17212 17222 17232
17162 17172 17182 17192 17202 17212 17222 17232
17162 17172 17182 17192 17202 17212 17222 17232
17162 17172 17182 17192 17202 17212 17222 17232
17162 17172 17182 17192 17202 17212 17222 17232
17162 17172 17182 17192 17202 17212 17222 17232
17162 17172 17182 17192 17202 17212 17222 17232
17162 17172 17182 17192 17202 17212 17222 17232
17162 17172 17182 17192 17202 17212 17222 17232
17162 17172 17182 17192 17202 17212 17222 17232
17162 17172 17182 17192 17202 17212 17222 17232
17162 17172 17182 17192 17202 17212 17222 17232
17162 17172 17182 17192 17202 17212 17222 17232
17162 17172 17182 17192 17202 17212 17222 17232
17162 17172 17182 17192 17202 17212 17222 17232
17162 17172 17182 17192 17202 17212 17222 17232
17162 17172 17182 17192 17202 17212 17222 17232
17162 17172 17182 17192 17202 17212 17222 17232
17162 17172 17182 17192 17202 17212 17222 17232
17162 17172 17182 17192 17202 17212 17222 17232
17162 17172 17182 17192 17202 17212 17222 17232
17162 17172 17182 17192 17202 17212 17222 17232
17162 17172 17182 17192 17202 17212 17222 17232
17162 17172 17182 17192 17202 17212 17222 17232
17162 17172 17182 17192 17202 17212 17222 17232
17162 17172 17182 17192 17202 17212 17222 17232
17162 17172 17182 17192 17202 17212 17222 17232
17162 17172 17182 17192 17202 17212 17222 17232
17162 17172 17182 17192 17202 17212 17222 17232
17162 17172 17182 17192 17202 17212 17222 17232
17162 17172 17182 17192 17202 17212 17222 17232
17162 17172 17182 17192 17202 17212 17222 17232
17162 17172 17182 17192 17202 17212 17222 17232
17162 17172 17182 17192 17202 17212 17222 17232
17162 17172 17182 17192 17202 17212 17222 17232
17162 17172 17182 17192 17202 17212 17222 17232
17162 17172 17182 17192 17202 17212 17222 17232
17162 17172 17182 17192 17202 17212 17222 17232
17162 17172 17182 17192 17202 17212 17222 17232
17162 17172 17182 17192 17202 17212 17222 17232
17162 17172 17182 17192 17202 17212 17222 17232
17162 17172 17182 17192 17202 17212 17222 17232
17162 17172 17182 17192 17202 17212 17222 17232
17162 17172 17182 17192 17202 17212 17222 17232
17162 17172 17182 17192 17202 17212 17222 17232
17162 17172 17182 17192 17202 17212 17222 17232
17162 17172 17182 17192 17202 17212 17222 17232
17162 17172 17182 17192 17202 17212 17222 17232
17162 17172 17182 17192 17202 17212 17222 17232
17162 17172 17182 17192 17202 17212 17222 17232
17162 17172 17182 17192 17202 17212 17222 17232
17162 17172 17182 17192 17202 17212 17222 17232
