30 30 20 30 30 30 90 20 20
40 40 40 30 90 90 90 30 30
90 90 90 30 100 90 90 90 90
50 40 90 40 90 90 90 90 90
90 90 90 40 90 90 90 90 20
70 90 10 40 90 90 90 80 80
90 90 90 40 90 90 90 90 80
80 90 80 40 90 90 90 90 80
90 90 90 40 90 90 90 20 90
90 90 90 30 100 90 90 60 90
90 90 90 35 100 90 90 90 70
90 30 90 20 100 90 90 90 90
90 90 90 50 100 90 90 90 90
90 90 40 5 100 90 90 90 70
90 10 90 5 100 90 90 90 10
90 30 30 5 100 90 90 90 90
40 90 90 5 100 90 90 90 50
5 20 90 5 100 90 90 30 30
5 30 20 5 100 90 90 30 30
35 35 35 35 35 35 35 35 35
