38741
38741
38741
38741
38741
38741
38741
38741
38741
38741
38741
38741
38741
38741
38741
38741
38741
38741
38741
38741
38741
38741
38741
38741
38741
38741
38741
38741
38741
38741
2542
2542
2542
2542
2542
2542
2542
2542
2542
2542
2542
2542
2542
2542
2542
2542
2542
2542
2542
2542
2542
2542
2542
2542
2542
2542
2542
2542
2542
2542
2542
2542
23623
23623
23623
23623
23623
23623
23623
23623
23623
23623
23623
23623
23623
23623
23623
23623
23623
23623
23623
23623
23623
23623
23623
23623
23623
23623
23623
23623
23623
23623
23623
23623
31664 31674 31684 31694 31704 31714 31724
31664 31674 31684 31694 31704 31714 31724
31664 31674 31684 31694 31704 31714 31724
31664 31674 31684 31694 31704 31714 31724
31664 31674 31684 31694 31704 31714 31724
31664 31674 31684 31694 31704 31714 31724
31664 31674 31684 31694 31704 31714 31724
31664 31674 31684 31694 31704 31714 31724
31664 31674 31684 31694 31704 31714 31724
31664 31674 31684 31694 31704 31714 31724
31664 31674 31684 31694 31704 31714 31724
31664 31674 31684 31694 31704 31714 31724
31664 31674 31684 31694 31704 31714 31724
31664 31674 31684 31694 31704 31714 31724
31664 31674 31684 31694 31704 31714 31724
31664 31674 31684 31694 31704 31714 31724
31664 31674 31684 31694 31704 31714 31724
31664 31674 31684 31694 31704 31714 31724
31664 31674 31684 31694 31704 31714 31724
31664 31674 31684 31694 31704 31714 31724
31664 31674 31684 31694 31704 31714 31724
31664 31674 31684 31694 31704 31714 31724
31664 31674 31684 31694 31704 31714 31724
31664 31674 31684 31694 31704 31714 31724
31664 31674 31684 31694 31704 31714 31724
31664 31674 31684 31694 31704 31714 31724
31664 31674 31684 31694 31704 31714 31724
31664 31674 31684 31694 31704 31714 31724
31664 31674 31684 31694 31704 31714 31724
31664 31674 31684 31694 31704 31714 31724
31664 31674 31684 31694 31704 31714 31724
31664 31674 31684 31694 31704 31714 31724
31664 31674 31684 31694 31704 31714 31724
31664 31674 31684 31694 31704 31714 31724
31664 31674 31684 31694 31704 31714 31724
31664 31674 31684 31694 31704 31714 31724
31664 31674 31684 31694 31704 31714 31724
31664 31674 31684 31694 31704 31714 31724
31664 31674 31684 31694 31704 31714 31724
31664 31674 31684 31694 31704 31714 31724
31664 31674 31684 31694 31704 31714 31724
31664 31674 31684 31694 31704 31714 31724
31664 31674 31684 31694 31704 31714 31724
31664 31674 31684 31694 31704 31714 31724
31664 31674 31684 31694 31704 31714 31724
31664 31674 31684 31694 31704 31714 31724
31664 31674 31684 31694 31704 31714 31724
31664 31674 31684 31694 31704 31714 31724
31664 31674 31684 31694 31704 31714 31724
31664 31674 31684 31694 31704 31714 31724
31664 31674 31684 31694 31704 31714 31724
31664 31674 31684 31694 31704 31714 31724
31664 31674 31684 31694 31704 31714 31724
31664 31674 31684 31694 31704 31714 31724
31664 31674 31684 31694 31704 31714 31724
31664 31674 31684 31694 31704 31714 31724
31664 31674 31684 31694 31704 31714 31724
31664 31674 31684 31694 31704 31714 31724
31664 31674 31684 31694 31704 31714 31724
31664 31674 31684 31694 31704 31714 31724
31664 31674 31684 31694 31704 31714 31724
31664 31674 31684 31694 31704 31714 31724
31664 31674 31684 31694 31704 31714 31724
31664 31674 31684 31694 31704 31714 31724
31664 31674 31684 31694 31704 31714 31724
31664 31674 31684 31694 31704 31714 31724
31664 31674 31684 31694 31704 31714 31724
31664 31674 31684 31694 31704 31714 31724
31664 31674 31684 31694 31704 31714 31724
31664 31674 31684 31694 31704 31714 31724
31664 31674 31684 31694 31704 31714 31724
31664 31674 31684 31694 31704 31714 31724
31664 31674 31684 31694 31704 31714 31724
31664 31674 31684 31694 31704 31714 31724
31664 31674 31684 31694 31704 31714 31724
31664 31674 31684 31694 31704 31714 31724
31664 31674 31684 31694 31704 31714 31724
31664 31674 31684 31694 31704 31714 31724
31664 31674 31684 31694 31704 31714 31724
31664 31674 31684 31694 31704 31714 31724
31664 31674 31684 31694 31704 31714 31724
31664 31674 31684 31694 31704 31714 31724
31664 31674 31684 31694 31704 31714 31724
31664 31674 31684 31694 31704 31714 31724
31664 31674 31684 31694 31704 31714 31724
31664 31674 31684 31694 31704 31714 31724
31664 31674 31684 31694 31704 31714 31724
31664 31674 31684 31694 31704 31714 31724
31664 31674 31684 31694 31704 31714 31724
