84581
84581
84581
84581
84581
84581
84581
84581
84581
84581
84581
84581
84581
84581
84581
84581
84581
84581
84581
84581
84581
84581
84581
84581
84581
84581
84581
84581
84581
84581
7812 7812 7812
7812 7812 7812
7812 7812 7812
7812 7812 7812
7812 7812 7812
7812 7812 7812
7812 7812 7812
7812 7812 7812
7812 7812 7812
7812 7812 7812
7812 7812 7812
7812 7812 7812
7812 7812 7812
7812 7812 7812
7812 7812 7812
7812 7812 7812
7812 7812 7812
7812 7812 7812
7812 7812 7812
7812 7812 7812
7812 7812 7812
7812 7812 7812
7812 7812 7812
7812 7812 7812
7812 7812 7812
7812 7812 7812
7812 7812 7812
7812 7812 7812
7812 7812 7812
7812 7812 7812
7812 7812 7812
7812 7812 7812
49543 49543 49543
49543 49543 49543
49543 49543 49543
49543 49543 49543
49543 49543 49543
49543 49543 49543
49543 49543 49543
49543 49543 49543
49543 49543 49543
49543 49543 49543
49543 49543 49543
49543 49543 49543
49543 49543 49543
49543 49543 49543
49543 49543 49543
49543 49543 49543
49543 49543 49543
49543 49543 49543
49543 49543 49543
49543 49543 49543
49543 49543 49543
49543 49543 49543
49543 49543 49543
49543 49543 49543
49543 49543 49543
49543 49543 49543
49543 49543 49543
49543 49543 49543
49543 49543 49543
49543 49543 49543
49543 49543 49543
49543 49543 49543
66974 66984 66994 67004 67014 67024 67034 67044
66974 66984 66994 67004 67014 67024 67034 67044
66974 66984 66994 67004 67014 67024 67034 67044
66974 66984 66994 67004 67014 67024 67034 67044
66974 66984 66994 67004 67014 67024 67034 67044
66974 66984 66994 67004 67014 67024 67034 67044
66974 66984 66994 67004 67014 67024 67034 67044
66974 66984 66994 67004 67014 67024 67034 67044
66974 66984 66994 67004 67014 67024 67034 67044
66974 66984 66994 67004 67014 67024 67034 67044
66974 66984 66994 67004 67014 67024 67034 67044
66974 66984 66994 67004 67014 67024 67034 67044
66974 66984 66994 67004 67014 67024 67034 67044
66974 66984 66994 67004 67014 67024 67034 67044
66974 66984 66994 67004 67014 67024 67034 67044
66974 66984 66994 67004 67014 67024 67034 67044
66974 66984 66994 67004 67014 67024 67034 67044
66974 66984 66994 67004 67014 67024 67034 67044
66974 66984 66994 67004 67014 67024 67034 67044
66974 66984 66994 67004 67014 67024 67034 67044
66974 66984 66994 67004 67014 67024 67034 67044
66974 66984 66994 67004 67014 67024 67034 67044
66974 66984 66994 67004 67014 67024 67034 67044
66974 66984 66994 67004 67014 67024 67034 67044
66974 66984 66994 67004 67014 67024 67034 67044
66974 66984 66994 67004 67014 67024 67034 67044
66974 66984 66994 67004 67014 67024 67034 67044
66974 66984 66994 67004 67014 67024 67034 67044
66974 66984 66994 67004 67014 67024 67034 67044
66974 66984 66994 67004 67014 67024 67034 67044
66974 66984 66994 67004 67014 67024 67034 67044
66974 66984 66994 67004 67014 67024 67034 67044
66974 66984 66994 67004 67014 67024 67034 67044
66974 66984 66994 67004 67014 67024 67034 67044
66974 66984 66994 67004 67014 67024 67034 67044
66974 66984 66994 67004 67014 67024 67034 67044
66974 66984 66994 67004 67014 67024 67034 67044
66974 66984 66994 67004 67014 67024 67034 67044
66974 66984 66994 67004 67014 67024 67034 67044
66974 66984 66994 67004 67014 67024 67034 67044
66974 66984 66994 67004 67014 67024 67034 67044
66974 66984 66994 67004 67014 67024 67034 67044
66974 66984 66994 67004 67014 67024 67034 67044
66974 66984 66994 67004 67014 67024 67034 67044
66974 66984 67054 67004 67054 67024 67034 67044
66974 66984 67054 67004 67054 67024 67034 67044
66974 66984 67154 67004 67014 67024 67034 67044
66974 66984 67154 67004 67014 67024 67034 67044
66974 66984 67064 67004 67064 67024 67034 67044
66974 66984 67154 67004 67014 67024 67034 67044
66974 66984 66994 67004 67014 67024 67034 67044
66974 66984 67064 67004 67064 67024 67034 67044
66974 66984 67074 67004 67074 67024 67034 67044
66974 67164 67164 67004 67014 67164 67034 67044
66974 67164 67164 67004 67014 67164 67034 67044
66974 67164 67164 67004 67014 67164 67034 67044
66974 67174 67174 67004 67014 67174 67034 67044
66974 67174 67174 67004 67014 67174 67034 67044
66974 67084 67084 67004 67014 67084 67034 67044
66974 67084 67084 67004 67014 67084 67034 67044
66974 67164 67164 67004 67014 67164 67034 67044
66974 67164 67164 67004 67014 67164 67034 67044
66974 67174 67174 67004 67014 67174 67034 67044
66974 67084 67084 67004 67014 67084 67034 67044
66974 67084 67084 67004 67014 67084 67034 67044
66974 67094 67094 67004 67014 67094 67034 67044
66974 67094 67094 67004 67014 67094 67034 67044
66974 67094 67094 67004 67014 67094 67034 67044
66974 67094 67094 67004 67014 67094 67034 67044
66974 67094 67094 67004 67014 67094 67034 67044
66974 67094 67094 67004 67014 67094 67034 67044
66974 66984 67114 67004 67014 67174 67034 67044
66974 66984 67114 67004 67014 67174 67034 67044
66974 66984 67114 67004 67014 67174 67034 67044
66974 66984 67114 67004 67014 67174 67034 67044
66974 66984 67114 67004 67014 67174 67034 67044
66974 66984 67114 67004 67014 67174 67034 67044
66974 66984 67124 67004 67014 67024 67034 67044
66974 66984 67124 67004 67014 67024 67034 67044
66974 67134 66994 67004 67014 67024 67034 67044
66974 67134 66994 67004 67014 67024 67034 67044
66974 67134 66994 67004 67014 67024 67034 67044
66974 67134 66994 67004 67014 67024 67034 67044
66974 67134 66994 67004 67014 67024 67034 67044
66974 66984 67144 67004 67144 67024 67034 67044
66974 66984 67144 67004 67144 67024 67034 67044
66974 66984 67144 67004 67144 67024 67034 67044
66974 66984 66994 67004 67014 67024 67034 67044
66974 66984 66994 67004 67014 67024 67034 67044
