38741
38741
38741
38741
38741
38741
38741
38741
38741
38741
38741
38741
38741
38741
38741
38741
38741
38741
38741
38741
38741
38741
38741
38741
38741
38741
38741
38741
38741
38741
3052 12312 12322 12332 12342 12352 12362
3052 12312 12322 12332 12342 12352 12362
3052 12312 12322 12332 12342 12352 12362
3052 12312 12322 12332 12342 12352 12362
3052 12312 12322 12332 12342 12352 12362
3052 12312 12322 12332 12342 12352 12362
3052 12312 12322 12332 12342 12352 12362
3052 12312 12322 12332 12342 12352 12362
3052 12312 12322 12332 12342 12352 12362
3052 12312 12322 12332 12342 12352 12362
3052 12312 12322 12332 12342 12352 12362
3052 12312 12322 12332 12342 12352 12362
3052 12312 12322 12332 12342 12352 12362
3052 12312 12322 12332 12342 12352 12362
3052 12312 12322 12332 12342 12352 12362
3052 12312 12322 12332 12342 12352 12362
3052 12312 12322 12332 12342 12352 12362
3052 12312 12322 12332 12342 12352 12362
3052 12312 12322 12332 12342 12352 12362
3052 12312 12322 12332 12342 12352 12362
3052 12312 12322 12332 12342 12352 12362
3052 12312 12322 12332 12342 12352 12362
3052 12312 12322 12332 12342 12352 12362
3052 12312 12322 12332 12342 12352 12362
3052 12312 12322 12332 12342 12352 12362
3052 12312 12322 12332 12342 12352 12362
3052 12312 12322 12332 12342 12352 12362
3052 12312 12322 12332 12342 12352 12362
3052 12312 12322 12332 12342 12352 12362
3052 12312 12322 12332 12342 12352 12362
3052 12312 12322 12332 12342 12352 12362
3052 12312 12322 12332 12342 12352 12362
3052 12312 12322 12332 12342 12352 12362
3052 12312 12322 12332 12342 12352 12362
3052 12312 12322 12332 12342 12352 12362
3052 12312 12322 12332 12342 12352 12362
3052 12312 12322 12332 12342 12352 12362
3052 12312 12322 12332 12342 12352 12362
3052 12312 12322 12332 12342 12352 12362
3052 12312 12322 12332 12342 12352 12362
3052 12312 12322 12332 12342 12352 12362
3052 12312 12322 12332 12342 12352 12362
3052 12312 12322 12332 12342 12352 12362
3052 12312 12322 12332 12342 12352 12362
3052 12312 12322 12332 12342 12352 12362
3052 12312 12322 12332 12342 12352 12362
3052 12312 12322 12332 12342 12352 12362
3052 12312 12322 12332 12342 12352 12362
3052 12312 12322 12332 12342 12352 12362
3052 12312 12322 12332 12342 12352 12362
3052 12312 12322 12332 12342 12352 12362
3052 12312 12322 12332 12342 12352 12362
3052 12312 12322 12332 12342 12352 12362
3052 12312 12322 12332 12342 12352 12362
3052 12312 12322 12332 12342 12352 12362
3052 12312 12322 12332 12342 12352 12362
3052 12312 12322 12332 12342 12352 12362
3052 12312 12322 12332 12342 12352 12362
3052 12312 12322 12332 12342 12352 12362
3052 12312 12322 12332 12342 12352 12362
3052 12312 12322 12332 12342 12352 12362
3052 12312 12322 12332 12342 12352 12362
3052 12312 12322 12332 12342 12352 12362
3052 12312 12322 12332 12342 12352 12362
3052 12312 12322 12332 12342 12352 12362
3052 12312 12322 12332 12342 12352 12362
3052 12312 12322 12332 12342 12352 12362
30973 30983 30993 31003 31013 31023
30973 30983 30993 31003 31013 31023
30973 30983 30993 31003 31013 31023
30973 30983 30993 31003 31013 31023
30973 30983 30993 31003 31013 31023
30973 30983 30993 31003 31013 31023
30973 30983 30993 31003 31013 31023
30973 30983 30993 31003 31013 31023
30973 30983 30993 31003 31013 31023
30973 30983 30993 31003 31013 31023
30973 30983 30993 31003 31013 31023
30973 30983 30993 31003 31013 31023
30973 30983 30993 31003 31013 31023
30973 30983 30993 31003 31013 31023
30973 30983 30993 31003 31013 31023
30973 30983 30993 31003 31013 31023
30973 30983 30993 31003 31013 31023
30973 30983 30993 31003 31013 31023
30973 30983 30993 31003 31013 31023
30973 30983 30993 31003 31013 31023
30973 30983 30993 31003 31013 31023
30973 30983 30993 31003 31013 31023
30973 30983 30993 31003 31013 31023
30973 30983 30993 31003 31013 31023
30973 30983 30993 31003 31013 31023
30973 30983 30993 31003 31013 31023
30973 30983 30993 31003 31013 31023
30973 30983 30993 31003 31013 31023
30973 30983 30993 31003 31013 31023
30973 30983 30993 31003 31013 31023
30973 30983 30993 31003 31013 31023
30973 30983 30993 31003 31013 31023
30973 30983 30993 31003 31013 31023
30973 30983 30993 31003 31013 31023
30973 30983 30993 31003 31013 31023
30973 30983 30993 31003 31013 31023
30973 30983 30993 31003 31013 31023
30973 30983 30993 31003 31013 31023
30973 30983 30993 31003 31013 31023
30973 30983 30993 31003 31013 31023
30973 30983 30993 31003 31013 31023
30973 30983 30993 31003 31013 31023
30973 30983 30993 31003 31013 31023
30973 30983 30993 31003 31013 31023
30973 30983 30993 31003 31013 31023
30973 30983 30993 31003 31013 31023
30973 30983 30993 31003 31013 31023
30973 30983 30993 31003 31013 31023
30973 30983 30993 31003 31013 31023
30973 30983 30993 31003 31013 31023
30973 30983 30993 31003 31013 31023
30973 30983 30993 31003 31013 31023
30973 30983 30993 31003 31013 31023
30973 30983 30993 31003 31013 31023
30973 30983 30993 31003 31013 31023
30973 30983 30993 31003 31013 31023
30973 30983 30993 31003 31013 31023
30973 30983 30993 31003 31013 31023
30973 30983 30993 31003 31013 31023
