84581
84581
84581
84581
84581
84581
84581
84581
84581
84581
84581
84581
84581
84581
84581
84581
84581
84581
84581
84581
84581
84581
84581
84581
84581
84581
84581
84581
84581
84581
9462 9512 9522 9532 9542 9552 9562
9462 9512 9522 9532 9542 9552 9562
9462 9512 9522 9532 9542 9552 9562
9462 9512 9522 9532 9542 9552 9562
9462 9512 9522 9532 9542 9552 9562
9462 9512 9522 9532 9542 9552 9562
9462 9512 9522 9532 9542 9552 9562
9462 9512 9522 9532 9542 9552 9562
9462 9512 9522 9532 9542 9552 9562
9462 9512 9522 9532 9542 9552 9562
9462 9512 9522 9532 9542 9552 9562
9462 9512 9522 9532 9542 9552 9562
9462 9512 9522 9532 9542 9552 9562
9462 9512 9522 9532 9542 9552 9562
9462 9512 9522 9532 9542 9552 9562
9462 9512 9522 9532 9542 9552 9562
9462 9512 9522 9532 33222 9552 9562
9462 9512 9522 9532 33222 9552 9562
9462 9512 9522 9532 9542 9552 9562
9462 9512 9522 9532 9542 9552 9562
9462 9512 9522 9532 9542 9552 9562
9462 9512 9522 9532 9542 9552 9562
9462 9512 9522 9532 9542 9552 9562
9462 9512 9522 9532 9542 9552 9562
9462 9512 9522 9532 9542 9552 9562
9462 9512 9522 9532 9542 9552 9562
9462 9512 9522 9532 9542 9552 9562
9462 9512 9522 9532 9542 9552 9562
9462 9512 9522 9532 9542 9552 9562
9462 9512 9522 9532 9542 9552 9562
9462 9512 9522 9532 9542 9552 9562
9462 9512 9522 9532 9542 9552 9562
9462 9512 9522 9532 9542 9552 9562
9462 9512 9522 9532 9542 9552 9562
9462 9512 9522 9532 9542 9552 9562
9462 9512 9522 9532 9542 9552 9562
9462 9512 9522 9532 9542 9552 9562
9462 9512 9522 9532 9542 9552 9562
9462 9512 9522 9532 9542 9552 9562
9462 9512 9522 9532 9542 9552 9562
9462 9512 9522 9532 9542 9552 9562
9462 9512 9522 9532 9542 9552 9562
9462 9512 9522 9532 9542 9552 9562
9462 9512 9522 9532 9542 9552 9562
9462 9512 9522 9532 9542 9552 9562
9472 9472 9472 9472 9472 9472 9472
9482 9482 9482 9482 9482 9482 9482
9462 9512 9522 9532 9542 9552 9562
9492 9492 9492 9492 33222 9492 9492
9492 9492 9492 9492 9492 9492 9492
9462 9512 9522 9532 9542 9552 9562
9462 9512 9522 9532 9542 9552 9562
9462 9512 9522 9532 9542 9552 9562
9462 9512 9522 9532 9542 9552 9562
9462 9512 9522 9532 9542 9552 9562
9502 9502 9502 9502 9502 9502 9502
9502 9502 9502 9502 9502 9502 9502
9502 9502 9502 9502 9502 9502 9502
9462 9512 9522 9532 9542 9552 9562
9462 9512 9522 9532 9542 9552 9562
9462 9512 9522 9532 9542 9552 9562
9462 9512 9522 9532 9542 9552 9562
9462 9512 9522 9532 9542 9552 9562
9462 9512 9522 9532 9542 9552 9562
9462 9512 9522 9532 9542 9552 9562
9462 9512 9522 9532 9542 9552 9562
9462 9512 9522 9532 9542 9552 9562
64983 64993 65003 65013 65023 65033 65043
64983 64993 65003 65013 65023 65033 65043
64983 64993 65003 65013 65023 65033 65043
64983 64993 65003 65013 65023 65033 65043
64983 64993 65003 65013 65023 65033 65043
64983 64993 65003 65013 65023 65033 65043
64983 64993 65003 65013 65023 65033 65043
64983 64993 65003 65013 65023 65033 65043
64983 64993 65003 65013 65023 65033 65043
64983 64993 65003 65013 65023 65033 65043
64983 64993 65003 65013 65023 65033 65043
64983 64993 65003 65013 65023 65033 65043
64983 64993 65003 65013 65023 65033 65043
64983 64993 65003 65013 65023 65033 65043
64983 64993 65003 65013 65023 65033 65043
64983 64993 65003 65013 65023 65033 65043
64983 64993 65003 65013 65023 65033 65043
64983 64993 65003 65013 65023 65033 65043
64983 64993 65003 65013 65023 65033 65043
64983 64993 65003 65013 65023 65033 65043
64983 64993 65003 65013 65023 65033 65043
64983 64993 65003 65013 65023 65033 65043
64983 64993 65003 65013 65023 65033 65043
64983 64993 65003 65013 65023 65033 65043
64983 64993 65003 65013 65023 65033 65043
64983 64993 65003 65013 65023 65033 65043
64983 64993 65003 65013 65023 65033 65043
64983 64993 65003 65013 65023 65033 65043
64983 64993 65003 65013 65023 65033 65043
64983 64993 65003 65013 65023 65033 65043
64983 64993 65003 65013 65023 65033 65043
64983 64993 65003 65013 65023 65033 65043
64983 64993 65003 65013 65023 65033 65043
64983 64993 65003 65013 65023 65033 65043
64983 64993 65003 65013 65023 65033 65043
64983 64993 65003 65013 65023 65033 65043
64983 64993 65003 65013 65023 65033 65043
64983 64993 65003 65013 65023 65033 65043
64983 64993 65003 65013 65023 65033 65043
64983 64993 65003 65013 65023 65033 65043
64983 65053 65003 65013 65023 65033 65043
64983 64993 65003 65063 65063 65073 65043
64983 65083 65003 65013 65023 65033 65043
64983 65093 65003 65013 65023 65033 65043
64983 65103 65003 65013 65023 65033 65043
64983 65083 65003 65013 65023 65033 65043
64983 65093 65003 65013 65023 65033 65043
64983 65103 65003 65013 65023 65033 65043
64983 64993 65003 65013 65023 65033 65043
64983 64993 65003 65013 65023 65033 65043
64983 65123 65003 65013 65023 65033 65043
64983 65133 65003 65013 65023 65033 65043
64983 64993 65003 65013 65023 65033 65043
64983 64993 65003 65013 65023 65033 65043
64983 64993 65003 65013 65023 65033 65043
64983 65143 65003 65143 65143 65033 65043
64983 65173 65003 65153 65153 65033 65043
64983 65163 65003 65163 65163 65033 65043
64983 64993 65003 65013 65023 65183 65043
