84611
84611
84611
84611
84611
84611
84611
84611
84611
84611
84611
84611
84611
84611
84611
84611
84611
84611
84611
84611
84611
84611
84611
84611
84611
84611
84611
84611
84611
84611
8302 8312 8322
8302 8312 8322
8302 8312 8322
8302 8312 8322
8302 8312 8322
8302 8312 8322
8302 8312 8322
8302 8312 8322
8302 8312 8322
8302 8312 8322
8302 8312 8322
8302 8312 8322
8302 8312 8322
8302 8312 8322
8302 8312 8322
8302 8312 8322
8302 8312 8322
8302 8312 8322
8302 8312 8322
8302 8312 8322
8302 8312 8322
8302 8312 8322
8302 8312 8322
8302 8312 8322
8302 8312 8322
8302 8312 8322
8302 8312 8322
8302 8312 8322
8302 8312 8322
8302 8312 8322
8302 8312 8322
8302 8312 8322
8302 8312 8322
8302 8312 8322
8302 8312 8322
8302 8312 8322
8302 8312 8322
8332 8332 8332
8342 8342 8342
8302 8312 8322
8302 8312 8322
8302 8312 8322
8302 8312 8322
8302 8312 8322
8302 8312 8322
8302 8312 8322
8302 8312 8322
8302 8312 8322
8302 8312 8322
52823 52833 52843 52853 52863 52873 52883 52893
52823 52833 52843 52853 52863 52873 52883 52893
52823 52833 52843 52853 52863 52873 52883 52893
52823 52833 52843 52853 52863 52873 52883 52893
52823 52833 52843 52853 52863 52873 52883 52893
52823 52833 52843 52853 52863 52873 52883 52893
52823 52833 52843 52853 52863 52873 52883 52893
52823 52833 52843 52853 52863 52873 52883 52893
52823 52833 52843 52853 52863 52873 52883 52893
52823 52833 52843 52853 52863 52873 52883 52893
52823 52833 52843 52853 52863 52873 52883 52893
52823 52833 52843 52853 52863 52873 52883 52893
52823 52833 52843 52853 52863 52873 52883 52893
52823 52833 52843 52853 52863 52873 52883 52893
52823 52833 52843 52853 52863 52873 52883 52893
52823 52833 52843 52853 52863 52873 52883 52893
52823 52833 52843 52853 52863 52873 52883 52893
52823 52833 52843 52853 52863 52873 52883 52893
52823 52833 52843 52853 52863 52873 52883 52893
52823 52833 52843 52853 52863 52873 52883 52893
52823 52833 52843 52853 52863 52873 52883 52893
52823 52833 52843 52853 52863 52873 52883 52893
52823 52833 52843 52853 52863 52873 52883 52893
52823 52833 52843 52853 52863 52873 52883 52893
52823 52833 52843 52853 52863 52873 52883 52893
52823 52833 52843 52853 52863 52873 52883 52893
52823 52833 52843 52853 52863 52873 52883 52893
52823 52833 52843 52853 52863 52873 52883 52893
52823 52833 52843 52853 52863 52873 52883 52893
52823 52833 52843 52853 52863 52873 52883 52893
52823 52833 52843 52853 52863 52873 52883 52893
52823 52833 52843 52853 52863 52873 52883 52893
52823 52833 52843 52853 52863 52873 52883 52893
52823 52833 52843 52853 52863 52873 52883 52893
52823 52833 52843 52853 52863 52873 52883 52893
52823 52833 52843 52853 52863 52873 52883 52893
52823 52833 52843 52853 52863 52873 52883 52893
52823 52833 52843 52853 52863 52873 52883 52893
52823 52833 52843 52853 52863 52873 52883 52893
52823 52833 52843 52853 52863 52873 52883 52893
52823 52833 52843 52853 52863 52873 52883 52893
52823 52833 52843 52853 52863 52873 52883 52893
52823 52833 52843 52853 52863 52873 52883 52893
52823 52833 52843 52853 52863 52873 52883 52893
52823 52833 52843 52853 52863 52873 52883 52893
52823 52833 52843 52853 52863 52873 52883 52893
52823 52833 52843 52853 52863 52873 52883 52893
52823 52833 52843 52853 52863 52873 52883 52893
52823 52833 52843 52853 52863 52873 52883 52893
52823 52833 52843 52853 52863 52873 52883 52893
52823 52833 52843 52853 52863 52873 52883 52893
52823 52833 52843 52853 52863 52873 52883 52893
52823 52833 52843 52853 52863 52873 52883 52893
52823 52833 52843 52853 52863 52873 52883 52893
52823 52833 52843 52853 52863 52873 52883 52893
52823 52833 52843 52853 52863 52873 52883 52893
52823 52833 52843 52853 52863 52873 52883 52893
52823 52833 52843 52853 52863 52873 52883 52893
52823 52833 52843 52853 52863 52873 52883 52893
52823 52833 52843 52853 52863 52873 52883 52893
52823 52833 52843 52853 52863 52873 52883 52893
52823 52833 52843 52853 52863 52873 52883 52893
52823 52833 52843 52853 52863 52873 52883 52893
52823 52833 52843 52853 52863 52873 52883 52893
52823 52833 52843 52853 52863 52873 52883 52893
52823 52833 52843 52853 52863 52873 52883 52893
52823 52833 52843 52853 52863 52873 52883 52893
52823 52833 52843 52853 52863 52873 52883 52893
52823 52833 52843 52853 52863 52873 52883 52893
52823 52833 52843 52853 52863 52873 52883 52893
52823 52833 52843 52853 52863 52873 52883 52893
52823 52833 52843 52853 52863 52873 52883 52893
52823 52833 52843 52853 52863 52873 52883 52893
52823 52833 52843 52853 52863 52873 52883 52893
52823 52833 52843 52853 52863 52873 52883 52893
52823 52833 52843 52853 52863 52873 52883 52893
52823 52833 52843 52853 52863 52873 52883 52893
52823 52833 52843 52853 52863 52873 52883 52893
52823 52833 52843 52853 52863 52873 52883 52893
52823 52833 52843 52853 52863 52873 52883 52893
52823 52833 52843 52853 52863 52873 52883 52893
52823 52833 52843 52853 52863 52873 52883 52893
52823 52833 52843 52853 52863 52873 52883 52893
52823 52833 52843 52853 52863 52873 52883 52893
52823 52833 52843 52853 52863 52873 52883 52893
81594 81604 81614 81624 81634 81644 81654 81664 81674
81594 81604 81614 81624 81634 81644 81654 81664 81674
81594 81604 81614 81624 81634 81644 81654 81664 81674
81594 81604 81614 81624 81634 81644 81654 81664 81674
81594 81604 81614 81624 81634 81644 81654 81664 81674
81594 81604 81614 81624 81634 81644 81654 81664 81674
81594 81604 81614 81624 81634 81644 81654 81664 81674
81594 81604 81614 81624 81634 81644 81654 81664 81674
81594 81604 81614 81624 81634 81644 81654 81664 81674
81594 81604 81614 81624 81634 81644 81654 81664 81674
81594 81604 81614 81624 81634 81644 81654 81664 81674
81594 81604 81614 81624 81634 81644 81654 81664 81674
81594 81604 81614 81624 81634 81644 81654 81664 81674
81594 81604 81614 81624 81634 81644 81654 81664 81674
81594 81604 81614 81624 81634 81644 81654 81664 81674
81594 81604 81614 81624 81634 81644 81654 81664 81674
81594 81604 81614 81624 81634 81644 81654 81664 81674
81594 81604 81614 81624 81634 81644 81654 81664 81674
81594 81604 81614 81624 81634 81644 81654 81664 81674
81594 81604 81614 81624 81634 81644 81654 81664 81674
81594 81604 81614 81624 81634 81644 81654 81664 81674
81594 81604 81614 81624 81634 81644 81654 81664 81674
81594 81604 81614 81624 81634 81644 81654 81664 81674
81594 81604 81614 81624 81634 81644 81654 81664 81674
81594 81604 81614 81624 81634 81644 81654 81664 81674
81594 81604 81614 81624 81634 81644 81654 81664 81674
81594 81604 81614 81624 81634 81644 81654 81664 81674
81594 81604 81614 81624 81634 81644 81654 81664 81674
81594 81604 81614 81624 81634 81644 81654 81664 81674
81594 81604 81614 81624 81634 81644 81654 81664 81674
81594 81604 81614 81624 81634 81644 81654 81664 81674
81594 81604 81614 81624 81634 81644 81654 81664 81674
81594 81604 81614 81624 81634 81644 81654 81664 81674
81594 81604 81614 81624 81634 81644 81654 81664 81674
81594 81604 81614 81624 81634 81644 81654 81664 81674
81594 81604 81614 81624 81634 81644 81654 81664 81674
81594 81604 81614 81624 81634 81644 81654 81664 81674
81594 81604 81614 81624 81634 81644 81654 81664 81674
81594 81604 81614 81624 81634 81644 81654 81664 81674
81594 81604 81614 81624 81634 81644 81654 81664 81674
81594 81604 81614 81624 81634 81644 81654 81664 81674
81594 81604 81614 81624 81634 81644 81654 81664 81674
81594 81604 81614 81624 81634 81644 81654 81664 81674
81594 81604 81614 81624 81634 81644 81654 81664 81674
81594 81604 81614 81624 81634 81644 81654 81664 81674
81594 81604 81614 81624 81634 81644 81654 81664 81674
81594 81604 81614 81624 81634 81644 81654 81664 81674
81594 81604 81614 81624 81634 81644 81654 81684 81674
81594 81604 81614 81624 81634 81644 81654 81684 81674
81594 81604 81614 81624 81634 81644 81654 81664 81674
81594 81604 81704 81624 81704 81704 81704 81704 81674
81594 81604 81704 81624 81704 81704 81704 81704 81674
81594 81604 81614 81624 81634 81644 81654 81664 81674
81594 81604 81614 81624 81634 81644 81654 81664 81674
81594 81604 81614 81624 81634 81644 81654 81714 81674
81594 81604 81614 81624 81634 81644 81724 81664 81674
81594 81604 81614 81624 81634 81644 81724 81664 81674
81594 81604 81614 81624 81634 81644 81654 81664 81674
81594 81604 81614 81624 81634 81644 81654 81664 81674
81594 81604 81614 81624 81634 81644 81654 81734 81674
81594 81604 81614 81624 81634 81644 81654 81664 81674
81594 81604 81614 81624 81634 81644 81654 81744 81674
81594 81604 81614 81624 81634 81644 81654 81754 81674
81594 81604 81614 81624 81634 81644 81654 81784 81674
81594 81604 81614 81624 81634 81644 81654 81794 81674
81594 81604 81614 81624 81634 81644 81654 81804 81674
81594 81604 81614 81624 81634 81644 81654 81814 81674
