0 0 0
1 0 1
2 0 2
3 0 3
4 0 4
5 0 5
6 0 6
7 0 7
8 0 8
9 0 9
10 0 10
11 0 11
0 0 0
12 0 12
13 1 13
14 1 14
15 1 15
16 1 16
17 1 17
18 1 18
19 1 19
20 1 20
21 1 21
13 1 13
22 1 22
23 1 23
24 1 24
25 1 25
26 1 26
27 1 27
0 0 0
1 0 1
2 0 2
3 1 3
4 2 4
5 0 5
6 3 6
7 4 7
8 0 8
9 0 9
10 0 10
11 0 11
12 0 12
13 5 13
14 5 14
15 6 15
16 7 16
17 5 17
18 5 18
19 5 19
20 5 20
21 5 21
22 5 22
23 5 23
24 5 24
25 5 25
26 5 26
27 5 27
28 5 28
29 5 29
27 5 27
28 5 28
29 5 29
30 5 30
31 5 31
32 5 32
33 5 33
34 8 34
35 9 35
36 10 36
37 11 37
38 12 38
39 10 39
40 13 40
41 12 38
42 10 36
43 14 41
44 12 38
48 5 42
0 0 0
1 0 1
2 0 2
11 0 11
12 3 12
13 4 13
14 0 14
15 5 15
16 6 16
3 0 3
4 0 4
5 0 5
6 0 6
41 0 41
42 11 42
7 0 7
22 0 22
8 0 8
9 1 9
10 2 10
17 7 17
18 8 18
19 0 19
20 9 20
21 10 21
23 0 23
24 0 24
25 0 25
26 0 26
38 0 38
39 0 39
40 0 40
27 0 27
28 0 28
29 0 29
30 0 30
31 0 31
32 0 32
33 0 33
31 0 31
32 0 32
33 0 33
34 0 34
35 0 35
36 0 36
37 0 37
44 0 45
45 0 44
46 0 46
47 0 44
48 0 47
49 0 48
50 12 49
51 13 50
52 0 44
53 0 51
54 14 52
55 15 53
56 0 54
57 0 44
7 0 7
7 0 7
7 0 7
7 0 7
7 0 7
7 0 7
7 0 7
7 0 7
7 0 7
7 0 7
7 0 7
7 0 7
7 0 7
7 0 7
7 0 7
7 0 7
7 0 7
7 0 7
7 0 7
7 0 7
7 0 7
7 0 7
7 0 7
7 0 7
43 0 43
16 0 16
21 0 21
22 0 22
4 0 4
5 0 5
6 0 6
7 0 7
8 0 8
9 0 9
17 0 17
18 0 18
19 0 19
20 0 20
41 0 41
42 0 42
0 0 0
15 0 15
1 0 1
2 0 2
3 0 3
10 0 10
11 0 11
12 0 12
13 0 13
14 0 14
23 0 23
24 0 24
25 0 25
26 0 26
44 0 44
45 0 45
46 0 46
27 0 27
28 0 28
29 0 29
30 0 30
31 0 31
32 0 32
33 0 33
38 0 38
39 0 39
40 0 40
37 0 37
34 0 34
35 0 35
36 0 36
43 0 43
47 1 47
48 1 47
49 2 48
50 3 49
51 4 50
52 5 51
53 6 52
54 7 53
55 8 54
56 9 55
57 10 56
58 11 57
59 12 58
60 13 59
61 14 60
62 15 61
63 16 62
64 17 63
65 16 62
66 17 63
