38771
38771
38771
38771
38771
38771
38771
38771
38771
38771
38771
38771
38771
38771
38771
38771
38771
38771
38771
38771
38771
38771
38771
38771
38771
38771
38771
38771
38771
38771
2832
2832
2832
2832
2832
2832
2832
2832
2832
2832
2832
2832
2832
2832
2832
2832
2832
2832
2832
2832
2832
2832
2832
2832
2832
2832
2832
2832
2832
2832
2832
2832
2832
2832
2832
2832
2832
2832
2832
2832
2832
2832
2832
2832
2832
2832
2832
2832
2832
25353 25363 25373 25383 25393 25403 25413
25353 25363 25373 25383 25393 25403 25413
25353 25363 25373 25383 25393 25403 25413
25353 25363 25373 25383 25393 25403 25413
25353 25363 25373 25383 25393 25403 25413
25353 25363 25373 25383 25393 25403 25413
25353 25363 25373 25383 25393 25403 25413
25353 25363 25373 25383 25393 25403 25413
25353 25363 25373 25383 25393 25403 25413
25353 25363 25373 25383 25393 25403 25413
25353 25363 25373 25383 25393 25403 25413
25353 25363 25373 25383 25393 25403 25413
25353 25363 25373 25383 25393 25403 25413
25353 25363 25373 25383 25393 25403 25413
25353 25363 25373 25383 25393 25403 25413
25353 25363 25373 25383 25393 25403 25413
25353 25363 25373 25383 25393 25403 25413
25353 25363 25373 25383 25393 25403 25413
25353 25363 25373 25383 25393 25403 25413
25353 25363 25373 25383 25393 25403 25413
25353 25363 25373 25383 25393 25403 25413
25353 25363 25373 25383 25393 25403 25413
25353 25363 25373 25383 25393 25403 25413
25353 25363 25373 25383 25393 25403 25413
25353 25363 25373 25383 25393 25403 25413
25353 25363 25373 25383 25393 25403 25413
25353 25363 25373 25383 25393 25403 25413
25353 25363 25373 25383 25393 25403 25413
25353 25363 25373 25383 25393 25403 25413
25353 25363 25373 25383 25393 25403 25413
25353 25363 25373 25383 25393 25403 25413
25353 25363 25373 25383 25393 25403 25413
25353 25363 25373 25383 25393 25403 25413
25353 25363 25373 25383 25393 25403 25413
25353 25363 25373 25383 25393 25403 25413
25353 25363 25373 25383 25393 25403 25413
25353 25363 25373 25383 25393 25403 25413
25353 25363 25373 25383 25393 25403 25413
25353 25363 25373 25383 25393 25403 25413
25353 25363 25373 25383 25393 25403 25413
25353 25363 25373 25383 25393 25403 25413
25353 25363 25373 25383 25393 25403 25413
25353 25363 25373 25383 25393 25403 25413
25353 25363 25373 25383 25393 25403 25413
25353 25363 25373 25383 25393 25403 25413
25353 25363 25373 25383 25393 25403 25413
25353 25363 25373 25383 25393 25403 25413
25353 25363 25373 25383 25393 25403 25413
25353 25363 25373 25383 25393 25403 25413
25353 25363 25373 25383 25393 25403 25413
25353 25363 25373 25383 25393 25403 25413
25353 25363 25373 25383 25393 25403 25413
25353 25363 25373 25383 25393 25403 25413
25353 25363 25373 25383 25393 25403 25413
25353 25363 25373 25383 25393 25403 25413
25353 25363 25373 25383 25393 25403 25413
25353 25363 25373 25383 25393 25403 25413
25353 25363 25373 25383 25393 25403 25413
25353 25363 25373 25383 25393 25403 25413
25353 25363 25373 25383 25393 25403 25413
25353 25363 25373 25383 25393 25403 25413
25353 25363 25373 25383 25393 25403 25413
25353 25363 25373 25383 25393 25403 25413
25353 25363 25373 25383 25393 25403 25413
25353 25363 25373 25383 25393 25403 25413
25353 25363 25373 25383 25393 25403 25413
25353 25363 25373 25383 25393 25403 25413
25353 25363 25373 25383 25393 25403 25413
25353 25363 25373 25383 25393 25403 25413
25353 25363 25373 25383 25393 25403 25413
25353 25363 25373 25383 25393 25403 25413
25353 25363 25373 25383 25393 25403 25413
25353 25363 25373 25383 25393 25403 25413
25353 25363 25373 25383 25393 25403 25413
25353 25363 25373 25383 25393 25403 25413
25353 25363 25373 25383 25393 25403 25413
25353 25363 25373 25383 25393 25403 25413
25353 25363 25373 25383 25393 25403 25413
25353 25363 25373 25383 25393 25403 25413
25353 25363 25373 25383 25393 25403 25413
25353 25363 25373 25383 25393 25403 25413
25353 25363 25373 25383 25393 25403 25413
25353 25363 25373 25383 25393 25403 25413
25353 25363 25373 25383 25393 25403 25413
25353 25363 25373 25383 25393 25403 25413
37664 37674 37684 37694 37704 37714 37724 37734
37664 37674 37684 37694 37704 37714 37724 37734
37664 37674 37684 37694 37704 37714 37724 37734
37664 37674 37684 37694 37704 37714 37724 37734
37664 37674 37684 37694 37704 37714 37724 37734
37664 37674 37684 37694 37704 37714 37724 37734
37664 37674 37684 37694 37704 37714 37724 37734
37664 37674 37684 37694 37704 37714 37724 37734
37664 37674 37684 37694 37704 37714 37724 37734
37664 37674 37684 37694 37704 37714 37724 37734
37664 37674 37684 37694 37704 37714 37724 37734
37664 37674 37684 37694 37704 37714 37724 37734
37664 37674 37684 37694 37704 37714 37724 37734
37664 37674 37684 37694 37704 37714 37724 37734
37664 37674 37684 37694 37704 37714 37724 37734
37664 37674 37684 37694 37704 37714 37724 37734
37664 37674 37684 37694 37704 37714 37724 37734
37664 37674 37684 37694 37704 37714 37724 37734
37664 37674 37684 37694 37704 37714 37724 37734
37664 37674 37684 37694 37704 37714 37724 37734
37664 37674 37684 37694 37704 37714 37724 37734
37664 37674 37684 37694 37704 37714 37724 37734
37664 37674 37684 37694 37704 37714 37724 37734
37664 37674 37684 37694 37704 37714 37724 37734
37664 37674 37684 37694 37704 37714 37724 37734
37664 37674 37684 37694 37704 37714 37724 37734
37664 37674 37684 37694 37704 37714 37724 37734
37664 37674 37684 37694 37704 37714 37724 37734
37664 37674 37684 37694 37704 37714 37724 37734
37664 37674 37684 37694 37704 37714 37724 37734
37664 37674 37684 37694 37704 37714 37724 37734
37664 37674 37684 37694 37704 37714 37724 37734
37664 37674 37684 37694 37704 37714 37724 37734
37664 37674 37684 37694 37704 37714 37724 37734
37664 37674 37684 37694 37704 37714 37724 37734
37664 37674 37684 37694 37704 37714 37724 37734
37664 37674 37684 37694 37704 37714 37724 37734
37664 37674 37684 37694 37704 37714 37724 37734
37664 37674 37684 37694 37704 37714 37724 37734
37664 37674 37684 37694 37704 37714 37724 37734
37664 37674 37684 37694 37704 37714 37724 37734
37664 37674 37684 37694 37704 37714 37724 37734
37664 37674 37684 37694 37704 37714 37724 37734
37664 37674 37684 37694 37704 37714 37724 37734
37664 37674 37684 37694 37704 37714 37724 37734
37664 37674 37684 37694 37704 37714 37724 37734
37664 37674 37684 37694 37704 37714 37724 37734
37664 37674 37684 37694 37704 37714 37724 37734
37664 37674 37684 37694 37704 37714 37724 37734
37664 37674 37684 37694 37704 37714 37724 37734
37664 37674 37684 37694 37704 37714 37724 37734
37664 37674 37684 37694 37704 37714 37724 37734
37664 37674 37684 37694 37704 37714 37724 37734
37664 37674 37684 37694 37704 37714 37724 37734
37664 37674 37684 37694 37704 37714 37724 37734
37664 37674 37684 37694 37704 37714 37724 37734
37664 37674 37684 37694 37704 37714 37724 37734
37664 37674 37684 37694 37704 37714 37724 37734
37664 37674 37684 37694 37704 37714 37724 37734
37664 37674 37684 37694 37704 37714 37724 37734
37664 37674 37684 37694 37704 37714 37724 37734
37664 37674 37684 37694 37704 37714 37724 37734
37664 37674 37684 37694 37704 37714 37724 37734
37664 37674 37684 37694 37704 37714 37724 37734
37664 37674 37684 37694 37704 37714 37724 37734
37664 37674 37684 37694 37704 37714 37724 37734
37664 37674 37684 37694 37704 37714 37724 37734
