84601
84601
84601
84601
84601
84601
84601
84601
84601
84601
84601
84601
84601
84601
84601
84601
84601
84601
84601
84601
84601
84601
84601
84601
84601
84601
84601
84601
84601
84601
11742 11752 11762 11772 11782
11742 11752 11762 11772 11782
11742 11752 11762 11772 11782
11742 11752 11762 11772 11782
11742 11752 11762 11772 11782
11742 11752 11762 11772 11782
11742 11752 11762 11772 11782
11742 11752 11762 11772 11782
11742 11752 11762 11772 11782
11742 11752 11762 11772 11782
11742 11752 11762 11772 11782
11742 11752 11762 11772 11782
11742 11752 11762 11772 11782
11742 11752 11762 11772 11782
11742 11752 11762 11772 11782
33702 33702 11762 33702 11782
33702 33702 11762 33702 11782
33702 33702 11762 33702 11782
11742 11752 11762 11772 11782
11742 11752 11762 11772 11782
11742 11752 11762 11772 11782
11742 11752 11762 11772 11782
11742 11752 11762 11772 11782
11742 11752 11762 11772 11782
11742 11752 11762 11772 11782
11742 11752 11762 11772 11782
11742 11752 11762 11772 11782
11742 11752 11762 11772 11782
11742 11752 11762 11772 11782
11742 11752 11762 11772 11782
11742 11752 11762 11772 11782
11742 11752 11762 11772 11782
11742 11752 11762 11772 11782
11742 11752 11762 11772 11782
11742 11752 11762 11772 11782
11742 11752 11762 11772 11782
11742 11752 11762 11772 11782
11742 11752 11762 11772 11782
11742 11752 11762 11772 11782
11742 11752 11762 11772 11782
11742 11752 11762 11772 11782
11742 11752 11762 11772 11782
11742 11752 11762 11772 11782
11742 11752 11762 11772 11782
11742 11752 11762 11772 11782
11742 11752 11762 11772 11782
11742 11752 11762 11772 11782
11792 11792 11792 11792 11792
11742 11752 11762 11772 11782
11802 11802 11802 11802 11802
11812 11812 11812 11812 11812
11822 11822 11822 11822 11822
11822 11822 11822 11822 11822
11822 11822 11822 11822 11822
11742 11752 11762 11772 11782
11742 11752 11762 11772 11782
11742 11752 11762 11772 11782
11832 11832 11832 11832 11832
11742 11752 11762 11772 11782
11742 11752 11762 11772 11782
11742 11752 33712 11772 11782
11742 11752 33712 11772 11782
11742 11752 33712 11772 11782
11742 11752 11762 11772 11782
11742 11752 11762 11772 11782
11742 11752 11762 11772 11782
15413 15423 15433 15443 15453 15463 15473 15483
15413 15423 15433 15443 15453 15463 15473 15483
15413 15423 15433 15443 15453 15463 15473 15483
15413 15423 15433 15443 15453 15463 15473 15483
15413 15423 15433 15443 15453 15463 15473 15483
15413 15423 15433 15443 15453 15463 15473 15483
15413 15423 15433 15443 15453 15463 15473 15483
15413 15423 15433 15443 15453 15463 15473 15483
15413 15423 15433 15443 15453 15463 15473 15483
15413 15423 15433 15443 15453 15463 15473 15483
15413 15423 15433 15443 15453 15463 15473 15483
15413 15423 15433 15443 15453 15463 15473 15483
15413 15423 15433 15443 15453 15463 15473 15483
15413 15423 15433 15443 15453 15463 15473 15483
15413 15423 15433 15443 15453 15463 15473 15483
15413 15423 15433 15443 15453 15463 15473 15483
15413 15423 15433 15443 15453 15463 15473 15483
15413 15423 15433 15443 15453 15463 15473 15483
15413 15423 15433 15443 15453 15463 15473 15483
15413 15423 15433 15443 15453 15463 15473 15483
15413 15423 15433 15443 15453 15463 15473 15483
15413 15423 15433 15443 15453 15463 15473 15483
15413 15423 15433 15443 15453 15463 15473 15483
15413 15423 15433 15443 15453 15463 15473 15483
15413 15423 15433 15443 15453 15463 15473 15483
15413 15423 15433 15443 15453 15463 15473 15483
15413 15423 15433 15443 15453 15463 15473 15483
15413 15423 15433 15443 15453 15463 15473 15483
15413 15423 15433 15443 15453 15463 15473 15483
15413 15423 15433 15443 15453 15463 15473 15483
15413 15423 15433 15443 15453 15463 15473 15483
15413 15423 15433 15443 15453 15463 15473 15483
15413 15423 15433 15443 15453 15463 15473 15483
15413 15423 15433 15443 15453 15463 15473 15483
15413 15423 15433 15443 15453 15463 15473 15483
15413 15423 15433 15443 15453 15463 15473 15483
15413 15423 15433 15443 15453 15463 15473 15483
15413 15423 15433 15443 15453 15463 15473 15483
15413 15423 15433 15443 15453 15463 15473 15483
15413 15423 15433 15443 15453 15463 15473 15483
15413 15423 15433 15443 15453 15463 15473 15483
15413 15423 15433 15443 15453 15463 15473 15483
15413 15423 15433 15443 15453 15463 15473 15483
15413 15423 15433 15443 15453 15463 15473 15483
15413 15423 15433 15443 15453 15463 15473 15483
15413 15423 15433 15443 15453 15463 15473 15483
15413 15423 15433 15443 15453 15463 15473 15483
15413 15423 15433 15443 15453 15463 15473 15483
15413 15423 15433 15443 15453 15463 15473 15483
15413 15423 15433 15443 15453 15463 15473 15483
15413 15423 15433 15443 15453 15463 15473 15483
15413 15503 15433 15443 15453 15463 15473 15483
15413 15493 15433 15443 15453 15463 15473 15483
15413 15423 15433 15513 15453 15463 15473 15483
15413 15423 15433 15443 15453 15463 15473 15483
15413 15523 15523 15523 15523 15463 15523 15483
15413 15523 15523 15523 15523 15463 15523 15483
15413 15523 15523 15523 15523 15463 15523 15483
15413 15523 15523 15523 15523 15463 15523 15483
15413 15533 15533 15533 15533 15463 15533 15483
15413 15533 15533 15533 15533 15463 15533 15483
15413 15523 15523 15523 15523 15463 15523 15483
15413 15523 15523 15523 15523 15463 15523 15483
15413 15543 15543 15543 15543 15463 15543 15483
15413 15543 15543 15543 15543 15463 15543 15483
15413 15523 15523 15523 15523 15463 15523 15483
15413 15523 15523 15523 15523 15463 15523 15483
15413 15553 15553 15553 15553 15463 15553 15483
15413 15553 15553 15553 15553 15463 15553 15483
15413 15423 15433 15443 15453 15463 15473 15483
15413 15423 15433 15443 15453 15463 15473 15483
15413 15563 15563 15563 15563 15563 15563 15563
15413 15573 15573 15573 15573 15573 15573 15573
15413 15423 15433 15443 15453 15463 15473 15483
15413 15423 15433 15443 15453 15463 15473 15483
15413 15423 15433 15443 15453 15463 15473 15483
15413 15423 15433 15443 15453 15463 15473 15483
15413 15423 15433 15443 15453 15463 15473 15483
15413 15423 15433 15443 15453 15463 15473 15483
15413 15423 15433 15443 15453 15463 15473 15483
15413 15423 15433 15443 15453 15463 15473 15483
15413 15423 15433 15443 15453 15463 15473 15483
15413 15423 15433 15443 15453 15463 15473 15483
15413 15423 15433 15443 15453 15463 15473 15483
15413 15423 15433 15443 15453 15463 15473 15483
15413 15423 15433 15443 15453 15463 15473 15483
15413 15423 15433 15443 15453 15463 15473 15483
15413 15423 15433 15443 15453 15463 15473 15483
15413 15423 15433 15443 15453 15463 15473 15483
15413 15423 15433 15443 15453 15463 15473 15483
15413 15423 15433 15443 15453 15463 15473 15483
82744 82754 82764 82774 82784 82794 82804 82814 82824
82744 82754 82764 82774 82784 82794 82804 82814 82824
82744 82754 82764 82774 82784 82794 82804 82814 82824
82744 82754 82764 82774 82784 82794 82804 82814 82824
82744 82754 82764 82774 82784 82794 82804 82814 82824
82744 82754 82764 82774 82784 82794 82804 82814 82824
82744 82754 82764 82774 82784 82794 82804 82814 82824
82744 82754 82764 82774 82784 82794 82804 82814 82824
82744 82754 82764 82774 82784 82794 82804 82814 82824
82744 82754 82764 82774 82784 82794 82804 82814 82824
82744 82754 82764 82774 82784 82794 82804 82814 82824
82744 82754 82764 82774 82784 82794 82804 82814 82824
82744 82754 82764 82774 82784 82794 82804 82814 82824
82744 82754 82764 82774 82784 82794 82804 82814 82824
82744 82754 82764 82774 82784 82794 82804 82814 82824
82744 82754 82764 82774 82784 82794 82804 82814 82824
82744 82754 82764 82774 82784 82794 82804 82814 82824
82744 82754 82764 82774 82784 82794 82804 82814 82824
82744 82754 82764 82774 82784 82794 82804 82814 82824
82744 82754 82764 82774 82784 82794 82804 82814 82824
82744 82754 82764 82774 82784 82794 82804 82814 82824
82744 82754 82764 82774 82784 82794 82804 82814 82824
82744 82754 82764 82774 82784 82794 82804 82814 82824
82744 82754 82764 82774 82784 82794 82804 82814 82824
82744 82754 82764 82774 82784 82794 82804 82814 82824
82744 82754 82764 82774 82784 82794 82804 82814 82824
82744 82754 82764 82774 82784 82794 82804 82814 82824
82744 82754 82764 82774 82784 82794 82804 82814 82824
82744 82754 82764 82774 82784 82794 82804 82814 82824
82744 82754 82764 82774 82784 82794 82804 82814 82824
82744 82754 82764 82774 82784 82794 82804 82814 82824
82744 82754 82764 82774 82784 82794 82804 82814 82824
82744 82754 82764 82774 82784 82794 82804 82814 82824
82744 82754 82764 82774 82784 82794 82804 82814 82824
82744 82754 82764 82774 82784 82794 82804 82814 82824
82744 82754 82764 82774 82784 82794 82804 82814 82824
82744 82754 82764 82774 82784 82794 82804 82814 82824
82744 82754 82764 82774 82784 82794 82804 82814 82824
82744 82754 82764 82774 82784 82794 82804 82814 82824
82744 82754 82764 82774 82784 82794 82804 82814 82824
82744 82754 82764 82774 82784 82794 82804 82814 82824
82744 82754 82764 82774 82784 82794 82804 82814 82824
82744 82754 82764 82774 82784 82794 82804 82814 82824
82744 82754 82764 82774 82784 82794 82804 82814 82824
82744 82754 82764 82774 82784 82794 82804 82814 82824
82744 82754 82764 82774 82784 82794 82804 82814 82824
82744 82754 82764 82774 82784 82794 82804 82814 82824
82744 82754 82764 82774 82784 82794 82804 82834 82824
82744 82754 82764 82774 82784 82794 82804 82834 82824
82744 82754 82764 82774 82784 82794 82804 82814 82824
82744 82754 82854 82774 82854 82854 82854 82854 82824
82744 82754 82854 82774 82854 82854 82854 82854 82824
82744 82754 82764 82774 82784 82794 82804 82814 82824
82744 82754 82764 82774 82784 82794 82804 82814 82824
82744 82754 82764 82774 82784 82794 82804 82864 82824
82744 82754 82764 82774 82784 82794 82874 82814 82824
82744 82754 82764 82774 82784 82794 82874 82814 82824
82744 82754 82764 82774 82784 82794 82804 82814 82824
82744 82754 82764 82774 82784 82794 82804 82814 82824
82744 82754 82764 82774 82784 82794 82804 82814 82824
82744 82754 82764 82774 82784 82794 82804 82814 82824
82744 82754 82764 82774 82914 82794 82804 82884 82824
82744 82754 82764 82774 82784 82794 82804 82814 82824
82744 82754 82764 82774 82914 82794 82804 82894 82824
82744 82754 82764 82774 82784 82794 82804 82814 82824
82744 82754 82764 82774 82914 82794 82804 82904 82824
82744 82754 82764 82774 82784 82794 82804 82814 82824
82744 82754 82924 82924 82784 82924 82804 82924 82824
82744 82754 82764 82774 82784 82794 82804 82934 82824
82744 82754 82924 82924 82784 82924 82804 82924 82824
82744 82754 82764 82774 82784 82794 82804 82934 82824
82744 82754 82764 82774 82784 82794 82804 82964 82824
82744 82754 82764 82774 82784 82794 82804 82974 82824
82744 82754 82764 82774 82784 82794 82804 82984 82824
82744 82754 82764 82774 82784 82794 82804 82994 82824
82744 82754 82764 82774 82784 82794 82804 83004 82824
