84581
84581
84581
84581
84581
84581
84581
84581
84581
84581
84581
84581
84581
84581
84581
84581
84581
84581
84581
84581
84581
84581
84581
84581
84581
84581
84581
84581
84581
84581
5872 5922 5932 5942
5872 5922 5932 5942
5872 5922 5932 5942
5872 5922 5932 5942
5872 5922 5932 5942
5872 5922 5932 5942
5872 5922 5932 5942
5872 5922 5932 5942
5872 5922 5932 5942
5872 5922 5932 5942
5872 5922 5932 5942
5872 5922 5932 5942
5872 5922 5932 5942
5872 5922 5932 5942
5872 5922 5932 5942
5872 5922 5932 5942
5872 5922 5932 5942
5872 5922 5932 5942
5872 5922 5932 5942
5872 5922 5932 5942
5872 5922 5932 5942
5872 5922 5932 5942
5872 5922 5932 5942
5872 5922 5932 5942
5872 5922 5932 5942
5872 5922 5932 5942
5872 5922 5932 5942
5872 5922 5932 5942
5872 5922 5932 5942
5872 5922 5932 5942
5872 5922 5932 5942
5872 5922 5932 5942
5872 5922 5932 5942
5872 5922 5932 5942
5872 5922 5932 5942
5872 5922 5932 5942
5872 5922 5932 5942
5872 5922 5932 5942
5882 5882 5882 5882
5892 5892 5892 5892
5872 5922 5932 5942
5902 5902 5902 5902
5902 5902 5902 5902
5872 5922 5932 5942
5872 5922 5932 5942
5912 5912 5912 5912
5872 5922 5932 5942
5872 5922 5932 5942
5872 5922 5932 5942
5872 5922 5932 5942
6433 6483 6493 6503
6433 6483 6493 6503
6433 6483 6493 6503
6433 6483 6493 6503
6433 6483 6493 6503
6433 6483 6493 6503
6433 6483 6493 6503
6433 6483 6493 6503
6433 6483 6493 6503
6433 6483 6493 6503
6433 6483 6493 6503
6433 6483 6493 6503
6433 6483 6493 6503
6433 6483 6493 6503
6433 6483 6493 6503
6433 6483 6493 6503
6433 6483 6493 6503
6433 6483 6493 6503
6433 6483 6493 6503
6433 6483 6493 6503
6433 6483 6493 6503
6433 6483 6493 6503
6433 6483 6493 6503
6433 6483 6493 6503
6433 6483 6493 6503
6433 6483 6493 6503
6433 6483 6493 6503
6433 6483 6493 6503
6433 6483 6493 6503
6433 6483 6493 6503
6433 6483 6493 6503
6433 6483 6493 6503
6433 6483 6493 6503
6433 6483 6493 6503
6433 6483 6493 6503
6433 6483 6493 6503
6433 6483 6493 6503
6433 6483 6493 6503
6443 6443 6443 6443
6453 6453 6453 6453
6433 6483 6493 6503
6463 6463 6463 6463
6463 6463 6463 6463
6433 6483 6493 6503
6433 6483 6493 6503
6473 6473 6473 6473
6433 6483 6493 6503
6433 6483 6493 6503
6433 6483 6493 6503
6433 6483 6493 6503
15054 15064 15074 15084 15094 15104 15114 15124
15054 15064 15074 15084 15094 15104 15114 15124
15054 15064 15074 15084 15094 15104 15114 15124
15054 15064 15074 15084 15094 15104 15114 15124
15054 15064 15074 15084 15094 15104 15114 15124
15054 15064 15074 15084 15094 15104 15114 15124
15054 15064 15074 15084 15094 15104 15114 15124
15054 15064 15074 15084 15094 15104 15114 15124
15054 15064 15074 15084 15094 15104 15114 15124
15054 15064 15074 15084 15094 15104 15114 15124
15054 15064 15074 15084 15094 15104 15114 15124
15054 15064 15074 15084 15094 15104 15114 15124
15054 15064 15074 15084 15094 15104 15114 15124
15054 15064 15074 15084 15094 15104 15114 15124
15054 15064 15074 15084 15094 15104 15114 15124
15054 15064 15074 15084 15094 15104 15114 15124
15054 15064 15074 15084 15094 15104 15114 15124
15054 15064 15074 15084 15094 15104 15114 15124
15054 15064 15074 15084 15094 15104 15114 15124
15054 15064 15074 15084 15094 15104 15114 15124
15054 15064 15074 15084 15094 15104 15114 15124
15054 15064 15074 15084 15094 15104 15114 15124
15054 15064 15074 15084 15094 15104 15114 15124
15054 15064 15074 15084 15094 15104 15114 15124
15054 15064 15074 15084 15094 15104 15114 15124
15054 15064 15074 15084 15094 15104 15114 15124
15054 15064 15074 15084 15094 15104 15114 15124
15054 15064 15074 15084 15094 15104 15114 15124
15054 15064 15074 15084 15094 15104 15114 15124
15054 15064 15074 15084 15094 15104 15114 15124
15054 15064 15074 15084 15094 15104 15114 15124
15054 15064 15074 15084 15094 15104 15114 15124
15054 15064 15074 15084 15094 15104 15114 15124
15054 15064 15074 15084 15094 15104 15114 15124
15054 15064 15074 15084 15094 15104 15114 15124
15054 15064 15074 15084 15094 15104 15114 15124
15054 15064 15074 15084 15094 15104 15114 15124
15054 15064 15074 15084 15094 15104 15114 15124
15054 15064 15074 15084 15094 15104 15114 15124
15054 15064 15074 15084 15094 15104 15114 15124
15054 15064 15074 15084 15094 15104 15114 15124
15054 15064 15074 15084 15094 15104 15114 15124
15054 15064 15074 15084 15094 15104 15114 15124
15054 15064 15074 15084 15094 15104 15114 15124
15054 15064 15074 15084 15094 15104 15114 15124
15054 15064 15074 15084 15094 15104 15114 15124
15054 15064 15074 15084 15094 15104 15114 15124
15054 15064 15074 15084 15094 15104 15114 15124
15054 15064 15074 15084 15094 15104 15114 15124
15054 15064 15074 15084 15094 15104 15114 15124
15054 15064 15074 15084 15094 15104 15114 15124
15054 15144 15074 15084 15094 15104 15114 15124
15054 15134 15074 15084 15094 15104 15114 15124
15054 15064 15074 15154 15094 15104 15114 15124
15054 15064 15074 15084 15094 15104 15114 15124
15054 15164 15164 15164 15164 15104 15164 15124
15054 15164 15164 15164 15164 15104 15164 15124
15054 15164 15164 15164 15164 15104 15164 15124
15054 15164 15164 15164 15164 15104 15164 15124
15054 15174 15174 15174 15174 15104 15174 15124
15054 15174 15174 15174 15174 15104 15174 15124
15054 15164 15164 15164 15164 15104 15164 15124
15054 15164 15164 15164 15164 15104 15164 15124
15054 15184 15184 15184 15184 15104 15184 15124
15054 15184 15184 15184 15184 15104 15184 15124
15054 15164 15164 15164 15164 15104 15164 15124
15054 15164 15164 15164 15164 15104 15164 15124
15054 15194 15194 15194 15194 15104 15194 15124
15054 15194 15194 15194 15194 15104 15194 15124
15054 15064 15074 15084 15094 15104 15114 15124
15054 15064 15074 15084 15094 15104 15114 15124
15054 15204 15204 15204 15204 15204 15204 15204
15054 15214 15214 15214 15214 15214 15214 15214
15054 15064 15074 15084 15094 15104 15114 15124
15054 15064 15074 15084 15094 15104 15114 15124
15054 15064 15074 15084 15094 15104 15114 15124
15054 15064 15074 15084 15094 15104 15114 15124
15054 15064 15074 15084 15094 15104 15114 15124
15054 15064 15074 15084 15094 15104 15114 15124
15054 15064 15074 15084 15094 15104 15114 15124
15054 15064 15074 15084 15094 15104 15114 15124
15054 15064 15074 15084 15094 15104 15114 15124
15054 15064 15074 15084 15094 15104 15114 15124
15054 15064 15074 15084 15094 15104 15114 15124
15054 15064 15074 15084 15094 15104 15114 15124
15054 15064 15074 15084 15094 15104 15114 15124
15054 15064 15074 15084 15094 15104 15114 15124
15054 15064 15074 15084 15094 15104 15114 15124
15054 15064 15074 15084 15094 15104 15114 15124
15054 15064 15074 15084 15094 15104 15114 15124
15054 15064 15074 15084 15094 15104 15114 15124
