38741
38741
38741
38741
38741
38741
38741
38741
38741
38741
38741
38741
38741
38741
38741
38741
38741
38741
38741
38741
38741
38741
38741
38741
38741
38741
38741
38741
38741
38741
2282
2282
2282
2282
2282
2282
2282
2282
2282
2282
2282
2282
2282
2282
2282
2282
2282
2282
2282
2282
2282
2282
2282
2282
2282
2282
2282
2282
2282
2282
2282
2282
2282
2282
2282
2282
2282
2282
2282
2282
2282
2282
2282
2282
2282
2282
2282
2282
2282
2282
2353
2353
2353
2353
2353
2353
2353
2353
2353
2353
2353
2353
2353
2353
2353
2353
2353
2353
2353
2353
2353
2353
2353
2353
2353
2353
2353
2353
2353
2353
2353
2353
2353
2353
2353
2353
2353
2353
2353
2353
2353
2353
2353
2353
2353
2353
2353
2353
2353
2353
5404 5414 5424 5434 5444 5454 5464
5404 5414 5424 5434 5444 5454 5464
5404 5414 5424 5434 5444 5454 5464
5404 5414 5424 5434 5444 5454 5464
5404 5414 5424 5434 5444 5454 5464
5404 5414 5424 5434 5444 5454 5464
5404 5414 5424 5434 5444 5454 5464
5404 5414 5424 5434 5444 5454 5464
5404 5414 5424 5434 5444 5454 5464
5404 5414 5424 5434 5444 5454 5464
5404 5414 5424 5434 5444 5454 5464
5404 5414 5424 5434 5444 5454 5464
5404 5414 5424 5434 5444 5454 5464
5404 5414 5424 5434 5444 5454 5464
5404 5414 5424 5434 5444 5454 5464
5404 5414 5424 5434 5444 5454 5464
5404 5414 5424 5434 5444 5454 5464
5404 5414 5424 5434 5444 5454 5464
5404 5414 5424 5434 5444 5454 5464
5404 5414 5424 5434 5444 5454 5464
5404 5414 5424 5434 5444 5454 5464
5404 5414 5424 5434 5444 5454 5464
5404 5414 5424 5434 5444 5454 5464
5404 5414 5424 5434 5444 5454 5464
5404 5414 5424 5434 5444 5454 5464
5404 5414 5424 5434 5444 5454 5464
5404 5414 5424 5434 5444 5454 5464
5404 5414 5424 5434 5444 5454 5464
5404 5414 5424 5434 5444 5454 5464
5404 5414 5424 5434 5444 5454 5464
5404 5414 5424 5434 5444 5454 5464
5404 5414 5424 5434 5444 5454 5464
5404 5414 5424 5434 5444 5454 5464
5404 5414 5424 5434 5444 5454 5464
5404 5414 5424 5434 5444 5454 5464
5404 5414 5424 5434 5444 5454 5464
5404 5414 5424 5434 5444 5454 5464
5404 5414 5424 5434 5444 5454 5464
5404 5414 5424 5434 5444 5454 5464
5404 5414 5424 5434 5444 5454 5464
5404 5414 5424 5434 5444 5454 5464
5404 5414 5424 5434 5444 5454 5464
5404 5414 5424 5434 5444 5454 5464
5404 5414 5424 5434 5444 5454 5464
5404 5414 5424 5434 5444 5454 5464
5404 5414 5424 5434 5444 5454 5464
5404 5414 5424 5434 5444 5454 5464
5404 5414 5424 5434 5444 5454 5464
5404 5414 5424 5434 5444 5454 5464
5404 5414 5424 5434 5444 5454 5464
5404 5414 5424 5434 5444 5454 5464
5404 5414 5424 5434 5444 5454 5464
5404 5414 5424 5434 5444 5454 5464
5404 5414 5424 5434 5444 5454 5464
5404 5414 5424 5434 5444 5454 5464
5404 5414 5424 5434 5444 5454 5464
5404 5414 5424 5434 5444 5454 5464
5404 5414 5424 5434 5444 5454 5464
5404 5414 5424 5434 5444 5454 5464
5404 5414 5424 5434 5444 5454 5464
5404 5414 5424 5434 5444 5454 5464
5404 5414 5424 5434 5444 5454 5464
5404 5414 5424 5434 5444 5454 5464
5404 5414 5424 5434 5444 5454 5464
5404 5414 5424 5434 5444 5454 5464
5404 5414 5424 5434 5444 5454 5464
5404 5414 5424 5434 5444 5454 5464
5404 5414 5424 5434 5444 5454 5464
5404 5414 5424 5434 5444 5454 5464
5404 5414 5424 5434 5444 5454 5464
5404 5414 5424 5434 5444 5454 5464
5404 5414 5424 5434 5444 5454 5464
5404 5414 5424 5434 5444 5454 5464
5404 5414 5424 5434 5444 5454 5464
5404 5414 5424 5434 5444 5454 5464
5404 5414 5424 5434 5444 5454 5464
5404 5414 5424 5434 5444 5454 5464
5404 5414 5424 5434 5444 5454 5464
5404 5414 5424 5434 5444 5454 5464
5404 5414 5424 5434 5444 5454 5464
5404 5414 5424 5434 5444 5454 5464
5404 5414 5424 5434 5444 5454 5464
5404 5414 5424 5434 5444 5454 5464
5404 5414 5424 5434 5444 5454 5464
5404 5414 5424 5434 5444 5454 5464
5404 5414 5424 5434 5444 5454 5464
5404 5414 5424 5434 5444 5454 5464
5404 5414 5424 5434 5444 5454 5464
5404 5414 5424 5434 5444 5454 5464
5404 5414 5424 5434 5444 5454 5464
5404 5414 5424 5434 5444 5454 5464
