84601
84601
84601
84601
84601
84601
84601
84601
84601
84601
84601
84601
84601
84601
84601
84601
84601
84601
84601
84601
84601
84601
84601
84601
84601
84601
84601
84601
84601
84601
73812 80842 80852 73872 73862 80862 80872
73812 80842 80852 73872 73862 80862 80872
73812 80842 80852 73872 73862 80862 80872
73812 80842 80852 73872 73862 80862 80872
73812 80842 80852 73872 73862 80862 80872
73812 80842 80852 73872 73862 80862 80872
73812 80842 80852 73872 73862 80862 80872
73812 80842 80852 73872 73862 80862 80872
73812 80842 80852 73872 73862 80862 80872
73812 80842 80852 73872 73862 80862 80872
73812 80842 80852 73872 73862 80862 80872
73812 80842 80852 73872 73862 80862 80872
73812 80842 80852 73872 73862 80862 80872
73812 80842 80852 73872 73862 80862 80872
73812 80842 80852 73872 73862 80862 80872
73812 80842 80852 73872 73862 80862 80872
73812 80842 80852 73872 73862 80862 80872
73812 80842 80852 73872 73862 80862 80872
73812 80842 80852 73872 73862 80862 80872
73812 80842 80852 73872 73862 80862 80872
73812 80842 80852 73872 73862 80862 80872
73812 80842 80852 73872 73862 80862 80872
73812 80842 80852 73872 73862 80862 80872
73812 80842 80852 73872 73862 80862 80872
73812 80842 80852 73872 73862 80862 80872
73812 80842 80852 73872 73862 80862 80872
73812 80842 80852 73872 73862 80862 80872
73812 80842 80852 73872 73862 80862 80872
73812 80842 80852 73872 73862 80862 80872
73812 80842 80852 73872 73862 80862 80872
73812 73892 73892 73892 73892 73892 80872
73812 73902 73902 73902 73902 73902 80872
73812 73902 73902 73902 73902 73902 80872
73812 73902 73902 73902 73902 73902 80872
73812 80842 80852 73872 73862 80862 80872
73812 80842 80852 73872 73862 80862 80872
73812 73912 73912 73912 73912 73912 80872
73812 73912 73912 73912 73912 73912 80872
73812 73912 73912 73912 73912 73912 80872
73812 73922 73922 73922 73922 73922 80872
73812 73922 73922 73922 73922 73922 80872
73812 73922 73922 73922 73922 73922 80872
73812 73892 73892 73892 73892 73892 80872
73812 73892 73892 73892 73892 73892 80872
73812 73892 73892 73892 73892 73892 80872
73812 73922 73922 73922 73922 73922 80872
