38761
38761
38761
38761
38761
38761
38761
38761
38761
38761
38761
38761
38761
38761
38761
38761
38761
38761
38761
38761
38761
38761
38761
38761
38761
38761
38761
38761
38761
38761
34262 37412 37402 34312 34292 37422
34262 37412 37402 34312 34292 37422
34262 37412 37402 34312 34292 37422
34262 37412 37402 34312 34292 37422
34262 37412 37402 34312 34292 37422
34262 37412 37402 34312 34292 37422
34262 37412 37402 34312 34292 37422
34262 37412 37402 34312 34292 37422
34262 37412 37402 34312 34292 37422
34262 37412 37402 34312 34292 37422
34262 37412 37402 34312 34292 37422
34262 37412 37402 34312 34292 37422
34262 37412 37402 34312 34292 37422
34262 37412 37402 34312 34292 37422
34262 37412 37402 34312 34292 37422
34262 37412 37402 34312 34292 37422
34262 37412 37402 34312 34292 37422
34262 37412 37402 34312 34292 37422
34262 37412 37402 34312 34292 37422
34262 37412 37402 34312 34292 37422
34262 37412 37402 34312 34292 37422
34262 37412 37402 34312 34292 37422
34262 37412 37402 34312 34292 37422
34262 37412 37402 34312 34292 37422
34262 37412 37402 34312 34292 37422
34262 37412 37402 34312 34292 37422
34262 37412 37402 34312 34292 37422
34262 37412 37402 34312 34292 37422
34262 37412 37402 34312 34292 37422
34262 37412 37402 34312 34292 37422
34262 37412 37402 34312 34292 37422
34262 37412 37402 34312 34292 37422
34262 37412 37402 34312 34292 37422
34262 37412 37402 34312 34292 37422
34262 37412 37402 34312 34292 37422
34262 37412 37402 34312 34292 37422
34262 37412 37402 34312 34292 37422
34262 37412 37402 34312 34292 37422
34262 37412 37402 34312 34292 37422
34262 37412 37402 34312 34292 37422
34262 37412 37402 34312 34292 37422
34262 37412 37402 34312 34292 37422
34262 37412 37402 34312 34292 37422
34262 37412 37402 34312 34292 37422
34262 37412 37402 34312 34292 37422
34262 37412 37402 34312 34292 37422
