84591
84591
84591
84591
84591
84591
84591
84591
84591
84591
84591
84591
84591
84591
84591
84591
84591
84591
84591
84591
84591
84591
84591
84591
84591
84591
84591
84591
84591
84591
7892 7892 7892
7892 7892 7892
7892 7892 7892
7892 7892 7892
7892 7892 7892
7892 7892 7892
7892 7892 7892
7892 7892 7892
7892 7892 7892
7892 7892 7892
7892 7892 7892
7892 7892 7892
7892 7892 7892
7892 7892 7892
7892 7892 7892
7892 7892 7892
7892 7892 7892
7892 7892 7892
7892 7892 7892
7892 7892 7892
7892 7892 7892
7892 7892 7892
7892 7892 7892
7892 7892 7892
7892 7892 7892
7892 7892 7892
7892 7892 7892
7892 7892 7892
7892 7892 7892
7892 7892 7892
7892 7892 7892
7892 7892 7892
49553 49553 49553
49553 49553 49553
49553 49553 49553
49553 49553 49553
49553 49553 49553
49553 49553 49553
49553 49553 49553
49553 49553 49553
49553 49553 49553
49553 49553 49553
49553 49553 49553
49553 49553 49553
49553 49553 49553
49553 49553 49553
49553 49553 49553
49553 49553 49553
49553 49553 49553
49553 49553 49553
49553 49553 49553
49553 49553 49553
49553 49553 49553
49553 49553 49553
49553 49553 49553
49553 49553 49553
49553 49553 49553
49553 49553 49553
49553 49553 49553
49553 49553 49553
49553 49553 49553
49553 49553 49553
49553 49553 49553
49553 49553 49553
53144 53154 53164 53174 53184 53194 53204 53214
53144 53154 53164 53174 53184 53194 53204 53214
53144 53154 53164 53174 53184 53194 53204 53214
53144 53154 53164 53174 53184 53194 53204 53214
53144 53154 53164 53174 53184 53194 53204 53214
53144 53154 53164 53174 53184 53194 53204 53214
53144 53154 53164 53174 53184 53194 53204 53214
53144 53154 53164 53174 53184 53194 53204 53214
53144 53154 53164 53174 53184 53194 53204 53214
53144 53154 53164 53174 53184 53194 53204 53214
53144 53154 53164 53174 53184 53194 53204 53214
53144 53154 53164 53174 53184 53194 53204 53214
53144 53154 53164 53174 53184 53194 53204 53214
53144 53154 53164 53174 53184 53194 53204 53214
53144 53154 53164 53174 53184 53194 53204 53214
53144 53154 53164 53174 53184 53194 53204 53214
53144 53154 53164 53174 53184 53194 53204 53214
53144 53154 53164 53174 53184 53194 53204 53214
53144 53154 53164 53174 53184 53194 53204 53214
53144 53154 53164 53174 53184 53194 53204 53214
53144 53154 53164 53174 53184 53194 53204 53214
53144 53154 53164 53174 53184 53194 53204 53214
53144 53154 53164 53174 53184 53194 53204 53214
53144 53154 53164 53174 53184 53194 53204 53214
53144 53154 53164 53174 53184 53194 53204 53214
53144 53154 53164 53174 53184 53194 53204 53214
53144 53154 53164 53174 53184 53194 53204 53214
53144 53154 53164 53174 53184 53194 53204 53214
53144 53154 53164 53174 53184 53194 53204 53214
53144 53154 53164 53174 53184 53194 53204 53214
53144 53154 53164 53174 53184 53194 53204 53214
53144 53154 53164 53174 53184 53194 53204 53214
53144 53154 53164 53174 53184 53194 53204 53214
53144 53154 53164 53174 53184 53194 53204 53214
53144 53154 53164 53174 53184 53194 53204 53214
53144 53154 53164 53174 53184 53194 53204 53214
53144 53154 53164 53174 53184 53194 53204 53214
53144 53154 53164 53174 53184 53194 53204 53214
53144 53154 53164 53174 53184 53194 53204 53214
53144 53154 53164 53174 53184 53194 53204 53214
53144 53154 53164 53174 53184 53194 53204 53214
53144 53154 53164 53174 53184 53194 53204 53214
53144 53154 53164 53174 53184 53194 53204 53214
53144 53154 53164 53174 53184 53194 53204 53214
53144 53154 53164 53174 53184 53194 53204 53214
53144 53154 53164 53174 53184 53194 53204 53214
53144 53154 53164 53174 53184 53194 53204 53214
53144 53154 53164 53174 53184 53194 53204 53214
53144 53154 53164 53174 53184 53194 53204 53214
53144 53154 53164 53174 53184 53194 53204 53214
53144 53154 53164 53174 53184 53194 53204 53214
53144 53154 53164 53174 53184 53194 53204 53214
53144 53154 53164 53174 53184 53194 53204 53214
53144 53154 53164 53174 53184 53194 53204 53214
53144 53154 53164 53174 53184 53194 53204 53214
53144 53154 53164 53174 53184 53194 53204 53214
53144 53154 53164 53174 53184 53194 53204 53214
53144 53154 53164 53174 53184 53194 53204 53214
53144 53154 53164 53174 53184 53194 53204 53214
53144 53154 53164 53174 53184 53194 53204 53214
53144 53234 53234 53224 53234 53234 53234 53224
53144 53244 53244 53244 53244 53244 53244 53244
53144 53244 53244 53244 53244 53244 53244 53244
53144 53244 53244 53244 53244 53244 53244 53244
53144 53264 53264 53254 53264 53264 53264 53254
53144 53264 53264 53254 53264 53264 53264 53254
53144 53264 53264 53254 53264 53264 53264 53254
53144 53264 53264 53254 53264 53264 53264 53254
53144 53264 53264 53254 53264 53264 53264 53254
53144 53264 53264 53254 53264 53264 53264 53254
53144 53154 53164 53174 53184 53194 53204 53214
53144 53154 53164 53174 53184 53194 53204 53214
53144 53244 53244 53244 53244 53244 53244 53214
53144 53244 53244 53224 53244 53244 53244 53224
53144 53264 53264 53254 53264 53264 53264 53254
53144 53264 53264 53254 53264 53264 53264 53254
53144 53264 53264 53254 53264 53264 53264 53254
53144 53154 53164 53174 53184 53194 53204 53214
53144 53154 53164 53174 53184 53194 53204 53214
53144 53154 53164 53174 53184 53194 53204 53214
53144 53274 53274 53274 53274 53274 53274 53274
53144 53154 53164 53174 53184 53194 53204 53214
53144 53284 53284 53284 53284 53284 53284 53284
53144 53284 53284 53284 53284 53284 53284 53284
53144 53154 53164 53174 53184 53194 53204 53214
