38751
38751
38751
38751
38751
38751
38751
38751
38751
38751
38751
38751
38751
38751
38751
38751
38751
38751
38751
38751
38751
38751
38751
38751
38751
38751
38751
38751
38751
38751
2622
2622
2622
2622
2622
2622
2622
2622
2622
2622
2622
2622
2622
2622
2622
2622
2622
2622
2622
2622
2622
2622
2622
2622
2622
2622
2622
2622
2622
2622
2622
2622
23633
23633
23633
23633
23633
23633
23633
23633
23633
23633
23633
23633
23633
23633
23633
23633
23633
23633
23633
23633
23633
23633
23633
23633
23633
23633
23633
23633
23633
23633
23633
23633
25634 25644 25654 25664 25674 25684 25694
25634 25644 25654 25664 25674 25684 25694
25634 25644 25654 25664 25674 25684 25694
25634 25644 25654 25664 25674 25684 25694
25634 25644 25654 25664 25674 25684 25694
25634 25644 25654 25664 25674 25684 25694
25634 25644 25654 25664 25674 25684 25694
25634 25644 25654 25664 25674 25684 25694
25634 25644 25654 25664 25674 25684 25694
25634 25644 25654 25664 25674 25684 25694
25634 25644 25654 25664 25674 25684 25694
25634 25644 25654 25664 25674 25684 25694
25634 25644 25654 25664 25674 25684 25694
25634 25644 25654 25664 25674 25684 25694
25634 25644 25654 25664 25674 25684 25694
25634 25644 25654 25664 25674 25684 25694
25634 25644 25654 25664 25674 25684 25694
25634 25644 25654 25664 25674 25684 25694
25634 25644 25654 25664 25674 25684 25694
25634 25644 25654 25664 25674 25684 25694
25634 25644 25654 25664 25674 25684 25694
25634 25644 25654 25664 25674 25684 25694
25634 25644 25654 25664 25674 25684 25694
25634 25644 25654 25664 25674 25684 25694
25634 25644 25654 25664 25674 25684 25694
25634 25644 25654 25664 25674 25684 25694
25634 25644 25654 25664 25674 25684 25694
25634 25644 25654 25664 25674 25684 25694
25634 25644 25654 25664 25674 25684 25694
25634 25644 25654 25664 25674 25684 25694
25634 25644 25654 25664 25674 25684 25694
25634 25644 25654 25664 25674 25684 25694
25634 25644 25654 25664 25674 25684 25694
25634 25644 25654 25664 25674 25684 25694
25634 25644 25654 25664 25674 25684 25694
25634 25644 25654 25664 25674 25684 25694
25634 25644 25654 25664 25674 25684 25694
25634 25644 25654 25664 25674 25684 25694
25634 25644 25654 25664 25674 25684 25694
25634 25644 25654 25664 25674 25684 25694
25634 25644 25654 25664 25674 25684 25694
25634 25644 25654 25664 25674 25684 25694
25634 25644 25654 25664 25674 25684 25694
25634 25644 25654 25664 25674 25684 25694
25634 25644 25654 25664 25674 25684 25694
25634 25644 25654 25664 25674 25684 25694
25634 25644 25654 25664 25674 25684 25694
25634 25644 25654 25664 25674 25684 25694
25634 25644 25654 25664 25674 25684 25694
25634 25644 25654 25664 25674 25684 25694
25634 25644 25654 25664 25674 25684 25694
25634 25644 25654 25664 25674 25684 25694
25634 25644 25654 25664 25674 25684 25694
25634 25644 25654 25664 25674 25684 25694
25634 25644 25654 25664 25674 25684 25694
25634 25644 25654 25664 25674 25684 25694
25634 25644 25654 25664 25674 25684 25694
25634 25644 25654 25664 25674 25684 25694
25634 25644 25654 25664 25674 25684 25694
25634 25644 25654 25664 25674 25684 25694
25634 25644 25654 25664 25674 25684 25694
25634 25644 25654 25664 25674 25684 25694
25634 25644 25654 25664 25674 25684 25694
25634 25644 25654 25664 25674 25684 25694
25634 25644 25654 25664 25674 25684 25694
25634 25644 25654 25664 25674 25684 25694
25634 25644 25654 25664 25674 25684 25694
25634 25644 25654 25664 25674 25684 25694
25634 25644 25654 25664 25674 25684 25694
25634 25644 25654 25664 25674 25684 25694
25634 25644 25654 25664 25674 25684 25694
25634 25644 25654 25664 25674 25684 25694
25634 25644 25654 25664 25674 25684 25694
25634 25644 25654 25664 25674 25684 25694
25634 25644 25654 25664 25674 25684 25694
25634 25644 25654 25664 25674 25684 25694
25634 25644 25654 25664 25674 25684 25694
25634 25644 25654 25664 25674 25684 25694
25634 25644 25654 25664 25674 25684 25694
25634 25644 25654 25664 25674 25684 25694
25634 25644 25654 25664 25674 25684 25694
25634 25644 25654 25664 25674 25684 25694
25634 25644 25654 25664 25674 25684 25694
25634 25644 25654 25664 25674 25684 25694
25634 25644 25654 25664 25674 25684 25694
