84631
84631
84631
84631
84631
84631
84631
84631
84631
84631
84631
84631
84631
84631
84631
84631
84631
84631
84631
84631
84631
84631
84631
84631
84631
84631
84631
84631
84631
84631
23872 23882 23892 23902 23912 23922 23932
23872 23882 23892 23902 23912 23922 23932
23872 23882 23892 23902 23912 23922 23932
23872 23882 23892 23902 23912 23922 23932
23872 23882 23892 23902 23912 23922 23932
23872 23882 23892 23902 23912 23922 23932
23872 23882 23892 23902 23912 23922 23932
23872 23882 23892 23902 23912 23922 23932
23872 23882 23892 23902 23912 23922 23932
23872 23882 23892 23902 23912 23922 23932
23872 23882 23892 23902 23912 23922 23932
23872 23882 23892 23902 23912 23922 23932
23872 23882 23892 23902 23912 23922 23932
23872 23882 23892 23902 23912 23922 23932
23872 23882 23892 23902 23912 23922 23932
34352 34352 34352 34352 34352 34352 34352
34352 34352 34352 34352 34352 34352 34352
34352 34352 34352 34352 34352 34352 34352
23872 23882 23892 23902 23912 23922 23932
23872 23882 23892 23902 23912 23922 23932
23872 23882 23892 23902 23912 23922 23932
23872 23882 23892 23902 23912 23922 23932
23872 23882 23892 23902 23912 23922 23932
23872 23882 23892 23902 23912 23922 23932
23872 23882 23892 23902 23912 23922 23932
23872 23882 23892 23902 23912 23922 23932
23872 23882 23892 23902 23912 23922 23932
23872 23882 23892 23902 23912 23922 23932
23872 23882 23892 23902 23912 23922 23932
23872 23882 23892 23902 23912 23922 23932
23872 23882 23892 23902 23912 23922 23932
23872 23882 23892 23902 23912 23922 23932
23872 23882 23892 23902 23912 23922 23932
23872 23882 23892 23902 23912 23922 23932
23872 23882 23892 23902 23912 23922 23932
23872 23882 23892 23902 23912 23922 23932
23872 23882 23892 23902 23912 23922 23932
23872 23882 23892 23902 23912 23922 23932
23872 23882 23892 23902 23912 23922 23932
23872 23882 23892 23902 23912 23922 23932
23872 23882 23892 23902 23912 23922 23932
23872 23882 23892 23902 23912 23922 23932
23872 23882 23892 23902 23912 23922 23932
23872 23882 23892 23902 23912 23922 23932
23872 23882 23892 23902 23912 23922 23932
23872 23882 23892 23902 23912 23922 23932
23872 23882 23892 23902 23912 23922 23932
23942 23942 23942 23942 23942 23942 23942 23942
23952 23952 23952 23952 23952 23952 23952 23952
23872 23882 23892 23902 23912 23922 23932
23872 23882 23892 23902 23912 23922 23932
23872 23882 23892 23902 23912 23922 23932
23872 23882 23892 23902 23912 23922 23932
23962 23962 23962 23962 23962 23962 23962 23962
23972 23972 23972 23972 23972 23972 23972 23972
23972 23972 23972 23972 23972 23972 23972 23972
23972 23972 23972 23972 23972 23972 23972 23972
23982 23982 23982 23982 23982 23982 23982 23982
23982 23982 23982 23982 23982 23982 23982 23982
23982 23982 23982 23982 23982 23982 23982 23982
23992 23882 23992 23902 23992 23922 23932
24002 24002 24002 24002 24002 24002 24002 24002
24002 24002 24002 24002 24002 24002 24002 24002
24002 24002 24002 24002 24002 24002 24002 24002
24012 24012 24012 24012 24012 24012 24012 24012
24012 24012 24012 24012 24012 24012 24012 24012
24012 24012 24012 24012 24012 24012 24012 24012
24022 23882 23892 24022 23912 23922 23932
23872 23882 23892 23902 23912 23922 23932
24032 24032 23892 23902 24032 23922 23932
23872 23882 23892 23902 23912 23922 23932
24042 24042 23892 23902 24042 23922 23932
23872 23882 23892 23902 23912 23922 23932
23872 23882 23892 23902 23912 23922 23932
23872 23882 23892 23902 23912 23922 23932
24052 23882 23892 24052 23912 23922 23932
23872 23882 23892 23902 23912 23922 23932
23872 23882 23892 23902 23912 23922 23932
24062 24062 23892 23902 24062 23922 23932
23872 23882 23892 23902 23912 23922 23932
23872 23882 23892 23902 23912 23922 23932
23872 23882 23892 23902 23912 23922 23932
23872 23882 23892 23902 23912 23922 23932
82053 82063 82073 82083 82093 82103 82113 82123 82133
82053 82063 82073 82083 82093 82103 82113 82123 82133
82053 82063 82073 82083 82093 82103 82113 82123 82133
82053 82063 82073 82083 82093 82103 82113 82123 82133
82053 82063 82073 82083 82093 82103 82113 82123 82133
82053 82063 82073 82083 82093 82103 82113 82123 82133
82053 82063 82073 82083 82093 82103 82113 82123 82133
82053 82063 82073 82083 82093 82103 82113 82123 82133
82053 82063 82073 82083 82093 82103 82113 82123 82133
82053 82063 82073 82083 82093 82103 82113 82123 82133
82053 82063 82073 82083 82093 82103 82113 82123 82133
82053 82063 82073 82083 82093 82103 82113 82123 82133
82053 82063 82073 82083 82093 82103 82113 82123 82133
82053 82063 82073 82083 82093 82103 82113 82123 82133
82053 82063 82073 82083 82093 82103 82113 82123 82133
82053 82063 82073 82083 82093 82103 82113 82123 82133
82053 82063 82073 82083 82093 82103 82113 82123 82133
82053 82063 82073 82083 82093 82103 82113 82123 82133
82053 82063 82073 82083 82093 82103 82113 82123 82133
82053 82063 82073 82083 82093 82103 82113 82123 82133
82053 82063 82073 82083 82093 82103 82113 82123 82133
82053 82063 82073 82083 82093 82103 82113 82123 82133
82053 82063 82073 82083 82093 82103 82113 82123 82133
82053 82063 82073 82083 82093 82103 82113 82123 82133
82053 82063 82073 82083 82093 82103 82113 82123 82133
82053 82063 82073 82083 82093 82103 82113 82123 82133
82053 82063 82073 82083 82093 82103 82113 82123 82133
82053 82063 82073 82083 82093 82103 82113 82123 82133
82053 82063 82073 82083 82093 82103 82113 82123 82133
82053 82063 82073 82083 82093 82103 82113 82123 82133
82053 82063 82073 82083 82093 82103 82113 82123 82133
82053 82063 82073 82083 82093 82103 82113 82123 82133
82053 82063 82073 82083 82093 82103 82113 82123 82133
82053 82063 82073 82083 82093 82103 82113 82123 82133
82053 82063 82073 82083 82093 82103 82113 82123 82133
82053 82063 82073 82083 82093 82103 82113 82123 82133
82053 82063 82073 82083 82093 82103 82113 82123 82133
82053 82063 82073 82083 82093 82103 82113 82123 82133
82053 82063 82073 82083 82093 82103 82113 82123 82133
82053 82063 82073 82083 82093 82103 82113 82123 82133
82053 82063 82073 82083 82093 82103 82113 82123 82133
82053 82063 82073 82083 82093 82103 82113 82123 82133
82053 82063 82073 82083 82093 82103 82113 82123 82133
82053 82063 82073 82083 82093 82103 82113 82123 82133
82053 82063 82073 82083 82093 82103 82113 82123 82133
82053 82063 82073 82083 82093 82103 82113 82123 82133
82053 82063 82073 82083 82093 82103 82113 82123 82133
82053 82063 82073 82083 82093 82103 82113 82143 82133
82053 82063 82073 82083 82093 82103 82113 82143 82133
82053 82063 82073 82083 82093 82103 82113 82123 82133
82053 82063 82163 82083 82163 82163 82163 82163 82133
82053 82063 82163 82083 82163 82163 82163 82163 82133
82053 82063 82073 82083 82093 82103 82113 82123 82133
82053 82063 82073 82083 82093 82103 82113 82123 82133
82053 82063 82073 82083 82093 82103 82113 82173 82133
82053 82063 82073 82083 82093 82103 82183 82123 82133
82053 82063 82073 82083 82093 82103 82183 82123 82133
82053 82063 82073 82083 82093 82103 82113 82123 82133
82053 82063 82073 82083 82093 82103 82113 82123 82133
82053 82063 82073 82083 82093 82103 82113 82193 82133
82053 82063 82073 82083 82093 82103 82113 82123 82133
82053 82063 82073 82083 82093 82103 82113 82203 82133
82053 82063 82073 82083 82093 82103 82113 82213 82133
82053 82063 82073 82083 82093 82103 82113 82243 82133
82053 82063 82073 82083 82093 82103 82113 82253 82133
82053 82063 82073 82083 82093 82103 82113 82263 82133
82053 82063 82073 82083 82093 82103 82113 82273 82133
83554 83564 83574 83584 83594 83604 83614 83624 83634
83554 83564 83574 83584 83594 83604 83614 83624 83634
83554 83564 83574 83584 83594 83604 83614 83624 83634
83554 83564 83574 83584 83594 83604 83614 83624 83634
83554 83564 83574 83584 83594 83604 83614 83624 83634
83554 83564 83574 83584 83594 83604 83614 83624 83634
83554 83564 83574 83584 83594 83604 83614 83624 83634
83554 83564 83574 83584 83594 83604 83614 83624 83634
83554 83564 83574 83584 83594 83604 83614 83624 83634
83554 83564 83574 83584 83594 83604 83614 83624 83634
83554 83564 83574 83584 83594 83604 83614 83624 83634
83554 83564 83574 83584 83594 83604 83614 83624 83634
83554 83564 83574 83584 83594 83604 83614 83624 83634
83554 83564 83574 83584 83594 83604 83614 83624 83634
83554 83564 83574 83584 83594 83604 83614 83624 83634
83554 83564 83574 83584 83594 83604 83614 83624 83634
83554 83564 83574 83584 83594 83604 83614 83624 83634
83554 83564 83574 83584 83594 83604 83614 83624 83634
83554 83564 83574 83584 83594 83604 83614 83624 83634
83554 83564 83574 83584 83594 83604 83614 83624 83634
83554 83564 83574 83584 83594 83604 83614 83624 83634
83554 83564 83574 83584 83594 83604 83614 83624 83634
83554 83564 83574 83584 83594 83604 83614 83624 83634
83554 83564 83574 83584 83594 83604 83614 83624 83634
83554 83564 83574 83584 83594 83604 83614 83624 83634
83554 83564 83574 83584 83594 83604 83614 83624 83634
83554 83564 83574 83584 83594 83604 83614 83624 83634
83554 83564 83574 83584 83594 83604 83614 83624 83634
83554 83564 83574 83584 83594 83604 83614 83624 83634
83554 83564 83574 83584 83594 83604 83614 83624 83634
83554 83564 83574 83584 83594 83604 83614 83624 83634
83554 83564 83574 83584 83594 83604 83614 83624 83634
83554 83564 83574 83584 83594 83604 83614 83624 83634
83554 83564 83574 83584 83594 83604 83614 83624 83634
83554 83564 83574 83584 83594 83604 83614 83624 83634
83554 83564 83574 83584 83594 83604 83614 83624 83634
83554 83564 83574 83584 83594 83604 83614 83624 83634
83554 83564 83574 83584 83594 83604 83614 83624 83634
83554 83564 83574 83584 83594 83604 83614 83624 83634
83554 83564 83574 83584 83594 83604 83614 83624 83634
83554 83564 83574 83584 83594 83604 83614 83624 83634
83554 83564 83574 83584 83594 83604 83614 83624 83634
83554 83564 83574 83584 83594 83604 83614 83624 83634
83554 83564 83574 83584 83594 83604 83614 83624 83634
83554 83564 83574 83584 83594 83604 83614 83624 83634
83554 83564 83574 83584 83594 83604 83614 83624 83634
83554 83564 83574 83584 83594 83604 83614 83624 83634
83554 83564 83574 83584 83594 83604 83614 83644 83634
83554 83564 83574 83584 83594 83604 83614 83644 83634
83554 83564 83574 83584 83594 83604 83614 83624 83634
83554 83564 83664 83584 83664 83664 83664 83664 83634
83554 83564 83664 83584 83664 83664 83664 83664 83634
83554 83564 83574 83584 83594 83604 83614 83624 83634
83554 83564 83574 83584 83594 83604 83614 83624 83634
83554 83564 83574 83584 83594 83604 83614 83674 83634
83554 83564 83574 83584 83594 83604 83684 83624 83634
83554 83564 83574 83584 83594 83604 83684 83624 83634
83554 83564 83574 83584 83594 83604 83614 83624 83634
83554 83564 83574 83584 83594 83604 83614 83624 83634
83554 83564 83574 83584 83594 83604 83614 83624 83634
83554 83564 83574 83584 83594 83604 83614 83624 83634
83554 83564 83574 83584 83724 83604 83614 83694 83634
83554 83564 83574 83584 83594 83604 83614 83624 83634
83554 83564 83574 83584 83724 83604 83614 83704 83634
83554 83564 83574 83584 83594 83604 83614 83624 83634
83554 83564 83574 83584 83724 83604 83614 83714 83634
83554 83564 83574 83584 83594 83604 83614 83624 83634
83554 83564 83734 83734 83594 83734 83614 83734 83634
83554 83564 83574 83584 83594 83604 83614 83744 83634
83554 83564 83734 83734 83594 83734 83614 83734 83634
83554 83564 83574 83584 83594 83604 83614 83744 83634
83554 83564 83574 83584 83594 83604 83614 83774 83634
83554 83564 83574 83584 83594 83604 83614 83784 83634
83554 83564 83574 83584 83594 83604 83614 83794 83634
83554 83564 83574 83584 83594 83604 83614 83804 83634
83554 83564 83574 83584 83594 83604 83614 83814 83634
