38791
38791
38791
38791
38791
38791
38791
38791
38791
38791
38791
38791
38791
38791
38791
38791
38791
38791
38791
38791
38791
38791
38791
38791
38791
38791
38791
38791
38791
38791
9832 9842 9852 9862 9872 9882 9892 9902 9912
9832 9842 9852 9862 9872 9882 9892 9902 9912
9832 9842 9852 9862 9872 9882 9892 9902 9912
9832 9842 9852 9862 9872 9882 9892 9902 9912
9832 9842 9852 9862 9872 9882 9892 9902 9912
9832 9842 9852 9862 9872 9882 9892 9902 9912
9832 9842 9852 9862 9872 9882 9892 9902 9912
9832 9842 9852 9862 9872 9882 9892 9902 9912
9832 9842 9852 9862 9872 9882 9892 9902 9912
9832 9842 9852 9862 9872 9882 9892 9902 9912
9832 9842 9852 9862 9872 9882 9892 9902 9912
9832 9842 9852 9862 9872 9882 9892 9902 9912
9832 9842 9852 9862 9872 9882 9892 9902 9912
9832 9842 9852 9862 9872 9882 9892 9902 9912
9832 9842 9852 9862 9872 9882 9892 9902 9912
9832 9842 9852 9862 9872 9882 9892 9902 9912
9832 9842 9852 9862 9872 9882 9892 9902 9912
9832 9842 9852 9862 9872 9882 9892 9902 9912
9832 9842 9852 9862 9872 9882 9892 9902 9912
9832 9842 9852 9862 9872 9882 9892 9902 9912
9832 9842 9852 9862 9872 9882 9892 9902 9912
9832 9842 9852 9862 9872 9882 9892 9902 9912
9832 9842 9852 9862 9872 9882 9892 9902 9912
9832 9842 9852 9862 9872 9882 9892 9902 9912
9832 9842 9852 9862 9872 9882 9892 9902 9912
9832 9842 9852 9862 9872 9882 9892 9902 9912
9832 9842 9852 9862 9872 9882 9892 9902 9912
9832 9842 9852 9862 9872 9882 9892 9902 9912
9832 9842 9852 9862 9872 9882 9892 9902 9912
9832 9842 9852 9862 9872 9882 9892 9902 9912
9832 9842 9852 9862 9872 9882 9892 9902 9912
9832 9842 9852 14162 9872 9882 9892 14852 9912
9832 9842 9852 14162 9872 9882 9892 14852 9912
9832 9842 9852 14162 9872 9882 9892 14852 9912
9832 9842 9852 9862 9872 9882 9892 9902 9912
9832 9842 9852 9862 9872 9882 9892 9902 9912
9832 9842 9852 9862 9872 9882 9892 9902 9912
9832 9842 9852 9862 9872 9882 9892 9902 9912
9832 9842 9852 9862 9872 9882 9892 9902 9912
9832 9842 9852 9862 9872 9882 9892 9902 9912
9832 9842 9852 9862 9872 9882 9892 9902 9912
9832 9842 9852 9862 9872 9882 9892 9902 9912
9832 9842 9852 9862 9872 9882 9892 9902 9912
9832 9842 9852 9862 9872 9882 9892 9902 9912
9832 9842 9852 9862 9872 9882 9892 9902 9912
9832 9842 9852 9862 9872 9882 9892 9902 9912
9832 9842 9852 9862 9872 9882 9892 9902 9912
9832 9842 9852 9862 9872 9882 9892 9902 9912
9832 9842 9852 9862 9872 9882 9892 9902 9912
9832 9842 9852 9862 9872 9882 9892 9902 9912
9832 9842 9852 9862 9872 9882 9892 9902 9912
9832 9842 9852 9862 9872 9882 9892 9902 9912
9832 9842 9852 9862 9872 9882 9892 9902 9912
9832 9842 9852 9862 9872 9882 9892 9902 9912
9832 9842 9852 9862 9872 9882 9892 9902 9912
9832 9842 9852 9862 9872 9882 9892 9902 9912
9832 9842 9852 9862 9872 9882 9892 9902 9912
9832 9842 9852 9862 9872 9882 9892 9902 9912
9832 9842 9852 9862 9872 9882 9892 9902 9912
9832 9842 9852 9862 9872 9882 9892 9902 9912
9832 9842 9852 9862 9872 9882 9892 9902 9912
9832 9842 9852 9862 9872 9882 9892 9902 9912
9832 9842 9852 9862 9872 9882 9892 9902 9912
9832 9842 9852 9862 9872 9882 9892 9902 9912
9832 9842 9852 9862 9872 9882 9892 9902 9912
9832 9842 9852 9862 9872 9882 9892 9902 9912
9832 9842 9852 9862 9872 9882 9892 9902 9912
9832 9842 9852 14162 9872 9882 9892 14852 9912
9832 9842 9852 14162 9872 9882 9892 14852 9912
9832 9842 9852 9862 9872 9882 9892 9902 9912
9832 9842 9852 9862 9872 9882 9892 9902 9912
9832 9842 9852 9862 9872 9882 9892 9902 9912
9832 9842 9852 9862 9872 9882 9892 9902 9912
9832 9842 9852 9862 9872 9882 9892 9902 9912
9832 9842 9852 9862 9872 9882 9892 9902 9912
9832 9842 9852 14162 9872 9882 9892 14852 9912
9832 9842 9852 14162 9872 9882 9892 14852 9912
9832 9842 9852 9862 9872 9882 9892 9902 9912
9832 9842 9852 9862 9872 9882 9892 9902 9912
9832 9842 9852 9862 9872 9882 9892 9902 9912
9832 9842 9852 9862 9872 9882 9892 9902 9912
9832 9842 9852 9862 9872 9882 9892 9902 9912
9832 9842 9852 9862 9872 9882 9892 9902 9912
37823 37833 37843 37853 37863 37873 37883 37893
37823 37833 37843 37853 37863 37873 37883 37893
37823 37833 37843 37853 37863 37873 37883 37893
37823 37833 37843 37853 37863 37873 37883 37893
37823 37833 37843 37853 37863 37873 37883 37893
37823 37833 37843 37853 37863 37873 37883 37893
37823 37833 37843 37853 37863 37873 37883 37893
37823 37833 37843 37853 37863 37873 37883 37893
37823 37833 37843 37853 37863 37873 37883 37893
37823 37833 37843 37853 37863 37873 37883 37893
37823 37833 37843 37853 37863 37873 37883 37893
37823 37833 37843 37853 37863 37873 37883 37893
37823 37833 37843 37853 37863 37873 37883 37893
37823 37833 37843 37853 37863 37873 37883 37893
37823 37833 37843 37853 37863 37873 37883 37893
37823 37833 37843 37853 37863 37873 37883 37893
37823 37833 37843 37853 37863 37873 37883 37893
37823 37833 37843 37853 37863 37873 37883 37893
37823 37833 37843 37853 37863 37873 37883 37893
37823 37833 37843 37853 37863 37873 37883 37893
37823 37833 37843 37853 37863 37873 37883 37893
37823 37833 37843 37853 37863 37873 37883 37893
37823 37833 37843 37853 37863 37873 37883 37893
37823 37833 37843 37853 37863 37873 37883 37893
37823 37833 37843 37853 37863 37873 37883 37893
37823 37833 37843 37853 37863 37873 37883 37893
37823 37833 37843 37853 37863 37873 37883 37893
37823 37833 37843 37853 37863 37873 37883 37893
37823 37833 37843 37853 37863 37873 37883 37893
37823 37833 37843 37853 37863 37873 37883 37893
37823 37833 37843 37853 37863 37873 37883 37893
37823 37833 37843 37853 37863 37873 37883 37893
37823 37833 37843 37853 37863 37873 37883 37893
37823 37833 37843 37853 37863 37873 37883 37893
37823 37833 37843 37853 37863 37873 37883 37893
37823 37833 37843 37853 37863 37873 37883 37893
37823 37833 37843 37853 37863 37873 37883 37893
37823 37833 37843 37853 37863 37873 37883 37893
37823 37833 37843 37853 37863 37873 37883 37893
37823 37833 37843 37853 37863 37873 37883 37893
37823 37833 37843 37853 37863 37873 37883 37893
37823 37833 37843 37853 37863 37873 37883 37893
37823 37833 37843 37853 37863 37873 37883 37893
37823 37833 37843 37853 37863 37873 37883 37893
37823 37833 37843 37853 37863 37873 37883 37893
37823 37833 37843 37853 37863 37873 37883 37893
37823 37833 37843 37853 37863 37873 37883 37893
37823 37833 37843 37853 37863 37873 37883 37893
37823 37833 37843 37853 37863 37873 37883 37893
37823 37833 37843 37853 37863 37873 37883 37893
37823 37833 37843 37853 37863 37873 37883 37893
37823 37833 37843 37853 37863 37873 37883 37893
37823 37833 37843 37853 37863 37873 37883 37893
37823 37833 37843 37853 37863 37873 37883 37893
37823 37833 37843 37853 37863 37873 37883 37893
37823 37833 37843 37853 37863 37873 37883 37893
37823 37833 37843 37853 37863 37873 37883 37893
37823 37833 37843 37853 37863 37873 37883 37893
37823 37833 37843 37853 37863 37873 37883 37893
37823 37833 37843 37853 37863 37873 37883 37893
37823 37833 37843 37853 37863 37873 37883 37893
37823 37833 37843 37853 37863 37873 37883 37893
37823 37833 37843 37853 37863 37873 37883 37893
37823 37833 37843 37853 37863 37873 37883 37893
37823 37833 37843 37853 37863 37873 37883 37893
37823 37833 37843 37853 37863 37873 37883 37893
37823 37833 37843 37853 37863 37873 37883 37893
38304 38314 38324 38334 38344 38354 38364 38374
38304 38314 38324 38334 38344 38354 38364 38374
38304 38314 38324 38334 38344 38354 38364 38374
38304 38314 38324 38334 38344 38354 38364 38374
38304 38314 38324 38334 38344 38354 38364 38374
38304 38314 38324 38334 38344 38354 38364 38374
38304 38314 38324 38334 38344 38354 38364 38374
38304 38314 38324 38334 38344 38354 38364 38374
38304 38314 38324 38334 38344 38354 38364 38374
38304 38314 38324 38334 38344 38354 38364 38374
38304 38314 38324 38334 38344 38354 38364 38374
38304 38314 38324 38334 38344 38354 38364 38374
38304 38314 38324 38334 38344 38354 38364 38374
38304 38314 38324 38334 38344 38354 38364 38374
38304 38314 38324 38334 38344 38354 38364 38374
38304 38314 38324 38334 38344 38354 38364 38374
38304 38314 38324 38334 38344 38354 38364 38374
38304 38314 38324 38334 38344 38354 38364 38374
38304 38314 38324 38334 38344 38354 38364 38374
38304 38314 38324 38334 38344 38354 38364 38374
38304 38314 38324 38334 38344 38354 38364 38374
38304 38314 38324 38334 38344 38354 38364 38374
38304 38314 38324 38334 38344 38354 38364 38374
38304 38314 38324 38334 38344 38354 38364 38374
38304 38314 38324 38334 38344 38354 38364 38374
38304 38314 38324 38334 38344 38354 38364 38374
38304 38314 38324 38334 38344 38354 38364 38374
38304 38314 38324 38334 38344 38354 38364 38374
38304 38314 38324 38334 38344 38354 38364 38374
38304 38314 38324 38334 38344 38354 38364 38374
38304 38314 38324 38334 38344 38354 38364 38374
38304 38314 38324 38334 38344 38354 38364 38374
38304 38314 38324 38334 38344 38354 38364 38374
38304 38314 38324 38334 38344 38354 38364 38374
38304 38314 38324 38334 38344 38354 38364 38374
38304 38314 38324 38334 38344 38354 38364 38374
38304 38314 38324 38334 38344 38354 38364 38374
38304 38314 38324 38334 38344 38354 38364 38374
38304 38314 38324 38334 38344 38354 38364 38374
38304 38314 38324 38334 38344 38354 38364 38374
38304 38314 38324 38334 38344 38354 38364 38374
38304 38314 38324 38334 38344 38354 38364 38374
38304 38314 38324 38334 38344 38354 38364 38374
38304 38314 38324 38334 38344 38354 38364 38374
38304 38314 38324 38334 38344 38354 38364 38374
38304 38314 38324 38334 38344 38354 38364 38374
38304 38314 38324 38334 38344 38354 38364 38374
38304 38314 38324 38334 38344 38354 38364 38374
38304 38314 38324 38334 38344 38354 38364 38374
38304 38314 38324 38334 38344 38354 38364 38374
38304 38314 38324 38334 38344 38354 38364 38374
38304 38314 38324 38334 38344 38354 38364 38374
38304 38314 38324 38334 38344 38354 38364 38374
38304 38314 38324 38334 38344 38354 38364 38374
38304 38314 38324 38334 38344 38354 38364 38374
38304 38314 38324 38334 38344 38354 38364 38374
38304 38314 38324 38334 38344 38354 38364 38374
38304 38314 38324 38334 38344 38354 38364 38374
38304 38314 38324 38334 38344 38354 38364 38374
38304 38314 38324 38334 38344 38354 38364 38374
38304 38314 38324 38334 38344 38354 38364 38374
38304 38314 38324 38334 38344 38354 38364 38374
38304 38314 38324 38334 38344 38354 38364 38374
38304 38314 38324 38334 38344 38354 38364 38374
38304 38314 38324 38334 38344 38354 38364 38374
38304 38314 38324 38334 38344 38354 38364 38374
38304 38314 38324 38334 38344 38354 38364 38374
38304 38314 38324 38334 38344 38354 38364 38374
38304 38314 38324 38334 38344 38354 38364 38374
38304 38314 38324 38334 38344 38354 38364 38374
38304 38314 38324 38334 38344 38354 38364 38374
38304 38314 38324 38334 38344 38354 38364 38374
38304 38314 38324 38334 38344 38354 38364 38374
38304 38314 38324 38334 38344 38354 38364 38374
38304 38314 38324 38334 38344 38354 38364 38374
38304 38314 38324 38334 38344 38354 38364 38374
