20
20
20
30
30
30
40
40
40
25
0
0
0
0
25
1
1
3
0
0
0
0
110
150
0
5
10
10
10
10
10
10
10
300
0
125
70
15
4294967271
25
4294967271
175
4294967286
4294967276
35
2
50
200
80
4294967291
4294967286
4294967286
4294967286
4294967286
4294967286
4294967286
4294967286
125
25
125
125
150
15
10
1
100
125
125
160
0
0
51
0
10
4294967281
4294967281
4294967281
15
15
15
15
60
104
0
50
110
200
75
4294967286
15
15
15
4294967281
4294967281
4294967281
4294967281
10
20
30
4294967286
4294967276
4294967266
10
20
30
4294967286
4294967276
4294967266
10
20
30
4294967286
4294967276
4294967266
85
125
75
50
4294967246
90
4294967251
25
4294967276
200
80
104
125
150
50
150
125
75
150
50
180
150
50
125
75
135
75
140
70
25
15
30
51
0
100
110
110
110
110
125
70
125
75
125
75
135
75
75
150
75
120
80
0
0
130
80
0
0
125
80
0
0
0
0
50
50
50
50
200
200
200
200
3
4294967293
1
4294967295
1
4294967295
0
0
1
4294967295
200
50
75
125
75
125
150
16
100
15

75
125
15
4294967281


15
30

20
20

15
30
20
30
30
20
25
15
10


15
75
130

