30 30 30 90 30 60 90 30 30
40 40 40 30 90 90 90 30 30
80 35 40 60 90 30 90 80 80
30 30 30 20 80 10 80 30 40
90 80 30 60 90 30 90 25 25
80 70 15 40 90 20 90 25 30
55 15 40 20 90 10 90 10 10
10 90 90 40 90 30 90 90 90
60 10 90 90 30 90 90 5 90
80 90 45 90 40 90 90 90 35
70 90 5 90 30 90 90 80 80
90 90 90 90 40 90 90 30 80
80 90 70 90 40 60 90 90 10
30 90 90 90 50 90 90 80 70
40 10 90 40 90 90 90 90 90
80 90 45 40 90 90 90 90 20
70 90 10 40 90 90 90 80 80
80 90 80 40 90 90 90 35 80
80 90 80 30 90 90 90 90 15
20 90 90 40 90 90 90 20 90
75 75 75 90 75 75 90 75 75
30 15 60 90 45 60 90 15 30
65 60 75 90 70 80 90 40 40
70 70 45 90 80 85 90 70 40
60 85 95 90 80 85 90 70 70
90 90 90 90 90 90 90 90 90
80 80 80 90 70 80 90 40 40
100 100 100 100 100 100 100 100 100
80 80 80 90 10 30 90 15 15
35 35 35 35 35 35 35 35 35
