38781
38781
38781
38781
38781
38781
38781
38781
38781
38781
38781
38781
38781
38781
38781
38781
38781
38781
38781
38781
38781
38781
38781
38781
38781
38781
38781
38781
38781
38781
2842
2842
2842
2842
2842
2842
2842
2842
2842
2842
2842
2842
2842
2842
2842
2842
2842
2842
2842
2842
2842
2842
2842
2842
2842
2842
2842
2842
2842
2842
2842
2842
2842
2842
2842
2842
2842
2842
2842
2842
2842
2842
2842
2842
2842
2842
2842
2842
2842
2963
2963
2963
2963
2963
2963
2963
2963
2963
2963
2963
2963
2963
2963
2963
2963
2963
2963
2963
2963
2963
2963
2963
2963
2963
2963
2963
2963
2963
2963
2963
2963
2963
2963
2963
2963
2963
2963
2963
2963
2963
2963
2963
2963
2963
2963
2963
2963
2963
3904 3894 3914 3924 3934 3944 13974
3904 3894 3914 3924 3934 3944 13974
3904 3894 3914 3924 3934 3944 13974
3904 3894 3914 3924 3934 3944 13974
3904 3894 3914 3924 3934 3944 13974
3904 3894 3914 3924 3934 3944 13974
3904 3894 3914 3924 3934 3944 13974
3904 3894 3914 3924 3934 3944 13974
3904 3894 3914 3924 3934 3944 13974
3904 3894 3914 3924 3934 3944 13974
3904 3894 3914 3924 3934 3944 13974
3904 3894 3914 3924 3934 3944 13974
3904 3894 3914 3924 3934 3944 13974
3904 3894 3914 3924 3934 3944 13974
3904 3894 3914 3924 3934 3944 13974
3904 3894 3914 3924 3934 3944 13974
3904 3894 3914 3924 3934 3944 13974
3904 3894 3914 3924 3934 3944 13974
3904 3894 3914 3924 3934 3944 13974
3904 3894 3914 3924 3934 3944 13974
3904 3894 3914 3924 3934 3944 13974
3904 3894 3914 3924 3934 3944 13974
3904 3894 3914 3924 3934 3944 13974
3904 3894 3914 3924 3934 3944 13974
3904 3894 3914 3924 3934 3944 13974
3904 3894 3914 3924 3934 3944 13974
3904 3894 3914 3924 3934 3944 13974
3904 3894 3914 3924 3934 3944 13974
3904 3894 3914 3924 3934 3944 13974
3904 3894 3914 3924 3934 3944 13974
3904 3894 3914 3924 3934 3944 13974
3904 3894 3914 3924 3934 3944 13974
3904 3894 3914 3924 3934 3944 13974
3904 3894 3914 3924 3934 3944 13974
3904 3894 3914 3924 3934 3944 13974
3904 3894 3914 3924 3934 3944 13974
3904 3894 3914 3924 3934 3944 13974
3904 3894 3914 3924 3934 3944 13974
3904 3894 3914 3924 3934 3944 13974
3904 3894 3914 3924 3934 3944 13974
3904 3894 3914 3924 3934 3944 13974
3904 3894 3914 3924 3934 3944 13974
3904 3894 3914 3924 3934 3944 13974
3904 3894 3914 3924 3934 3944 13974
3904 3894 3914 3924 3934 3944 13974
3904 3894 3914 3924 3934 3944 13974
3904 3894 3914 3924 3934 3944 13974
3904 3894 3914 3924 3934 3944 13974
3904 3894 3914 3924 3934 3944 13974
3904 3894 3914 3924 3934 3944 13974
3904 3894 3914 3924 3934 3944 13974
3904 3894 3914 3924 3934 3944 13974
3904 3894 3914 3924 3934 3944 13974
3904 3894 3914 3924 3934 3944 13974
3904 3894 3914 3924 3934 3944 13974
3904 3894 3914 3924 3934 3944 13974
3904 3894 3914 3924 3934 3944 13974
3904 3894 3914 3924 3934 3944 13974
3904 3894 3914 3924 3934 3944 13974
3904 3894 3914 3924 3934 3944 13974
3904 3894 3914 3924 3934 3944 13974
3904 3894 3914 3924 3934 3944 13974
3904 3894 3914 3924 3934 3944 13974
3904 3894 3914 3924 3934 3944 13974
3904 3894 3914 3924 3934 3944 13974
3904 3894 3914 3924 3934 3944 13974
8455 8465 8475 8485 8495 8505 8515
8455 8465 8475 8485 8495 8505 8515
8455 8465 8475 8485 8495 8505 8515
8455 8465 8475 8485 8495 8505 8515
8455 8465 8475 8485 8495 8505 8515
8455 8465 8475 8485 8495 8505 8515
8455 8465 8475 8485 8495 8505 8515
8455 8465 8475 8485 8495 8505 8515
8455 8465 8475 8485 8495 8505 8515
8455 8465 8475 8485 8495 8505 8515
8455 8465 8475 8485 8495 8505 8515
8455 8465 8475 8485 8495 8505 8515
8455 8465 8475 8485 8495 8505 8515
8455 8465 8475 8485 8495 8505 8515
8455 8465 8475 8485 8495 8505 8515
8455 8465 8475 8485 8495 8505 8515
8455 8465 8475 8485 8495 8505 8515
8455 8465 8475 8485 8495 8505 8515
8455 8465 8475 8485 8495 8505 8515
8455 8465 8475 8485 8495 8505 8515
8455 8465 8475 8485 8495 8505 8515
8455 8465 8475 8485 8495 8505 8515
8455 8465 8475 8485 8495 8505 8515
8455 8465 8475 8485 8495 8505 8515
8455 8465 8475 8485 8495 8505 8515
8455 8465 8475 8485 8495 8505 8515
8455 8465 8475 8485 8495 8505 8515
8455 8465 8475 8485 8495 8505 8515
8455 8465 8475 8485 8495 8505 8515
8455 8465 8475 8485 8495 8505 8515
8455 8465 8475 8485 8495 8505 8515
8455 8465 8475 8485 8495 8505 8515
8455 8465 8475 8485 8495 8505 8515
8455 15585 8475 15585 15585 8505 8515 15585
8455 15585 8475 15585 15585 8505 8515 15585
8455 15585 8475 15585 15585 8505 8515 15585
8455 15585 8475 15585 15585 8505 8515 15585
8455 15585 8475 15585 15585 8505 8515 15585
8455 15585 8475 15585 15585 8505 8515 15585
8455 8465 8475 8485 8495 8505 8515
8455 8465 8475 8485 8495 8505 8515
8455 8465 8475 8485 8495 8505 8515
8455 8465 8475 8485 8495 8505 8515
8455 8465 8475 8485 8495 8505 8515
8455 8465 8475 8485 8495 8505 8515
8455 8465 8475 8485 8495 8505 8515
8455 8465 8475 8485 8495 8505 8515
8455 8465 8475 8485 8495 8505 8515
8455 8465 8475 8485 8495 8505 8515
8455 8465 8475 8485 8495 8505 8515
8455 8465 8475 8485 8495 8505 8515
8455 8465 8475 8485 8495 8505 8515
8455 8465 8475 8485 8495 8505 8515
8455 8465 8475 8485 8495 8505 8515
8455 8465 8475 8485 8495 8505 8515
8455 8465 8475 8485 8495 8505 8515
8455 8465 8475 8485 8495 8505 8515
8455 8465 8475 8485 8495 8505 8515
8455 8465 8475 8485 8495 8505 8515
8455 8465 8475 8485 8495 8505 8515
8455 8465 8475 8485 8495 8505 8515
8455 8465 8475 8485 8495 8505 8515
8455 8465 8475 8485 8495 8505 8515
8455 8465 8475 8485 8495 8505 8515
8455 8465 8475 8485 8495 8505 8515
8455 8465 8475 8485 8495 8505 8515
8455 8465 8475 8485 8495 8505 8515
8455 8465 8475 8485 8495 8505 8515
8455 8465 8475 8485 8495 8505 8515
8455 8465 8475 8485 8495 8505 8515
8455 8465 8475 8485 8495 8505 8515
8455 8465 8475 8485 8495 8505 8515
