84621
84621
84621
84621
84621
84621
84621
84621
84621
84621
84621
84621
84621
84621
84621
84621
84621
84621
84621
84621
84621
84621
84621
84621
84621
84621
84621
84621
84621
84621
8352 8362 8372
8352 8362 8372
8352 8362 8372
8352 8362 8372
8352 8362 8372
8352 8362 8372
8352 8362 8372
8352 8362 8372
8352 8362 8372
8352 8362 8372
8352 8362 8372
8352 8362 8372
8352 8362 8372
8352 8362 8372
8352 8362 8372
8352 8362 8372
8352 8362 8372
8352 8362 8372
8352 8362 8372
8352 8362 8372
8352 8362 8372
8352 8362 8372
8352 8362 8372
8352 8362 8372
8352 8362 8372
8352 8362 8372
8352 8362 8372
8352 8362 8372
8352 8362 8372
8352 8362 8372
8352 8362 8372
8352 8362 8372
8352 8362 8372
8352 8362 8372
8352 8362 8372
8352 8362 8372
8352 8362 8372
8382 8382 8382
8392 8392 8392
8352 8362 8372
8352 8362 8372
8352 8362 8372
8352 8362 8372
8352 8362 8372
8352 8362 8372
8352 8362 8372
8352 8362 8372
8352 8362 8372
8352 8362 8372
8953 8963 8973
8953 8963 8973
8953 8963 8973
8953 8963 8973
8953 8963 8973
8953 8963 8973
8953 8963 8973
8953 8963 8973
8953 8963 8973
8953 8963 8973
8953 8963 8973
8953 8963 8973
8953 8963 8973
8953 8963 8973
8953 8963 8973
8953 8963 8973
8953 8963 8973
8953 8963 8973
8953 8963 8973
8953 8963 8973
8953 8963 8973
8953 8963 8973
8953 8963 8973
8953 8963 8973
8953 8963 8973
8953 8963 8973
8953 8963 8973
8953 8963 8973
8953 8963 8973
8953 8963 8973
8953 8963 8973
8953 8963 8973
8953 8963 8973
8953 8963 8973
8953 8963 8973
8953 8963 8973
8953 8963 8973
8983 8983 8983
8993 8993 8993
8953 8963 8973
8953 8963 8973
8953 8963 8973
8953 8963 8973
8953 8963 8973
8953 8963 8973
8953 8963 8973
8953 8963 8973
8953 8963 8973
8953 8963 8973
12544 12554 12564 12574 12584 29684
12544 12554 12564 12574 12584 29684
12544 12554 12564 12574 12584 29684
12544 12554 12564 12574 12584 29684
12544 12554 12564 12574 12584 29684
12544 12554 12564 12574 12584 29684
12544 12554 12564 12574 12584 29684
12544 12554 12564 12574 12584 29684
12544 12554 12564 12574 12584 29684
12544 12554 12564 12574 12584 29684
12544 12554 12564 12574 12584 29684
12544 12554 12564 12574 12584 29684
12544 12554 12564 12574 12584 29684
12544 12554 12564 12574 12584 29684
12544 12554 12564 12574 12584 29684
12544 33864 12564 33864 12584 29684
12544 33864 12564 33864 12584 29684
12544 33864 12564 33864 12584 29684
12544 12554 12564 12574 12584 29684
12544 12554 12564 12574 12584 29684
12544 12554 12564 12574 12584 29684
12544 12554 12564 12574 12584 29684
12544 12554 12564 12574 12584 29684
12544 12554 12564 12574 12584 29684
12544 12554 12564 12574 12584 29684
12544 12554 12564 12574 12584 29684
12544 12554 12564 12574 12584 29684
12544 12554 12564 12574 12584 29684
12544 12554 12564 12574 12584 29684
12544 12554 12564 12574 12584 29684
12544 12554 12564 12574 12584 29684
12544 12554 12564 12574 12584 29684
12544 12554 12564 12574 12584 29684
12544 12554 12564 12574 12584 29684
12544 12554 12564 12574 12584 29684
12544 12554 12564 12574 12584 29684
12544 12554 12564 12574 12584 29684
12544 12554 12564 12574 12584 29684
12544 12554 12564 12574 12584 29684
12544 12554 12564 12574 12584 29684
12544 12554 12564 12574 12584 29684
12544 12554 12564 12574 12584 29684
12544 12554 12564 12574 12584 29684
12544 12554 12564 12574 12584 29684
12544 12554 12564 12574 12584 29684
12544 12554 12564 12574 12584 29684
12544 12554 12564 12574 12584 29684
12594 12594 12594 12594 12594 29684
12544 12554 12564 12574 12584 29684
12604 12604 12604 12604 12604 29684
12614 12614 12614 12614 12614 29684
12624 12624 12624 12624 12624 29684
12624 12624 12624 12624 12624 29684
12624 12624 12624 12624 12624 29684
12544 12554 12564 12574 12584 29684
12544 12554 12564 12574 12584 29684
12544 12554 12564 12574 12584 29684
12634 12634 12634 12634 12634 29684
12544 12554 12564 12574 12584 29684
12544 12554 12564 12574 12584 29684
12544 12554 33874 12574 12584 29684
12544 12554 33874 12574 12584 29684
12544 12554 33874 12574 12584 29684
12544 12554 12564 12574 12584 29684
12544 12554 12564 12574 12584 29684
12544 12554 12564 12574 12584 29684
21835 21845 21855 21865 21875
21835 21845 21855 21865 21875
21835 21845 21855 21865 21875
21835 21845 21855 21865 21875
21835 21845 21855 21865 21875
21835 21845 21855 21865 21875
21835 21845 21855 21865 21875
21835 21845 21855 21865 21875
21835 21845 21855 21865 21875
21835 21845 21855 21865 21875
21835 21845 21855 21865 21875
21835 21845 21855 21865 21875
21835 21845 21855 21865 21875
21835 21845 21855 21865 21875
21835 21845 21855 21865 21875
21835 21845 21855 21865 21875
21835 21845 21855 21865 21875
21835 21845 21855 21865 21875
21835 21845 21855 21865 21875
21835 21845 21855 21865 21875
21835 21845 21855 21865 21875
21835 21845 21855 21865 21875
21835 21845 21855 21865 21875
21835 21845 21855 21865 21875
21835 21845 21855 21865 21875
21835 21845 21855 21865 21875
21835 21845 21855 21865 21875
21835 21845 21855 21865 21875
21835 21845 21855 21865 21875
21835 21845 21855 21865 21875
21835 21845 21855 21865 21875
21835 21845 21855 21865 21875
21835 21845 21855 21865 21875
21835 21845 21855 21865 21875
21835 21845 21855 21865 21875
21835 21845 21855 21865 21875
21835 21845 21855 21865 21875
21835 21845 21855 21865 21875
21835 21845 21855 21865 21875
21835 21845 21855 21865 21875
21835 21845 21855 21865 21875
21835 21845 21855 21865 21875
21835 21845 21855 21865 21875
21835 21845 21855 21865 21875
21835 21845 21855 21865 21875
21835 21845 21855 21865 21875
21835 21845 21855 21865 21875
21835 21845 21855 21865 21875
21835 21845 21855 21865 21875
21835 21845 21885 21885 21885 21885
21835 21845 21885 21885 21885 21885
21835 21845 21885 21885 21885 21885
21835 21845 34875 34875 34875 34875
21835 21845 34875 34875 34875 34875
21835 21845 34875 34875 34875 34875
21835 21845 21895 21895 21895 21895
21835 21845 21895 21895 21895 21895
21835 21845 34885 34885 34885 34885
21835 21845 34885 34885 34885 34885
21835 21845 21855 21865 21875
21835 21845 21855 21865 21875
21835 21845 21855 21865 21875
21835 21845 21855 21865 21875
21835 21845 21855 21865 21875
21835 21845 21855 21865 21875
21835 21845 21855 21865 21875
21835 21845 21855 21865 21875
21835 21845 21855 21865 21875
21835 21845 21855 21865 21875
21835 21845 21855 21865 21875
21835 21845 21855 21865 21875
21835 21845 21855 21865 21875
