100 200 300 400 500 600 700 200 300
70 70 70 70 70 90 60 70 70
15 80 85 60 60 90 60 50 50
80 80 25 70 70 90 65 60 40
100 100 100 100 100 100 100 100 100
30 10 30 40 40 90 20 10 40
60 80 20 30 30 90 20 90 15
10 60 20 30 30 90 20 40 40
90 90 90 40 80 60 60 90 90
20 25 20 30 80 60 30 40 40
85 85 85 60 95 80 60 95 95
20 10 25 30 80 60 30 60 60
20 10 25 30 80 60 30 60 60
90 90 95 80 95 90 80 95 95
95 95 95 95 95 95 95 95 95
40 40 40 40 80 60 40 65 50
85 85 85 60 95 80 60 95 95
35 35 35 35 35 35 35 35 35
