38741
38741
38741
38741
38741
38741
38741
38741
38741
38741
38741
38741
38741
38741
38741
38741
38741
38741
38741
38741
38741
38741
38741
38741
38741
38741
38741
38741
38741
38741
2802
2802
2802
2802
2802
2802
2802
2802
2802
2802
2802
2802
2802
2802
2802
2802
2802
2802
2802
2802
2802
2802
2802
2802
2802
2802
2802
2802
2802
2802
2802
2802
2802
2802
2802
2802
2802
2802
2802
2802
2802
2802
2802
2802
2802
2802
2802
2802
2802
30673
30673
30673
30673
30673
30673
30673
30673
30673
30673
30673
30673
30673
30673
30673
30673
30673
30673
30673
30673
30673
30673
30673
30673
30673
30673
30673
30673
30673
30673
30673
30673
30673
30673
30673
30673
30673
30673
30673
30673
30673
30673
30673
30673
35654 35664 35674 35684 35704 35694
35654 35664 35674 35684 35704 35694
35654 35664 35674 35684 35704 35694
35654 35664 35674 35684 35704 35694
35654 35664 35674 35684 35704 35694
35654 35664 35674 35684 35704 35694
35654 35664 35674 35684 35704 35694
35654 35664 35674 35684 35704 35694
35654 35664 35674 35684 35704 35694
35654 35664 35674 35684 35704 35694
35654 35664 35674 35684 35704 35694
35654 35664 35674 35684 35704 35694
35654 35664 35674 35684 35704 35694
35654 35664 35674 35684 35704 35694
35654 35664 35674 35684 35704 35694
35654 35664 35674 35684 35704 35694
35654 35664 35674 35684 35704 35694
35654 35664 35674 35684 35704 35694
35654 35664 35674 35684 35704 35694
35654 35664 35674 35684 35704 35694
35654 35664 35674 35684 35704 35694
35654 35664 35674 35684 35704 35694
35654 35664 35674 35684 35704 35694
35654 35664 35674 35684 35704 35694
35654 35664 35674 35684 35704 35694
35654 35664 35674 35684 35704 35694
35654 35664 35674 35684 35704 35694
35654 35664 35674 35684 35704 35694
35654 35664 35674 35684 35704 35694
35654 35664 35674 35684 35704 35694
35654 35664 35674 35684 35704 35694
35654 35664 35674 35684 35704 35694
35654 35664 35674 35684 35704 35694
35654 35664 35674 35684 35704 35694
35654 35664 35674 35684 35704 35694
35654 35664 35674 35684 35704 35694
35654 35664 35674 35684 35704 35694
35654 35664 35674 35684 35704 35694
35654 35664 35674 35684 35704 35694
35654 35664 35674 35684 35704 35694
35654 35664 35674 35684 35704 35694
35654 35664 35674 35684 35704 35694
35654 35664 35674 35684 35704 35694
35654 35664 35674 35684 35704 35694
35654 35664 35674 35684 35704 35694
35654 35664 35674 35684 35704 35694
35654 35664 35674 35684 35704 35694
35654 35664 35674 35684 35704 35694
35654 35664 35674 35684 35704 35694
35654 35664 35674 35684 35704 35694
35654 35664 35674 35684 35704 35694
35654 35664 35674 35684 35704 35694
35654 35664 35674 35684 35704 35694
35654 35664 35674 35684 35704 35694
35654 35664 35674 35684 35704 35694
35654 35664 35674 35684 35704 35694
35654 35664 35674 35684 35704 35694
35654 35664 35674 35684 35704 35694
35654 35664 35674 35684 35704 35694
35654 35664 35674 35684 35704 35694
35654 35664 35674 35684 35704 35694
35654 35664 35674 35684 35704 35694
35654 35664 35674 35684 35704 35694
35654 35664 35674 35684 35704 35694
35654 35664 35674 35684 35704 35694
35654 35664 35674 35684 35704 35694
35654 35664 35674 35684 35704 35694
35654 35664 35674 35684 35704 35694
35654 35664 35674 35684 35704 35694
35654 35664 35674 35684 35704 35694
35654 35664 35674 35684 35704 35694
35654 35664 35674 35684 35704 35694
35654 35664 35674 35684 35704 35694
35654 35664 35674 35684 35704 35694
35654 35664 35674 35684 35704 35694
35654 35664 35674 35684 35704 35694
35654 35664 35674 35684 35704 35694
37095
37095
37095
37095
37095
37095
37095
37095
37095
37095
37095
37095
37095
37095
37095
37095
37095
37095
37095
37095
37095
37095
37095
37095
37095
37095
37095
37095
37095
37095
37095
37095
37095
37095
37095
37095
37095
37095
37095
37095
37095
37095
37095
37095
37095
37095
37095
37095
37095
37095
