84641
84641
84641
84641
84641
84641
84641
84641
84641
84641
84641
84641
84641
84641
84641
84641
84641
84641
84641
84641
84641
84641
84641
84641
84641
84641
84641
84641
84641
84641
27532 27542 27552 27562 27572
27532 27542 27552 27562 27572
27532 27542 34632 27562 34632
27532 27542 34632 27562 34632
27532 27542 34632 27562 34632
27532 27542 34632 27562 34632
27532 27542 27552 27562 27572
27532 27542 27552 27562 27572
27532 27542 27552 27562 27572
27532 27542 27552 27562 27572
27532 27542 27552 27562 27572
27532 27542 27552 27562 27572
27532 27542 27552 27562 27572
27532 27542 34632 27562 34632
27532 27542 34632 27562 34632
27532 27542 34632 27562 34632
27532 27542 34632 27562 34632
27532 27542 27552 27562 27572
27532 27542 27552 27562 27572
27532 27542 27552 27562 27572
27532 27542 27552 27562 27572
27532 27542 27552 27562 27572
27532 27542 27552 27562 27572
27532 27542 27552 27562 27572
27532 27542 27552 27562 27572
27532 27542 27552 27562 27572
27532 27542 27552 27562 27572
27532 27542 27552 27562 27572
27532 27542 27552 27562 27572
27532 27542 27552 27562 27572
27532 27542 27552 27562 27572
27532 27542 27552 27562 27572
27532 27542 27552 27562 27572
27532 27542 27552 27562 27572
27532 27542 27552 27562 27572
27532 27542 27552 27562 27572
27532 27542 27552 27562 27572
27582 27582 27582 27562 27582
27592 27542 27592 27592 27572
27532 27542 27552 27562 27572
27602 27542 27602 27602 27572
27602 27542 27602 27602 27572
27612 27542 27612 27612 27572
27612 27542 27612 27612 27572
27622 27542 27622 27622 27572
27632 27542 27632 27632 27572
27642 27542 27642 27562 27572
27652 27542 27652 27562 27572
27662 27542 27662 27562 27572
27672 27672 27672 27672 27672
27672 27672 27672 27672 27672
27672 27672 27672 27672 27672
27682 27682 27682 27682 27682
27682 27682 27682 27682 27682
27682 27682 27682 27682 27682
27532 27542 27552 27562 27572
27692 27692 27692 27692 27692
27692 27692 27692 27692 27692
27532 27542 27552 27562 27572
27702 27542 27702 27562 27572
27532 27542 27552 27562 27572
