38801
38801
38801
38801
38801
38801
38801
38801
38801
38801
38801
38801
38801
38801
38801
38801
38801
38801
38801
38801
38801
38801
38801
38801
38801
38801
38801
38801
38801
38801
11402 11412 11422 11432 11442 11452 11462 14252
11402 11412 11422 11432 11442 11452 11462 14252
11402 11412 11422 11432 11442 11452 11462 14252
11402 11412 11422 11432 11442 11452 11462 14252
11402 11412 11422 11432 11442 11452 11462 14252
11402 11412 11422 11432 11442 11452 11462 14252
11402 11412 11422 11432 11442 11452 11462 14252
11402 11412 11422 11432 11442 11452 11462 14252
11402 11412 11422 11432 11442 11452 11462 14252
11402 11412 11422 11432 11442 11452 11462 14252
11402 11412 11422 11432 11442 11452 11462 14252
11402 11412 11422 11432 11442 11452 11462 14252
11402 11412 11422 11432 11442 11452 11462 14252
11402 11412 11422 11432 11442 11452 11462 14252
11402 11412 11422 11432 11442 11452 11462 14252
11402 11412 11422 11432 11442 11452 11462 14252
11402 11412 11422 11432 11442 11452 11462 14252
11402 11412 11422 11432 11442 11452 11462 14252
11402 11412 11422 11432 11442 11452 11462 14252
11402 11412 11422 11432 11442 11452 11462 14252
11402 11412 11422 11432 11442 11452 11462 14252
11402 11412 11422 11432 11442 11452 11462 14252
11402 11412 11422 11432 11442 11452 11462 14252
11402 11412 11422 11432 11442 11452 11462 14252
11402 11412 11422 11432 11442 11452 11462 14252
11402 11412 11422 11432 11442 11452 11462 14252
11402 11412 11422 11432 11442 11452 11462 14252
11402 11412 11422 11432 11442 11452 11462 14252
11402 11412 11422 11432 11442 11452 11462 14252
11402 11412 11422 11432 11442 11452 11462 14252
11402 11412 11422 11432 11442 11452 11462 14252
11402 11412 11422 11432 11442 11452 11462 14252
11402 11412 11422 11432 11442 11452 11462 14252
11402 11412 11422 11432 11442 11452 11462 14252
11402 11412 11422 11432 11442 11452 11462 14252
11402 11412 11422 11432 11442 11452 11462 14252
11402 11412 11422 11432 11442 11452 11462 14252
11402 11412 11422 11432 11442 11452 11462 14252
11402 11412 11422 11432 11442 11452 11462 14252
11402 11412 11422 11432 11442 11452 11462 14252
11402 11412 11422 11432 11442 11452 11462 14252
11402 11412 11422 11432 11442 11452 11462 14252
11402 11412 11422 11432 11442 11452 11462 14252
11402 11412 11422 11432 11442 11452 11462 14252
11402 11412 11422 11432 11442 11452 11462 14252
11402 11412 11422 11432 11442 11452 11462 14252
11402 11412 11422 11432 11442 11452 11462 14252
11402 11412 11422 11432 11442 11452 11462 14252
11402 11412 11422 11432 11442 11452 11462 14252
11402 11412 11422 11432 11442 11452 11462 14252
11402 11412 11422 11432 11442 11452 11462 14252
11402 11412 11422 11432 11442 11452 11462 14252
11402 11412 11422 11432 11442 11452 11462 14252
11402 11412 11422 11432 11442 11452 11462 14252
11402 11412 11422 11432 11442 11452 11462 14252
11402 11412 11422 11432 11442 11452 11462 14252
11402 11412 11422 11432 11442 11452 11462 14252
11402 11412 11422 11432 11442 11452 11462 14252
11402 11412 11422 11432 11442 11452 11462 14252
11402 11412 11422 11432 11442 11452 11462 14252
11402 11412 11422 11432 11442 11452 11462 14252
