84621
84621
84621
84621
84621
84621
84621
84621
84621
84621
84621
84621
84621
84621
84621
84621
84621
84621
84621
84621
84621
84621
84621
84621
84621
84621
84621
84621
84621
84621
6192 6242 6252 6262
6192 6242 6252 6262
6192 6242 6252 6262
6192 6242 6252 6262
6192 6242 6252 6262
6192 6242 6252 6262
6192 6242 6252 6262
6192 6242 6252 6262
6192 6242 6252 6262
6192 6242 6252 6262
6192 6242 6252 6262
6192 6242 6252 6262
6192 6242 6252 6262
6192 6242 6252 6262
6192 6242 6252 6262
6192 6242 6252 6262
6192 6242 6252 6262
6192 6242 6252 6262
6192 6242 6252 6262
6192 6242 6252 6262
6192 6242 6252 6262
6192 6242 6252 6262
6192 6242 6252 6262
6192 6242 6252 6262
6192 6242 6252 6262
6192 6242 6252 6262
6192 6242 6252 6262
6192 6242 6252 6262
6192 6242 6252 6262
6192 6242 6252 6262
6192 6242 6252 6262
6192 6242 6252 6262
6192 6242 6252 6262
6192 6242 6252 6262
6192 6242 6252 6262
6192 6242 6252 6262
6192 6242 6252 6262
6192 6242 6252 6262
6202 6202 6202 6202
6212 6212 6212 6212
6192 6242 6252 6262
6222 6222 6222 6222
6222 6222 6222 6222
6192 6242 6252 6262
6192 6242 6252 6262
6232 6232 6232 6232
6192 6242 6252 6262
6192 6242 6252 6262
6192 6242 6252 6262
6192 6242 6252 6262
15773 15783 15793 15803 15813 15823 15833 15843
15773 15783 15793 15803 15813 15823 15833 15843
15773 15783 15793 15803 15813 15823 15833 15843
15773 15783 15793 15803 15813 15823 15833 15843
15773 15783 15793 15803 15813 15823 15833 15843
15773 15783 15793 15803 15813 15823 15833 15843
15773 15783 15793 15803 15813 15823 15833 15843
15773 15783 15793 15803 15813 15823 15833 15843
15773 15783 15793 15803 15813 15823 15833 15843
15773 15783 15793 15803 15813 15823 15833 15843
15773 15783 15793 15803 15813 15823 15833 15843
15773 15783 15793 15803 15813 15823 15833 15843
15773 15783 15793 15803 15813 15823 15833 15843
15773 15783 15793 15803 15813 15823 15833 15843
15773 15783 15793 15803 15813 15823 15833 15843
15773 15783 15793 15803 15813 15823 15833 15843
15773 15783 15793 15803 15813 15823 15833 15843
15773 15783 15793 15803 15813 15823 15833 15843
15773 15783 15793 15803 15813 15823 15833 15843
15773 15783 15793 15803 15813 15823 15833 15843
15773 15783 15793 15803 15813 15823 15833 15843
15773 15783 15793 15803 15813 15823 15833 15843
15773 15783 15793 15803 15813 15823 15833 15843
15773 15783 15793 15803 15813 15823 15833 15843
15773 15783 15793 15803 15813 15823 15833 15843
15773 15783 15793 15803 15813 15823 15833 15843
15773 15783 15793 15803 15813 15823 15833 15843
15773 15783 15793 15803 15813 15823 15833 15843
15773 15783 15793 15803 15813 15823 15833 15843
15773 15783 15793 15803 15813 15823 15833 15843
15773 15783 15793 15803 15813 15823 15833 15843
15773 15783 15793 15803 15813 15823 15833 15843
15773 15783 15793 15803 15813 15823 15833 15843
15773 15783 15793 15803 15813 15823 15833 15843
15773 15783 15793 15803 15813 15823 15833 15843
15773 15783 15793 15803 15813 15823 15833 15843
15773 15783 15793 15803 15813 15823 15833 15843
15773 15783 15793 15803 15813 15823 15833 15843
15773 15783 15793 15803 15813 15823 15833 15843
15773 15783 15793 15803 15813 15823 15833 15843
15773 15783 15793 15803 15813 15823 15833 15843
15773 15783 15793 15803 15813 15823 15833 15843
15773 15783 15793 15803 15813 15823 15833 15843
15773 15783 15793 15803 15813 15823 15833 15843
15773 15783 15793 15803 15813 15823 15833 15843
15773 15783 15793 15803 15813 15823 15833 15843
15773 15783 15793 15803 15813 15823 15833 15843
15773 15783 15793 15803 15813 15823 15833 15843
15773 15783 15793 15803 15813 15823 15833 15843
15773 15783 15793 15803 15813 15823 15833 15843
15773 15783 15793 15803 15813 15823 15833 15843
15773 15863 15793 15803 15813 15823 15833 15843
15773 15853 15793 15803 15813 15823 15833 15843
15773 15783 15793 15873 15813 15823 15833 15843
15773 15783 15793 15803 15813 15823 15833 15843
15773 15883 15883 15883 15883 15823 15883 15843
15773 15883 15883 15883 15883 15823 15883 15843
15773 15883 15883 15883 15883 15823 15883 15843
15773 15883 15883 15883 15883 15823 15883 15843
15773 15893 15893 15893 15893 15823 15893 15843
15773 15893 15893 15893 15893 15823 15893 15843
15773 15883 15883 15883 15883 15823 15883 15843
15773 15883 15883 15883 15883 15823 15883 15843
15773 15903 15903 15903 15903 15823 15903 15843
15773 15903 15903 15903 15903 15823 15903 15843
15773 15883 15883 15883 15883 15823 15883 15843
15773 15883 15883 15883 15883 15823 15883 15843
15773 15913 15913 15913 15913 15823 15913 15843
15773 15913 15913 15913 15913 15823 15913 15843
15773 15783 15793 15803 15813 15823 15833 15843
15773 15783 15793 15803 15813 15823 15833 15843
15773 15923 15923 15923 15923 15923 15923 15923
15773 15933 15933 15933 15933 15933 15933 15933
15773 15783 15793 15803 15813 15823 15833 15843
15773 15783 15793 15803 15813 15823 15833 15843
15773 15783 15793 15803 15813 15823 15833 15843
15773 15783 15793 15803 15813 15823 15833 15843
15773 15783 15793 15803 15813 15823 15833 15843
15773 15783 15793 15803 15813 15823 15833 15843
15773 15783 15793 15803 15813 15823 15833 15843
15773 15783 15793 15803 15813 15823 15833 15843
15773 15783 15793 15803 15813 15823 15833 15843
15773 15783 15793 15803 15813 15823 15833 15843
15773 15783 15793 15803 15813 15823 15833 15843
15773 15783 15793 15803 15813 15823 15833 15843
15773 15783 15793 15803 15813 15823 15833 15843
15773 15783 15793 15803 15813 15823 15833 15843
15773 15783 15793 15803 15813 15823 15833 15843
15773 15783 15793 15803 15813 15823 15833 15843
15773 15783 15793 15803 15813 15823 15833 15843
15773 15783 15793 15803 15813 15823 15833 15843
23674 23684 23694 23704 23714 23724 23734
23674 23684 23694 23704 23714 23724 23734
23674 23684 23694 23704 23714 23724 23734
23674 23684 23694 23704 23714 23724 23734
23674 23684 23694 23704 23714 23724 23734
23674 23684 23694 23704 23714 23724 23734
23674 23684 23694 23704 23714 23724 23734
23674 23684 23694 23704 23714 23724 23734
23674 23684 23694 23704 23714 23724 23734
23674 23684 23694 23704 23714 23724 23734
23674 23684 23694 23704 23714 23724 23734
23674 23684 23694 23704 23714 23724 23734
23674 23684 23694 23704 23714 23724 23734
23674 23684 23694 23704 23714 23724 23734
23674 23684 23694 23704 23714 23724 23734
34344 34344 34344 34344 34344 34344 34344
34344 34344 34344 34344 34344 34344 34344
34344 34344 34344 34344 34344 34344 34344
23674 23684 23694 23704 23714 23724 23734
23674 23684 23694 23704 23714 23724 23734
23674 23684 23694 23704 23714 23724 23734
23674 23684 23694 23704 23714 23724 23734
23674 23684 23694 23704 23714 23724 23734
23674 23684 23694 23704 23714 23724 23734
23674 23684 23694 23704 23714 23724 23734
23674 23684 23694 23704 23714 23724 23734
23674 23684 23694 23704 23714 23724 23734
23674 23684 23694 23704 23714 23724 23734
23674 23684 23694 23704 23714 23724 23734
23674 23684 23694 23704 23714 23724 23734
23674 23684 23694 23704 23714 23724 23734
23674 23684 23694 23704 23714 23724 23734
23674 23684 23694 23704 23714 23724 23734
23674 23684 23694 23704 23714 23724 23734
23674 23684 23694 23704 23714 23724 23734
23674 23684 23694 23704 23714 23724 23734
23674 23684 23694 23704 23714 23724 23734
23674 23684 23694 23704 23714 23724 23734
23674 23684 23694 23704 23714 23724 23734
23674 23684 23694 23704 23714 23724 23734
23674 23684 23694 23704 23714 23724 23734
23674 23684 23694 23704 23714 23724 23734
23674 23684 23694 23704 23714 23724 23734
23674 23684 23694 23704 23714 23724 23734
23674 23684 23694 23704 23714 23724 23734
23674 23684 23694 23704 23714 23724 23734
23674 23684 23694 23704 23714 23724 23734
23744 23744 23744 23744 23744 23744 23744 23744
23754 23754 23754 23754 23754 23754 23754 23754
23674 23684 23694 23704 23714 23724 23734
23674 23684 23694 23704 23714 23724 23734
23674 23684 23694 23704 23714 23724 23734
23674 23684 23694 23704 23714 23724 23734
23764 23764 23764 23764 23764 23764 23764 23764
23774 23774 23774 23774 23774 23774 23774 23774
23774 23774 23774 23774 23774 23774 23774 23774
23774 23774 23774 23774 23774 23774 23774 23774
23784 23784 23784 23784 23784 23784 23784 23784
23784 23784 23784 23784 23784 23784 23784 23784
23784 23784 23784 23784 23784 23784 23784 23784
23794 23684 23794 23704 23794 23724 23734
23804 23804 23804 23804 23804 23804 23804 23804
23804 23804 23804 23804 23804 23804 23804 23804
23804 23804 23804 23804 23804 23804 23804 23804
23814 23814 23814 23814 23814 23814 23814 23814
23814 23814 23814 23814 23814 23814 23814 23814
23814 23814 23814 23814 23814 23814 23814 23814
23824 23684 23694 23824 23714 23724 23734
23674 23684 23694 23704 23714 23724 23734
23834 23834 23694 23704 23834 23724 23734
23674 23684 23694 23704 23714 23724 23734
23844 23844 23694 23704 23844 23724 23734
23674 23684 23694 23704 23714 23724 23734
23674 23684 23694 23704 23714 23724 23734
23674 23684 23694 23704 23714 23724 23734
23854 23684 23694 23854 23714 23724 23734
23674 23684 23694 23704 23714 23724 23734
23674 23684 23694 23704 23714 23724 23734
23864 23864 23694 23704 23864 23724 23734
23674 23684 23694 23704 23714 23724 23734
23674 23684 23694 23704 23714 23724 23734
23674 23684 23694 23704 23714 23724 23734
23674 23684 23694 23704 23714 23724 23734
