38781
38781
38781
38781
38781
38781
38781
38781
38781
38781
38781
38781
38781
38781
38781
38781
38781
38781
38781
38781
38781
38781
38781
38781
38781
38781
38781
38781
38781
38781
2322
2322
2322
2322
2322
2322
2322
2322
2322
2322
2322
2322
2322
2322
2322
2322
2322
2322
2322
2322
2322
2322
2322
2322
2322
2322
2322
2322
2322
2322
2322
2322
2322
2322
2322
2322
2322
2322
2322
2322
2322
2322
2322
2322
2322
2322
2322
2322
2322
2322
5723 5733 5743 5753 5763 5773 5783
5723 5733 5743 5753 5763 5773 5783
5723 5733 5743 5753 5763 5773 5783
5723 5733 5743 5753 5763 5773 5783
5723 5733 5743 5753 5763 5773 5783
5723 5733 5743 5753 5763 5773 5783
5723 5733 5743 5753 5763 5773 5783
5723 5733 5743 5753 5763 5773 5783
5723 5733 5743 5753 5763 5773 5783
5723 5733 5743 5753 5763 5773 5783
5723 5733 5743 5753 5763 5773 5783
5723 5733 5743 5753 5763 5773 5783
5723 5733 5743 5753 5763 5773 5783
5723 5733 5743 5753 5763 5773 5783
5723 5733 5743 5753 5763 5773 5783
5723 5733 5743 5753 5763 5773 5783
5723 5733 5743 5753 5763 5773 5783
5723 5733 5743 5753 5763 5773 5783
5723 5733 5743 5753 5763 5773 5783
5723 5733 5743 5753 5763 5773 5783
5723 5733 5743 5753 5763 5773 5783
5723 5733 5743 5753 5763 5773 5783
5723 5733 5743 5753 5763 5773 5783
5723 5733 5743 5753 5763 5773 5783
5723 5733 5743 5753 5763 5773 5783
5723 5733 5743 5753 5763 5773 5783
5723 5733 5743 5753 5763 5773 5783
5723 5733 5743 5753 5763 5773 5783
5723 5733 5743 5753 5763 5773 5783
5723 5733 5743 5753 5763 5773 5783
5723 5733 5743 5753 5763 5773 5783
5723 5733 5743 5753 5763 5773 5783
5723 5733 5743 5753 5763 5773 5783
5723 5733 5743 5753 5763 5773 5783
5723 5733 5743 5753 5763 5773 5783
5723 5733 5743 5753 5763 5773 5783
5723 5733 5743 5753 5763 5773 5783
5723 5733 5743 5753 5763 5773 5783
5723 5733 5743 5753 5763 5773 5783
5723 5733 5743 5753 5763 5773 5783
5723 5733 5743 5753 5763 5773 5783
5723 5733 5743 5753 5763 5773 5783
5723 5733 5743 5753 5763 5773 5783
5723 5733 5743 5753 5763 5773 5783
5723 5733 5743 5753 5763 5773 5783
5723 5733 5743 5753 5763 5773 5783
5723 5733 5743 5753 5763 5773 5783
5723 5733 5743 5753 5763 5773 5783
5723 5733 5743 5753 5763 5773 5783
5723 5733 5743 5753 5763 5773 5783
5723 5733 5743 5753 5763 5773 5783
5723 5733 5743 5753 5763 5773 5783
5723 5733 5743 5753 5763 5773 5783
5723 5733 5743 5753 5763 5773 5783
5723 5733 5743 5753 5763 5773 5783
5723 5733 5743 5753 5763 5773 5783
5723 5733 5743 5753 5763 5773 5783
5723 5733 5743 5753 5763 5773 5783
5723 5733 5743 5753 5763 5773 5783
5723 5733 5743 5753 5763 5773 5783
5723 5733 5743 5753 5763 5773 5783
5723 5733 5743 5753 5763 5773 5783
5723 5733 5743 5753 5763 5773 5783
5723 5733 5743 5753 5763 5773 5783
5723 5733 5743 5753 5763 5773 5783
5723 5733 5743 5753 5763 5773 5783
5723 5733 5743 5753 5763 5773 5783
5723 5733 5743 5753 5763 5773 5783
5723 5733 5743 5753 5763 5773 5783
5723 5733 5743 5753 5763 5773 5783
5723 5733 5743 5753 5763 5773 5783
5723 5733 5743 5753 5763 5773 5783
5723 5733 5743 5753 5763 5773 5783
5723 5733 5743 5753 5763 5773 5783
5723 5733 5743 5753 5763 5773 5783
5723 5733 5743 5753 5763 5773 5783
5723 5733 5743 5753 5763 5773 5783
5723 5733 5743 5753 5763 5773 5783
5723 5733 5743 5753 5763 5773 5783
5723 5733 5743 5753 5763 5773 5783
5723 5733 5743 5753 5763 5773 5783
5723 5733 5743 5753 5763 5773 5783
5723 5733 5743 5753 5763 5773 5783
5723 5733 5743 5753 5763 5773 5783
5723 5733 5743 5753 5763 5773 5783
5723 5733 5743 5753 5763 5773 5783
5723 5733 5743 5753 5763 5773 5783
5723 5733 5743 5753 5763 5773 5783
5723 5733 5743 5753 5763 5773 5783
5723 5733 5743 5753 5763 5773 5783
5723 5733 5743 5753 5763 5773 5783
9744 9754 9764 9774 9784 9794 9804 9814 9824
9744 9754 9764 9774 9784 9794 9804 9814 9824
9744 9754 9764 9774 9784 9794 9804 9814 9824
9744 9754 9764 9774 9784 9794 9804 9814 9824
9744 9754 9764 9774 9784 9794 9804 9814 9824
9744 9754 9764 9774 9784 9794 9804 9814 9824
9744 9754 9764 9774 9784 9794 9804 9814 9824
9744 9754 9764 9774 9784 9794 9804 9814 9824
9744 9754 9764 9774 9784 9794 9804 9814 9824
9744 9754 9764 9774 9784 9794 9804 9814 9824
9744 9754 9764 9774 9784 9794 9804 9814 9824
9744 9754 9764 9774 9784 9794 9804 9814 9824
9744 9754 9764 9774 9784 9794 9804 9814 9824
9744 9754 9764 9774 9784 9794 9804 9814 9824
9744 9754 9764 9774 9784 9794 9804 9814 9824
9744 9754 9764 9774 9784 9794 9804 9814 9824
9744 9754 9764 9774 9784 9794 9804 9814 9824
9744 9754 9764 9774 9784 9794 9804 9814 9824
9744 9754 9764 9774 9784 9794 9804 9814 9824
9744 9754 9764 9774 9784 9794 9804 9814 9824
9744 9754 9764 9774 9784 9794 9804 9814 9824
9744 9754 9764 9774 9784 9794 9804 9814 9824
9744 9754 9764 9774 9784 9794 9804 9814 9824
9744 9754 9764 9774 9784 9794 9804 9814 9824
9744 9754 9764 9774 9784 9794 9804 9814 9824
9744 9754 9764 9774 9784 9794 9804 9814 9824
9744 9754 9764 9774 9784 9794 9804 9814 9824
9744 9754 9764 9774 9784 9794 9804 9814 9824
9744 9754 9764 9774 9784 9794 9804 9814 9824
9744 9754 9764 9774 9784 9794 9804 9814 9824
9744 9754 9764 9774 9784 9794 9804 9814 9824
9744 9754 9764 14154 9784 9794 9804 14844 9824
9744 9754 9764 14154 9784 9794 9804 14844 9824
9744 9754 9764 14154 9784 9794 9804 14844 9824
9744 9754 9764 9774 9784 9794 9804 9814 9824
9744 9754 9764 9774 9784 9794 9804 9814 9824
9744 9754 9764 9774 9784 9794 9804 9814 9824
9744 9754 9764 9774 9784 9794 9804 9814 9824
9744 9754 9764 9774 9784 9794 9804 9814 9824
9744 9754 9764 9774 9784 9794 9804 9814 9824
9744 9754 9764 9774 9784 9794 9804 9814 9824
9744 9754 9764 9774 9784 9794 9804 9814 9824
9744 9754 9764 9774 9784 9794 9804 9814 9824
9744 9754 9764 9774 9784 9794 9804 9814 9824
9744 9754 9764 9774 9784 9794 9804 9814 9824
9744 9754 9764 9774 9784 9794 9804 9814 9824
9744 9754 9764 9774 9784 9794 9804 9814 9824
9744 9754 9764 9774 9784 9794 9804 9814 9824
9744 9754 9764 9774 9784 9794 9804 9814 9824
9744 9754 9764 9774 9784 9794 9804 9814 9824
9744 9754 9764 9774 9784 9794 9804 9814 9824
9744 9754 9764 9774 9784 9794 9804 9814 9824
9744 9754 9764 9774 9784 9794 9804 9814 9824
9744 9754 9764 9774 9784 9794 9804 9814 9824
9744 9754 9764 9774 9784 9794 9804 9814 9824
9744 9754 9764 9774 9784 9794 9804 9814 9824
9744 9754 9764 9774 9784 9794 9804 9814 9824
9744 9754 9764 9774 9784 9794 9804 9814 9824
9744 9754 9764 9774 9784 9794 9804 9814 9824
9744 9754 9764 9774 9784 9794 9804 9814 9824
9744 9754 9764 9774 9784 9794 9804 9814 9824
9744 9754 9764 9774 9784 9794 9804 9814 9824
9744 9754 9764 9774 9784 9794 9804 9814 9824
9744 9754 9764 9774 9784 9794 9804 9814 9824
9744 9754 9764 9774 9784 9794 9804 9814 9824
9744 9754 9764 9774 9784 9794 9804 9814 9824
9744 9754 9764 9774 9784 9794 9804 9814 9824
9744 9754 9764 14154 9784 9794 9804 14844 9824
9744 9754 9764 14154 9784 9794 9804 14844 9824
9744 9754 9764 9774 9784 9794 9804 9814 9824
9744 9754 9764 9774 9784 9794 9804 9814 9824
9744 9754 9764 9774 9784 9794 9804 9814 9824
9744 9754 9764 9774 9784 9794 9804 9814 9824
9744 9754 9764 9774 9784 9794 9804 9814 9824
9744 9754 9764 9774 9784 9794 9804 9814 9824
9744 9754 9764 14154 9784 9794 9804 14844 9824
9744 9754 9764 14154 9784 9794 9804 14844 9824
9744 9754 9764 9774 9784 9794 9804 9814 9824
9744 9754 9764 9774 9784 9794 9804 9814 9824
9744 9754 9764 9774 9784 9794 9804 9814 9824
9744 9754 9764 9774 9784 9794 9804 9814 9824
9744 9754 9764 9774 9784 9794 9804 9814 9824
9744 9754 9764 9774 9784 9794 9804 9814 9824
