30 30 30 90 30 60 90 30 30
90 90 35 40 90 90 90 90 30
50 50 50 10 80 80 80 40 50
90 35 90 40 90 90 90 90 35
75 75 75 60 90 90 90 90 90
70 90 90 30 90 90 90 10 90
10 90 90 30 90 90 90 90 90
60 60 60 30 90 100 90 60 60
60 10 90 90 30 90 90 40 90
80 90 45 90 40 90 90 90 35
70 90 5 90 30 90 90 80 80
90 90 90 90 40 90 90 30 80
80 90 70 90 40 60 90 90 30
30 90 90 90 50 90 90 80 70
90 90 10 20 90 90 90 10 5
20 25 30 50 90 100 90 90 90
80 80 80 90 90 100 90 80 80
90 90 90 80 90 90 90 40 90
15 20 40 40 90 100 90 90 20
80 25 90 30 90 90 90 90 90
80 80 80 60 50 100 80 80 80
40 40 40 60 50 100 80 80 80
60 60 60 60 50 100 80 50 50
80 80 80 60 50 100 80 80 80
70 70 70 60 50 100 80 50 50
70 70 70 60 50 100 80 50 50
35 35 35 35 35 35 35 35 35
