84611
84611
84611
84611
84611
84611
84611
84611
84611
84611
84611
84611
84611
84611
84611
84611
84611
84611
84611
84611
84611
84611
84611
84611
84611
84611
84611
84611
84611
84611
12442 12452 12462 12472 12482 29672
12442 12452 12462 12472 12482 29672
12442 12452 12462 12472 12482 29672
12442 12452 12462 12472 12482 29672
12442 12452 12462 12472 12482 29672
12442 12452 12462 12472 12482 29672
12442 12452 12462 12472 12482 29672
12442 12452 12462 12472 12482 29672
12442 12452 12462 12472 12482 29672
12442 12452 12462 12472 12482 29672
12442 12452 12462 12472 12482 29672
12442 12452 12462 12472 12482 29672
12442 12452 12462 12472 12482 29672
12442 12452 12462 12472 12482 29672
12442 12452 12462 12472 12482 29672
12442 33842 12462 33842 12482 29672
12442 33842 12462 33842 12482 29672
12442 33842 12462 33842 12482 29672
12442 12452 12462 12472 12482 29672
12442 12452 12462 12472 12482 29672
12442 12452 12462 12472 12482 29672
12442 12452 12462 12472 12482 29672
12442 12452 12462 12472 12482 29672
12442 12452 12462 12472 12482 29672
12442 12452 12462 12472 12482 29672
12442 12452 12462 12472 12482 29672
12442 12452 12462 12472 12482 29672
12442 12452 12462 12472 12482 29672
12442 12452 12462 12472 12482 29672
12442 12452 12462 12472 12482 29672
12442 12452 12462 12472 12482 29672
12442 12452 12462 12472 12482 29672
12442 12452 12462 12472 12482 29672
12442 12452 12462 12472 12482 29672
12442 12452 12462 12472 12482 29672
12442 12452 12462 12472 12482 29672
12442 12452 12462 12472 12482 29672
12442 12452 12462 12472 12482 29672
12442 12452 12462 12472 12482 29672
12442 12452 12462 12472 12482 29672
12442 12452 12462 12472 12482 29672
12442 12452 12462 12472 12482 29672
12442 12452 12462 12472 12482 29672
12442 12452 12462 12472 12482 29672
12442 12452 12462 12472 12482 29672
12442 12452 12462 12472 12482 29672
12442 12452 12462 12472 12482 29672
12492 12492 12492 12492 12492 29672
12442 12452 12462 12472 12482 29672
12502 12502 12502 12502 12502 29672
12512 12512 12512 12512 12512 29672
12522 12522 12522 12522 12522 29672
12522 12522 12522 12522 12522 29672
12522 12522 12522 12522 12522 29672
12442 12452 12462 12472 12482 29672
12442 12452 12462 12472 12482 29672
12442 12452 12462 12472 12482 29672
12532 12532 12532 12532 12532 29672
12442 12452 12462 12472 12482 29672
12442 12452 12462 12472 12482 29672
12442 12452 33852 12472 12482 29672
12442 12452 33852 12472 12482 29672
12442 12452 33852 12472 12482 29672
12442 12452 12462 12472 12482 29672
12442 12452 12462 12472 12482 29672
12442 12452 12462 12472 12482 29672
75513 75523 75533 75543 75553 75563 75573 75583
75513 75523 75533 75543 75553 75563 75573 75583
75513 75523 75533 75543 75553 75563 75573 75583
75513 75523 75533 75543 75553 75563 75573 75583
75513 75523 75533 75543 75553 75563 75573 75583
75513 75523 75533 75543 75553 75563 75573 75583
75513 75523 75533 75543 75553 75563 75573 75583
75513 75523 75533 75543 75553 75563 75573 75583
75513 75523 75533 75543 75553 75563 75573 75583
75513 75523 75533 75543 75553 75563 75573 75583
75513 75523 75533 75543 75553 75563 75573 75583
75513 75523 75533 75543 75553 75563 75573 75583
75513 75523 75533 75543 75553 75563 75573 75583
75513 75523 75533 75543 75553 75563 75573 75583
75513 75523 75533 75543 75553 75563 75573 75583
75513 75523 75533 75543 75553 75563 75573 75583
75513 75523 75533 75543 75553 75563 75573 75583
75513 75523 75533 75543 75553 75563 75573 75583
75513 75523 75533 75543 75553 75563 75573 75583
75513 75523 75533 75543 75553 75563 75573 75583
75513 75523 75533 75543 75553 75563 75573 75583
75513 75523 75533 75543 75553 75563 75573 75583
75513 75523 75533 75543 75553 75563 75573 75583
75513 75523 75533 75543 75553 75563 75573 75583
75513 75523 75533 75543 75553 75563 75573 75583
75513 75523 75533 75543 75553 75563 75573 75583
75513 75523 75533 75543 75553 75563 75573 75583
75513 75523 75533 75543 75553 75563 75573 75583
75513 75523 75533 75543 75553 75563 75573 75583
75513 75523 75533 75543 75553 75563 75573 75583
75513 75523 75533 75543 75553 75563 75573 75583
75513 75523 75533 75543 75553 75563 75573 75583
75513 75523 75533 75543 75553 75563 75573 75583
75513 75523 75533 75543 75553 75563 75573 75583
75513 75523 75533 75543 75553 75563 75573 75583
75513 75523 75533 75543 75553 75563 75573 75583
75513 75523 75533 75543 75553 75563 75573 75583
75513 75523 75533 75543 75553 75563 75573 75583
75513 75523 75533 75543 75553 75563 75573 75583
75513 75523 75533 75543 75553 75563 75573 75583
75513 75523 75533 75543 75553 75563 75573 75583
75513 75523 75533 75543 75553 75563 75573 75583
75513 75523 75533 75543 75553 75563 75573 75583
75513 75523 75533 75543 75553 75563 75573 75583
75513 75523 75593 75593 75593 75563 75573 75583
75513 75523 75593 75593 75593 75563 75573 75583
75513 75523 75693 75543 75693 75563 75573 75583
75513 75523 75693 75543 75693 75563 75573 75583
75513 75523 75603 75543 75603 75563 75573 75583
75513 75523 75693 75543 75693 75563 75573 75583
75513 75523 75533 75543 75553 75563 75573 75583
75513 75523 75603 75543 75603 75563 75573 75583
75513 75523 75613 75613 75613 75563 75573 75583
75513 75703 75703 75543 75703 75703 75573 75583
75513 75703 75703 75543 75703 75703 75573 75583
75513 75703 75703 75543 75703 75703 75573 75583
75513 75713 75713 75543 75713 75713 75573 75583
75513 75713 75713 75543 75713 75713 75573 75583
75513 75623 75623 75543 75623 75623 75573 75583
75513 75623 75623 75543 75623 75623 75573 75583
75513 75703 75703 75543 75703 75703 75573 75583
75513 75703 75703 75543 75703 75703 75573 75583
75513 75713 75713 75543 75713 75713 75573 75583
75513 75623 75623 75543 75623 75623 75573 75583
75513 75623 75623 75543 75623 75623 75573 75583
75513 75633 75633 75543 75633 75633 75573 75583
75513 75633 75633 75543 75633 75633 75573 75583
75513 75633 75633 75543 75633 75633 75573 75583
75513 75633 75633 75543 75633 75633 75573 75583
75513 75633 75633 75543 75633 75633 75573 75583
75513 75633 75633 75543 75633 75633 75573 75583
75513 75523 75653 75543 75653 75653 75573 75583
75513 75523 75653 75543 75653 75653 75573 75583
75513 75523 75653 75543 75653 75653 75573 75583
75513 75523 75653 75543 75653 75653 75573 75583
75513 75523 75653 75543 75653 75653 75573 75583
75513 75523 75653 75543 75653 75653 75573 75583
75513 75523 75663 75543 75553 75563 75573 75583
75513 75523 75663 75543 75553 75563 75573 75583
75513 75673 75533 75543 75553 75563 75573 75583
75513 75673 75533 75543 75553 75563 75573 75583
75513 75673 75533 75543 75553 75563 75573 75583
75513 75673 75533 75543 75553 75563 75573 75583
75513 75673 75533 75543 75553 75563 75573 75583
75513 75523 75683 75683 75683 75563 75573 75583
75513 75523 75683 75683 75683 75563 75573 75583
75513 75523 75683 75683 75683 75563 75573 75583
75513 75523 75533 75543 75553 75563 75573 75583
75513 75523 75533 75543 75553 75563 75573 75583
75513 75523 75533 75543 75553 75563 75573 75583
75513 75523 75533 75543 75553 75563 75573 75583
75513 75523 75533 75543 75553 75563 75573 75583
75513 75633 75633 75543 75633 75633 75573 75583
75513 75633 75633 75543 75633 75633 75573 75583
75513 75633 75633 75543 75633 75633 75573 75583
75513 75523 75533 75543 75553 75563 75573 75583
75513 75523 75533 75543 75553 75563 75573 75583
