38771
38771
38771
38771
38771
38771
38771
38771
38771
38771
38771
38771
38771
38771
38771
38771
38771
38771
38771
38771
38771
38771
38771
38771
38771
38771
38771
38771
38771
38771
3842 3832 3852 3862 3872 3882 13962
3842 3832 3852 3862 3872 3882 13962
3842 3832 3852 3862 3872 3882 13962
3842 3832 3852 3862 3872 3882 13962
3842 3832 3852 3862 3872 3882 13962
3842 3832 3852 3862 3872 3882 13962
3842 3832 3852 3862 3872 3882 13962
3842 3832 3852 3862 3872 3882 13962
3842 3832 3852 3862 3872 3882 13962
3842 3832 3852 3862 3872 3882 13962
3842 3832 3852 3862 3872 3882 13962
3842 3832 3852 3862 3872 3882 13962
3842 3832 3852 3862 3872 3882 13962
3842 3832 3852 3862 3872 3882 13962
3842 3832 3852 3862 3872 3882 13962
3842 3832 3852 3862 3872 3882 13962
3842 3832 3852 3862 3872 3882 13962
3842 3832 3852 3862 3872 3882 13962
3842 3832 3852 3862 3872 3882 13962
3842 3832 3852 3862 3872 3882 13962
3842 3832 3852 3862 3872 3882 13962
3842 3832 3852 3862 3872 3882 13962
3842 3832 3852 3862 3872 3882 13962
3842 3832 3852 3862 3872 3882 13962
3842 3832 3852 3862 3872 3882 13962
3842 3832 3852 3862 3872 3882 13962
3842 3832 3852 3862 3872 3882 13962
3842 3832 3852 3862 3872 3882 13962
3842 3832 3852 3862 3872 3882 13962
3842 3832 3852 3862 3872 3882 13962
3842 3832 3852 3862 3872 3882 13962
3842 3832 3852 3862 3872 3882 13962
3842 3832 3852 3862 3872 3882 13962
3842 3832 3852 3862 3872 3882 13962
3842 3832 3852 3862 3872 3882 13962
3842 3832 3852 3862 3872 3882 13962
3842 3832 3852 3862 3872 3882 13962
3842 3832 3852 3862 3872 3882 13962
3842 3832 3852 3862 3872 3882 13962
3842 3832 3852 3862 3872 3882 13962
3842 3832 3852 3862 3872 3882 13962
3842 3832 3852 3862 3872 3882 13962
3842 3832 3852 3862 3872 3882 13962
3842 3832 3852 3862 3872 3882 13962
3842 3832 3852 3862 3872 3882 13962
3842 3832 3852 3862 3872 3882 13962
3842 3832 3852 3862 3872 3882 13962
3842 3832 3852 3862 3872 3882 13962
3842 3832 3852 3862 3872 3882 13962
3842 3832 3852 3862 3872 3882 13962
3842 3832 3852 3862 3872 3882 13962
3842 3832 3852 3862 3872 3882 13962
3842 3832 3852 3862 3872 3882 13962
3842 3832 3852 3862 3872 3882 13962
3842 3832 3852 3862 3872 3882 13962
3842 3832 3852 3862 3872 3882 13962
3842 3832 3852 3862 3872 3882 13962
3842 3832 3852 3862 3872 3882 13962
3842 3832 3852 3862 3872 3882 13962
3842 3832 3852 3862 3872 3882 13962
3842 3832 3852 3862 3872 3882 13962
3842 3832 3852 3862 3872 3882 13962
3842 3832 3852 3862 3872 3882 13962
3842 3832 3852 3862 3872 3882 13962
3842 3832 3852 3862 3872 3882 13962
3842 3832 3852 3862 3872 3882 13962
35303 35313 35323 35333 35343 35353 35363
35303 35313 35323 35333 35343 35353 35363
35303 35313 35323 35333 35343 35353 35363
35303 35313 35323 35333 35343 35353 35363
35303 35313 35323 35333 35343 35353 35363
35303 35313 35323 35333 35343 35353 35363
35303 35313 35323 35333 35343 35353 35363
35303 35313 35323 35333 35343 35353 35363
35303 35313 35323 35333 35343 35353 35363
35303 35313 35323 35333 35343 35353 35363
35303 35313 35323 35333 35343 35353 35363
35303 35313 35323 35333 35343 35353 35363
35303 35313 35323 35333 35343 35353 35363
35303 35313 35323 35333 35343 35353 35363
35303 35313 35323 35333 35343 35353 35363
35303 35313 35323 35333 35343 35353 35363
35303 35313 35323 35333 35343 35353 35363
35303 35313 35323 35333 35343 35353 35363
35303 35313 35323 35333 35343 35353 35363
35303 35313 35323 35333 35343 35353 35363
35303 35313 35323 35333 35343 35353 35363
35303 35313 35323 35333 35343 35353 35363
35303 35313 35323 35333 35343 35353 35363
35303 35313 35323 35333 35343 35353 35363
35303 35313 35323 35333 35343 35353 35363
35303 35313 35323 35333 35343 35353 35363
35303 35313 35323 35333 35343 35353 35363
35303 35313 35323 35333 35343 35353 35363
35303 35313 35323 35333 35343 35353 35363
35303 35313 35323 35333 35343 35353 35363
35303 35313 35323 35333 35343 35353 35363
35303 35313 35323 35333 35343 35353 35363
35303 35313 35323 35333 35343 35353 35363
35303 35313 35323 35333 35343 35353 35363
35303 35313 35323 35333 35343 35353 35363
35303 35313 35323 35333 35343 35353 35363
35303 35313 35323 35333 35343 35353 35363
35303 35313 35323 35333 35343 35353 35363
35303 35313 35323 35333 35343 35353 35363
35303 35313 35323 35333 35343 35353 35363
35303 35313 35323 35333 35343 35353 35363
35303 35313 35323 35333 35343 35353 35363
35303 35313 35323 35333 35343 35353 35363
35303 35313 35323 35333 35343 35353 35363
35303 35313 35323 35333 35343 35353 35363
35303 35313 35323 35333 35343 35353 35363
35303 35313 35323 35333 35343 35353 35363
35303 35313 35323 35333 35343 35353 35363
35303 35313 35323 35333 35343 35353 35363
35303 35313 35323 35333 35343 35353 35363
35303 35313 35323 35333 35343 35353 35363
35303 35313 35323 35333 35343 35353 35363
35303 35313 35323 35333 35343 35353 35363
35303 35313 35323 35333 35343 35353 35363
35303 35313 35323 35333 35343 35353 35363
35303 35313 35323 35333 35343 35353 35363
35303 35313 35323 35333 35343 35353 35363
35303 35313 35323 35333 35343 35353 35363
35303 35313 35323 35333 35343 35353 35363
35303 35313 35323 35333 35343 35353 35363
35303 35313 35323 35333 35343 35353 35363
35303 35313 35323 35333 35343 35353 35363
35303 35313 35323 35333 35343 35353 35363
35303 35313 35323 35333 35343 35353 35363
35303 35313 35323 35333 35343 35353 35363
35303 35313 35323 35333 35343 35353 35363
35303 35313 35323 35333 35343 35353 35363
35303 35313 35323 35333 35343 35353 35363
35303 35313 35323 35333 35343 35353 35363
35303 35313 35323 35333 35343 35353 35363
35303 35313 35323 35333 35343 35353 35363
35303 35313 35323 35333 35343 35353 35363
35303 35313 35323 35333 35343 35353 35363
35303 35313 35323 35333 35343 35353 35363
35303 35313 35323 35333 35343 35353 35363
35303 35313 35323 35333 35343 35353 35363
35303 35313 35323 35333 35343 35353 35363
35303 35313 35323 35333 35343 35353 35363
35303 35313 35323 35333 35343 35353 35363
35303 35313 35323 35333 35343 35353 35363
35303 35313 35323 35333 35343 35353 35363
35303 35313 35323 35333 35343 35353 35363
35303 35313 35323 35333 35343 35353 35363
35303 35313 35323 35333 35343 35353 35363
35303 35313 35323 35333 35343 35353 35363
35303 35313 35323 35333 35343 35353 35363
35303 35313 35323 35333 35343 35353 35363
35303 35313 35323 35333 35343 35353 35363
35303 35313 35323 35333 35343 35353 35363
35303 35313 35323 35333 35343 35353 35363
35303 35313 35323 35333 35343 35353 35363
35303 35313 35323 35333 35343 35353 35363
35303 35313 35323 35333 35343 35353 35363
35303 35313 35323 35333 35343 35353 35363
35303 35313 35323 35333 35343 35353 35363
35303 35313 35323 35333 35343 35353 35363
35303 35313 35323 35333 35343 35353 35363
