38801
38801
38801
38801
38801
38801
38801
38801
38801
38801
38801
38801
38801
38801
38801
38801
38801
38801
38801
38801
38801
38801
38801
38801
38801
38801
38801
38801
38801
38801
9222 9232 9242 9252 9262 9272 9282
9222 9232 9242 9252 9262 9272 9282
9222 9232 9242 9252 9262 9272 9282
9222 9232 9242 9252 9262 9272 9282
9222 9232 9242 9252 9262 9272 9282
9222 9232 9242 9252 9262 9272 9282
9222 9232 9242 9252 9262 9272 9282
9222 9232 9242 9252 9262 9272 9282
9222 9232 9242 9252 9262 9272 9282
9222 9232 9242 9252 9262 9272 9282
9222 9232 9242 9252 9262 9272 9282
9222 9232 9242 9252 9262 9272 9282
9222 9232 9242 9252 9262 9272 9282
9222 9232 9242 9252 9262 9272 9282
9222 9232 9242 9252 9262 9272 9282
9222 9232 9242 9252 9262 9272 9282
9222 9232 9242 9252 9262 9272 9282
9222 9232 9242 9252 9262 9272 9282
9222 9232 9242 9252 9262 9272 9282
9222 9232 9242 9252 9262 9272 9282
9222 9232 9242 9252 9262 9272 9282
9222 9232 9242 9252 9262 9272 9282
9222 9232 9242 9252 9262 9272 9282
9222 9232 9242 9252 9262 9272 9282
9222 9232 9242 9252 9262 9272 9282
9222 9232 9242 9252 9262 9272 9282
9222 9232 9242 9252 9262 9272 9282
9222 9232 9242 9252 9262 9272 9282
9222 9232 9242 9252 9262 9272 9282
9222 9232 9242 9252 9262 9272 9282
9222 9232 9242 9252 9262 9272 9282
9222 9232 9242 9252 9262 9272 9282
9222 9232 9242 9252 9262 9272 9282
9222 15692 9242 15692 15692 15692 9282
9222 15692 9242 15692 15692 15692 9282
9222 15692 9242 15692 15692 15692 9282
9222 15692 9242 15692 15692 15692 9282
9222 15692 9242 15692 15692 15692 9282
9222 15692 9242 15692 15692 15692 9282
9222 9232 9242 9252 9262 9272 9282
9222 9232 9242 9252 9262 9272 9282
9222 9232 9242 9252 9262 9272 9282
9222 9232 9242 9252 9262 9272 9282
9222 9232 9242 9252 9262 9272 9282
9222 9232 9242 9252 9262 9272 9282
9222 9232 9242 9252 9262 9272 9282
9222 9232 9242 9252 9262 9272 9282
9222 9232 9242 9252 9262 9272 9282
9222 9232 9242 9252 9262 9272 9282
9222 9232 9242 9252 9262 9272 9282
9222 9232 9242 9252 9262 9272 9282
9222 9232 9242 9252 9262 9272 9282
9222 9232 9242 9252 9262 9272 9282
9222 9232 9242 9252 9262 9272 9282
9222 9232 9242 9252 9262 9272 9282
9222 9232 9242 9252 9262 9272 9282
9222 9232 9242 9252 9262 9272 9282
9222 9232 9242 9252 9262 9272 9282
9222 9232 9242 9252 9262 9272 9282
9222 9232 9242 9252 9262 9272 9282
9222 9232 9242 9252 9262 9272 9282
9222 9232 9242 9252 9262 9272 9282
9222 9232 9242 9252 9262 9272 9282
9222 9232 9242 9252 9262 9272 9282
9222 9232 9242 9252 9262 9272 9282
9222 9232 9242 9252 9262 9272 9282
9222 9232 9242 9252 9262 9272 9282
9222 9232 9242 9252 9262 9272 9282
9222 9232 9242 9252 9262 9272 9282
9222 9232 9242 9252 9262 9272 9282
9222 9232 9242 9252 9262 9272 9282
9222 9232 9242 9252 9262 9272 9282
16483 16493 16503 16513 16523 16533 16543
16483 16493 16503 16513 16523 16533 16543
16483 16493 16503 16513 16523 16533 16543
16483 16493 16503 16513 16523 16533 16543
16483 16493 16503 16513 16523 16533 16543
16483 16493 16503 16513 16523 16533 16543
16483 16493 16503 16513 16523 16533 16543
16483 16493 16503 16513 16523 16533 16543
16483 16493 16503 16513 16523 16533 16543
16483 16493 16503 16513 16523 16533 16543
16483 16493 16503 16513 16523 16533 16543
16483 16493 16503 16513 16523 16533 16543
16483 16493 16503 16513 16523 16533 16543
16483 16493 16503 16513 16523 16533 16543
16483 16493 16503 16513 16523 16533 16543
16483 16493 16503 16513 16523 16533 16543
16483 16493 16503 16513 16523 16533 16543
16483 16493 16503 16513 16523 16533 16543
16483 16493 16503 16513 16523 16533 16543
16483 16493 16503 16513 16523 16533 16543
16483 16493 16503 16513 16523 16533 16543
16483 16603 16593 16583 16553 16563 16573
16483 16603 16593 16583 16553 16563 16573
16483 16603 16593 16583 16553 16563 16573
16483 16603 16593 16583 16553 16563 16573
16483 16603 16593 16583 16553 16563 16573
16483 16603 16593 16583 16553 16563 16573
16483 16603 16593 16583 16553 16563 16573
16483 16603 16593 16583 16553 16563 16573
16483 16603 16593 16583 16553 16563 16573
16483 16493 16503 16513 16523 16533 16543
16483 16493 16503 16513 16523 16533 16543
16483 16493 16503 16513 16523 16533 16543
16483 16493 16503 16513 16523 16533 16543
16483 16603 16593 16583 16553 16563 16573
16483 16603 16593 16583 16553 16563 16573
16483 16603 16593 16583 16553 16563 16573
16483 16603 16593 16583 16553 16563 16573
16483 16603 16593 16583 16553 16563 16573
16483 16603 16593 16583 16553 16563 16573
16483 16603 16593 16583 16553 16563 16573
16483 16603 16593 16583 16553 16563 16573
16483 16603 16593 16583 16553 16563 16573
16483 16603 16593 16583 16553 16563 16573
16483 16603 16593 16583 16553 16563 16573
16483 16603 16593 16583 16553 16563 16573
16483 16603 16593 16583 16553 16563 16573
16483 16603 16593 16583 16553 16563 16573
16483 16603 16593 16583 16553 16563 16573
16483 16603 16593 16583 16553 16563 16573
16483 16603 16593 16583 16553 16563 16573
16483 16603 16593 16583 16553 16563 16573
16483 16603 16593 16583 16553 16563 16573
16483 16603 16593 16583 16553 16563 16573
16483 16603 16593 16583 16553 16563 16573
16483 16603 16593 16583 16553 16563 16573
16483 16603 16593 16583 16553 16563 16573
16483 16603 16593 16583 16553 16563 16573
16483 16603 16593 16583 16553 16563 16573
16483 16603 16593 16583 16553 16563 16573
16483 16603 16593 16583 16553 16563 16573
16483 16603 16593 16583 16553 16563 16573
16483 16603 16593 16583 16553 16563 16573
16483 16603 16593 16583 16553 16563 16573
16483 16603 16593 16583 16553 16563 16573
16483 16603 16593 16583 16553 16563 16573
16483 16603 16593 16583 16553 16563 16573
16483 16603 16593 16583 16553 16563 16573
16483 16603 16593 16583 16553 16563 16573
16483 16603 16593 16583 16553 16563 16573
16483 16603 16593 16583 16553 16563 16573
16483 16603 16593 16583 16553 16563 16573
16483 16603 16593 16583 16553 16563 16573
16483 16603 16593 16583 16553 16563 16573
16483 16603 16593 16583 16553 16563 16573
16483 16603 16593 16583 16553 16563 16573
16483 16603 16593 16583 16553 16563 16573
16483 16603 16593 16583 16553 16563 16573
16483 16603 16593 16583 16553 16563 16573
