84641
84641
84641
84641
84641
84641
84641
84641
84641
84641
84641
84641
84641
84641
84641
84641
84641
84641
84641
84641
84641
84641
84641
84641
84641
84641
84641
84641
84641
84641
22602 22612 22622 22632 22642
22602 22612 22622 22632 22642
22602 22612 22622 22632 22642
22602 22612 22622 22632 22642
22602 22612 22622 22632 22642
22602 22612 22622 22632 22642
22602 22612 22622 22632 22642
22602 22612 22622 22632 22642
22602 22612 22622 22632 22642
22602 22612 22622 22632 22642
22602 22612 22622 22632 22642
22602 22612 22622 22632 22642
22602 22612 22622 22632 22642
22602 22612 22622 22632 22642
22602 22612 22622 22632 22642
22602 22612 22622 22632 22642
22602 22612 22622 22632 22642
22602 22612 22622 22632 22642
22602 22612 22622 22632 22642
22602 22612 22622 22632 22642
22602 22612 22622 22632 22642
22602 22612 22622 22632 22642
22602 22612 22622 22632 22642
22602 22612 22622 22632 22642
22602 22612 22622 22632 22642
22602 22612 22622 22632 22642
22602 22612 22622 22632 22642
22602 22612 22622 22632 22642
22602 22612 22622 22632 22642
22602 22612 22622 22632 22642
22602 22612 22622 22632 22642
22602 22612 22622 22632 22642
22602 22612 22622 22632 22642
22602 22612 22622 22632 22642
22602 22612 22622 22632 22642
22602 22612 22622 22632 22642
22602 22612 22622 22632 22642
22602 22612 22622 22632 22642
22602 22612 22622 22632 22642
22602 22612 22622 22632 22642
22602 22612 22622 22632 22642
22602 22612 22622 22632 22642
22602 22612 22622 22632 22642
22602 22612 22622 22632 22642
22602 22612 22622 22632 22642
22602 22612 22622 22632 22642
22602 22612 22622 22632 22642
22602 22612 22622 22632 22642
22602 22612 22622 22632 22642
22602 22612 22652 22652 22652 22652
22602 22612 22652 22652 22652 22652
22602 22612 22652 22652 22652 22652
22602 22612 35092 35092 35092 35092
22602 22612 35092 35092 35092 35092
22602 22612 35092 35092 35092 35092
22602 22612 22662 22662 22662 22662
22602 22612 22662 22662 22662 22662
22602 22612 35102 35102 35102 35102
22602 22612 35102 35102 35102 35102
22602 22612 22622 22632 22642
22602 22612 22622 22632 22642
22602 22612 22622 22632 22642
22602 22612 22622 22632 22642
22602 22612 22622 22632 22642
22602 22612 22622 22632 22642
22602 22612 22622 22632 22642
22602 22612 22622 22632 22642
22602 22612 22622 22632 22642
22602 22612 22622 22632 22642
22602 22612 22622 22632 22642
22602 22612 22622 22632 22642
22602 22612 22622 22632 22642
32403 32413 32423 32433 32443 32453 32463
32403 32413 32423 32433 32443 32453 32463
32403 32413 32423 32433 32443 32453 32463
32403 32413 32423 32433 32443 32453 32463
32403 32413 32423 32433 32443 32453 32463
32403 32413 32423 32433 32443 32453 32463
32403 32413 32423 32433 32443 32453 32463
32403 32413 32423 32433 32443 32453 32463
32403 32413 32423 32433 32443 32453 32463
32403 32413 32423 32433 32443 32453 32463
32403 32413 32423 32433 32443 32453 32463
32403 32413 32423 32433 32443 32453 32463
32403 32413 32423 32433 32443 32453 32463
32403 32413 32423 32433 32443 32453 32463
32403 32413 32423 32433 32443 32453 32463
32403 32413 32423 32433 32443 32453 32463
32403 32413 32423 32433 32443 32453 32463
32403 32413 32423 32433 32443 32453 32463
32403 32413 32423 32433 32443 32453 32463
32403 32413 32423 32433 32443 32453 32463
32403 32413 32423 32433 32443 32453 32463
32403 32413 32423 32433 32443 32453 32463
32403 32413 32423 32433 32443 32453 32463
32403 32413 32423 32433 32443 32453 32463
32403 32413 32423 32433 32443 32453 32463
32403 32413 32423 32433 32443 32453 32463
32403 32413 32423 32433 32443 32453 32463
32403 32413 32423 32433 32443 32453 32463
32403 32413 32423 32433 32443 32453 32463
32403 32413 32423 32433 32443 32453 32463
32403 32413 32423 32433 32443 32453 32463
32403 32413 32423 32433 32443 32453 32463
32403 32413 32423 32433 32443 32453 32463
32403 32413 32423 32433 32443 32453 32463
32403 32413 32423 32433 32443 32453 32463
32403 32413 32423 32433 32443 32453 32463
32403 32413 32423 32433 32443 32453 32463
32403 32413 32423 32433 32443 32453 32463
32403 32413 32423 32433 32443 32453 32463
32403 32413 32423 32433 32443 32453 32463
32403 32413 32423 32433 32443 32453 32463
32403 32413 32423 32433 32443 32453 32463
32403 32413 32423 32433 32443 32453 32463
32403 32413 32423 32433 32443 32453 32463
32403 32413 32423 32433 32443 32453 32463
32403 32413 32423 32433 32443 32453 32463
32403 32413 32423 32433 32443 32453 32463
32403 32413 32423 32433 32443 32453 32463
32403 32413 32423 32433 32443 32453 32463
32403 32413 32423 32433 32443 32453 32463
32403 32413 32423 32433 32443 32453 32463
32403 32413 32423 32433 32443 32453 32463
32403 32413 32423 32433 32443 32453 32463
32403 32413 32423 32433 32443 32453 32463
32403 32413 32423 32433 32443 32453 32463
32403 32413 32423 32433 32443 32453 32463
32403 32413 32423 32433 32443 32563 32563
32403 32413 32423 32433 32443 32573 32573
32403 32413 32423 32433 32443 32583 32583
32403 32413 32593 32433 32443 32453 32463
32403 32603 32603 32603 32603 32603 32603
32403 32603 32603 32603 32603 32603 32603
32403 32603 32603 32603 32603 32603 32603
32403 32613 32613 32613 32613 32613 32613
32403 32613 32613 32613 32613 32613 32613
32403 32613 32613 32613 32613 32613 32613
32403 32413 32423 32433 32443 32453 32463
32403 32413 32423 32433 32443 32453 32463
32403 32413 32423 32433 32443 32453 32463
32403 32603 32603 32603 32603 32603 32603
32403 32603 32603 32603 32603 32603 32603
32403 32603 32593 32603 32603 32603 32603
32403 32413 32423 32433 32443 32453 32463
32403 32413 32423 32433 32443 32453 32463
32403 32413 32423 32433 32443 32643 32643
32403 32603 32603 32603 32603 32603 32603
32403 32603 32603 32603 32603 32603 32603
32403 32603 32603 32603 32603 32603 32603
32403 32413 32423 32433 32443 32453 32463
