29361
29361
29361
29361
29361
29361
29361
29361
29361
29361
29361
29361
29361
29361
29361
29361
29361
29361
29361
29361
29361
29361
29361
29361
29361
29361
29361
29361
29361
29361
422 432 442 452 462 472 482 492 502
422 432 442 452 462 472 482 492 502
422 432 442 452 462 472 482 492 502
422 432 442 452 462 472 482 492 502
422 432 442 452 462 472 482 492 502
422 432 442 452 462 472 482 492 502
422 432 442 452 462 472 482 492 502
422 432 442 452 462 472 482 492 502
422 432 442 452 462 472 482 492 502
422 432 442 452 462 472 482 492 502
422 432 442 452 462 472 482 492 502
422 432 442 452 462 472 482 492 502
422 432 442 452 462 472 482 492 502
422 432 442 452 462 472 482 492 502
422 432 442 452 462 472 482 492 502
422 432 442 452 462 472 482 492 502
422 432 442 452 462 472 482 492 502
422 432 442 452 462 472 482 492 502
422 432 442 452 462 472 482 492 502
422 432 442 452 462 472 482 492 502
422 432 442 452 462 472 482 492 502
422 432 442 452 462 472 482 492 502
422 432 442 452 462 472 482 492 502
422 432 442 452 462 472 482 492 502
422 432 442 452 462 472 482 492 502
422 432 442 452 462 472 482 492 502
422 432 442 452 462 472 482 492 502
422 432 442 452 462 472 482 492 502
422 432 442 452 462 472 482 492 502
422 432 442 452 462 472 482 492 502
422 432 442 452 462 472 482 492 502
422 432 442 13892 462 472 482 14762 502
422 432 442 13892 462 472 482 14762 502
422 432 442 13892 462 472 482 14762 502
422 432 442 452 462 472 482 492 502
422 432 442 452 462 472 482 492 502
422 432 442 452 462 472 482 492 502
422 432 442 452 462 472 482 492 502
422 432 442 452 462 472 482 492 502
422 432 442 452 462 472 482 492 502
422 432 442 452 462 472 482 492 502
422 432 442 452 462 472 482 492 502
422 432 442 452 462 472 482 492 502
422 432 442 452 462 472 482 492 502
422 432 442 452 462 472 482 492 502
422 432 442 452 462 472 482 492 502
422 432 442 452 462 472 482 492 502
422 432 442 452 462 472 482 492 502
422 432 442 452 462 472 482 492 502
422 432 442 452 462 472 482 492 502
422 432 442 452 462 472 482 492 502
422 432 442 452 462 472 482 492 502
422 432 442 452 462 472 482 492 502
422 432 442 452 462 472 482 492 502
422 432 442 452 462 472 482 492 502
422 432 442 452 462 472 482 492 502
422 432 442 452 462 472 482 492 502
422 432 442 452 462 472 482 492 502
422 432 442 452 462 472 482 492 502
422 432 442 452 462 472 482 492 502
422 432 442 452 462 472 482 492 502
422 432 442 452 462 472 482 492 502
422 432 442 452 462 472 482 492 502
422 432 442 452 462 472 482 492 502
422 432 442 452 462 472 482 492 502
422 432 442 452 462 472 482 492 502
422 432 442 452 462 472 482 492 502
422 432 442 13892 462 472 482 14762 502
422 432 442 13892 462 472 482 14762 502
422 432 442 452 462 472 482 492 502
422 432 442 452 462 472 482 492 502
422 432 442 452 462 472 482 492 502
422 432 442 452 462 472 482 492 502
422 432 442 452 462 472 482 492 502
422 432 442 452 462 472 482 492 502
422 432 442 13892 462 472 482 14762 502
422 432 442 13892 462 472 482 14762 502
422 432 442 452 462 472 482 492 502
422 432 442 452 462 472 482 492 502
422 432 442 452 462 472 482 492 502
422 432 442 452 462 472 482 492 502
422 432 442 452 462 472 482 492 502
422 432 442 452 462 472 482 492 502
1933 1943 1953 1963 1973 1983 1993 2003 2013
1933 1943 1953 1963 1973 1983 1993 2003 2013
1933 1943 1953 1963 1973 1983 1993 2003 2013
1933 1943 1953 1963 1973 1983 1993 2003 2013
1933 1943 1953 1963 1973 1983 1993 2003 2013
1933 1943 1953 1963 1973 1983 1993 2003 2013
1933 1943 1953 1963 1973 1983 1993 2003 2013
1933 1943 1953 1963 1973 1983 1993 2003 2013
1933 1943 1953 1963 1973 1983 1993 2003 2013
1933 1943 1953 1963 1973 1983 1993 2003 2013
1933 1943 1953 1963 1973 1983 1993 2003 2013
1933 1943 1953 1963 1973 1983 1993 2003 2013
1933 1943 1953 1963 1973 1983 1993 2003 2013
1933 1943 1953 1963 1973 1983 1993 2003 2013
1933 1943 1953 1963 1973 1983 1993 2003 2013
1933 1943 1953 1963 1973 1983 1993 2003 2013
1933 1943 1953 1963 1973 1983 1993 2003 2013
1933 1943 1953 1963 1973 1983 1993 2003 2013
1933 1943 1953 1963 1973 1983 1993 2003 2013
1933 1943 1953 1963 1973 1983 1993 2003 2013
1933 1943 1953 1963 1973 1983 1993 2003 2013
1933 1943 1953 1963 1973 1983 1993 2003 2013
1933 1943 1953 1963 1973 1983 1993 2003 2013
1933 1943 1953 1963 1973 1983 1993 2003 2013
1933 1943 1953 1963 1973 1983 1993 2003 2013
1933 1943 1953 1963 1973 1983 1993 2003 2013
1933 1943 1953 1963 1973 1983 1993 2003 2013
1933 1943 1953 1963 1973 1983 1993 2003 2013
1933 1943 1953 1963 1973 1983 1993 2003 2013
1933 1943 1953 1963 1973 1983 1993 2003 2013
1933 1943 1953 1963 1973 1983 1993 2003 2013
1933 1943 1953 14403 1973 1983 1993 14773 2013
1933 1943 1953 14403 1973 1983 1993 14773 2013
1933 1943 1953 14403 1973 1983 1993 14773 2013
1933 1943 1953 1963 1973 1983 1993 2003 2013
1933 1943 1953 1963 1973 1983 1993 2003 2013
1933 1943 1953 1963 1973 1983 1993 2003 2013
1933 1943 1953 1963 1973 1983 1993 2003 2013
1933 1943 1953 1963 1973 1983 1993 2003 2013
1933 1943 1953 1963 1973 1983 1993 2003 2013
1933 1943 1953 1963 1973 1983 1993 2003 2013
1933 1943 1953 1963 1973 1983 1993 2003 2013
1933 1943 1953 1963 1973 1983 1993 2003 2013
1933 1943 1953 1963 1973 1983 1993 2003 2013
1933 1943 1953 1963 1973 1983 1993 2003 2013
1933 1943 1953 1963 1973 1983 1993 2003 2013
1933 1943 1953 1963 1973 1983 1993 2003 2013
1933 1943 1953 1963 1973 1983 1993 2003 2013
1933 1943 1953 1963 1973 1983 1993 2003 2013
1933 1943 1953 1963 1973 1983 1993 2003 2013
1933 1943 1953 1963 1973 1983 1993 2003 2013
1933 1943 1953 1963 1973 1983 1993 2003 2013
1933 1943 1953 1963 1973 1983 1993 2003 2013
1933 1943 1953 1963 1973 1983 1993 2003 2013
1933 1943 1953 1963 1973 1983 1993 2003 2013
1933 1943 1953 1963 1973 1983 1993 2003 2013
1933 1943 1953 1963 1973 1983 1993 2003 2013
1933 1943 1953 1963 1973 1983 1993 2003 2013
1933 1943 1953 1963 1973 1983 1993 2003 2013
1933 1943 1953 1963 1973 1983 1993 2003 2013
1933 1943 1953 1963 1973 1983 1993 2003 2013
1933 1943 1953 1963 1973 1983 1993 2003 2013
1933 1943 1953 1963 1973 1983 1993 2003 2013
1933 1943 1953 1963 1973 1983 1993 2003 2013
1933 1943 1953 1963 1973 1983 1993 2003 2013
1933 1943 1953 1963 1973 1983 1993 2003 2013
1933 1943 1953 1963 1973 1983 1993 2003 2013
1933 1943 1953 14403 1973 1983 1993 14773 2013
1933 1943 1953 14403 1973 1983 1993 14773 2013
1933 1943 1953 1963 1973 1983 1993 2003 2013
1933 1943 1953 1963 1973 1983 1993 2003 2013
1933 1943 1953 1963 1973 1983 1993 2003 2013
1933 1943 1953 1963 1973 1983 1993 2003 2013
1933 1943 1953 1963 1973 1983 1993 2003 2013
1933 1943 1953 1963 1973 1983 1993 2003 2013
1933 1943 1953 14403 1973 1983 1993 14773 2013
1933 1943 1953 14403 1973 1983 1993 14773 2013
1933 1943 1953 1963 1973 1983 1993 2003 2013
1933 1943 1953 1963 1973 1983 1993 2003 2013
1933 1943 1953 1963 1973 1983 1993 2003 2013
1933 1943 1953 1963 1973 1983 1993 2003 2013
1933 1943 1953 1963 1973 1983 1993 2003 2013
1933 1943 1953 1963 1973 1983 1993 2003 2013
