61581
61581
61581
61581
61581
61581
61581
61581
61581
61581
61581
61581
61581
61581
61581
61581
61581
61581
61581
61581
61581
61581
61581
61581
61581
61581
61581
61581
61581
61581
1352 1362 1372 1382 1392 1402 1412
1352 1362 1372 1382 1392 1402 1412
1352 1362 1372 1382 1392 1402 1412
1352 1362 1372 1382 1392 1402 1412
1352 1362 1372 1382 1392 1402 1412
1352 1362 1372 1382 1392 1402 1412
1352 1362 1372 1382 1392 1402 1412
1352 1362 1372 1382 1392 1402 1412
1352 1362 1372 1382 1392 1402 1412
1352 1362 1372 1382 1392 1402 1412
1352 1362 1372 1382 1392 1402 1412
1352 1362 1372 1382 1392 1402 1412
1352 1362 1372 1382 1392 1402 1412
1352 1362 1372 1382 1392 1402 1412
1352 1362 1372 1382 1392 1402 1412
33612 33612 33612 33612 33612 33612 33612
33612 33612 33612 33612 33612 33612 33612
33612 33612 33612 33612 33612 33612 33612
1352 1362 1372 1382 1392 1402 1412
1352 1362 1372 1382 1392 1402 1412
1352 1362 1372 1382 1392 1402 1412
1352 1362 1372 1382 1392 1402 1412
1352 1362 1372 1382 1392 1402 1412
1352 1362 1372 1382 1392 1402 1412
1352 1362 1372 1382 1392 1402 1412
1352 1362 1372 1382 1392 1402 1412
1352 1362 1372 1382 1392 1402 1412
1352 1362 1372 1382 1392 1402 1412
1352 1362 1372 1382 1392 1402 1412
1352 1362 1372 1382 1392 1402 1412
1352 1362 1372 1382 1392 1402 1412
1352 1362 1372 1382 1392 1402 1412
1352 1362 1372 1382 1392 1402 1412
1352 1362 1372 1382 1392 1402 1412
1352 1362 1372 1382 1392 1402 1412
1352 1362 1372 1382 1392 1402 1412
1352 1362 1372 1382 1392 1402 1412
1352 1362 1372 1382 1392 1402 1412
1352 1362 1372 1382 1392 1402 1412
1352 1362 1372 1382 1392 1402 1412
1352 1362 1372 1382 1392 1402 1412
1352 1362 1372 1382 1392 1402 1412
1352 1362 1372 1382 1392 1402 1412
1352 1362 1372 1382 1392 1402 1412
1352 1362 1372 1382 1392 1402 1412
1352 1362 1372 1382 1392 1402 1412
1352 1362 1372 1382 1392 1402 1412
1422 1422 1422 1422 1422 1422 1422 1422
1442 1442 1442 1442 1442 1442 1442 1442
1352 1362 1372 1382 1392 1402 1412
1352 1362 1372 1382 1392 1402 1412
1352 1362 1372 1382 1392 1402 1412
1352 1362 1372 1382 1392 1402 1412
1452 1452 1452 1452 1452 1452 1452 1452
1462 1462 1462 1462 1462 1462 1462 1462
1462 1462 1462 1462 1462 1462 1462 1462
1462 1462 1462 1462 1462 1462 1462 1462
1472 1472 1472 1472 1472 1472 1472 1472
1472 1472 1472 1472 1472 1472 1472 1472
1472 1472 1472 1472 1472 1472 1472 1472
1482 1362 1482 1382 1482 1402 1412
1492 1492 1492 1492 1492 1492 1492 1492
1492 1492 1492 1492 1492 1492 1492 1492
1492 1492 1492 1492 1492 1492 1492 1492
1502 1502 1502 1502 1502 1502 1502 1502
1502 1502 1502 1502 1502 1502 1502 1502
1502 1502 1502 1502 1502 1502 1502 1502
1512 1362 1372 1512 1392 1402 1412
1352 1362 1372 1382 1392 1402 1412
1522 1522 1372 1382 1522 1402 1412
1352 1362 1372 1382 1392 1402 1412
1532 1532 1372 1382 1532 1402 1412
1352 1362 1372 1382 1392 1402 1412
1352 1362 1372 1382 1392 1402 1412
1352 1362 1372 1382 1392 1402 1412
1542 1362 1372 1542 1392 1402 1412
1352 1362 1372 1382 1392 1402 1412
1352 1362 1372 1382 1392 1402 1412
1552 1552 1372 1382 1552 1402 1412
1352 1362 1372 1382 1392 1402 1412
1352 1362 1372 1382 1392 1402 1412
1352 1362 1372 1382 1392 1402 1412
1352 1362 1372 1382 1392 1402 1412
5053 5063 5073 5083 5093 5103 5113
5053 5063 5073 5083 5093 5103 5113
5053 5063 5073 5083 5093 5103 5113
5053 5063 5073 5083 5093 5103 5113
5053 5063 5073 5083 5093 5103 5113
5053 5063 5073 5083 5093 5103 5113
5053 5063 5073 5083 5093 5103 5113
5053 5063 5073 5083 5093 5103 5113
5053 5063 5073 5083 5093 5103 5113
5053 5063 5073 5083 5093 5103 5113
5053 5063 5073 5083 5093 5103 5113
5053 5063 5073 5083 5093 5103 5113
5053 5063 5073 5083 5093 5103 5113
5053 5063 5073 5083 5093 5103 5113
5053 5063 5073 5083 5093 5103 5113
33623 33623 33623 33623 33623 33623 33623
33623 33623 33623 33623 33623 33623 33623
33623 33623 33623 33623 33623 33623 33623
5053 5063 5073 5083 5093 5103 5113
5053 5063 5073 5083 5093 5103 5113
5053 5063 5073 5083 5093 5103 5113
5053 5063 5073 5083 5093 5103 5113
5053 5063 5073 5083 5093 5103 5113
5053 5063 5073 5083 5093 5103 5113
5053 5063 5073 5083 5093 5103 5113
5053 5063 5073 5083 5093 5103 5113
5053 5063 5073 5083 5093 5103 5113
5053 5063 5073 5083 5093 5103 5113
5053 5063 5073 5083 5093 5103 5113
5053 5063 5073 5083 5093 5103 5113
5053 5063 5073 5083 5093 5103 5113
5053 5063 5073 5083 5093 5103 5113
5053 5063 5073 5083 5093 5103 5113
5053 5063 5073 5083 5093 5103 5113
5053 5063 5073 5083 5093 5103 5113
5053 5063 5073 5083 5093 5103 5113
5053 5063 5073 5083 5093 5103 5113
5053 5063 5073 5083 5093 5103 5113
5053 5063 5073 5083 5093 5103 5113
5053 5063 5073 5083 5093 5103 5113
5053 5063 5073 5083 5093 5103 5113
5053 5063 5073 5083 5093 5103 5113
5053 5063 5073 5083 5093 5103 5113
5053 5063 5073 5083 5093 5103 5113
5053 5063 5073 5083 5093 5103 5113
5053 5063 5073 5083 5093 5103 5113
5053 5063 5073 5083 5093 5103 5113
5123 5123 5123 5123 5123 5123 5123 5123
5133 5133 5133 5133 5133 5133 5133 5133
5053 5063 5073 5083 5093 5103 5113
5053 5063 5073 5083 5093 5103 5113
5053 5063 5073 5083 5093 5103 5113
5053 5063 5073 5083 5093 5103 5113
5143 5143 5143 5143 5143 5143 5143 5143
5153 5153 5153 5153 5153 5153 5153 5153
5153 5153 5153 5153 5153 5153 5153 5153
5153 5153 5153 5153 5153 5153 5153 5153
5163 5163 5163 5163 5163 5163 5163 5163
5163 5163 5163 5163 5163 5163 5163 5163
5163 5163 5163 5163 5163 5163 5163 5163
5173 5063 5173 5083 5173 5103 5113
5183 5183 5183 5183 5183 5183 5183 5183
5183 5183 5183 5183 5183 5183 5183 5183
5183 5183 5183 5183 5183 5183 5183 5183
5193 5193 5193 5193 5193 5193 5193 5193
5193 5193 5193 5193 5193 5193 5193 5193
5193 5193 5193 5193 5193 5193 5193 5193
5203 5063 5073 5203 5093 5103 5113
5053 5063 5073 5083 5093 5103 5113
5213 5213 5073 5083 5213 5103 5113
5053 5063 5073 5083 5093 5103 5113
5223 5223 5073 5083 5223 5103 5113
5053 5063 5073 5083 5093 5103 5113
5053 5063 5073 5083 5093 5103 5113
5053 5063 5073 5083 5093 5103 5113
5233 5063 5073 5233 5093 5103 5113
5053 5063 5073 5083 5093 5103 5113
5053 5063 5073 5083 5093 5103 5113
5243 5243 5073 5083 5243 5103 5113
5053 5063 5073 5083 5093 5103 5113
5053 5063 5073 5083 5093 5103 5113
5053 5063 5073 5083 5093 5103 5113
5053 5063 5073 5083 5093 5103 5113
