38751
38751
38751
38751
38751
38751
38751
38751
38751
38751
38751
38751
38751
38751
38751
38751
38751
38751
38751
38751
38751
38751
38751
38751
38751
38751
38751
38751
38751
38751
6802 6812 6822 6832 6842 6852 6862 6872
6802 6812 6822 6832 6842 6852 6862 6872
6802 6812 6822 6832 6842 6852 6862 6872
6802 6812 6822 6832 6842 6852 6862 6872
6802 6812 6822 6832 6842 6852 6862 6872
6802 6812 6822 6832 6842 6852 6862 6872
6802 6812 6822 6832 6842 6852 6862 6872
6802 6812 6822 6832 6842 6852 6862 6872
6802 6812 6822 6832 6842 6852 6862 6872
6802 6812 6822 6832 6842 6852 6862 6872
6802 6812 6822 6832 6842 6852 6862 6872
6802 6812 6822 6832 6842 6852 6862 6872
6802 6812 6822 6832 6842 6852 6862 6872
6802 6812 6822 6832 6842 6852 6862 6872
6802 6812 6822 6832 6842 6852 6862 6872
6802 6812 6822 6832 6842 6852 6862 6872
6802 6812 6822 6832 6842 6852 6862 6872
6802 6812 6822 6832 6842 6852 6862 6872
6802 6812 6822 6832 6842 6852 6862 6872
6802 6812 6822 6832 6842 6852 6862 6872
6802 6812 6822 6832 6842 6852 6862 6872
6802 6812 6822 6832 6842 6852 6862 6872
6802 6812 6822 6832 6842 6852 6862 6872
6802 6812 6822 6832 6842 6852 6862 6872
6802 6812 6822 6832 6842 6852 6862 6872
6802 6812 6822 6832 6842 6852 6862 6872
6802 6812 6822 6832 6842 6852 6862 6872
6802 6812 6822 6832 6842 6852 6862 6872
6802 6812 6822 6832 6842 6852 6862 6872
6802 6812 6822 6832 6842 6852 6862 6872
6802 6812 6822 6832 6842 6852 6862 6872
6802 6812 6822 6832 6842 6852 6862 6872
6802 6812 6822 6832 6842 6852 6862 6872
6802 6812 6822 6832 6842 6852 6862 6872
6802 6812 6822 6832 6842 6852 6862 6872
6802 6812 6822 6832 6842 6852 6862 6872
6802 6812 6822 6832 6842 6852 6862 6872
6802 6812 6822 6832 6842 6852 6862 6872
6802 6812 6822 6832 6842 6852 6862 6872
6802 6812 6822 6832 6842 6852 6862 6872
6802 6812 6822 6832 6842 6852 6862 6872
6802 6812 6822 6832 6842 6852 6862 6872
6802 6812 6822 6832 6842 6852 6862 6872
6802 6812 6822 6832 6842 6852 6862 6872
6802 6812 6822 6832 6842 6852 6862 6872
6802 6812 6822 6832 6842 6852 6862 6872
6802 6812 6822 6832 6842 6852 6862 6872
6802 6812 6822 6832 6842 6852 6862 6872
6802 6812 6822 6832 6842 6852 6862 6872
6802 6812 6822 6832 6842 6852 6862 6872
6802 6812 6822 6832 6842 6852 6862 6872
6802 6812 6822 6832 6842 6852 6862 6872
6802 6812 6822 6832 6842 6852 6862 6872
6802 6812 6822 6832 6842 6852 6862 6872
6802 6812 6822 6832 6842 6852 6862 6872
6802 6812 6822 6832 6842 6852 6862 6872
6802 6812 6822 6832 6842 6852 6862 6872
6802 6812 6822 6832 6842 6852 6862 6872
6802 6812 6822 6832 6842 6852 6862 6872
6802 6812 6822 6832 6842 6852 6862 6872
6882 6812 6822 6882 6842 6852 6862 6872
6802 6812 6822 6832 6842 6852 6862 6872
6802 6812 6822 6832 6842 6852 6862 6872
6882 6812 6822 6882 6842 6852 6862 6872
6882 6812 6822 6882 6842 6852 6862 6872
6882 6812 6822 6882 6842 6852 6862 6872
6882 6812 6822 6882 6842 6852 6862 6872
6802 6812 6822 6832 6842 6852 6862 6872
6802 6812 6822 6832 6842 6852 6862 6872
6882 6812 6822 6882 6842 6852 6862 6872
6882 6812 6822 6882 6842 6852 6862 6872
6802 6812 6822 6832 6842 6852 6862 6872
6802 6812 6822 6832 6842 6852 6862 6872
6882 6812 6822 6882 6842 6852 6862 6872
6882 6812 6822 6882 6842 6852 6862 6872
6882 6812 6822 6882 6842 6852 6862 6872
6802 6812 6822 6832 6842 6852 6862 6872
6802 6812 6822 6832 6842 6852 6862 6872
6882 6812 6822 6882 6842 6852 6862 6872
6882 6812 6822 6882 6842 6852 6862 6872
6802 6812 6822 6832 6842 6852 6862 6872
6802 6812 6822 6832 6842 6852 6862 6872
6802 6812 6822 6832 6842 6852 6862 6872
6802 6812 6822 6832 6842 6852 6862 6872
29893 29903 29913 29923 29943 29933
29893 29903 29913 29923 29943 29933
29893 29903 29913 29923 29943 29933
29893 29903 29913 29923 29943 29933
29893 29903 29913 29923 29943 29933
29893 29903 29913 29923 29943 29933
29893 29903 29913 29923 29943 29933
29893 29903 29913 29923 29943 29933
29893 29903 29913 29923 29943 29933
29893 29903 29913 29923 29943 29933
29893 29903 29913 29923 29943 29933
29893 29903 29913 29923 29943 29933
29893 29903 29913 29923 29943 29933
29893 29903 29913 29923 29943 29933
29893 29903 29913 29923 29943 29933
29893 29903 29913 29923 29943 29933
29893 29903 29913 29923 29943 29933
29893 29903 29913 29923 29943 29933
29893 29903 29913 29923 29943 29933
29893 29903 29913 29923 29943 29933
29893 29903 29913 29923 29943 29933
29893 29903 29913 29923 29943 29933
29893 29903 29913 29923 29943 29933
29893 29903 29913 29923 29943 29933
29893 29903 29913 29923 29943 29933
29893 29903 29913 29923 29943 29933
29893 29903 29913 29923 29943 29933
29893 29903 29913 29923 29943 29933
29893 29903 29913 29923 29943 29933
29893 29903 29913 29923 29943 29933
29893 29903 29913 29923 29943 29933
29893 29903 29913 29923 29943 29933
29893 29903 29913 29923 29943 29933
29893 29903 29913 29923 29943 29933
29893 29903 29913 29923 29943 29933
29893 29903 29913 29923 29943 29933
29893 29903 29913 29923 29943 29933
29893 29903 29913 29923 29943 29933
29893 29903 29913 29923 29943 29933
29893 29903 29913 29923 29943 29933
29893 29903 29913 29923 29943 29933
29893 29903 29913 29923 29943 29933
29893 29903 29913 29923 29943 29933
29893 29903 29913 29923 29943 29933
29893 29903 29913 29923 29943 29933
29893 29903 29913 29923 29943 29933
29893 29903 29913 29923 29943 29933
29893 29903 29913 29923 29943 29933
29893 29903 29913 29923 29943 29933
29893 29903 29913 29923 29943 29933
29893 29903 29913 29923 29943 29933
29893 29903 29913 29923 29943 29933
29893 29903 29913 29923 29943 29933
29893 29903 29913 29923 29943 29933
29893 29903 29913 29923 29943 29933
29893 29903 29913 29923 29943 29933
29893 29903 29913 29923 29943 29933
29893 29903 29913 29923 29943 29933
29893 29903 29913 29923 29943 29933
29893 29903 29913 29923 29943 29933
29893 29903 29913 29923 29943 29933
29893 29903 29913 29923 29943 29933
29893 29903 29913 29923 29943 29933
29893 29903 29913 29923 29943 29933
29893 29903 29913 29923 29943 29933
29893 29903 29913 29923 29943 29933
29893 29903 29913 29923 29943 29933
