84641
84641
84641
84641
84641
84641
84641
84641
84641
84641
84641
84641
84641
84641
84641
84641
84641
84641
84641
84641
84641
84641
84641
84641
84641
84641
84641
84641
84641
84641
17032 17042 17052 17062 17072 17082 17092 17102
17032 17042 17052 17062 17072 17082 17092 17102
17032 17042 17052 17062 17072 17082 17092 17102
17032 17042 17052 17062 17072 17082 17092 17102
17032 17042 17052 17062 17072 17082 17092 17102
17032 17042 17052 17062 17072 17082 17092 17102
17032 17042 17052 17062 17072 17082 17092 17102
17032 17042 17052 17062 17072 17082 17092 17102
17032 17042 17052 17062 17072 17082 17092 17102
17032 17042 17052 17062 17072 17082 17092 17102
17032 17042 17052 17062 17072 17082 17092 17102
17032 17042 17052 17062 17072 17082 17092 17102
17032 17042 17052 17062 17072 17082 17092 17102
17032 17042 17052 17062 17072 17082 17092 17102
17032 17042 17052 17062 17072 17082 17092 17102
17032 17042 17052 17062 17072 17082 17092 17102
17032 17042 17052 17062 17072 17082 17092 17102
17032 17042 17052 17062 17072 17082 17092 17102
17032 17042 17052 17062 17072 17082 17092 17102
17032 17042 17052 17062 17072 17082 17092 17102
17032 17042 17052 17062 17072 17082 17092 17102
17032 17042 17052 17062 17072 17082 17092 17102
17032 17042 17052 17062 17072 17082 17092 17102
17032 17042 17052 17062 17072 17082 17092 17102
17032 17042 17052 17062 17072 17082 17092 17102
17032 17042 17052 17062 17072 17082 17092 17102
17032 17042 17052 17062 17072 17082 17092 17102
17032 17042 17052 17062 17072 17082 17092 17102
17032 17042 17052 17062 17072 17082 17092 17102
17032 17042 17052 17062 17072 17082 17092 17102
17032 17042 17052 17062 17072 17082 17092 17102
17032 17042 17052 17062 17072 17082 17092 17102
17032 17042 17052 17062 17072 17082 17092 17102
17032 17042 17052 17062 17072 17082 17092 17102
17032 17042 17052 17062 17072 17082 17092 17102
17032 17042 17052 17062 17072 17082 17092 17102
17032 17042 17052 17062 17072 17082 17092 17102
17032 17042 17052 17062 17072 17082 17092 17102
17032 17042 17052 17062 17072 17082 17092 17102
17032 17042 17052 17062 17072 17082 17092 17102
17032 17042 17052 17062 17072 17082 17092 17102
17032 17042 17052 17062 17072 17082 17092 17102
17032 17042 17052 17062 17072 17082 17092 17102
17032 17042 17052 17062 17072 17082 17092 17102
17032 17042 17052 17062 17072 17082 17092 17102
17032 17042 17052 17062 17072 17082 17092 17102
17032 17042 17052 17062 17072 17082 17092 17102
17032 17042 17052 17062 17072 17082 17092 17102
17032 17042 17052 17062 17072 17082 17092 17102
17032 17042 17052 17062 17072 17082 17092 17102
17032 17042 17052 17062 17072 17082 17092 17102
17032 17122 17052 17062 17072 17082 17092 17102
17032 17112 17052 17062 17072 17082 17092 17102
17032 17042 17052 17132 17072 17082 17092 17102
17032 17042 17052 17062 17072 17082 17092 17102
17032 17142 17142 17142 17142 17082 17142 17102
17032 17142 17142 17142 17142 17082 17142 17102
17032 17142 17142 17142 17142 17082 17142 17102
17032 17142 17142 17142 17142 17082 17142 17102
17032 17152 17152 17152 17152 17082 17152 17102
17032 17152 17152 17152 17152 17082 17152 17102
17032 17142 17142 17142 17142 17082 17142 17102
17032 17142 17142 17142 17142 17082 17142 17102
17032 17162 17162 17162 17162 17082 17162 17102
17032 17162 17162 17162 17162 17082 17162 17102
17032 17142 17142 17142 17142 17082 17142 17102
17032 17142 17142 17142 17142 17082 17142 17102
17032 17172 17172 17172 17172 17082 17172 17102
17032 17172 17172 17172 17172 17082 17172 17102
17032 17042 17052 17062 17072 17082 17092 17102
17032 17042 17052 17062 17072 17082 17092 17102
17032 17182 17182 17182 17182 17182 17182 17182
17032 17192 17192 17192 17192 17192 17192 17192
17032 17192 17192 17192 17192 17192 17192 17192
17032 17042 17052 17062 17072 17082 17092 17102
17032 17042 17052 17062 17072 17082 17092 17102
17032 17042 17052 17062 17072 17082 17092 17102
17032 17042 17052 17062 17072 17082 17092 17102
17032 17042 17052 17062 17072 17082 17092 17102
17032 17042 17052 17062 17072 17082 17092 17102
17032 17042 17052 17062 17072 17082 17092 17102
17032 17042 17052 17062 17072 17082 17092 17102
17032 17042 17052 17062 17072 17082 17092 17102
17032 17042 17052 17062 17072 17082 17092 17102
17032 17042 17052 17062 17072 17082 17092 17102
17032 17042 17052 17062 17072 17082 17092 17102
17032 17042 17052 17062 17072 17082 17092 17102
17032 17042 17052 17062 17072 17082 17092 17102
17032 17042 17052 17062 17072 17082 17092 17102
17032 17042 17052 17062 17072 17082 17092 17102
17032 17042 17052 17062 17072 17082 17092 17102
22323 22333 22343 22353 22363
22323 22333 22343 22353 22363
22323 22333 22343 22353 22363
22323 22333 22343 22353 22363
22323 22333 22343 22353 22363
22323 22333 22343 22353 22363
22323 22333 22343 22353 22363
22323 22333 22343 22353 22363
22323 22333 22343 22353 22363
22323 22333 22343 22353 22363
22323 22333 22343 22353 22363
22323 22333 22343 22353 22363
22323 22333 22343 22353 22363
22323 22333 22343 22353 22363
22323 22333 22343 22353 22363
22323 22333 22343 22353 22363
22323 22333 22343 22353 22363
22323 22333 22343 22353 22363
22323 22333 22343 22353 22363
22323 22333 22343 22353 22363
22323 22333 22343 22353 22363
22323 22333 22343 22353 22363
22323 22333 22343 22353 22363
22323 22333 22343 22353 22363
22323 22333 22343 22353 22363
22323 22333 22343 22353 22363
22323 22333 22343 22353 22363
22323 22333 22343 22353 22363
22323 22333 22343 22353 22363
22323 22333 22343 22353 22363
22323 22333 22343 22353 22363
22323 22333 22343 22353 22363
22323 22333 22343 22353 22363
22323 22333 22343 22353 22363
22323 22333 22343 22353 22363
22323 22333 22343 22353 22363
22323 22333 22343 22353 22363
22323 22333 22343 22353 22363
22323 22333 22343 22353 22363
22323 22333 22343 22353 22363
22323 22333 22343 22353 22363
22323 22333 22343 22353 22363
22323 22333 22343 22353 22363
22323 22333 22343 22353 22363
22323 22333 22343 22353 22363
22323 22333 22343 22353 22363
22323 22333 22343 22353 22363
22323 22333 22343 22353 22363
22323 22333 22343 22353 22363
22323 22333 22373 22373 22373 22373
22323 22333 22373 22373 22373 22373
22323 22333 22373 22373 22373 22373
22323 22333 35013 35013 35013 35013
22323 22333 35013 35013 35013 35013
22323 22333 35013 35013 35013 35013
22323 22333 22383 22383 22383 22383
22323 22333 22383 22383 22383 22383
22323 22333 35023 35023 35023 35023
22323 22333 35023 35023 35023 35023
22323 22333 22343 22353 22363
22323 22333 22343 22353 22363
22323 22333 22343 22353 22363
22323 22333 22343 22353 22363
22323 22333 22343 22353 22363
22323 22333 22343 22353 22363
22323 22333 22343 22353 22363
22323 22333 22343 22353 22363
22323 22333 22343 22353 22363
22323 22333 22343 22353 22363
22323 22333 22343 22353 22363
22323 22333 22343 22353 22363
22323 22333 22343 22353 22363
