38801
38801
38801
38801
38801
38801
38801
38801
38801
38801
38801
38801
38801
38801
38801
38801
38801
38801
38801
38801
38801
38801
38801
38801
38801
38801
38801
38801
38801
38801
6322 6332 6342 6352 6362 6372 6382 6392
6322 6332 6342 6352 6362 6372 6382 6392
6322 6332 6342 6352 6362 6372 6382 6392
6322 6332 6342 6352 6362 6372 6382 6392
6322 6332 6342 6352 6362 6372 6382 6392
6322 6332 6342 6352 6362 6372 6382 6392
6322 6332 6342 6352 6362 6372 6382 6392
6322 6332 6342 6352 6362 6372 6382 6392
6322 6332 6342 6352 6362 6372 6382 6392
6322 6332 6342 6352 6362 6372 6382 6392
6322 6332 6342 6352 6362 6372 6382 6392
6322 6332 6342 6352 6362 6372 6382 6392
6322 6332 6342 6352 6362 6372 6382 6392
6322 6332 6342 6352 6362 6372 6382 6392
6322 6332 6342 6352 6362 6372 6382 6392
6322 6332 6342 6352 6362 6372 6382 6392
6322 6332 6342 6352 6362 6372 6382 6392
6322 6332 6342 6352 6362 6372 6382 6392
6322 6332 6342 6352 6362 6372 6382 6392
6322 6332 6342 6352 6362 6372 6382 6392
6322 6332 6342 6352 6362 6372 6382 6392
6322 6332 6342 6352 6362 6372 6382 6392
6322 6332 6342 6352 6362 6372 6382 6392
6322 6332 6342 6352 6362 6372 6382 6392
6322 6332 6342 6352 6362 6372 6382 6392
6322 6332 6342 6352 6362 6372 6382 6392
6322 6332 6342 6352 6362 6372 6382 6392
6322 6332 6342 6352 6362 6372 6382 6392
6322 6332 6342 6352 6362 6372 6382 6392
6322 6332 6342 6352 6362 6372 6382 6392
6322 6332 6342 6352 6362 6372 6382 6392
6322 6332 6342 6352 6362 6372 6382 6392
6322 6332 6342 6352 6362 6372 6382 6392
6322 6332 6342 6352 6362 6372 6382 6392
6322 6332 6342 6352 6362 6372 6382 6392
6322 6332 6342 6352 6362 6372 6382 6392
6322 6332 6342 6352 6362 6372 6382 6392
6322 6332 6342 6352 6362 6372 6382 6392
6322 6332 6342 6352 6362 6372 6382 6392
6322 6332 6342 6352 6362 6372 6382 6392
6322 6332 6342 6352 6362 6372 6382 6392
6322 6332 6342 6352 6362 6372 6382 6392
6322 6332 6342 6352 6362 6372 6382 6392
6322 6332 6342 6352 6362 6372 6382 6392
6322 6332 6342 6352 6362 6372 6382 6392
6322 6332 6342 6352 6362 6372 6382 6392
6322 6332 6342 6352 6362 6372 6382 6392
6322 6332 6342 6352 6362 6372 6382 6392
6322 6332 6342 6352 6362 6372 6382 6392
6322 6332 6342 6352 6362 6372 6382 6392
6322 6332 6342 6352 6362 6372 6382 6392
6322 6332 6342 6352 6362 6372 6382 6392
6322 6332 6342 6352 6362 6372 6382 6392
6322 6332 6342 6352 6362 6372 6382 6392
6322 6332 6342 6352 6362 6372 6382 6392
6322 6332 6342 6352 6362 6372 6382 6392
6322 6332 6342 6352 6362 6372 6382 6392
6322 6332 6342 6352 6362 6372 6382 6392
6322 6332 6342 6352 6362 6372 6382 6392
6322 6332 6342 6352 6362 6372 6382 6392
6322 6332 6342 6352 6362 6372 6382 6392
6322 6332 6342 6352 6362 6372 6382 6392
6322 6332 6342 6352 6362 6372 6382 6392
6322 6332 6342 6352 6362 6372 6382 6392
6322 6332 6342 6352 6362 6372 6382 6392
6322 6332 6342 6352 6362 6372 6382 6392
6322 6332 6342 6352 6362 6372 6382 6392
6322 6332 6342 6352 6362 6372 6382 6392
6322 6332 6342 6352 6362 6372 6382 6392
6322 6332 6342 6352 6362 6372 6382 6392
6322 6332 6342 6352 6362 6372 6382 6392
6322 6332 6342 6352 6362 6372 6382 6392
6322 6332 6342 6352 6362 6372 6382 6392
6322 6332 6342 6352 6362 6372 6382 6392
6322 6332 6342 6352 6362 6372 6382 6392
6322 6332 6342 6352 6362 6372 6382 6392
6322 6332 6342 6352 6362 6372 6382 6392
6322 6332 6342 6352 6362 6372 6382 6392
6322 6332 6342 6352 6362 6372 6382 6392
6322 6332 6342 6352 6362 6372 6382 6392
6322 6332 6342 6352 6362 6372 6382 6392
6322 6332 6342 6352 6362 6372 6382 6392
6322 6332 6342 6352 6362 6372 6382 6392
6322 6332 6342 6352 6362 6372 6382 6392
6322 6332 6342 6352 6362 6372 6382 6392
6322 6332 6342 6352 6362 6372 6382 6392
6322 6332 6342 6352 6362 6372 6382 6392
6322 6332 6342 6352 6362 6372 6382 6392
6322 6332 6342 6352 6362 6372 6382 6392
6322 6332 6342 6352 6362 6372 6382 6392
6322 6332 6342 6352 6362 6372 6382 6392
8943 8953 8963 8973 8983 8993 9003
8943 8953 8963 8973 8983 8993 9003
8943 8953 8963 8973 8983 8993 9003
8943 8953 8963 8973 8983 8993 9003
8943 8953 8963 8973 8983 8993 9003
8943 8953 8963 8973 8983 8993 9003
8943 8953 8963 8973 8983 8993 9003
8943 8953 8963 8973 8983 8993 9003
8943 8953 8963 8973 8983 8993 9003
8943 8953 8963 8973 8983 8993 9003
8943 8953 8963 8973 8983 8993 9003
8943 8953 8963 8973 8983 8993 9003
8943 8953 8963 8973 8983 8993 9003
8943 8953 8963 8973 8983 8993 9003
8943 8953 8963 8973 8983 8993 9003
8943 8953 8963 8973 8983 8993 9003
8943 8953 8963 8973 8983 8993 9003
8943 8953 8963 8973 8983 8993 9003
8943 8953 8963 8973 8983 8993 9003
8943 8953 8963 8973 8983 8993 9003
8943 8953 8963 8973 8983 8993 9003
8943 8953 8963 8973 8983 8993 9003
8943 8953 8963 8973 8983 8993 9003
8943 8953 8963 8973 8983 8993 9003
8943 8953 8963 8973 8983 8993 9003
8943 8953 8963 8973 8983 8993 9003
8943 8953 8963 8973 8983 8993 9003
8943 8953 8963 8973 8983 8993 9003
8943 8953 8963 8973 8983 8993 9003
8943 8953 8963 8973 8983 8993 9003
8943 8953 8963 8973 8983 8993 9003
8943 8953 8963 8973 8983 8993 9003
8943 8953 8963 8973 8983 8993 9003
8943 15653 8963 15653 15653 8993 9003 15653
8943 15653 8963 15653 15653 8993 9003 15653
8943 15653 8963 15653 15653 8993 9003 15653
8943 15653 8963 15653 15653 8993 9003 15653
8943 15653 8963 15653 15653 8993 9003 15653
8943 15653 8963 15653 15653 8993 9003 15653
8943 8953 8963 8973 8983 8993 9003
8943 8953 8963 8973 8983 8993 9003
8943 8953 8963 8973 8983 8993 9003
8943 8953 8963 8973 8983 8993 9003
8943 8953 8963 8973 8983 8993 9003
8943 8953 8963 8973 8983 8993 9003
8943 8953 8963 8973 8983 8993 9003
8943 8953 8963 8973 8983 8993 9003
8943 8953 8963 8973 8983 8993 9003
8943 8953 8963 8973 8983 8993 9003
8943 8953 8963 8973 8983 8993 9003
8943 8953 8963 8973 8983 8993 9003
8943 8953 8963 8973 8983 8993 9003
8943 8953 8963 8973 8983 8993 9003
8943 8953 8963 8973 8983 8993 9003
8943 8953 8963 8973 8983 8993 9003
8943 8953 8963 8973 8983 8993 9003
8943 8953 8963 8973 8983 8993 9003
8943 8953 8963 8973 8983 8993 9003
8943 8953 8963 8973 8983 8993 9003
8943 8953 8963 8973 8983 8993 9003
8943 8953 8963 8973 8983 8993 9003
8943 8953 8963 8973 8983 8993 9003
8943 8953 8963 8973 8983 8993 9003
8943 8953 8963 8973 8983 8993 9003
8943 8953 8963 8973 8983 8993 9003
8943 8953 8963 8973 8983 8993 9003
8943 8953 8963 8973 8983 8993 9003
8943 8953 8963 8973 8983 8993 9003
8943 8953 8963 8973 8983 8993 9003
8943 8953 8963 8973 8983 8993 9003
8943 8953 8963 8973 8983 8993 9003
8943 8953 8963 8973 8983 8993 9003
