40 40 40 30 90 90 90 30 30
60 60 60 90 70 70 70 60 60
90 90 40 90 70 70 90 80 10
90 90 80 90 30 30 80 80 5
40 20 40 90 60 60 90 10 90
90 90 90 90 80 80 90 90 90
90 90 90 90 80 80 90 60 90
40 80 90 90 70 70 80 90 10
90 15 90 90 60 60 90 90 90
40 40 70 90 70 70 90 15 90
40 10 90 40 90 90 90 90 90
90 90 90 40 90 90 90 90 20
70 90 10 40 90 90 90 80 80
90 90 90 40 90 90 90 90 80
80 90 80 40 90 90 90 90 80
20 90 90 40 90 90 90 20 90
75 75 75 90 75 75 90 75 75
30 15 60 90 45 60 90 15 30
65 60 75 90 70 80 90 40 40
70 70 45 90 80 85 90 70 40
60 85 95 90 80 85 90 70 70
90 90 90 90 90 90 90 90 90
80 80 80 90 70 80 90 40 40
100 100 100 100 100 100 100 100 100
80 80 80 90 10 30 90 15 15
35 35 35 35 35 35 35 35 35
