40 40 40 30 90 90 90 30 30
60 60 60 90 70 70 70 60 60
90 90 40 90 70 70 90 80 40
90 90 80 90 30 30 80 80 5
90 90 90 90 70 70 90 15 90
80 90 30 90 80 80 90 90 90
80 30 90 90 80 80 90 30 90
20 80 90 90 70 70 80 90 90
90 15 90 90 60 60 90 90 90
90 90 90 90 70 70 90 30 90
50 40 90 40 90 90 90 90 90
80 90 45 40 90 90 90 90 20
70 90 10 40 90 90 90 80 80
80 90 80 40 90 90 90 35 80
80 90 80 40 90 90 90 90 40
90 90 90 40 90 90 90 20 90
75 75 75 90 75 75 90 75 75
45 20 70 90 70 80 90 20 40
65 60 75 90 70 80 90 40 40
80 80 45 90 80 85 90 70 40
60 85 95 90 80 85 90 70 70
90 90 90 90 90 90 90 90 90
80 80 80 90 70 80 90 40 40
100 100 100 100 100 100 100 100 100
80 80 80 90 10 30 90 15 15
35 35 35 35 35 35 35 35 35
