84571
84571
84571
84571
84571
84571
84571
84571
84571
84571
84571
84571
84571
84571
84571
84571
84571
84571
84571
84571
84571
84571
84571
84571
84571
84571
84571
84571
84571
84571
62892 62902 62912 62922 62932 62942 62952 62962
62892 62902 62912 62922 62932 62942 62952 62962
62892 62902 62912 62922 62932 62942 62952 62962
62892 62902 62912 62922 62932 62942 62952 62962
62892 62902 62912 62922 62932 62942 62952 62962
62892 62902 62912 62922 62932 62942 62952 62962
62892 62902 62912 62922 62932 62942 62952 62962
62892 62902 62912 62922 62932 62942 62952 62962
62892 62902 62912 62922 62932 62942 62952 62962
62892 62902 62912 62922 62932 62942 62952 62962
62892 62902 62912 62922 62932 62942 62952 62962
62892 62902 62912 62922 62932 62942 62952 62962
62892 62902 62912 62922 62932 62942 62952 62962
62892 62902 62912 62922 62932 62942 62952 62962
62892 62902 62912 62922 62932 62942 62952 62962
62892 62902 62912 62922 62932 62942 62952 62962
62892 62902 62912 62922 62932 62942 62952 62962
62892 62902 62912 62922 62932 62942 62952 62962
62892 62902 62912 62922 62932 62942 62952 62962
62892 62902 62912 62922 62932 62942 62952 62962
62892 62902 62912 62922 62932 62942 62952 62962
62892 62902 62912 62922 62932 62942 62952 62962
62892 62902 62912 62922 62932 62942 62952 62962
62892 62902 62912 62922 62932 62942 62952 62962
62892 62902 62912 62922 62932 62942 62952 62962
62892 62902 62912 62922 62932 62942 62952 62962
62892 62902 62912 62922 62932 62942 62952 62962
62892 62902 62912 62922 62932 62942 62952 62962
62892 62902 62912 62922 62932 62942 62952 62962
62892 62902 62912 62922 62932 62942 62952 62962
62892 62902 62912 62922 62932 62942 62952 62962
62892 62902 62912 62922 62932 62942 62952 62962
62892 62902 62912 62922 62932 62942 62952 62962
62892 62902 62912 62922 62932 62942 62952 62962
62892 62902 62912 62922 62932 62942 62952 62962
62892 62902 62912 62922 62932 62942 62952 62962
62892 62902 62912 62922 62932 62942 62952 62962
62892 62902 62912 62922 62932 62942 62952 62962
62892 62902 62912 62922 62932 62942 62952 62962
62892 62902 62912 62922 62932 62942 62952 62962
62892 62902 62912 62922 62932 62942 62952 62962
62892 62902 62912 62922 62932 62942 62952 62962
62892 62902 62912 62922 62932 62942 62952 62962
62892 62902 62912 62922 62932 62942 62952 62962
62892 62902 62912 62922 62932 62942 62952 62962
62892 62902 62912 62922 62932 62942 62952 62962
62892 62902 62912 62922 62932 62942 62952 62962
62892 62902 62912 62922 62932 62942 62952 62962
62892 62902 62912 62922 62932 62942 62952 62962
62892 62902 62912 62922 62932 62942 62952 62962
62892 62902 62912 62922 62932 62942 62952 62962
62892 62902 62912 62922 62932 62942 62952 62962
62892 62902 62912 62922 62932 62942 62952 62962
62892 62902 62912 62922 62932 62942 62952 62962
62892 62972 62972 62922 62932 62942 62952 62972
62892 62972 62972 62922 62932 62942 62952 62972
62892 63022 63022 63022 63022 62942 62952 62962
62892 63022 63022 63022 63022 62942 62952 62962
62892 62902 62912 62922 62932 62942 62952 62962
62892 62982 62982 62982 62982 62982 62982 62962
62892 62982 62982 62982 62982 62982 62982 62962
62892 62902 62912 62922 62932 62942 62952 62962
62892 62992 62992 62992 62992 62992 62992 62962
62892 62982 62982 62982 62982 62982 62982 62962
62892 62982 62982 62982 62982 62982 62982 62962
62892 62902 62912 62922 62932 62942 62952 62962
62892 62992 62992 62992 62992 62992 62992 62962
62892 62982 62982 62982 62982 62982 62982 62962
62892 63002 63002 63002 63002 63002 63002 62962
62892 62902 62912 62922 62932 62942 62952 62962
62892 62982 62982 62982 62982 62982 62982 62962
62892 63002 63002 63002 63002 63002 63002 62962
62892 62982 62982 62982 62982 62982 62982 62962
62892 62982 62982 62982 62982 62982 62982 62962
62892 62902 62912 62922 62932 62942 62952 62962
62892 62902 62912 62922 62932 62942 62952 62962
62892 62902 62912 62922 62932 62942 62952 62962
62892 62902 62912 62922 62932 62942 62952 62962
62892 62902 62912 62922 62932 62942 62952 62962
62892 62902 62912 62922 62932 62942 62952 62962
62892 62902 62912 62922 62932 62942 62952 62962
62892 62902 62912 62922 62932 62942 62952 62962
62892 62902 62912 62922 62932 62942 62952 62962
62892 62902 62912 62922 62932 62942 62952 62962
62892 62902 62912 62922 62932 62942 62952 62962
62892 62902 62912 62922 62932 62942 62952 62962
62892 62902 62912 62922 62932 62942 62952 62962
62892 62902 62912 62922 62932 62942 62952 62962
62892 62902 62912 62922 62932 62942 62952 62962
62892 62902 62912 62922 62932 62942 62952 62962
62892 62902 62912 62922 62932 62942 62952 62962
62892 62902 62912 62922 62932 62942 62952 62962
62892 63022 63022 63022 63022 62942 62952 62962
62892 63022 63022 63022 63022 62942 62952 62962
62892 63022 63022 63022 63022 62942 62952 62962
62892 62902 62912 62922 62932 62942 62952 62962
62892 62902 62912 62922 62932 63012 62952 63012
62892 62902 62912 62922 62932 62942 62952 62962
62892 63022 63022 63022 63022 62942 62952 62962
62892 63022 63022 63022 63022 62942 62952 62962
62892 63022 63022 63022 63022 62942 62952 62962
62892 63022 63022 63022 63022 62942 62952 62962
62892 63022 63022 63022 63022 62942 62952 62962
62892 63022 63022 63022 63022 62942 62952 62962
62892 62902 62912 62922 62932 62942 62952 62962
66663 66673 66683 66693 66703 66713 66723 66733
66663 66673 66683 66693 66703 66713 66723 66733
66663 66673 66683 66693 66703 66713 66723 66733
66663 66673 66683 66693 66703 66713 66723 66733
66663 66673 66683 66693 66703 66713 66723 66733
66663 66673 66683 66693 66703 66713 66723 66733
66663 66673 66683 66693 66703 66713 66723 66733
66663 66673 66683 66693 66703 66713 66723 66733
66663 66673 66683 66693 66703 66713 66723 66733
66663 66673 66683 66693 66703 66713 66723 66733
66663 66673 66683 66693 66703 66713 66723 66733
66663 66673 66683 66693 66703 66713 66723 66733
66663 66673 66683 66693 66703 66713 66723 66733
66663 66673 66683 66693 66703 66713 66723 66733
66663 66673 66683 66693 66703 66713 66723 66733
66663 66673 66683 66693 66703 66713 66723 66733
66663 66673 66683 66693 66703 66713 66723 66733
66663 66673 66683 66693 66703 66713 66723 66733
66663 66673 66683 66693 66703 66713 66723 66733
66663 66673 66683 66693 66703 66713 66723 66733
66663 66673 66683 66693 66703 66713 66723 66733
66663 66673 66683 66693 66703 66713 66723 66733
66663 66673 66683 66693 66703 66713 66723 66733
66663 66673 66683 66693 66703 66713 66723 66733
66663 66673 66683 66693 66703 66713 66723 66733
66663 66673 66683 66693 66703 66713 66723 66733
66663 66673 66683 66693 66703 66713 66723 66733
66663 66673 66683 66693 66703 66713 66723 66733
66663 66673 66683 66693 66703 66713 66723 66733
66663 66673 66683 66693 66703 66713 66723 66733
66663 66673 66683 66693 66703 66713 66723 66733
66663 66673 66683 66693 66703 66713 66723 66733
66663 66673 66683 66693 66703 66713 66723 66733
66663 66673 66683 66693 66703 66713 66723 66733
66663 66673 66683 66693 66703 66713 66723 66733
66663 66673 66683 66693 66703 66713 66723 66733
66663 66673 66683 66693 66703 66713 66723 66733
66663 66673 66683 66693 66703 66713 66723 66733
66663 66673 66683 66693 66703 66713 66723 66733
66663 66673 66683 66693 66703 66713 66723 66733
66663 66673 66683 66693 66703 66713 66723 66733
66663 66673 66683 66693 66703 66713 66723 66733
66663 66673 66683 66693 66703 66713 66723 66733
66663 66673 66683 66693 66703 66713 66723 66733
66663 66673 66683 66693 66703 66713 66723 66733
66663 66673 66683 66693 66703 66713 66723 66733
66663 66673 66683 66693 66703 66713 66723 66733
66663 66673 66683 66693 66703 66713 66723 66733
66663 66673 66683 66693 66703 66713 66723 66733
66663 66673 66683 66693 66703 66713 66723 66733
66663 66673 66683 66693 66703 66713 66723 66733
66663 66673 66683 66693 66703 66713 66723 66733
66663 66673 66683 66693 66703 66713 66723 66733
66663 66673 66683 66693 66703 66713 66723 66733
66663 66673 66683 66693 66703 66713 66723 66733
66663 66673 66683 66693 66703 66713 66723 66733
66663 66673 66683 66693 66703 66713 66723 66733
66663 66673 66683 66693 66703 66713 66723 66733
66663 66673 66683 66693 66703 66713 66723 66733
66663 66673 66683 66693 66703 66713 66723 66733
66663 66673 66683 66693 66703 66713 66723 66733
66663 66673 66683 66693 66703 66713 66723 66733
66663 66673 66683 66693 66703 66713 66723 66733
66663 66673 66683 66693 66703 66713 66723 66733
66663 66673 66683 66693 66703 66713 66723 66733
66663 66673 66683 66693 66703 66713 66723 66733
66663 66673 66683 66693 66703 66713 66723 66733
66663 66673 66683 66693 66703 66713 66723 66733
66663 66673 66683 66693 66703 66713 66723 66733
66663 66673 66683 66693 66703 66713 66723 66733
66663 66673 66683 66693 66703 66713 66723 66733
66663 66673 66683 66693 66703 66713 66723 66733
66663 66673 66683 66693 66703 66713 66723 66733
66663 66673 66683 66693 66703 66713 66723 66733
66663 66673 66683 66693 66703 66713 66723 66733
66663 66673 66683 66693 66703 66713 66723 66733
66663 66673 66683 66693 66703 66713 66723 66733
66663 66673 66683 66693 66703 66713 66723 66733
66663 66673 66683 66693 66703 66713 66723 66733
66663 66673 66683 66693 66703 66713 66723 66733
66663 66673 66683 66693 66703 66713 66723 66733
66663 66673 66683 66693 66703 66713 66723 66733
66663 66673 66683 66693 66703 66713 66723 66733
66663 66673 66683 66693 66703 66713 66723 66733
66663 66673 66683 66693 66703 66713 66723 66733
