38731
38731
38731
38731
38731
38731
38731
38731
38731
38731
38731
38731
38731
38731
38731
38731
38731
38731
38731
38731
38731
38731
38731
38731
38731
38731
38731
38731
38731
38731
29952 29962 29972 29982 29992 30002 30012
29952 29962 29972 29982 29992 30002 30012
29952 29962 29972 29982 29992 30002 30012
29952 29962 29972 29982 29992 30002 30012
29952 29962 29972 29982 29992 30002 30012
29952 29962 29972 29982 29992 30002 30012
29952 29962 29972 29982 29992 30002 30012
29952 29962 29972 29982 29992 30002 30012
29952 29962 29972 29982 29992 30002 30012
29952 29962 29972 29982 29992 30002 30012
29952 29962 29972 29982 29992 30002 30012
29952 29962 29972 29982 29992 30002 30012
29952 29962 29972 29982 29992 30002 30012
29952 29962 29972 29982 29992 30002 30012
29952 29962 29972 29982 29992 30002 30012
29952 29962 29972 29982 29992 30002 30012
29952 29962 29972 29982 29992 30002 30012
29952 29962 29972 29982 29992 30002 30012
29952 29962 29972 29982 29992 30002 30012
29952 29962 29972 29982 29992 30002 30012
29952 29962 29972 29982 29992 30002 30012
29952 29962 29972 29982 29992 30002 30012
29952 29962 29972 29982 29992 30002 30012
29952 29962 29972 29982 29992 30002 30012
29952 29962 29972 29982 29992 30002 30012
29952 29962 29972 29982 29992 30002 30012
29952 29962 29972 29982 29992 30002 30012
29952 29962 29972 29982 29992 30002 30012
29952 29962 29972 29982 29992 30002 30012
29952 29962 29972 29982 29992 30002 30012
29952 29962 29972 29982 29992 30002 30012
29952 29962 29972 29982 29992 30002 30012
29952 29962 29972 29982 29992 30002 30012
29952 29962 29972 29982 29992 30002 30012
29952 29962 29972 29982 29992 30002 30012
29952 29962 29972 29982 29992 30002 30012
29952 29962 29972 29982 29992 30002 30012
29952 29962 29972 29982 29992 30002 30012
29952 29962 29972 29982 29992 30002 30012
29952 29962 29972 29982 29992 30002 30012
29952 29962 29972 29982 29992 30002 30012
29952 29962 29972 29982 29992 30002 30012
29952 29962 29972 29982 29992 30002 30012
29952 29962 29972 29982 29992 30002 30012
29952 29962 29972 29982 29992 30002 30012
29952 29962 29972 29982 29992 30002 30012
29952 29962 29972 29982 29992 30002 30012
29952 29962 29972 29982 29992 30002 30012
29952 29962 29972 29982 29992 30002 30012
29952 29962 29972 29982 29992 30002 30012
29952 29962 29972 29982 29992 30002 30012
29952 29962 29972 29982 29992 30002 30012
29952 29962 29972 29982 29992 30002 30012
29952 29962 29972 29982 29992 30002 30012
29952 29962 29972 29982 29992 30002 30012
29952 29962 29972 29982 29992 30002 30012
29952 29962 29972 29982 29992 30002 30012
29952 29962 29972 29982 29992 30002 30012
29952 29962 29972 29982 29992 30002 30012
29952 29962 29972 29982 29992 30002 30012
29952 29962 29972 29982 29992 30002 30012
29952 29962 29972 29982 29992 30002 30012
29952 29962 29972 29982 29992 30002 30012
29952 29962 29972 29982 29992 30002 30012
29952 29962 29972 29982 29992 30002 30012
29952 29962 29972 29982 29992 30002 30012
29952 29962 29972 29982 29992 30002 30012
29952 29962 29972 29982 29992 30002 30012
29952 29962 29972 29982 29992 30002 30012
29952 29962 29972 29982 29992 30002 30012
29952 29962 29972 29982 29992 30002 30012
29952 29962 29972 29982 29992 30002 30012
29952 29962 29972 29982 29992 30002 30012
29952 29962 29972 29982 29992 30002 30012
29952 29962 29972 29982 29992 30002 30012
29952 29962 29972 29982 29992 30002 30012
29952 29962 29972 29982 29992 30002 30012
29952 29962 29972 29982 29992 30002 30012
29952 29962 29972 29982 29992 30002 30012
29952 29962 29972 29982 29992 30002 30012
29952 29962 29972 29982 29992 30002 30012
29952 29962 29972 29982 29992 30002 30012
29952 29962 29972 29982 29992 30002 30012
29952 29962 29972 29982 29992 30002 30012
29952 29962 29972 29982 29992 30002 30012
29952 29962 29972 29982 29992 30002 30012
29952 29962 29972 29982 29992 30002 30012
29952 29962 29972 29982 29992 30002 30012
29952 29962 29972 29982 29992 30002 30012
29952 29962 29972 29982 29992 30002 30012
29952 29962 29972 29982 29992 30002 30012
29952 29962 29972 29982 29992 30002 30012
29952 29962 29972 29982 29992 30002 30012
29952 29962 29972 29982 29992 30002 30012
29952 29962 29972 29982 29992 30002 30012
29952 30022 30022 30022 30022 30022 30032
29952 30022 30022 30022 30022 30022 30032
29952 30022 30022 30022 30022 30022 30032
29952 29962 29972 29982 29992 30002 30012
29952 29962 29972 29982 29992 30002 30012
29952 29962 29972 29982 29992 30002 30012
29952 29962 29972 29982 29992 30002 30012
29952 29962 29972 29982 29992 30002 30012
29952 29962 29972 29982 29992 30002 30012
29952 29962 29972 29982 29992 30002 30012
31453 31463 31473 31483 31493 31503 31513
31453 31463 31473 31483 31493 31503 31513
31453 31463 31473 31483 31493 31503 31513
31453 31463 31473 31483 31493 31503 31513
31453 31463 31473 31483 31493 31503 31513
31453 31463 31473 31483 31493 31503 31513
31453 31463 31473 31483 31493 31503 31513
31453 31463 31473 31483 31493 31503 31513
31453 31463 31473 31483 31493 31503 31513
31453 31463 31473 31483 31493 31503 31513
31453 31463 31473 31483 31493 31503 31513
31453 31463 31473 31483 31493 31503 31513
31453 31463 31473 31483 31493 31503 31513
31453 31463 31473 31483 31493 31503 31513
31453 31463 31473 31483 31493 31503 31513
31453 31463 31473 31483 31493 31503 31513
31453 31463 31473 31483 31493 31503 31513
31453 31463 31473 31483 31493 31503 31513
31453 31463 31473 31483 31493 31503 31513
31453 31463 31473 31483 31493 31503 31513
31453 31463 31473 31483 31493 31503 31513
31453 31463 31473 31483 31493 31503 31513
31453 31463 31473 31483 31493 31503 31513
31453 31463 31473 31483 31493 31503 31513
31453 31463 31473 31483 31493 31503 31513
31453 31463 31473 31483 31493 31503 31513
31453 31463 31473 31483 31493 31503 31513
31453 31463 31473 31483 31493 31503 31513
31453 31463 31473 31483 31493 31503 31513
31453 31463 31473 31483 31493 31503 31513
31453 31463 31473 31483 31493 31503 31513
31453 31463 31473 31483 31493 31503 31513
31453 31463 31473 31483 31493 31503 31513
31453 31463 31473 31483 31493 31503 31513
31453 31463 31473 31483 31493 31503 31513
31453 31463 31473 31483 31493 31503 31513
31453 31463 31473 31483 31493 31503 31513
31453 31463 31473 31483 31493 31503 31513
31453 31463 31473 31483 31493 31503 31513
31453 31463 31473 31483 31493 31503 31513
31453 31463 31473 31483 31493 31503 31513
31453 31463 31473 31483 31493 31503 31513
31453 31463 31473 31483 31493 31503 31513
31453 31463 31473 31483 31493 31503 31513
31453 31463 31473 31483 31493 31503 31513
31453 31463 31473 31483 31493 31503 31513
31453 31463 31473 31483 31493 31503 31513
31453 31463 31473 31483 31493 31503 31513
31453 31463 31473 31483 31493 31503 31513
31453 31463 31473 31483 31493 31503 31513
31453 31463 31473 31483 31493 31503 31513
31453 31463 31473 31483 31493 31503 31513
31453 31463 31473 31483 31493 31503 31513
31453 31463 31473 31483 31493 31503 31513
31453 31463 31473 31483 31493 31503 31513
31453 31463 31473 31483 31493 31503 31513
31453 31463 31473 31483 31493 31503 31513
31453 31463 31473 31483 31493 31503 31513
31453 31463 31473 31483 31493 31503 31513
31453 31463 31473 31483 31493 31503 31513
31453 31463 31473 31483 31493 31503 31513
31453 31463 31473 31483 31493 31503 31513
31453 31463 31473 31483 31493 31503 31513
31453 31463 31473 31483 31493 31503 31513
31453 31463 31473 31483 31493 31503 31513
31453 31463 31473 31483 31493 31503 31513
31453 31463 31473 31483 31493 31503 31513
31453 31463 31473 31483 31493 31503 31513
31453 31463 31473 31483 31493 31503 31513
31453 31463 31473 31483 31493 31503 31513
31453 31463 31473 31483 31493 31503 31513
31453 31463 31473 31483 31493 31503 31513
31453 31463 31473 31483 31493 31503 31513
31453 31463 31473 31483 31493 31503 31513
31453 31463 31473 31483 31493 31503 31513
31453 31463 31473 31483 31493 31503 31513
31453 31463 31473 31483 31493 31503 31513
31453 31463 31473 31483 31493 31503 31513
31453 31463 31473 31483 31493 31503 31513
31453 31463 31473 31483 31493 31503 31513
31453 31463 31473 31483 31493 31503 31513
31453 31463 31473 31483 31493 31503 31513
31453 31463 31473 31483 31493 31503 31513
31453 31463 31473 31483 31493 31503 31513
31453 31463 31473 31483 31493 31503 31513
