84581
84581
84581
84581
84581
84581
84581
84581
84581
84581
84581
84581
84581
84581
84581
84581
84581
84581
84581
84581
84581
84581
84581
84581
84581
84581
84581
84581
84581
84581
7882 7882 7882
7882 7882 7882
7882 7882 7882
7882 7882 7882
7882 7882 7882
7882 7882 7882
7882 7882 7882
7882 7882 7882
7882 7882 7882
7882 7882 7882
7882 7882 7882
7882 7882 7882
7882 7882 7882
7882 7882 7882
7882 7882 7882
7882 7882 7882
7882 7882 7882
7882 7882 7882
7882 7882 7882
7882 7882 7882
7882 7882 7882
7882 7882 7882
7882 7882 7882
7882 7882 7882
7882 7882 7882
7882 7882 7882
7882 7882 7882
7882 7882 7882
7882 7882 7882
7882 7882 7882
7882 7882 7882
7882 7882 7882
15053 15063 15073 15083 15093 15103 15113 15123
15053 15063 15073 15083 15093 15103 15113 15123
15053 15063 15073 15083 15093 15103 15113 15123
15053 15063 15073 15083 15093 15103 15113 15123
15053 15063 15073 15083 15093 15103 15113 15123
15053 15063 15073 15083 15093 15103 15113 15123
15053 15063 15073 15083 15093 15103 15113 15123
15053 15063 15073 15083 15093 15103 15113 15123
15053 15063 15073 15083 15093 15103 15113 15123
15053 15063 15073 15083 15093 15103 15113 15123
15053 15063 15073 15083 15093 15103 15113 15123
15053 15063 15073 15083 15093 15103 15113 15123
15053 15063 15073 15083 15093 15103 15113 15123
15053 15063 15073 15083 15093 15103 15113 15123
15053 15063 15073 15083 15093 15103 15113 15123
15053 15063 15073 15083 15093 15103 15113 15123
15053 15063 15073 15083 15093 15103 15113 15123
15053 15063 15073 15083 15093 15103 15113 15123
15053 15063 15073 15083 15093 15103 15113 15123
15053 15063 15073 15083 15093 15103 15113 15123
15053 15063 15073 15083 15093 15103 15113 15123
15053 15063 15073 15083 15093 15103 15113 15123
15053 15063 15073 15083 15093 15103 15113 15123
15053 15063 15073 15083 15093 15103 15113 15123
15053 15063 15073 15083 15093 15103 15113 15123
15053 15063 15073 15083 15093 15103 15113 15123
15053 15063 15073 15083 15093 15103 15113 15123
15053 15063 15073 15083 15093 15103 15113 15123
15053 15063 15073 15083 15093 15103 15113 15123
15053 15063 15073 15083 15093 15103 15113 15123
15053 15063 15073 15083 15093 15103 15113 15123
15053 15063 15073 15083 15093 15103 15113 15123
15053 15063 15073 15083 15093 15103 15113 15123
15053 15063 15073 15083 15093 15103 15113 15123
15053 15063 15073 15083 15093 15103 15113 15123
15053 15063 15073 15083 15093 15103 15113 15123
15053 15063 15073 15083 15093 15103 15113 15123
15053 15063 15073 15083 15093 15103 15113 15123
15053 15063 15073 15083 15093 15103 15113 15123
15053 15063 15073 15083 15093 15103 15113 15123
15053 15063 15073 15083 15093 15103 15113 15123
15053 15063 15073 15083 15093 15103 15113 15123
15053 15063 15073 15083 15093 15103 15113 15123
15053 15063 15073 15083 15093 15103 15113 15123
15053 15063 15073 15083 15093 15103 15113 15123
15053 15063 15073 15083 15093 15103 15113 15123
15053 15063 15073 15083 15093 15103 15113 15123
15053 15063 15073 15083 15093 15103 15113 15123
15053 15063 15073 15083 15093 15103 15113 15123
15053 15063 15073 15083 15093 15103 15113 15123
15053 15063 15073 15083 15093 15103 15113 15123
15053 15143 15073 15083 15093 15103 15113 15123
15053 15133 15073 15083 15093 15103 15113 15123
15053 15063 15073 15153 15093 15103 15113 15123
15053 15063 15073 15083 15093 15103 15113 15123
15053 15163 15163 15163 15163 15103 15163 15123
15053 15163 15163 15163 15163 15103 15163 15123
15053 15163 15163 15163 15163 15103 15163 15123
15053 15163 15163 15163 15163 15103 15163 15123
15053 15173 15173 15173 15173 15103 15173 15123
15053 15173 15173 15173 15173 15103 15173 15123
15053 15163 15163 15163 15163 15103 15163 15123
15053 15163 15163 15163 15163 15103 15163 15123
15053 15183 15183 15183 15183 15103 15183 15123
15053 15183 15183 15183 15183 15103 15183 15123
15053 15163 15163 15163 15163 15103 15163 15123
15053 15163 15163 15163 15163 15103 15163 15123
15053 15193 15193 15193 15193 15103 15193 15123
15053 15193 15193 15193 15193 15103 15193 15123
15053 15063 15073 15083 15093 15103 15113 15123
15053 15063 15073 15083 15093 15103 15113 15123
15053 15203 15203 15203 15203 15203 15203 15203
15053 15213 15213 15213 15213 15213 15213 15213
15053 15063 15073 15083 15093 15103 15113 15123
15053 15063 15073 15083 15093 15103 15113 15123
15053 15063 15073 15083 15093 15103 15113 15123
15053 15063 15073 15083 15093 15103 15113 15123
15053 15063 15073 15083 15093 15103 15113 15123
15053 15063 15073 15083 15093 15103 15113 15123
15053 15063 15073 15083 15093 15103 15113 15123
15053 15063 15073 15083 15093 15103 15113 15123
15053 15063 15073 15083 15093 15103 15113 15123
15053 15063 15073 15083 15093 15103 15113 15123
15053 15063 15073 15083 15093 15103 15113 15123
15053 15063 15073 15083 15093 15103 15113 15123
15053 15063 15073 15083 15093 15103 15113 15123
15053 15063 15073 15083 15093 15103 15113 15123
15053 15063 15073 15083 15093 15103 15113 15123
15053 15063 15073 15083 15093 15103 15113 15123
15053 15063 15073 15083 15093 15103 15113 15123
15053 15063 15073 15083 15093 15103 15113 15123
60474 60484 60494 60504 60514 60524 60534 60544
60474 60484 60494 60504 60514 60524 60534 60544
60474 60484 60494 60504 60514 60524 60534 60544
60474 60484 60494 60504 60514 60524 60534 60544
60474 60484 60494 60504 60514 60524 60534 60544
60474 60484 60494 60504 60514 60524 60534 60544
60474 60484 60494 60504 60514 60524 60534 60544
60474 60484 60494 60504 60514 60524 60534 60544
60474 60484 60494 60504 60514 60524 60534 60544
60474 60484 60494 60504 60514 60524 60534 60544
60474 60484 60494 60504 60514 60524 60534 60544
60474 60484 60494 60504 60514 60524 60534 60544
60474 60484 60494 60504 60514 60524 60534 60544
60474 60484 60494 60504 60514 60524 60534 60544
60474 60484 60494 60504 60514 60524 60534 60544
60474 60484 60494 60504 60514 60524 60534 60544
60474 60484 60494 60504 60514 60524 60534 60544
60474 60484 60494 60504 60514 60524 60534 60544
60474 60484 60494 60504 60514 60524 60534 60544
60474 60484 60494 60504 60514 60524 60534 60544
60474 60484 60494 60504 60514 60524 60534 60544
60474 60484 60494 60504 60514 60524 60534 60544
60474 60484 60494 60504 60514 60524 60534 60544
60474 60484 60494 60504 60514 60524 60534 60544
60474 60484 60494 60504 60514 60524 60534 60544
60474 60484 60494 60504 60514 60524 60534 60544
60474 60484 60494 60504 60514 60524 60534 60544
60474 60484 60494 60504 60514 60524 60534 60544
60474 60484 60494 60504 60514 60524 60534 60544
60474 60484 60494 60504 60514 60524 60534 60544
60474 60484 60494 60504 60514 60524 60534 60544
60474 60484 60494 60504 60514 60524 60534 60544
60474 60484 60494 60504 60514 60524 60534 60544
60474 60484 60494 60504 60514 60524 60534 60544
60474 60484 60494 60504 60514 60524 60534 60544
60474 60484 60494 60504 60514 60524 60534 60544
60474 60484 60494 60504 60514 60524 60534 60544
60474 60484 60494 60504 60514 60524 60534 60544
60474 60484 60494 60504 60514 60524 60534 60544
60474 60484 60494 60504 60514 60524 60534 60544
60474 60484 60494 60504 60514 60524 60534 60544
60474 60484 60494 60504 60514 60524 60534 60544
60474 60484 60494 60504 60514 60524 60534 60544
60474 60484 60494 60504 60514 60524 60534 60544
60474 60484 60494 60504 60514 60524 60534 60544
60474 60484 60494 60504 60514 60524 60534 60544
60474 60484 60494 60504 60514 60524 60534 60544
60474 60484 60494 60504 60514 60524 60534 60544
60474 60484 60494 60504 60514 60524 60534 60544
60474 60484 60494 60504 60514 60524 60534 60544
60474 60484 60494 60504 60514 60524 60534 60544
60474 60484 60494 60504 60514 60524 60534 60544
60474 60484 60494 60504 60514 60524 60534 60544
60474 60484 60494 60504 60514 60524 60534 60544
60474 60484 60494 60504 60514 60524 60534 60544
60474 60484 60494 60504 60514 60524 60534 60544
60474 60484 60494 60504 60514 60524 60534 60544
60474 60484 60494 60504 60514 60524 60534 60544
60474 60484 60494 60504 60514 60524 60534 60544
60474 60484 60494 60504 60514 60524 60534 60544
60474 60484 60494 60504 60514 60524 60534 60544
60474 60484 60494 60504 60514 60524 60534 60544
60474 60484 60494 60504 60514 60524 60534 60544
60474 60484 60494 60504 60514 60524 60534 60544
60474 60484 60494 60504 60514 60524 60534 60544
60474 60484 60494 60504 60514 60524 60534 60544
60474 60484 60494 60504 60514 60524 60534 60544
60474 60484 60494 60504 60514 60524 60534 60544
60474 60484 60494 60504 60514 60524 60534 60544
60474 60484 60494 60504 60514 60524 60534 60544
60474 60484 60494 60504 60514 60524 60534 60544
60474 60484 60494 60504 60514 60524 60534 60544
60474 60484 60494 60504 60514 60524 60534 60544
60474 60484 60494 60504 60514 60524 60534 60544
60474 60484 60494 60504 60514 60524 60534 60544
60474 60484 60494 60504 60514 60524 60534 60544
60474 60484 60494 60504 60514 60524 60534 60544
60474 60484 60494 60504 60514 60524 60534 60544
60474 60484 60494 60504 60514 60524 60534 60544
60474 60484 60494 60504 60514 60524 60534 60544
60474 60484 60494 60504 60514 60524 60534 60544
60474 60484 60494 60504 60514 60524 60534 60544
60474 60484 60494 60504 60514 60524 60534 60544
60474 60484 60494 60504 60514 60524 60534 60544
60474 60484 60494 60504 60514 60524 60534 60544
