38741
38741
38741
38741
38741
38741
38741
38741
38741
38741
38741
38741
38741
38741
38741
38741
38741
38741
38741
38741
38741
38741
38741
38741
38741
38741
38741
38741
38741
38741
2612
2612
2612
2612
2612
2612
2612
2612
2612
2612
2612
2612
2612
2612
2612
2612
2612
2612
2612
2612
2612
2612
2612
2612
2612
2612
2612
2612
2612
2612
2612
2612
5403 5413 5423 5433 5443 5453 5463
5403 5413 5423 5433 5443 5453 5463
5403 5413 5423 5433 5443 5453 5463
5403 5413 5423 5433 5443 5453 5463
5403 5413 5423 5433 5443 5453 5463
5403 5413 5423 5433 5443 5453 5463
5403 5413 5423 5433 5443 5453 5463
5403 5413 5423 5433 5443 5453 5463
5403 5413 5423 5433 5443 5453 5463
5403 5413 5423 5433 5443 5453 5463
5403 5413 5423 5433 5443 5453 5463
5403 5413 5423 5433 5443 5453 5463
5403 5413 5423 5433 5443 5453 5463
5403 5413 5423 5433 5443 5453 5463
5403 5413 5423 5433 5443 5453 5463
5403 5413 5423 5433 5443 5453 5463
5403 5413 5423 5433 5443 5453 5463
5403 5413 5423 5433 5443 5453 5463
5403 5413 5423 5433 5443 5453 5463
5403 5413 5423 5433 5443 5453 5463
5403 5413 5423 5433 5443 5453 5463
5403 5413 5423 5433 5443 5453 5463
5403 5413 5423 5433 5443 5453 5463
5403 5413 5423 5433 5443 5453 5463
5403 5413 5423 5433 5443 5453 5463
5403 5413 5423 5433 5443 5453 5463
5403 5413 5423 5433 5443 5453 5463
5403 5413 5423 5433 5443 5453 5463
5403 5413 5423 5433 5443 5453 5463
5403 5413 5423 5433 5443 5453 5463
5403 5413 5423 5433 5443 5453 5463
5403 5413 5423 5433 5443 5453 5463
5403 5413 5423 5433 5443 5453 5463
5403 5413 5423 5433 5443 5453 5463
5403 5413 5423 5433 5443 5453 5463
5403 5413 5423 5433 5443 5453 5463
5403 5413 5423 5433 5443 5453 5463
5403 5413 5423 5433 5443 5453 5463
5403 5413 5423 5433 5443 5453 5463
5403 5413 5423 5433 5443 5453 5463
5403 5413 5423 5433 5443 5453 5463
5403 5413 5423 5433 5443 5453 5463
5403 5413 5423 5433 5443 5453 5463
5403 5413 5423 5433 5443 5453 5463
5403 5413 5423 5433 5443 5453 5463
5403 5413 5423 5433 5443 5453 5463
5403 5413 5423 5433 5443 5453 5463
5403 5413 5423 5433 5443 5453 5463
5403 5413 5423 5433 5443 5453 5463
5403 5413 5423 5433 5443 5453 5463
5403 5413 5423 5433 5443 5453 5463
5403 5413 5423 5433 5443 5453 5463
5403 5413 5423 5433 5443 5453 5463
5403 5413 5423 5433 5443 5453 5463
5403 5413 5423 5433 5443 5453 5463
5403 5413 5423 5433 5443 5453 5463
5403 5413 5423 5433 5443 5453 5463
5403 5413 5423 5433 5443 5453 5463
5403 5413 5423 5433 5443 5453 5463
5403 5413 5423 5433 5443 5453 5463
5403 5413 5423 5433 5443 5453 5463
5403 5413 5423 5433 5443 5453 5463
5403 5413 5423 5433 5443 5453 5463
5403 5413 5423 5433 5443 5453 5463
5403 5413 5423 5433 5443 5453 5463
5403 5413 5423 5433 5443 5453 5463
5403 5413 5423 5433 5443 5453 5463
5403 5413 5423 5433 5443 5453 5463
5403 5413 5423 5433 5443 5453 5463
5403 5413 5423 5433 5443 5453 5463
5403 5413 5423 5433 5443 5453 5463
5403 5413 5423 5433 5443 5453 5463
5403 5413 5423 5433 5443 5453 5463
5403 5413 5423 5433 5443 5453 5463
5403 5413 5423 5433 5443 5453 5463
5403 5413 5423 5433 5443 5453 5463
5403 5413 5423 5433 5443 5453 5463
5403 5413 5423 5433 5443 5453 5463
5403 5413 5423 5433 5443 5453 5463
5403 5413 5423 5433 5443 5453 5463
5403 5413 5423 5433 5443 5453 5463
5403 5413 5423 5433 5443 5453 5463
5403 5413 5423 5433 5443 5453 5463
5403 5413 5423 5433 5443 5453 5463
5403 5413 5423 5433 5443 5453 5463
5403 5413 5423 5433 5443 5453 5463
5403 5413 5423 5433 5443 5453 5463
5403 5413 5423 5433 5443 5453 5463
5403 5413 5423 5433 5443 5453 5463
5403 5413 5423 5433 5443 5453 5463
5403 5413 5423 5433 5443 5453 5463
28844 28854 28864 28874 28884 28894 28904
28844 28854 28864 28874 28884 28894 28904
28844 28854 28864 28874 28884 28894 28904
28844 28854 28864 28874 28884 28894 28904
28844 28854 28864 28874 28884 28894 28904
28844 28854 28864 28874 28884 28894 28904
28844 28854 28864 28874 28884 28894 28904
28844 28854 28864 28874 28884 28894 28904
28844 28854 28864 28874 28884 28894 28904
28844 28854 28864 28874 28884 28894 28904
28844 28854 28864 28874 28884 28894 28904
28844 28854 28864 28874 28884 28894 28904
28844 28854 28864 28874 28884 28894 28904
28844 28854 28864 28874 28884 28894 28904
28844 28854 28864 28874 28884 28894 28904
28844 28854 28864 28874 28884 28894 28904
28844 28854 28864 28874 28884 28894 28904
28844 28854 28864 28874 28884 28894 28904
28844 28854 28864 28874 28884 28894 28904
28844 28854 28864 28874 28884 28894 28904
28844 28854 28864 28874 28884 28894 28904
28844 28854 28864 28874 28884 28894 28904
28844 28854 28864 28874 28884 28894 28904
28844 28854 28864 28874 28884 28894 28904
28844 28854 28864 28874 28884 28894 28904
28844 28854 28864 28874 28884 28894 28904
28844 28854 28864 28874 28884 28894 28904
28844 28854 28864 28874 28884 28894 28904
28844 28854 28864 28874 28884 28894 28904
28844 28854 28864 28874 28884 28894 28904
28844 28854 28864 28874 28884 28894 28904
28844 28854 28864 28874 28884 28894 28904
28844 28854 28864 28874 28884 28894 28904
28844 28854 28864 28874 28884 28894 28904
28844 28854 28864 28874 28884 28894 28904
28844 28854 28864 28874 28884 28894 28904
28844 28854 28864 28874 28884 28894 28904
28844 28854 28864 28874 28884 28894 28904
28844 28854 28864 28874 28884 28894 28904
28844 28854 28864 28874 28884 28894 28904
28844 28854 28864 28874 28884 28894 28904
28844 28854 28864 28874 28884 28894 28904
28844 28854 28864 28874 28884 28894 28904
28844 28854 28864 28874 28884 28894 28904
28844 28854 28864 28874 28884 28894 28904
28844 28854 28864 28874 28884 28894 28904
28844 28854 28864 28874 28884 28894 28904
28844 28854 28864 28874 28884 28894 28904
28844 28854 28864 28874 28884 28894 28904
28844 28854 28864 28874 28884 28894 28904
28844 28854 28864 28874 28884 28894 28904
28844 28854 28864 28874 28884 28894 28904
28844 28854 28864 28874 28884 28894 28904
28844 28854 28864 28874 28884 28894 28904
28844 28854 28864 28874 28884 28894 28904
28844 28854 28864 28874 28884 28894 28904
28844 28854 28864 28874 28884 28894 28904
28844 28854 28864 28874 28884 28894 28904
28844 28854 28864 28874 28884 28894 28904
28844 28854 28864 28874 28884 28894 28904
28844 28854 28864 28874 28884 28894 28904
28844 28854 28864 28874 28884 28894 28904
28844 28854 28864 28874 28884 28894 28904
28844 28854 28864 28874 28884 28894 28904
28844 28854 28864 28874 28884 28894 28904
28844 28854 28864 28874 28884 28894 28904
28844 28854 28864 28874 28884 28894 28904
28844 28854 28864 28874 28884 28894 28904
28844 28854 28864 28874 28884 28894 28904
28844 28854 28864 28874 28884 28894 28904
28844 28854 28864 28874 28884 28894 28904
28844 28854 28864 28874 28884 28894 28904
28844 28854 28864 28874 28884 28894 28904
28844 28854 28864 28874 28884 28894 28904
28844 28854 28864 28874 28884 28894 28904
28844 28854 28864 28874 28884 28894 28904
28844 28854 28864 28874 28884 28894 28904
28844 28854 28864 28874 28884 28894 28904
28844 28854 28864 28874 28884 28894 28904
28844 28854 28864 28874 28884 28894 28904
28844 28854 28864 28874 28884 28894 28904
28844 28854 28864 28874 28884 28894 28904
28844 28854 28864 28874 28884 28894 28904
28844 28854 28864 28874 28884 28894 28904
28844 28854 28864 28874 28884 28894 28904
