40 30 50 90 30 40 90 20 40
40 30 50 30 90 90 90 20 50
30 30 20 90 30 30 90 40 20
40 40 20 20 90 40 90 40 20
30 30 30 90 30 60 90 30 30
60 10 90 90 30 90 90 5 90
80 90 45 90 40 90 90 90 35
70 90 5 90 30 90 90 80 80
90 90 90 90 40 90 90 30 80
80 90 70 90 40 60 90 90 10
30 90 90 90 50 90 90 80 70
90 90 90 40 80 60 60 90 90
20 25 20 30 80 60 30 40 40
85 85 85 60 95 80 60 95 95
20 10 25 30 80 60 30 60 60
20 10 25 30 80 60 30 60 60
90 90 95 80 95 90 80 95 95
95 95 95 95 95 95 95 95 95
40 40 40 40 80 60 40 65 50
85 85 85 60 95 80 60 95 95
35 35 35 35 35 35 35 35 35
