84611
84611
84611
84611
84611
84611
84611
84611
84611
84611
84611
84611
84611
84611
84611
84611
84611
84611
84611
84611
84611
84611
84611
84611
84611
84611
84611
84611
84611
84611
64362
64362
64362
64362
64362
64362
64362
64362
64362
64362
64362
64362
64362
64362
64362
64362
64362
64362
64362
64362
64362
64362
64362
64362
64362
64362
64362
64362
64362
64362
64362
64362
64362
64362
64362
64362
64362
64362
64362
64372
64372
64362
64362
64362
64513
64513
64513
64513
64513
64513
64513
64513
64513
64513
64513
64513
64513
64513
64513
64513
64513
64513
64513
64513
64513
64513
64513
64513
64513
64513
64513
64513
