38771
38771
38771
38771
38771
38771
38771
38771
38771
38771
38771
38771
38771
38771
38771
38771
38771
38771
38771
38771
38771
38771
38771
38771
38771
38771
38771
38771
38771
38771
30702
30702
30702
30702
30702
30702
30702
30702
30702
30702
30702
30702
30702
30702
30702
30702
30702
30702
30702
30702
30702
30702
30702
30702
30702
30702
30702
30702
30702
30702
30702
30702
30702
30702
30702
30702
30702
30702
30702
30702
30702
30702
30702
30702
30803
30803
30803
30803
30803
30803
30803
30803
30803
30803
30803
30803
30803
30803
30803
30803
30803
30803
30803
30803
30803
30803
30803
30803
30803
30803
30803
30803
