0 0 0
1 0 1
2 0 2
3 0 3
4 0 4
5 0 5
6 0 6
7 0 7
8 0 8
9 0 9
10 0 10
11 0 11
0 0 0
12 0 12
13 1 13
14 1 14
15 1 15
16 1 16
17 1 17
18 1 18
19 1 19
20 1 20
21 1 21
13 1 13
22 1 22
23 1 23
24 1 24
25 1 25
26 1 26
27 1 27
0 0 0
1 0 1
2 0 2
3 0 3
4 0 4
5 0 5
6 0 6
7 0 7
8 0 8
9 0 9
10 0 10
11 0 11
12 0 12
13 0 13
14 0 14
15 0 15
16 0 16
17 0 17
18 0 18
19 0 19
20 0 20
21 0 21
22 0 22
23 0 23
24 0 24
25 0 25
26 0 26
27 0 27
28 0 28
29 0 29
30 0 30
28 0 28
29 0 29
30 0 30
31 0 31
32 0 32
33 0 33
34 0 34
35 1 35
36 2 36
37 3 37
38 4 38
39 5 39
40 6 40
1 0 1
2 0 2
3 0 3
4 0 4
5 0 5
21 0 21
0 0 0
6 0 6
7 0 7
8 0 8
9 0 9
22 0 22
23 0 23
10 0 10
11 0 11
12 0 12
13 0 13
18 0 18
19 0 19
20 0 20
18 0 18
19 0 19
20 0 20
17 0 17
14 0 14
15 0 15
16 0 16
24 1 24
