29361
29361
29361
29361
29361
29361
29361
29361
29361
29361
29361
29361
29361
29361
29361
29361
29361
29361
29361
29361
29361
29361
29361
29361
29361
29361
29361
29361
29361
29361
122 132 142 152 162 172
122 132 142 152 162 172
122 132 142 152 162 172
122 132 142 152 162 172
122 132 142 152 162 172
122 132 142 152 162 172
122 132 142 152 162 172
122 132 142 152 162 172
122 132 142 152 162 172
122 132 142 152 162 172
122 132 142 152 162 172
122 132 142 152 162 172
122 132 142 152 162 172
122 132 142 152 162 172
122 132 142 152 162 172
122 132 142 152 162 172
122 132 142 152 162 172
122 132 142 152 162 172
122 132 142 152 162 172
122 132 142 152 162 172
122 132 142 152 162 172
122 132 142 152 162 172
122 132 142 152 162 172
122 132 142 152 162 172
122 132 142 152 162 172
122 132 142 152 162 172
122 132 142 152 162 172
122 132 142 152 162 172
122 132 142 152 162 172
122 132 142 152 162 172
122 132 142 152 162 172
122 132 142 152 162 172
122 132 142 152 162 172
122 132 142 152 162 172
122 132 142 152 162 172
122 132 142 152 162 172
122 132 142 152 162 172
122 132 142 152 162 172
122 132 142 152 162 172
122 132 142 152 162 172
122 132 142 152 162 172
122 132 142 152 162 172
122 132 142 152 162 172
122 132 142 152 162 172
122 132 142 152 162 172
122 132 142 152 162 172
122 132 142 152 162 172
122 132 142 152 162 172
122 132 142 152 162 172
122 132 142 152 162 172
122 132 142 152 162 172
122 132 142 152 162 172
122 132 142 152 162 172
122 132 142 152 162 172
122 132 142 152 162 172
122 132 142 152 162 172
122 132 142 152 162 172
122 132 142 152 162 172
122 132 142 152 162 172
122 132 142 152 162 172
122 132 142 152 162 172
122 132 142 152 162 172
122 132 142 152 162 172
122 132 142 152 162 172
122 132 142 152 162 172
122 132 142 152 162 172
22503 22513 22523 22533 22543 22553 22563
22503 22513 22523 22533 22543 22553 22563
22503 22513 22523 22533 22543 22553 22563
22503 22513 22523 22533 22543 22553 22563
22503 22513 22523 22533 22543 22553 22563
22503 22513 22523 22533 22543 22553 22563
22503 22513 22523 22533 22543 22553 22563
22503 22513 22523 22533 22543 22553 22563
22503 22513 22523 22533 22543 22553 22563
22503 22513 22523 22533 22543 22553 22563
22503 22513 22523 22533 22543 22553 22563
22503 22513 22523 22533 22543 22553 22563
22503 22513 22523 22533 22543 22553 22563
22503 22513 22523 22533 22543 22553 22563
22503 22513 22523 22533 22543 22553 22563
22503 22513 22523 22533 22543 22553 22563
22503 22513 22523 22533 22543 22553 22563
22503 22513 22523 22533 22543 22553 22563
22503 22513 22523 22533 22543 22553 22563
22503 22513 22523 22533 22543 22553 22563
22503 22513 22523 22533 22543 22553 22563
22503 22513 22523 22533 22543 22553 22563
22503 22513 22523 22533 22543 22553 22563
22503 22513 22523 22533 22543 22553 22563
22503 22513 22523 22533 22543 22553 22563
22503 22513 22523 22533 22543 22553 22563
22503 22513 22523 22533 22543 22553 22563
22503 22513 22523 22533 22543 22553 22563
22503 22513 22523 22533 22543 22553 22563
22503 22513 22523 22533 22543 22553 22563
22503 22513 22523 22533 22543 22553 22563
22503 22513 22523 22533 22543 22553 22563
22503 22513 22523 22533 22543 22553 22563
22503 22513 22523 22533 22543 22553 22563
22503 22513 22523 22533 22543 22553 22563
22503 22513 22523 22533 22543 22553 22563
22503 22513 22523 22533 22543 22553 22563
22503 22513 22523 22533 22543 22553 22563
22503 22513 22523 22533 22543 22553 22563
22503 22513 22523 22533 22543 22553 22563
22503 22513 22523 22533 22543 22553 22563
22503 22513 22523 22533 22543 22553 22563
22503 22513 22523 22533 22543 22553 22563
22503 22513 22523 22533 22543 22553 22563
22503 22513 22523 22533 22543 22553 22563
22503 22513 22523 22533 22543 22553 22563
22503 22513 22523 22533 22543 22553 22563
22503 22513 22523 22533 22543 22553 22563
22503 22513 22523 22533 22543 22553 22563
22503 22513 22523 22533 22543 22553 22563
22503 22513 22523 22533 22543 22553 22563
22503 22513 22523 22533 22543 22553 22563
22503 22513 22523 22533 22543 22553 22563
22503 22513 22523 22533 22543 22553 22563
22503 22513 22523 22533 22543 22553 22563
22503 22513 22523 22533 22543 22553 22563
22503 22513 22523 22533 22543 22553 22563
22503 22513 22523 22533 22543 22553 22563
22503 22513 22523 22533 22543 22553 22563
22503 22513 22523 22533 22543 22553 22563
22503 22513 22523 22533 22543 22553 22563
22503 22513 22523 22533 22543 22553 22563
22503 22513 22523 22533 22543 22553 22563
22503 22513 22523 22533 22543 22553 22563
22503 22513 22523 22533 22543 22553 22563
22503 22513 22523 22533 22543 22553 22563
22503 22513 22523 22533 22543 22553 22563
22503 22513 22523 22533 22543 22553 22563
22503 22513 22523 22533 22543 22553 22563
22503 22513 22523 22533 22543 22553 22563
22503 22513 22523 22533 22543 22553 22563
22503 22513 22523 22533 22543 22553 22563
22503 22513 22523 22533 22543 22553 22563
22503 22513 22523 22533 22543 22553 22563
22503 22513 22523 22533 22543 22553 22563
22503 22513 22523 22533 22543 22553 22563
22503 22513 22523 22533 22543 22553 22563
22503 22513 22523 22533 22543 22553 22563
22503 22513 22523 22533 22543 22553 22563
22503 22513 22523 22533 22543 22553 22563
22503 22513 22523 22533 22543 22553 22563
22503 22513 22523 22533 22543 22553 22563
22503 22513 22523 22533 22543 22553 22563
22503 22513 22523 22533 22543 22553 22563
22503 22513 22523 22533 22543 22553 22563
23244
23244
23244
23244
23244
23244
23244
23244
23244
23244
23244
23244
23244
23244
23244
23244
23244
23244
23244
23244
23244
23244
23244
23244
23244
23244
23244
23244
