61581
61581
61581
61581
61581
61581
61581
61581
61581
61581
61581
61581
61581
61581
61581
61581
61581
61581
61581
61581
61581
61581
61581
61581
61581
61581
61581
61581
61581
61581
372 382 392 402 412
372 382 392 402 412
372 382 392 402 412
372 382 392 402 412
372 382 392 402 412
372 382 392 402 412
372 382 392 402 412
372 382 392 402 412
372 382 392 402 412
372 382 392 402 412
372 382 392 402 412
372 382 392 402 412
372 382 392 402 412
372 382 392 402 412
372 382 392 402 412
33502 33502 392 33502 412
33502 33502 392 33502 412
33502 33502 392 33502 412
372 382 392 402 412
372 382 392 402 412
372 382 392 402 412
372 382 392 402 412
372 382 392 402 412
372 382 392 402 412
372 382 392 402 412
372 382 392 402 412
372 382 392 402 412
372 382 392 402 412
372 382 392 402 412
372 382 392 402 412
372 382 392 402 412
372 382 392 402 412
372 382 392 402 412
372 382 392 402 412
372 382 392 402 412
372 382 392 402 412
372 382 392 402 412
372 382 392 402 412
372 382 392 402 412
372 382 392 402 412
372 382 392 402 412
372 382 392 402 412
372 382 392 402 412
372 382 392 402 412
372 382 392 402 412
372 382 392 402 412
372 382 392 402 412
902 902 902 902 902
372 382 392 402 412
912 912 912 912 912
922 922 922 922 922
932 932 932 932 932
932 932 932 932 932
932 932 932 932 932
372 382 392 402 412
372 382 392 402 412
372 382 392 402 412
942 942 942 942 942
372 382 392 402 412
372 382 392 402 412
372 382 33512 402 412
372 382 33512 402 412
372 382 33512 402 412
372 382 392 402 412
372 382 392 402 412
372 382 392 402 412
47483 47493 47503 47513 47523 47533 47543 47553
47483 47493 47503 47513 47523 47533 47543 47553
47483 47493 47503 47513 47523 47533 47543 47553
47483 47493 47503 47513 47523 47533 47543 47553
47483 47493 47503 47513 47523 47533 47543 47553
47483 47493 47503 47513 47523 47533 47543 47553
47483 47493 47503 47513 47523 47533 47543 47553
47483 47493 47503 47513 47523 47533 47543 47553
47483 47493 47503 47513 47523 47533 47543 47553
47483 47493 47503 47513 47523 47533 47543 47553
47483 47493 47503 47513 47523 47533 47543 47553
47483 47493 47503 47513 47523 47533 47543 47553
47483 47493 47503 47513 47523 47533 47543 47553
47483 47493 47503 47513 47523 47533 47543 47553
47483 47493 47503 47513 47523 47533 47543 47553
47483 47493 47503 47513 47523 47533 47543 47553
47483 47493 47503 47513 47523 47533 47543 47553
47483 47493 47503 47513 47523 47533 47543 47553
47483 47493 47503 47513 47523 47533 47543 47553
47483 47493 47503 47513 47523 47533 47543 47553
47483 47493 47503 47513 47523 47533 47543 47553
47483 47493 47503 47513 47523 47533 47543 47553
47483 47493 47503 47513 47523 47533 47543 47553
47483 47493 47503 47513 47523 47533 47543 47553
47483 47493 47503 47513 47523 47533 47543 47553
47483 47493 47503 47513 47523 47533 47543 47553
47483 47493 47503 47513 47523 47533 47543 47553
47483 47493 47503 47513 47523 47533 47543 47553
47483 47493 47503 47513 47523 47533 47543 47553
47483 47493 47503 47513 47523 47533 47543 47553
47483 47493 47503 47513 47523 47533 47543 47553
47483 47493 47503 47513 47523 47533 47543 47553
47483 47493 47503 47513 47523 47533 47543 47553
47483 47493 47503 47513 47523 47533 47543 47553
47483 47493 47503 47513 47523 47533 47543 47553
47483 47493 47503 47513 47523 47533 47543 47553
47483 47493 47503 47513 47523 47533 47543 47553
47483 47493 47503 47513 47523 47533 47543 47553
47483 47493 47503 47513 47523 47533 47543 47553
47483 47493 47503 47513 47523 47533 47543 47553
47483 47493 47503 47513 47523 47533 47543 47553
47483 47493 47503 47513 47523 47533 47543 47553
47483 47493 47503 47513 47523 47533 47543 47553
47483 47493 47503 47513 47523 47533 47543 47553
47483 47493 47503 47513 47523 47533 47543 47553
47483 47493 47503 47513 47523 47533 47543 47553
47483 47493 47503 47513 47523 47533 47543 47553
47483 47493 47503 47513 47523 47533 47543 47553
47483 47493 47503 47513 47523 47533 47543 47553
47483 47493 47503 47513 47523 47533 47543 47553
47483 47493 47503 47513 47523 47533 47543 47553
47483 47493 47503 47513 47523 47533 47543 47553
47483 47493 47503 47513 47523 47533 47543 47553
47483 47493 47503 47513 47523 47533 47543 47553
47483 47493 47503 47513 47523 47533 47543 47553
47483 47493 47503 47513 47523 47533 47543 47553
47483 47493 47503 47513 47523 47533 47543 47553
47483 47493 47503 47513 47523 47533 47543 47553
47483 47493 47503 47513 47523 47533 47543 47553
47483 47493 47503 47513 47523 47533 47543 47553
47483 48903 48903 48893 48903 48903 48903 48893
47483 48913 48913 48913 48913 48913 48913 48913
47483 48913 48913 48913 48913 48913 48913 48913
47483 48913 48913 48913 48913 48913 48913 48913
47483 48933 48933 48923 48933 48933 48933 48923
47483 48933 48933 48923 48933 48933 48933 48923
47483 48933 48933 48923 48933 48933 48933 48923
47483 48933 48933 48923 48933 48933 48933 48923
47483 48933 48933 48923 48933 48933 48933 48923
47483 48933 48933 48923 48933 48933 48933 48923
47483 47493 47503 47513 47523 47533 47543 47553
47483 47493 47503 47513 47523 47533 47543 47553
47483 48913 48913 48913 48913 48913 48913 47553
47483 48913 48913 48893 48913 48913 48913 48893
47483 48933 48933 48923 48933 48933 48933 48923
47483 48933 48933 48923 48933 48933 48933 48923
47483 48933 48933 48923 48933 48933 48933 48923
47483 47493 47503 47513 47523 47533 47543 47553
47483 47493 47503 47513 47523 47533 47543 47553
47483 47493 47503 47513 47523 47533 47543 47553
47483 48943 48943 48943 48943 48943 48943 48943
47483 47493 47503 47513 47523 47533 47543 47553
47483 48953 48953 48953 48953 48953 48953 48953
47483 48953 48953 48953 48953 48953 48953 48953
47483 47493 47503 47513 47523 47533 47543 47553
49034
49034
49034
49034
49034
49034
49034
49034
49034
49034
49034
49034
49034
49034
49034
49034
49034
49034
49034
49034
49034
49034
49034
49034
49034
49034
49034
49034
