84601
84601
84601
84601
84601
84601
84601
84601
84601
84601
84601
84601
84601
84601
84601
84601
84601
84601
84601
84601
84601
84601
84601
84601
84601
84601
84601
84601
84601
84601
9102 9112 9122
9102 9112 9122
9102 9112 9122
9102 9112 9122
9102 9112 9122
9102 9112 9122
9102 9112 9122
9102 9112 9122
9102 9112 9122
9102 9112 9122
9102 9112 9122
9102 9112 9122
9102 9112 9122
9102 9112 9122
9102 9112 9122
9102 9112 9122
9102 9112 9122
9102 9112 9122
9102 9112 9122
9102 9112 9122
9102 9112 9122
9102 9112 9122
9102 9112 9122
9102 9112 9122
9102 9112 9122
9102 9112 9122
9102 9112 9122
9102 9112 9122
9102 9112 9122
9102 9112 9122
9102 9112 9122
9102 9112 9122
9102 9112 9122
9102 9112 9122
9102 9112 9122
9102 9112 9122
9102 9112 9122
9132 9132 9132
9142 9142 9142
9102 9112 9122
9102 9112 9122
9102 9112 9122
9102 9112 9122
9102 9112 9122
9102 9112 9122
9102 9112 9122
9102 9112 9122
9102 9112 9122
9102 9112 9122
12843 12853 12863 12873 29713
12843 12853 12863 12873 29713
12843 12853 12863 12873 29713
12843 12853 12863 12873 29713
12843 12853 12863 12873 29713
12843 12853 12863 12873 29713
12843 12853 12863 12873 29713
12843 12853 12863 12873 29713
12843 12853 12863 12873 29713
12843 12853 12863 12873 29713
12843 12853 12863 12873 29713
12843 12853 12863 12873 29713
12843 12853 12863 12873 29713
12843 12853 12863 12873 29713
12843 12853 12863 12873 29713
12843 33923 12863 33923 29713
12843 33923 12863 33923 29713
12843 33923 12863 33923 29713
12843 12853 12863 12873 29713
12843 12853 12863 12873 29713
12843 12853 12863 12873 29713
12843 12853 12863 12873 29713
12843 12853 12863 12873 29713
12843 12853 12863 12873 29713
12843 12853 12863 12873 29713
12843 12853 12863 12873 29713
12843 12853 12863 12873 29713
12843 12853 12863 12873 29713
12843 12853 12863 12873 29713
12843 12853 12863 12873 29713
12843 12853 12863 12873 29713
12843 12853 12863 12873 29713
12843 12853 12863 12873 29713
12843 12853 12863 12873 29713
12843 12853 12863 12873 29713
12843 12853 12863 12873 29713
12843 12853 12863 12873 29713
12843 12853 12863 12873 29713
12843 12853 12863 12873 29713
12843 12853 12863 12873 29713
12843 12853 12863 12873 29713
12843 12853 12863 12873 29713
12843 12853 12863 12873 29713
12843 12853 12863 12873 29713
12843 12853 12863 12873 29713
12843 12853 12863 12873 29713
12843 12853 12863 12873 29713
12893 12893 12893 12893 12893
12843 12853 12863 12873 29713
12903 12903 12903 12903 12903
12913 12913 12913 12913 12913
12923 12923 12923 12923 12923
12923 12923 12923 12923 12923
12923 12923 12923 12923 12923
12843 12853 12863 12873 29713
12843 12853 12863 12873 29713
12843 12853 12863 12873 29713
12933 12933 12933 12933 12933
12843 12853 12863 12873 29713
12843 12853 12863 12873 29713
12843 12853 33933 12873 29713
12843 12853 33933 12873 29713
12843 12853 33933 12873 29713
12843 12853 12863 12873 29713
12843 12853 12863 12873 29713
12843 12853 12863 12873 29713
