38761
38761
38761
38761
38761
38761
38761
38761
38761
38761
38761
38761
38761
38761
38761
38761
38761
38761
38761
38761
38761
38761
38761
38761
38761
38761
38761
38761
38761
38761
2992
2992
2992
2992
2992
2992
2992
2992
2992
2992
2992
2992
2992
2992
2992
2992
2992
2992
2992
2992
2992
2992
2992
2992
2992
2992
2992
2992
2992
2992
2992
2992
2992
2992
2992
2992
2992
2992
2992
2992
2992
2992
2992
2992
2992
2992
2992
2992
2992
4083 4073 4093 4103 4113 14003 14013
4083 4073 4093 4103 4113 14003 14013
4083 4073 4093 4103 4113 14003 14013
4083 4073 4093 4103 4113 14003 14013
4083 4073 4093 4103 4113 14003 14013
4083 4073 4093 4103 4113 14003 14013
4083 4073 4093 4103 4113 14003 14013
4083 4073 4093 4103 4113 14003 14013
4083 4073 4093 4103 4113 14003 14013
4083 4073 4093 4103 4113 14003 14013
4083 4073 4093 4103 4113 14003 14013
4083 4073 4093 4103 4113 14003 14013
4083 4073 4093 4103 4113 14003 14013
4083 4073 4093 4103 4113 14003 14013
4083 4073 4093 4103 4113 14003 14013
4083 4073 4093 4103 4113 14003 14013
4083 4073 4093 4103 4113 14003 14013
4083 4073 4093 4103 4113 14003 14013
4083 4073 4093 4103 4113 14003 14013
4083 4073 4093 4103 4113 14003 14013
4083 4073 4093 4103 4113 14003 14013
4083 4073 4093 4103 4113 14003 14013
4083 4073 4093 4103 4113 14003 14013
4083 4073 4093 4103 4113 14003 14013
4083 4073 4093 4103 4113 14003 14013
4083 4073 4093 4103 4113 14003 14013
4083 4073 4093 4103 4113 14003 14013
4083 4073 4093 4103 4113 14003 14013
4083 4073 4093 4103 4113 14003 14013
4083 4073 4093 4103 4113 14003 14013
4083 4073 4093 4103 4113 14003 14013
4083 4073 4093 4103 4113 14003 14013
4083 4073 4093 4103 4113 14003 14013
4083 4073 4093 4103 4113 14003 14013
4083 4073 4093 4103 4113 14003 14013
4083 4073 4093 4103 4113 14003 14013
4083 4073 4093 4103 4113 14003 14013
4083 4073 4093 4103 4113 14003 14013
4083 4073 4093 4103 4113 14003 14013
4083 4073 4093 4103 4113 14003 14013
4083 4073 4093 4103 4113 14003 14013
4083 4073 4093 4103 4113 14003 14013
4083 4073 4093 4103 4113 14003 14013
4083 4073 4093 4103 4113 14003 14013
4083 4073 4093 4103 4113 14003 14013
4083 4073 4093 4103 4113 14003 14013
4083 4073 4093 4103 4113 14003 14013
4083 4073 4093 4103 4113 14003 14013
4083 4073 4093 4103 4113 14003 14013
4083 4073 4093 4103 4113 14003 14013
4083 4073 4093 4103 4113 14003 14013
4083 4073 4093 4103 4113 14003 14013
4083 4073 4093 4103 4113 14003 14013
4083 4073 4093 4103 4113 14003 14013
4083 4073 4093 4103 4113 14003 14013
4083 4073 4093 4103 4113 14003 14013
4083 4073 4093 4103 4113 14003 14013
4083 4073 4093 4103 4113 14003 14013
4083 4073 4093 4103 4113 14003 14013
4083 4073 4093 4103 4113 14003 14013
4083 4073 4093 4103 4113 14003 14013
4083 4073 4093 4103 4113 14003 14013
4083 4073 4093 4103 4113 14003 14013
4083 4073 4093 4103 4113 14003 14013
4083 4073 4093 4103 4113 14003 14013
4083 4073 4093 4103 4113 14003 14013
