84591
84591
84591
84591
84591
84591
84591
84591
84591
84591
84591
84591
84591
84591
84591
84591
84591
84591
84591
84591
84591
84591
84591
84591
84591
84591
84591
84591
84591
84591
12242 12252 12262 12272 12282 29652
12242 12252 12262 12272 12282 29652
12242 12252 12262 12272 12282 29652
12242 12252 12262 12272 12282 29652
12242 12252 12262 12272 12282 29652
12242 12252 12262 12272 12282 29652
12242 12252 12262 12272 12282 29652
12242 12252 12262 12272 12282 29652
12242 12252 12262 12272 12282 29652
12242 12252 12262 12272 12282 29652
12242 12252 12262 12272 12282 29652
12242 12252 12262 12272 12282 29652
12242 12252 12262 12272 12282 29652
12242 12252 12262 12272 12282 29652
12242 12252 12262 12272 12282 29652
12242 33802 12262 33802 12282 29652
12242 33802 12262 33802 12282 29652
12242 33802 12262 33802 12282 29652
12242 12252 12262 12272 12282 29652
12242 12252 12262 12272 12282 29652
12242 12252 12262 12272 12282 29652
12242 12252 12262 12272 12282 29652
12242 12252 12262 12272 12282 29652
12242 12252 12262 12272 12282 29652
12242 12252 12262 12272 12282 29652
12242 12252 12262 12272 12282 29652
12242 12252 12262 12272 12282 29652
12242 12252 12262 12272 12282 29652
12242 12252 12262 12272 12282 29652
12242 12252 12262 12272 12282 29652
12242 12252 12262 12272 12282 29652
12242 12252 12262 12272 12282 29652
12242 12252 12262 12272 12282 29652
12242 12252 12262 12272 12282 29652
12242 12252 12262 12272 12282 29652
12242 12252 12262 12272 12282 29652
12242 12252 12262 12272 12282 29652
12242 12252 12262 12272 12282 29652
12242 12252 12262 12272 12282 29652
12242 12252 12262 12272 12282 29652
12242 12252 12262 12272 12282 29652
12242 12252 12262 12272 12282 29652
12242 12252 12262 12272 12282 29652
12242 12252 12262 12272 12282 29652
12242 12252 12262 12272 12282 29652
12242 12252 12262 12272 12282 29652
12242 12252 12262 12272 12282 29652
12292 12292 12292 12292 12292 29652
12242 12252 12262 12272 12282 29652
12302 12302 12302 12302 12302 29652
12312 12312 12312 12312 12312 29652
12322 12322 12322 12322 12322 29652
12322 12322 12322 12322 12322 29652
12322 12322 12322 12322 12322 29652
12242 12252 12262 12272 12282 29652
12242 12252 12262 12272 12282 29652
12242 12252 12262 12272 12282 29652
12332 12332 12332 12332 12332 29652
12242 12252 12262 12272 12282 29652
12242 12252 12262 12272 12282 29652
12242 12252 33812 12272 12282 29652
12242 12252 33812 12272 12282 29652
12242 12252 33812 12272 12282 29652
12242 12252 12262 12272 12282 29652
12242 12252 12262 12272 12282 29652
12242 12252 12262 12272 12282 29652
23073 23083 23093 23103 23113 23123 23133
23073 23083 23093 23103 23113 23123 23133
23073 23083 23093 23103 23113 23123 23133
23073 23083 23093 23103 23113 23123 23133
23073 23083 23093 23103 23113 23123 23133
23073 23083 23093 23103 23113 23123 23133
23073 23083 23093 23103 23113 23123 23133
23073 23083 23093 23103 23113 23123 23133
23073 23083 23093 23103 23113 23123 23133
23073 23083 23093 23103 23113 23123 23133
23073 23083 23093 23103 23113 23123 23133
23073 23083 23093 23103 23113 23123 23133
23073 23083 23093 23103 23113 23123 23133
23073 23083 23093 23103 23113 23123 23133
23073 23083 23093 23103 23113 23123 23133
34313 34313 34313 34313 34313 34313 34313
34313 34313 34313 34313 34313 34313 34313
34313 34313 34313 34313 34313 34313 34313
23073 23083 23093 23103 23113 23123 23133
23073 23083 23093 23103 23113 23123 23133
23073 23083 23093 23103 23113 23123 23133
23073 23083 23093 23103 23113 23123 23133
23073 23083 23093 23103 23113 23123 23133
23073 23083 23093 23103 23113 23123 23133
23073 23083 23093 23103 23113 23123 23133
23073 23083 23093 23103 23113 23123 23133
23073 23083 23093 23103 23113 23123 23133
23073 23083 23093 23103 23113 23123 23133
23073 23083 23093 23103 23113 23123 23133
23073 23083 23093 23103 23113 23123 23133
23073 23083 23093 23103 23113 23123 23133
23073 23083 23093 23103 23113 23123 23133
23073 23083 23093 23103 23113 23123 23133
23073 23083 23093 23103 23113 23123 23133
23073 23083 23093 23103 23113 23123 23133
23073 23083 23093 23103 23113 23123 23133
23073 23083 23093 23103 23113 23123 23133
23073 23083 23093 23103 23113 23123 23133
23073 23083 23093 23103 23113 23123 23133
23073 23083 23093 23103 23113 23123 23133
23073 23083 23093 23103 23113 23123 23133
23073 23083 23093 23103 23113 23123 23133
23073 23083 23093 23103 23113 23123 23133
23073 23083 23093 23103 23113 23123 23133
23073 23083 23093 23103 23113 23123 23133
23073 23083 23093 23103 23113 23123 23133
23073 23083 23093 23103 23113 23123 23133
23143 23143 23143 23143 23143 23143 23143 23143
23153 23153 23153 23153 23153 23153 23153 23153
23073 23083 23093 23103 23113 23123 23133
23073 23083 23093 23103 23113 23123 23133
23073 23083 23093 23103 23113 23123 23133
23073 23083 23093 23103 23113 23123 23133
23163 23163 23163 23163 23163 23163 23163 23163
23173 23173 23173 23173 23173 23173 23173 23173
23173 23173 23173 23173 23173 23173 23173 23173
23173 23173 23173 23173 23173 23173 23173 23173
23183 23183 23183 23183 23183 23183 23183 23183
23183 23183 23183 23183 23183 23183 23183 23183
23183 23183 23183 23183 23183 23183 23183 23183
23193 23083 23193 23103 23193 23123 23133
23203 23203 23203 23203 23203 23203 23203 23203
23203 23203 23203 23203 23203 23203 23203 23203
23203 23203 23203 23203 23203 23203 23203 23203
23213 23213 23213 23213 23213 23213 23213 23213
23213 23213 23213 23213 23213 23213 23213 23213
23213 23213 23213 23213 23213 23213 23213 23213
23223 23083 23093 23223 23113 23123 23133
23073 23083 23093 23103 23113 23123 23133
23233 23233 23093 23103 23233 23123 23133
23073 23083 23093 23103 23113 23123 23133
23243 23243 23093 23103 23243 23123 23133
23073 23083 23093 23103 23113 23123 23133
23073 23083 23093 23103 23113 23123 23133
23073 23083 23093 23103 23113 23123 23133
23253 23083 23093 23253 23113 23123 23133
23073 23083 23093 23103 23113 23123 23133
23073 23083 23093 23103 23113 23123 23133
23263 23263 23093 23103 23263 23123 23133
23073 23083 23093 23103 23113 23123 23133
23073 23083 23093 23103 23113 23123 23133
23073 23083 23093 23103 23113 23123 23133
23073 23083 23093 23103 23113 23123 23133
