38751
38751
38751
38751
38751
38751
38751
38751
38751
38751
38751
38751
38751
38751
38751
38751
38751
38751
38751
38751
38751
38751
38751
38751
38751
38751
38751
38751
38751
38751
3722 3712 3732 3742 3752 3762 13942
3722 3712 3732 3742 3752 3762 13942
3722 3712 3732 3742 3752 3762 13942
3722 3712 3732 3742 3752 3762 13942
3722 3712 3732 3742 3752 3762 13942
3722 3712 3732 3742 3752 3762 13942
3722 3712 3732 3742 3752 3762 13942
3722 3712 3732 3742 3752 3762 13942
3722 3712 3732 3742 3752 3762 13942
3722 3712 3732 3742 3752 3762 13942
3722 3712 3732 3742 3752 3762 13942
3722 3712 3732 3742 3752 3762 13942
3722 3712 3732 3742 3752 3762 13942
3722 3712 3732 3742 3752 3762 13942
3722 3712 3732 3742 3752 3762 13942
3722 3712 3732 3742 3752 3762 13942
3722 3712 3732 3742 3752 3762 13942
3722 3712 3732 3742 3752 3762 13942
3722 3712 3732 3742 3752 3762 13942
3722 3712 3732 3742 3752 3762 13942
3722 3712 3732 3742 3752 3762 13942
3722 3712 3732 3742 3752 3762 13942
3722 3712 3732 3742 3752 3762 13942
3722 3712 3732 3742 3752 3762 13942
3722 3712 3732 3742 3752 3762 13942
3722 3712 3732 3742 3752 3762 13942
3722 3712 3732 3742 3752 3762 13942
3722 3712 3732 3742 3752 3762 13942
3722 3712 3732 3742 3752 3762 13942
3722 3712 3732 3742 3752 3762 13942
3722 3712 3732 3742 3752 3762 13942
3722 3712 3732 3742 3752 3762 13942
3722 3712 3732 3742 3752 3762 13942
3722 3712 3732 3742 3752 3762 13942
3722 3712 3732 3742 3752 3762 13942
3722 3712 3732 3742 3752 3762 13942
3722 3712 3732 3742 3752 3762 13942
3722 3712 3732 3742 3752 3762 13942
3722 3712 3732 3742 3752 3762 13942
3722 3712 3732 3742 3752 3762 13942
3722 3712 3732 3742 3752 3762 13942
3722 3712 3732 3742 3752 3762 13942
3722 3712 3732 3742 3752 3762 13942
3722 3712 3732 3742 3752 3762 13942
3722 3712 3732 3742 3752 3762 13942
3722 3712 3732 3742 3752 3762 13942
3722 3712 3732 3742 3752 3762 13942
3722 3712 3732 3742 3752 3762 13942
3722 3712 3732 3742 3752 3762 13942
3722 3712 3732 3742 3752 3762 13942
3722 3712 3732 3742 3752 3762 13942
3722 3712 3732 3742 3752 3762 13942
3722 3712 3732 3742 3752 3762 13942
3722 3712 3732 3742 3752 3762 13942
3722 3712 3732 3742 3752 3762 13942
3722 3712 3732 3742 3752 3762 13942
3722 3712 3732 3742 3752 3762 13942
3722 3712 3732 3742 3752 3762 13942
3722 3712 3732 3742 3752 3762 13942
3722 3712 3732 3742 3752 3762 13942
3722 3712 3732 3742 3752 3762 13942
3722 3712 3732 3742 3752 3762 13942
3722 3712 3732 3742 3752 3762 13942
3722 3712 3732 3742 3752 3762 13942
3722 3712 3732 3742 3752 3762 13942
3722 3712 3732 3742 3752 3762 13942
9473 9483 9493 9503 9513 9523 9533 9543 9553
9473 9483 9493 9503 9513 9523 9533 9543 9553
9473 9483 9493 9503 9513 9523 9533 9543 9553
9473 9483 9493 9503 9513 9523 9533 9543 9553
9473 9483 9493 9503 9513 9523 9533 9543 9553
9473 9483 9493 9503 9513 9523 9533 9543 9553
9473 9483 9493 9503 9513 9523 9533 9543 9553
9473 9483 9493 9503 9513 9523 9533 9543 9553
9473 9483 9493 9503 9513 9523 9533 9543 9553
9473 9483 9493 9503 9513 9523 9533 9543 9553
9473 9483 9493 9503 9513 9523 9533 9543 9553
9473 9483 9493 9503 9513 9523 9533 9543 9553
9473 9483 9493 9503 9513 9523 9533 9543 9553
9473 9483 9493 9503 9513 9523 9533 9543 9553
9473 9483 9493 9503 9513 9523 9533 9543 9553
9473 9483 9493 9503 9513 9523 9533 9543 9553
9473 9483 9493 9503 9513 9523 9533 9543 9553
9473 9483 9493 9503 9513 9523 9533 9543 9553
9473 9483 9493 9503 9513 9523 9533 9543 9553
9473 9483 9493 9503 9513 9523 9533 9543 9553
9473 9483 9493 9503 9513 9523 9533 9543 9553
9473 9483 9493 9503 9513 9523 9533 9543 9553
9473 9483 9493 9503 9513 9523 9533 9543 9553
9473 9483 9493 9503 9513 9523 9533 9543 9553
9473 9483 9493 9503 9513 9523 9533 9543 9553
9473 9483 9493 9503 9513 9523 9533 9543 9553
9473 9483 9493 9503 9513 9523 9533 9543 9553
9473 9483 9493 9503 9513 9523 9533 9543 9553
9473 9483 9493 9503 9513 9523 9533 9543 9553
9473 9483 9493 9503 9513 9523 9533 9543 9553
9473 9483 9493 9503 9513 9523 9533 9543 9553
9473 9483 9493 14123 9513 9523 9533 14813 9553
9473 9483 9493 14123 9513 9523 9533 14813 9553
9473 9483 9493 14123 9513 9523 9533 14813 9553
9473 9483 9493 9503 9513 9523 9533 9543 9553
9473 9483 9493 9503 9513 9523 9533 9543 9553
9473 9483 9493 9503 9513 9523 9533 9543 9553
9473 9483 9493 9503 9513 9523 9533 9543 9553
9473 9483 9493 9503 9513 9523 9533 9543 9553
9473 9483 9493 9503 9513 9523 9533 9543 9553
9473 9483 9493 9503 9513 9523 9533 9543 9553
9473 9483 9493 9503 9513 9523 9533 9543 9553
9473 9483 9493 9503 9513 9523 9533 9543 9553
9473 9483 9493 9503 9513 9523 9533 9543 9553
9473 9483 9493 9503 9513 9523 9533 9543 9553
9473 9483 9493 9503 9513 9523 9533 9543 9553
9473 9483 9493 9503 9513 9523 9533 9543 9553
9473 9483 9493 9503 9513 9523 9533 9543 9553
9473 9483 9493 9503 9513 9523 9533 9543 9553
9473 9483 9493 9503 9513 9523 9533 9543 9553
9473 9483 9493 9503 9513 9523 9533 9543 9553
9473 9483 9493 9503 9513 9523 9533 9543 9553
9473 9483 9493 9503 9513 9523 9533 9543 9553
9473 9483 9493 9503 9513 9523 9533 9543 9553
9473 9483 9493 9503 9513 9523 9533 9543 9553
9473 9483 9493 9503 9513 9523 9533 9543 9553
9473 9483 9493 9503 9513 9523 9533 9543 9553
9473 9483 9493 9503 9513 9523 9533 9543 9553
9473 9483 9493 9503 9513 9523 9533 9543 9553
9473 9483 9493 9503 9513 9523 9533 9543 9553
9473 9483 9493 9503 9513 9523 9533 9543 9553
9473 9483 9493 9503 9513 9523 9533 9543 9553
9473 9483 9493 9503 9513 9523 9533 9543 9553
9473 9483 9493 9503 9513 9523 9533 9543 9553
9473 9483 9493 9503 9513 9523 9533 9543 9553
9473 9483 9493 9503 9513 9523 9533 9543 9553
9473 9483 9493 9503 9513 9523 9533 9543 9553
9473 9483 9493 14123 9513 9523 9533 14813 9553
9473 9483 9493 14123 9513 9523 9533 14813 9553
9473 9483 9493 9503 9513 9523 9533 9543 9553
9473 9483 9493 9503 9513 9523 9533 9543 9553
9473 9483 9493 9503 9513 9523 9533 9543 9553
9473 9483 9493 9503 9513 9523 9533 9543 9553
9473 9483 9493 9503 9513 9523 9533 9543 9553
9473 9483 9493 9503 9513 9523 9533 9543 9553
9473 9483 9493 14123 9513 9523 9533 14813 9553
9473 9483 9493 14123 9513 9523 9533 14813 9553
9473 9483 9493 9503 9513 9523 9533 9543 9553
9473 9483 9493 9503 9513 9523 9533 9543 9553
9473 9483 9493 9503 9513 9523 9533 9543 9553
9473 9483 9493 9503 9513 9523 9533 9543 9553
9473 9483 9493 9503 9513 9523 9533 9543 9553
9473 9483 9493 9503 9513 9523 9533 9543 9553
