84621
84621
84621
84621
84621
84621
84621
84621
84621
84621
84621
84621
84621
84621
84621
84621
84621
84621
84621
84621
84621
84621
84621
84621
84621
84621
84621
84621
84621
84621
8352 8362 8372
8352 8362 8372
8352 8362 8372
8352 8362 8372
8352 8362 8372
8352 8362 8372
8352 8362 8372
8352 8362 8372
8352 8362 8372
8352 8362 8372
8352 8362 8372
8352 8362 8372
8352 8362 8372
8352 8362 8372
8352 8362 8372
8352 8362 8372
8352 8362 8372
8352 8362 8372
8352 8362 8372
8352 8362 8372
8352 8362 8372
8352 8362 8372
8352 8362 8372
8352 8362 8372
8352 8362 8372
8352 8362 8372
8352 8362 8372
8352 8362 8372
8352 8362 8372
8352 8362 8372
8352 8362 8372
8352 8362 8372
8352 8362 8372
8352 8362 8372
8352 8362 8372
8352 8362 8372
8352 8362 8372
8382 8382 8382
8392 8392 8392
8352 8362 8372
8352 8362 8372
8352 8362 8372
8352 8362 8372
8352 8362 8372
8352 8362 8372
8352 8362 8372
8352 8362 8372
8352 8362 8372
8352 8362 8372
21833 21843 21853 21863 21873
21833 21843 21853 21863 21873
21833 21843 21853 21863 21873
21833 21843 21853 21863 21873
21833 21843 21853 21863 21873
21833 21843 21853 21863 21873
21833 21843 21853 21863 21873
21833 21843 21853 21863 21873
21833 21843 21853 21863 21873
21833 21843 21853 21863 21873
21833 21843 21853 21863 21873
21833 21843 21853 21863 21873
21833 21843 21853 21863 21873
21833 21843 21853 21863 21873
21833 21843 21853 21863 21873
21833 21843 21853 21863 21873
21833 21843 21853 21863 21873
21833 21843 21853 21863 21873
21833 21843 21853 21863 21873
21833 21843 21853 21863 21873
21833 21843 21853 21863 21873
21833 21843 21853 21863 21873
21833 21843 21853 21863 21873
21833 21843 21853 21863 21873
21833 21843 21853 21863 21873
21833 21843 21853 21863 21873
21833 21843 21853 21863 21873
21833 21843 21853 21863 21873
21833 21843 21853 21863 21873
21833 21843 21853 21863 21873
21833 21843 21853 21863 21873
21833 21843 21853 21863 21873
21833 21843 21853 21863 21873
21833 21843 21853 21863 21873
21833 21843 21853 21863 21873
21833 21843 21853 21863 21873
21833 21843 21853 21863 21873
21833 21843 21853 21863 21873
21833 21843 21853 21863 21873
21833 21843 21853 21863 21873
21833 21843 21853 21863 21873
21833 21843 21853 21863 21873
21833 21843 21853 21863 21873
21833 21843 21853 21863 21873
21833 21843 21853 21863 21873
21833 21843 21853 21863 21873
21833 21843 21853 21863 21873
21833 21843 21853 21863 21873
21833 21843 21853 21863 21873
21833 21843 21883 21883 21883 21883
21833 21843 21883 21883 21883 21883
21833 21843 21883 21883 21883 21883
21833 21843 34873 34873 34873 34873
21833 21843 34873 34873 34873 34873
21833 21843 34873 34873 34873 34873
21833 21843 21893 21893 21893 21893
21833 21843 21893 21893 21893 21893
21833 21843 34883 34883 34883 34883
21833 21843 34883 34883 34883 34883
21833 21843 21853 21863 21873
21833 21843 21853 21863 21873
21833 21843 21853 21863 21873
21833 21843 21853 21863 21873
21833 21843 21853 21863 21873
21833 21843 21853 21863 21873
21833 21843 21853 21863 21873
21833 21843 21853 21863 21873
21833 21843 21853 21863 21873
21833 21843 21853 21863 21873
21833 21843 21853 21863 21873
21833 21843 21853 21863 21873
21833 21843 21853 21863 21873
77234 77244 77254 77264 77274
77234 77244 77254 77264 77274
77234 77244 77254 77264 77274
77234 77244 77254 77264 77274
77234 77244 77254 77264 77274
77234 77244 77254 77264 77274
77234 77244 77254 77264 77274
77234 77244 77254 77264 77274
77234 77244 77254 77264 77274
77234 77244 77254 77264 77274
77234 77244 77254 77264 77274
77234 77244 77254 77264 77274
77234 77244 77254 77264 77274
77234 77244 77254 77264 77274
77234 77244 77254 77264 77274
77234 77244 77254 77264 77354
77234 77244 77254 77264 77354
77234 77244 77254 77264 77354
77234 77244 77254 77264 77274
77234 77244 77254 77264 77274
77234 77244 77254 77264 77274
77234 77244 77254 77264 77274
77234 77244 77254 77264 77274
77234 77244 77254 77264 77274
77234 77244 77254 77264 77274
77234 77244 77254 77264 77274
77234 77244 77254 77264 77274
77234 77244 77254 77264 77274
77234 77244 77254 77264 77274
77234 77244 77254 77264 77274
77234 77244 77254 77264 77274
77234 77244 77254 77264 77274
77234 77244 77254 77264 77274
77234 77244 77254 77264 77274
77234 77244 77254 77264 77274
77234 77244 77254 77264 77274
77234 77244 77254 77264 77274
77234 77244 77254 77264 77274
77234 77244 77254 77264 77274
77234 77244 77254 77264 77274
77234 77244 77254 77264 77274
77234 77244 77254 77264 77274
77234 77244 77254 77264 77274
77234 77244 77254 77264 77274
77234 77244 77254 77264 77274
77234 77244 77254 77264 77274
77234 77244 77254 77264 77274
77234 77284 77284 77264 77284
77234 77244 77254 77264 77274
77234 77244 77254 77264 77274
77234 77244 77254 77264 77274
77234 77244 77254 77264 77274
77234 77244 77254 77264 77274
77234 77244 77254 77264 77274
77234 77244 77254 77264 77274
77234 77244 77254 77264 77274
77234 77244 77254 77264 77274
77234 77244 77254 77264 77274
77234 77244 77254 77264 77274
77324 77324 77324 77264 77274
77234 77244 77254 77264 77274
77234 77244 77254 77264 77274
77334 77334 77334 77264 77274
77344 77344 77344 77344 77344
77344 77344 77344 77344 77344
77344 77344 77344 77344 77344
77234 77284 77284 77264 77284
77234 77244 77254 77264 77274
77234 77244 77254 77264 77294
77234 77244 77254 77264 77294
77234 77344 77344 77344 77344
77234 77344 77344 77344 77344
77234 77344 77344 77344 77344
77234 77244 77254 77264 77274
77234 77244 77254 77264 77294
77234 77244 77254 77264 77294
77234 77244 77254 77264 77274
79735 79785 79795 79805
79735 79785 79795 79805
79735 79785 79795 79805
79735 79785 79795 79805
79735 79785 79795 79805
79735 79785 79795 79805
79735 79785 79795 79805
79735 79785 79795 79805
79735 79785 79795 79805
79735 79785 79795 79805
79735 79785 79795 79805
79735 79785 79795 79805
79735 79785 79795 79805
79735 79785 79795 79805
79735 79785 79795 79805
79735 79785 79795 79805
79735 79785 79795 79805
79735 79785 79795 79805
79735 79785 79795 79805
79735 79785 79795 79805
79735 79785 79795 79805
79735 79785 79795 79805
79735 79785 79795 79805
79735 79785 79795 79805
79735 79785 79795 79805
79735 79785 79795 79805
79735 79785 79795 79805
79735 79785 79795 79805
79735 79785 79795 79805
79735 79785 79795 79805
79735 79785 79795 79805
79735 79785 79795 79805
79735 79785 79795 79805
79735 79785 79795 79805
79735 79785 79795 79805
79735 79785 79795 79805
79735 79785 79795 79805
79735 79785 79795 79805
79745 79745 79745 79745
79755 79755 79755 79755
79735 79785 79795 79805
79765 79765 79765 79765
79765 79765 79765 79765
79735 79785 79795 79805
79735 79785 79795 79805
79775 79775 79775 79775
79735 79785 79795 79805
79735 79785 79795 79805
79735 79785 79795 79805
79735 79785 79795 79805
