38781
38781
38781
38781
38781
38781
38781
38781
38781
38781
38781
38781
38781
38781
38781
38781
38781
38781
38781
38781
38781
38781
38781
38781
38781
38781
38781
38781
38781
38781
2842
2842
2842
2842
2842
2842
2842
2842
2842
2842
2842
2842
2842
2842
2842
2842
2842
2842
2842
2842
2842
2842
2842
2842
2842
2842
2842
2842
2842
2842
2842
2842
2842
2842
2842
2842
2842
2842
2842
2842
2842
2842
2842
2842
2842
2842
2842
2842
2842
8453 8463 8473 8483 8493 8503 8513
8453 8463 8473 8483 8493 8503 8513
8453 8463 8473 8483 8493 8503 8513
8453 8463 8473 8483 8493 8503 8513
8453 8463 8473 8483 8493 8503 8513
8453 8463 8473 8483 8493 8503 8513
8453 8463 8473 8483 8493 8503 8513
8453 8463 8473 8483 8493 8503 8513
8453 8463 8473 8483 8493 8503 8513
8453 8463 8473 8483 8493 8503 8513
8453 8463 8473 8483 8493 8503 8513
8453 8463 8473 8483 8493 8503 8513
8453 8463 8473 8483 8493 8503 8513
8453 8463 8473 8483 8493 8503 8513
8453 8463 8473 8483 8493 8503 8513
8453 8463 8473 8483 8493 8503 8513
8453 8463 8473 8483 8493 8503 8513
8453 8463 8473 8483 8493 8503 8513
8453 8463 8473 8483 8493 8503 8513
8453 8463 8473 8483 8493 8503 8513
8453 8463 8473 8483 8493 8503 8513
8453 8463 8473 8483 8493 8503 8513
8453 8463 8473 8483 8493 8503 8513
8453 8463 8473 8483 8493 8503 8513
8453 8463 8473 8483 8493 8503 8513
8453 8463 8473 8483 8493 8503 8513
8453 8463 8473 8483 8493 8503 8513
8453 8463 8473 8483 8493 8503 8513
8453 8463 8473 8483 8493 8503 8513
8453 8463 8473 8483 8493 8503 8513
8453 8463 8473 8483 8493 8503 8513
8453 8463 8473 8483 8493 8503 8513
8453 8463 8473 8483 8493 8503 8513
8453 15583 8473 15583 15583 8503 8513 15583
8453 15583 8473 15583 15583 8503 8513 15583
8453 15583 8473 15583 15583 8503 8513 15583
8453 15583 8473 15583 15583 8503 8513 15583
8453 15583 8473 15583 15583 8503 8513 15583
8453 15583 8473 15583 15583 8503 8513 15583
8453 8463 8473 8483 8493 8503 8513
8453 8463 8473 8483 8493 8503 8513
8453 8463 8473 8483 8493 8503 8513
8453 8463 8473 8483 8493 8503 8513
8453 8463 8473 8483 8493 8503 8513
8453 8463 8473 8483 8493 8503 8513
8453 8463 8473 8483 8493 8503 8513
8453 8463 8473 8483 8493 8503 8513
8453 8463 8473 8483 8493 8503 8513
8453 8463 8473 8483 8493 8503 8513
8453 8463 8473 8483 8493 8503 8513
8453 8463 8473 8483 8493 8503 8513
8453 8463 8473 8483 8493 8503 8513
8453 8463 8473 8483 8493 8503 8513
8453 8463 8473 8483 8493 8503 8513
8453 8463 8473 8483 8493 8503 8513
8453 8463 8473 8483 8493 8503 8513
8453 8463 8473 8483 8493 8503 8513
8453 8463 8473 8483 8493 8503 8513
8453 8463 8473 8483 8493 8503 8513
8453 8463 8473 8483 8493 8503 8513
8453 8463 8473 8483 8493 8503 8513
8453 8463 8473 8483 8493 8503 8513
8453 8463 8473 8483 8493 8503 8513
8453 8463 8473 8483 8493 8503 8513
8453 8463 8473 8483 8493 8503 8513
8453 8463 8473 8483 8493 8503 8513
8453 8463 8473 8483 8493 8503 8513
8453 8463 8473 8483 8493 8503 8513
8453 8463 8473 8483 8493 8503 8513
8453 8463 8473 8483 8493 8503 8513
8453 8463 8473 8483 8493 8503 8513
8453 8463 8473 8483 8493 8503 8513
35894 35904 35914 35924 35944 35934
35894 35904 35914 35924 35944 35934
35894 35904 35914 35924 35944 35934
35894 35904 35914 35924 35944 35934
35894 35904 35914 35924 35944 35934
35894 35904 35914 35924 35944 35934
35894 35904 35914 35924 35944 35934
35894 35904 35914 35924 35944 35934
35894 35904 35914 35924 35944 35934
35894 35904 35914 35924 35944 35934
35894 35904 35914 35924 35944 35934
35894 35904 35914 35924 35944 35934
35894 35904 35914 35924 35944 35934
35894 35904 35914 35924 35944 35934
35894 35904 35914 35924 35944 35934
35894 35904 35914 35924 35944 35934
35894 35904 35914 35924 35944 35934
35894 35904 35914 35924 35944 35934
35894 35904 35914 35924 35944 35934
35894 35904 35914 35924 35944 35934
35894 35904 35914 35924 35944 35934
35894 35904 35914 35924 35944 35934
35894 35904 35914 35924 35944 35934
35894 35904 35914 35924 35944 35934
35894 35904 35914 35924 35944 35934
35894 35904 35914 35924 35944 35934
35894 35904 35914 35924 35944 35934
35894 35904 35914 35924 35944 35934
35894 35904 35914 35924 35944 35934
35894 35904 35914 35924 35944 35934
35894 35904 35914 35924 35944 35934
35894 35904 35914 35924 35944 35934
35894 35904 35914 35924 35944 35934
35894 35904 35914 35924 35944 35934
35894 35904 35914 35924 35944 35934
35894 35904 35914 35924 35944 35934
35894 35904 35914 35924 35944 35934
35894 35904 35914 35924 35944 35934
35894 35904 35914 35924 35944 35934
35894 35904 35914 35924 35944 35934
35894 35904 35914 35924 35944 35934
35894 35904 35914 35924 35944 35934
35894 35904 35914 35924 35944 35934
35894 35904 35914 35924 35944 35934
35894 35904 35914 35924 35944 35934
35894 35904 35914 35924 35944 35934
35894 35904 35914 35924 35944 35934
35894 35904 35914 35924 35944 35934
35894 35904 35914 35924 35944 35934
35894 35904 35914 35924 35944 35934
35894 35904 35914 35924 35944 35934
35894 35904 35914 35924 35944 35934
35894 35904 35914 35924 35944 35934
35894 35904 35914 35924 35944 35934
35894 35904 35914 35924 35944 35934
35894 35904 35914 35924 35944 35934
35894 35904 35914 35924 35944 35934
35894 35904 35914 35924 35944 35934
35894 35904 35914 35924 35944 35934
35894 35904 35914 35924 35944 35934
35894 35904 35914 35924 35944 35934
35894 35904 35914 35924 35944 35934
35894 35904 35914 35924 35944 35934
35894 35904 35914 35924 35944 35934
35894 35904 35914 35924 35944 35934
35894 35904 35914 35924 35944 35934
35894 35904 35914 35924 35944 35934
35894 35904 35914 35924 35944 35934
35894 35904 35914 35924 35944 35934
35894 35904 35914 35924 35944 35934
35894 35904 35914 35924 35944 35934
35894 35904 35914 35924 35944 35934
35894 35904 35914 35924 35944 35934
35894 35904 35914 35924 35944 35934
35894 35904 35914 35924 35944 35934
35894 35904 35914 35924 35944 35934
35894 35904 35914 35924 35944 35934
37135
37135
37135
37135
37135
37135
37135
37135
37135
37135
37135
37135
37135
37135
37135
37135
37135
37135
37135
37135
37135
37135
37135
37135
37135
37135
37135
37135
37135
37135
37135
37135
37135
37135
37135
37135
37135
37135
37135
37135
37135
37135
37135
37135
37135
37135
37135
37135
37135
37135
