38781
38781
38781
38781
38781
38781
38781
38781
38781
38781
38781
38781
38781
38781
38781
38781
38781
38781
38781
38781
38781
38781
38781
38781
38781
38781
38781
38781
38781
38781
25842 25852 25862 25872 25882 25892 25902
25842 25852 25862 25872 25882 25892 25902
25842 25852 25862 25872 25882 25892 25902
25842 25852 25862 25872 25882 25892 25902
25842 25852 25862 25872 25882 25892 25902
25842 25852 25862 25872 25882 25892 25902
25842 25852 25862 25872 25882 25892 25902
25842 25852 25862 25872 25882 25892 25902
25842 25852 25862 25872 25882 25892 25902
25842 25852 25862 25872 25882 25892 25902
25842 25852 25862 25872 25882 25892 25902
25842 25852 25862 25872 25882 25892 25902
25842 25852 25862 25872 25882 25892 25902
25842 25852 25862 25872 25882 25892 25902
25842 25852 25862 25872 25882 25892 25902
25842 25852 25862 25872 25882 25892 25902
25842 25852 25862 25872 25882 25892 25902
25842 25852 25862 25872 25882 25892 25902
25842 25852 25862 25872 25882 25892 25902
25842 25852 25862 25872 25882 25892 25902
25842 25852 25862 25872 25882 25892 25902
25842 25852 25862 25872 25882 25892 25902
25842 25852 25862 25872 25882 25892 25902
25842 25852 25862 25872 25882 25892 25902
25842 25852 25862 25872 25882 25892 25902
25842 25852 25862 25872 25882 25892 25902
25842 25852 25862 25872 25882 25892 25902
25842 25852 25862 25872 25882 25892 25902
25842 25852 25862 25872 25882 25892 25902
25842 25852 25862 25872 25882 25892 25902
25842 25852 25862 25872 25882 25892 25902
25842 25852 25862 25872 25882 25892 25902
25842 25852 25862 25872 25882 25892 25902
25842 25852 25862 25872 25882 25892 25902
25842 25852 25862 25872 25882 25892 25902
25842 25852 25862 25872 25882 25892 25902
25842 25852 25862 25872 25882 25892 25902
25842 25852 25862 25872 25882 25892 25902
25842 25852 25862 25872 25882 25892 25902
25842 25852 25862 25872 25882 25892 25902
25842 25852 25862 25872 25882 25892 25902
25842 25852 25862 25872 25882 25892 25902
25842 25852 25862 25872 25882 25892 25902
25842 25852 25862 25872 25882 25892 25902
25842 25852 25862 25872 25882 25892 25902
25842 25852 25862 25872 25882 25892 25902
25842 25852 25862 25872 25882 25892 25902
25842 25852 25862 25872 25882 25892 25902
25842 25852 25862 25872 25882 25892 25902
25842 25852 25862 25872 25882 25892 25902
25842 25852 25862 25872 25882 25892 25902
25842 25852 25862 25872 25882 25892 25902
25842 25852 25862 25872 25882 25892 25902
25842 25852 25862 25872 25882 25892 25902
25842 25852 25862 25872 25882 25892 25902
25842 25852 25862 25872 25882 25892 25902
25842 25852 25862 25872 25882 25892 25902
25842 25852 25862 25872 25882 25892 25902
25842 25852 25862 25872 25882 25892 25902
25842 25852 25862 25872 25882 25892 25902
25842 25852 25862 25872 25882 25892 25902
25842 25852 25862 25872 25882 25892 25902
25842 25852 25862 25872 25882 25892 25902
25842 25852 25862 25872 25882 25892 25902
25842 25852 25862 25872 25882 25892 25902
25842 25852 25862 25872 25882 25892 25902
25842 25852 25862 25872 25882 25892 25902
25842 25852 25862 25872 25882 25892 25902
25842 25852 25862 25872 25882 25892 25902
25842 25852 25862 25872 25882 25892 25902
25842 25852 25862 25872 25882 25892 25902
25842 25852 25862 25872 25882 25892 25902
25842 25852 25862 25872 25882 25892 25902
25842 25852 25862 25872 25882 25892 25902
25842 25852 25862 25872 25882 25892 25902
25842 25852 25862 25872 25882 25892 25902
25842 25852 25862 25872 25882 25892 25902
25842 25852 25862 25872 25882 25892 25902
25842 25852 25862 25872 25882 25892 25902
25842 25852 25862 25872 25882 25892 25902
25842 25852 25862 25872 25882 25892 25902
25842 25852 25862 25872 25882 25892 25902
25842 25852 25862 25872 25882 25892 25902
25842 25852 25862 25872 25882 25892 25902
25842 25852 25862 25872 25882 25892 25902
36803 36813 36823 36833 36843 36853 36863
36803 36813 36823 36833 36843 36853 36863
36803 36813 36823 36833 36843 36853 36863
36803 36813 36823 36833 36843 36853 36863
36803 36813 36823 36833 36843 36853 36863
36803 36813 36823 36833 36843 36853 36863
36803 36813 36823 36833 36843 36853 36863
36803 36813 36823 36833 36843 36853 36863
36803 36813 36823 36833 36843 36853 36863
36803 36813 36823 36833 36843 36853 36863
36803 36813 36823 36833 36843 36853 36863
36803 36813 36823 36833 36843 36853 36863
36803 36813 36823 36833 36843 36853 36863
36803 36813 36823 36833 36843 36853 36863
36803 36813 36823 36833 36843 36853 36863
36803 36813 36823 36833 36843 36853 36863
36803 36813 36823 36833 36843 36853 36863
36803 36813 36823 36833 36843 36853 36863
36803 36813 36823 36833 36843 36853 36863
36803 36813 36823 36833 36843 36853 36863
36803 36813 36823 36833 36843 36853 36863
36803 36813 36823 36833 36843 36853 36863
36803 36813 36823 36833 36843 36853 36863
36803 36813 36823 36833 36843 36853 36863
36803 36813 36823 36833 36843 36853 36863
36803 36813 36823 36833 36843 36853 36863
36803 36813 36823 36833 36843 36853 36863
36803 36813 36823 36833 36843 36853 36863
36803 36813 36823 36833 36843 36853 36863
36803 36813 36823 36833 36843 36853 36863
36803 36813 36823 36833 36843 36853 36863
36803 36813 36823 36833 36843 36853 36863
36803 36813 36823 36833 36843 36853 36863
36803 36813 36823 36833 36843 36853 36863
36803 36813 36823 36833 36843 36853 36863
36803 36813 36823 36833 36843 36853 36863
36803 36813 36823 36833 36843 36853 36863
36803 36813 36823 36833 36843 36853 36863
36803 36813 36823 36833 36843 36853 36863
36803 36813 36823 36833 36843 36853 36863
36803 36813 36823 36833 36843 36853 36863
36803 36813 36823 36833 36843 36853 36863
36803 36813 36823 36833 36843 36853 36863
36803 36813 36823 36833 36843 36853 36863
36803 36813 36823 36833 36843 36853 36863
36803 36813 36823 36833 36843 36853 36863
36803 36813 36823 36833 36843 36853 36863
36803 36813 36823 36833 36843 36853 36863
36803 36813 36823 36833 36843 36853 36863
36803 36813 36823 36833 36843 36853 36863
36803 36813 36823 36833 36843 36853 36863
36803 36813 36823 36833 36843 36853 36863
36803 36813 36823 36833 36843 36853 36863
36803 36813 36823 36833 36843 36853 36863
36803 36813 36823 36833 36843 36853 36863
36803 36813 36823 36833 36843 36853 36863
36803 36813 36823 36833 36843 36853 36863
36803 36813 36823 36833 36843 36853 36863
36803 36813 36823 36833 36843 36853 36863
36803 36813 36823 36833 36843 36853 36863
36803 36813 36823 36833 36843 36853 36863
36803 36813 36823 36833 36843 36853 36863
36803 36813 36823 36833 36843 36853 36863
