84621
84621
84621
84621
84621
84621
84621
84621
84621
84621
84621
84621
84621
84621
84621
84621
84621
84621
84621
84621
84621
84621
84621
84621
84621
84621
84621
84621
84621
84621
53592 53602 53612 53622 53632 53642 53652 53662
53592 53602 53612 53622 53632 53642 53652 53662
53592 53602 53612 53622 53632 53642 53652 53662
53592 53602 53612 53622 53632 53642 53652 53662
53592 53602 53612 53622 53632 53642 53652 53662
53592 53602 53612 53622 53632 53642 53652 53662
53592 53602 53612 53622 53632 53642 53652 53662
53592 53602 53612 53622 53632 53642 53652 53662
53592 53602 53612 53622 53632 53642 53652 53662
53592 53602 53612 53622 53632 53642 53652 53662
53592 53602 53612 53622 53632 53642 53652 53662
53592 53602 53612 53622 53632 53642 53652 53662
53592 53602 53612 53622 53632 53642 53652 53662
53592 53602 53612 53622 53632 53642 53652 53662
53592 53602 53612 53622 53632 53642 53652 53662
53592 53602 53612 53622 53632 53642 53652 53662
53592 53602 53612 53622 53632 53642 53652 53662
53592 53602 53612 53622 53632 53642 53652 53662
53592 53602 53612 53622 53632 53642 53652 53662
53592 53602 53612 53622 53632 53642 53652 53662
53592 53602 53612 53622 53632 53642 53652 53662
53592 53602 53612 53622 53632 53642 53652 53662
53592 53602 53612 53622 53632 53642 53652 53662
53592 53602 53612 53622 53632 53642 53652 53662
53592 53602 53612 53622 53632 53642 53652 53662
53592 53602 53612 53622 53632 53642 53652 53662
53592 53602 53612 53622 53632 53642 53652 53662
53592 53602 53612 53622 53632 53642 53652 53662
53592 53602 53612 53622 53632 53642 53652 53662
53592 53602 53612 53622 53632 53642 53652 53662
53592 53602 53612 53622 53632 53642 53652 53662
53592 53602 53612 53622 53632 53642 53652 53662
53592 53602 53612 53622 53632 53642 53652 53662
53592 53602 53612 53622 53632 53642 53652 53662
53592 53602 53612 53622 53632 53642 53652 53662
53592 53602 53612 53622 53632 53642 53652 53662
53592 53602 53612 53622 53632 53642 53652 53662
53592 53602 53612 53622 53632 53642 53652 53662
53592 53602 53612 53622 53632 53642 53652 53662
53592 53602 53612 53622 53632 53642 53652 53662
53592 53602 53612 53622 53632 53642 53652 53662
53592 53602 53612 53622 53632 53642 53652 53662
53592 53602 53612 53622 53632 53642 53652 53662
53592 53602 53612 53622 53632 53642 53652 53662
53592 53602 53612 53622 53632 53642 53652 53662
53592 53602 53612 53622 53632 53642 53652 53662
53592 53602 53612 53622 53632 53642 53652 53662
53592 53602 53612 53622 53632 53642 53652 53662
53592 53602 53612 53622 53632 53642 53652 53662
53592 53602 53612 53622 53632 53642 53652 53662
53592 53602 53612 53622 53632 53642 53652 53662
53592 53602 53612 53622 53632 53642 53652 53662
53592 53602 53612 53622 53632 53642 53652 53662
53592 53602 53612 53622 53632 53642 53652 53662
53592 53602 53612 53622 53632 53642 53652 53662
53592 53602 53612 53622 53632 53642 53652 53662
53592 53602 53612 53622 53632 53642 53652 53662
53592 53602 53612 53622 53632 53642 53652 53662
53592 53602 53612 53622 53632 53642 53652 53662
53592 53602 53612 53622 53632 53642 53652 53662
53592 53682 53682 53672 53682 53682 53682 53672
53592 53692 53692 53692 53692 53692 53692 53692
53592 53692 53692 53692 53692 53692 53692 53692
53592 53692 53692 53692 53692 53692 53692 53692
53592 53712 53712 53702 53712 53712 53712 53702
53592 53712 53712 53702 53712 53712 53712 53702
53592 53712 53712 53702 53712 53712 53712 53702
53592 53712 53712 53702 53712 53712 53712 53702
53592 53712 53712 53702 53712 53712 53712 53702
53592 53712 53712 53702 53712 53712 53712 53702
53592 53602 53612 53622 53632 53642 53652 53662
53592 53602 53612 53622 53632 53642 53652 53662
53592 53692 53692 53692 53692 53692 53692 53662
53592 53692 53692 53672 53692 53692 53692 53672
53592 53712 53712 53702 53712 53712 53712 53702
53592 53712 53712 53702 53712 53712 53712 53702
53592 53712 53712 53702 53712 53712 53712 53702
53592 53602 53612 53622 53632 53642 53652 53662
53592 53602 53612 53622 53632 53642 53652 53662
53592 53602 53612 53622 53632 53642 53652 53662
53592 53722 53722 53722 53722 53722 53722 53722
53592 53602 53612 53622 53632 53642 53652 53662
53592 53732 53732 53732 53732 53732 53732 53732
53592 53732 53732 53732 53732 53732 53732 53732
53592 53602 53612 53622 53632 53642 53652 53662
78923 78963 78973 78983 78993 79003 79013
78923 78963 78973 78983 78993 79003 79013
78923 78963 78973 78983 78993 79003 79013
78923 78963 78973 78983 78993 79003 79013
78923 78963 78973 78983 78993 79003 79013
78923 78963 78973 78983 78993 79003 79013
78923 78963 78973 78983 78993 79003 79013
78923 78963 78973 78983 78993 79003 79013
78923 78963 78973 78983 78993 79003 79013
78923 78963 78973 78983 78993 79003 79013
78923 78963 78973 78983 78993 79003 79013
78923 78963 78973 78983 78993 79003 79013
78923 78963 78973 78983 78993 79003 79013
78923 78963 78973 78983 78993 79003 79013
78923 78963 78973 78983 78993 79003 79013
78923 78963 78973 78983 78993 79003 79013
78923 78963 78973 78983 79023 79003 79013
78923 78963 78973 78983 79023 79003 79013
78923 78963 78973 78983 78993 79003 79013
78923 78963 78973 78983 78993 79003 79013
78923 78963 78973 78983 78993 79003 79013
78923 78963 78973 78983 78993 79003 79013
78923 78963 78973 78983 78993 79003 79013
78923 78963 78973 78983 78993 79003 79013
78923 78963 78973 78983 78993 79003 79013
78923 78963 78973 78983 78993 79003 79013
78923 78963 78973 78983 78993 79003 79013
78923 78963 78973 78983 78993 79003 79013
78923 78963 78973 78983 78993 79003 79013
78923 78963 78973 78983 78993 79003 79013
78923 78963 78973 78983 78993 79003 79013
78923 78963 78973 78983 78993 79003 79013
78923 78963 78973 78983 78993 79003 79013
78923 78963 78973 78983 78993 79003 79013
78923 78963 78973 78983 78993 79003 79013
78923 78963 78973 78983 78993 79003 79013
78923 78963 78973 78983 78993 79003 79013
78923 78963 78973 78983 78993 79003 79013
78923 78963 78973 78983 78993 79003 79013
78923 78963 78973 78983 78993 79003 79013
78923 78963 78973 78983 78993 79003 79013
78923 78963 78973 78983 78993 79003 79013
78923 78963 78973 78983 78993 79003 79013
78923 78963 78973 78983 78993 79003 79013
78923 78963 78973 78983 78993 79003 79013
78933 78933 78933 78933 78933 78933 78933
78943 78943 78943 78943 78943 78943 78943
78923 78963 78973 78983 78993 79003 79013
78953 78953 78953 78953 79023 78953 78953
78953 78953 78953 78953 78953 78953 78953
78923 78963 78973 78983 78993 79003 79013
78923 78963 78973 78983 78993 79003 79013
78923 78963 78973 78983 78993 79003 79013
78923 78963 78973 78983 78993 79003 79013
78923 78963 78973 78983 78993 79003 79013
78923 78963 78973 78983 78993 79003 79013
78923 78963 78973 78983 78993 79003 79013
78923 78963 78973 78983 78993 79003 79013
78923 78963 78973 78983 78993 79003 79013
78923 78963 78973 78983 78993 79003 79013
78923 78963 78973 78983 78993 79003 79013
78923 78963 78973 78983 78993 79003 79013
79033 79033 79033 79033 79033 79033 79033
