84581
84581
84581
84581
84581
84581
84581
84581
84581
84581
84581
84581
84581
84581
84581
84581
84581
84581
84581
84581
84581
84581
84581
84581
84581
84581
84581
84581
84581
84581
5872 5922 5932 5942
5872 5922 5932 5942
5872 5922 5932 5942
5872 5922 5932 5942
5872 5922 5932 5942
5872 5922 5932 5942
5872 5922 5932 5942
5872 5922 5932 5942
5872 5922 5932 5942
5872 5922 5932 5942
5872 5922 5932 5942
5872 5922 5932 5942
5872 5922 5932 5942
5872 5922 5932 5942
5872 5922 5932 5942
5872 5922 5932 5942
5872 5922 5932 5942
5872 5922 5932 5942
5872 5922 5932 5942
5872 5922 5932 5942
5872 5922 5932 5942
5872 5922 5932 5942
5872 5922 5932 5942
5872 5922 5932 5942
5872 5922 5932 5942
5872 5922 5932 5942
5872 5922 5932 5942
5872 5922 5932 5942
5872 5922 5932 5942
5872 5922 5932 5942
5872 5922 5932 5942
5872 5922 5932 5942
5872 5922 5932 5942
5872 5922 5932 5942
5872 5922 5932 5942
5872 5922 5932 5942
5872 5922 5932 5942
5872 5922 5932 5942
5882 5882 5882 5882
5892 5892 5892 5892
5872 5922 5932 5942
5902 5902 5902 5902
5902 5902 5902 5902
5872 5922 5932 5942
5872 5922 5932 5942
5912 5912 5912 5912
5872 5922 5932 5942
5872 5922 5932 5942
5872 5922 5932 5942
5872 5922 5932 5942
13443 13463 13473 13483 13493
13443 13463 13473 13483 13493
13443 13463 13473 13483 13493
13443 13463 13473 13483 13493
13443 13463 13473 13483 13493
13443 13463 13473 13483 13493
13443 13463 13473 13483 13493
13443 13463 13473 13483 13493
13443 13463 13473 13483 13493
13443 13463 13473 13483 13493
13443 13463 13473 13483 13493
13443 13463 13473 13483 13493
13443 13463 13473 13483 13493
13443 13463 13473 13483 13493
13443 13463 13473 13483 13493
13443 13463 13473 13483 34033
13443 13463 13473 13483 34033
13443 13463 13473 13483 34033
13443 13463 13473 13483 13493
13443 13463 13473 13483 13493
13443 13463 13473 13483 13493
13443 13463 13473 13483 13493
13443 13463 13473 13483 13493
13443 13463 13473 13483 13493
13443 13463 13473 13483 13493
13443 13463 13473 13483 13493
13443 13463 13473 13483 13493
13443 13463 13473 13483 13493
13443 13463 13473 13483 13493
13443 13463 13473 13483 13493
13443 13463 13473 13483 13493
13443 13463 13473 13483 13493
13443 13463 13473 13483 13493
13443 13463 13473 13483 13493
13443 13463 13473 13483 13493
13443 13463 13473 13483 13493
13443 13463 13473 13483 13493
13443 13463 13473 13483 13493
13443 13463 13473 13483 13493
13443 13463 13473 13483 13493
13443 13463 13473 13483 13493
13443 13463 13473 13483 13493
13443 13463 13473 13483 13493
13443 13463 13473 13483 13493
13443 13463 13473 13483 13493
13443 13463 13473 13483 13493
13443 13463 13473 13483 13493
13453 13453 13453 13483 13493
13443 13463 13473 13483 13493
13443 13463 13473 13483 13493
13443 13463 13473 13483 13493
13443 13463 13473 13483 13493
13443 13463 13473 13483 13493
13443 13463 13473 13483 13493
13443 13463 13473 13483 13493
13443 13463 13473 13483 13493
13443 13523 13473 13483 13493
13443 13463 13473 13483 13493
13443 13463 13473 13483 13493
13533 13533 13533 13483 13493
13443 13463 13473 13483 13493
13443 13463 13473 13483 13493
28583 28583 28583 13483 13493
28593 28593 28593 28593 28593
28593 28593 28593 28593 28593
28593 28593 28593 28593 28593
13443 13463 13473 13483 13493
64304
64304
64304
64304
64304
64304
64304
64304
64304
64304
64304
64304
64304
64304
64304
64304
64304
64304
64304
64304
64304
64304
64304
64304
64304
64304
64304
64304
64304
64304
64304
64304
64304
64304
64304
64304
64304
64304
64304
64314
64314
64304
64304
64304
