38741
38741
38741
38741
38741
38741
38741
38741
38741
38741
38741
38741
38741
38741
38741
38741
38741
38741
38741
38741
38741
38741
38741
38741
38741
38741
38741
38741
38741
38741
2282
2282
2282
2282
2282
2282
2282
2282
2282
2282
2282
2282
2282
2282
2282
2282
2282
2282
2282
2282
2282
2282
2282
2282
2282
2282
2282
2282
2282
2282
2282
2282
2282
2282
2282
2282
2282
2282
2282
2282
2282
2282
2282
2282
2282
2282
2282
2282
2282
2282
4433 4443 4453 4463 4483 4473
4433 4443 4453 4463 4483 4473
4433 4443 4453 4463 4483 4473
4433 4443 4453 4463 4483 4473
4433 4443 4453 4463 4483 4473
4433 4443 4453 4463 4483 4473
4433 4443 4453 4463 4483 4473
4433 4443 4453 4463 4483 4473
4433 4443 4453 4463 4483 4473
4433 4443 4453 4463 4483 4473
4433 4443 4453 4463 4483 4473
4433 4443 4453 4463 4483 4473
4433 4443 4453 4463 4483 4473
4433 4443 4453 4463 4483 4473
4433 4443 4453 4463 4483 4473
4433 4443 4453 4463 4483 4473
4433 4443 4453 4463 4483 4473
4433 4443 4453 4463 4483 4473
4433 4443 4453 4463 4483 4473
4433 4443 4453 4463 4483 4473
4433 4443 4453 4463 4483 4473
4433 4443 4453 4463 4483 4473
4433 4443 4453 4463 4483 4473
4433 4443 4453 4463 4483 4473
4433 4443 4453 4463 4483 4473
4433 4443 4453 4463 4483 4473
4433 4443 4453 4463 4483 4473
4433 4443 4453 4463 4483 4473
4433 4443 4453 4463 4483 4473
4433 4443 4453 4463 4483 4473
4433 4443 4453 4463 4483 4473
4433 4443 4453 4463 4483 4473
4433 4443 4453 4463 4483 4473
4433 4443 4453 4463 4483 4473
4433 4443 4453 4463 4483 4473
4433 4443 4453 4463 4483 4473
4433 4443 4453 4463 4483 4473
4433 4443 4453 4463 4483 4473
4433 4443 4453 4463 4483 4473
4433 4443 4453 4463 4483 4473
4433 4443 4453 4463 4483 4473
4433 4443 4453 4463 4483 4473
4433 4443 4453 4463 4483 4473
4433 4443 4453 4463 4483 4473
4433 4443 4453 4463 4483 4473
4433 4443 4453 4463 4483 4473
4433 4443 4453 4463 4483 4473
4433 4443 4453 4463 4483 4473
4433 4443 4453 4463 4483 4473
4433 4443 4453 4463 4483 4473
4433 4443 4453 4463 4483 4473
4433 4443 4453 4463 4483 4473
4433 4443 4453 4463 4483 4473
4433 4443 4453 4463 4483 4473
4433 4443 4453 4463 4483 4473
4433 4443 4453 4463 4483 4473
4433 4443 4453 4463 4483 4473
4433 4443 4453 4463 4483 4473
4433 4443 4453 4463 4483 4473
4433 4443 4453 4463 4483 4473
4433 4443 4453 4463 4483 4473
4433 4443 4453 4463 4483 4473
4433 4443 4453 4463 4483 4473
4433 4443 4453 4463 4483 4473
4433 4443 4453 4463 4483 4473
4433 4443 4453 4463 4483 4473
4433 4443 4453 4463 4483 4473
30674
30674
30674
30674
30674
30674
30674
30674
30674
30674
30674
30674
30674
30674
30674
30674
30674
30674
30674
30674
30674
30674
30674
30674
30674
30674
30674
30674
30674
30674
30674
30674
30674
30674
30674
30674
30674
30674
30674
30674
30674
30674
30674
30674
