84621
84621
84621
84621
84621
84621
84621
84621
84621
84621
84621
84621
84621
84621
84621
84621
84621
84621
84621
84621
84621
84621
84621
84621
84621
84621
84621
84621
84621
84621
50472 50482 50492 50502 50512 50522 50532 50542 50552 50702
50472 50482 50492 50502 50512 50522 50532 50542 50552 50702
50472 50482 50492 50502 50512 50522 50532 50542 50552 50702
50472 50482 50492 50502 50512 50522 50532 50542 50552 50702
50472 50482 50492 50682 50512 50522 50532 50682 50552 50702
50472 50482 50492 50502 50512 50522 50532 50542 50552 50702
50472 50482 50492 50502 50512 50522 50532 50542 50552 50702
50472 50482 50492 50682 50512 50522 50532 50682 50552 50702
50472 50482 50492 50502 50512 50522 50532 50542 50552 50702
50472 50482 50492 50502 50512 50522 50532 50542 50552 50702
50472 50482 50492 50502 50512 50522 50532 50542 50552 50702
50472 50482 50492 50502 50512 50522 50532 50542 50552 50702
50472 50482 50492 50502 50512 50522 50532 50542 50552 50702
50472 50482 50492 50502 50512 50522 50532 50542 50552 50702
50472 50482 50492 50502 50512 50522 50532 50542 50552 50702
50472 50482 50492 50502 50512 50522 50532 50542 50552 50702
50472 50682 50682 50682 50682 50682 50532 50682 50552 50702
50472 50482 50492 50502 50512 50522 50532 50542 50552 50702
50472 50482 50492 50502 50512 50522 50532 50542 50552 50702
50472 50482 50492 50682 50682 50522 50532 50682 50552 50702
50472 50482 50492 50502 50512 50522 50532 50542 50552 50702
50472 50482 50492 50502 50512 50522 50532 50542 50552 50702
50472 50482 50492 50682 50512 50522 50532 50682 50552 50702
50472 50482 50492 50502 50512 50522 50532 50542 50552 50702
50472 50482 50492 50502 50512 50522 50532 50542 50552 50702
50472 50482 50492 50502 50512 50522 50532 50542 50552 50702
50472 50482 50492 50502 50512 50522 50532 50542 50552 50702
50472 50482 50492 50502 50512 50522 50532 50542 50552 50702
50472 50482 50492 50502 50512 50522 50532 50542 50552 50702
50472 50482 50492 50502 50512 50522 50532 50542 50552 50702
50472 50482 50492 50502 50512 50522 50532 50542 50552 50702
50472 50482 50492 50502 50512 50522 50532 50542 50552 50702
50472 50482 50492 50502 50512 50522 50532 50542 50552 50702
50472 50482 50492 50502 50512 50522 50532 50542 50552 50702
50472 50482 50492 50502 50512 50522 50532 50542 50552 50702
50472 50482 50492 50502 50512 50522 50532 50542 50552 50702
50472 50482 50492 50502 50512 50522 50532 50542 50552 50702
50472 50482 50492 50502 50512 50522 50532 50542 50552 50702
50472 50482 50492 50502 50512 50522 50532 50542 50552 50702
50472 50482 50492 50502 50512 50522 50532 50542 50552 50702
50472 50482 50492 50502 50512 50522 50532 50542 50552 50702
50472 50482 50492 50502 50512 50522 50532 50542 50552 50702
50472 50482 50492 50502 50512 50522 50532 50542 50552 50702
50472 50482 50492 50502 50512 50522 50532 50542 50552 50702
50472 50482 50492 50502 50512 50522 50532 50542 50552 50702
50472 50482 50492 50502 50512 50522 50532 50542 50552 50702
50472 50482 50492 50502 50512 50522 50532 50542 50552 50702
50472 50482 50492 50502 50562 50522 50532 50542 50552 50562
50472 50482 50492 50502 50562 50522 50532 50542 50552 50562
50472 50482 50492 50572 50572 50582 50532 50582 50552 50572
50472 50482 50492 50572 50572 50582 50532 50582 50552 50572
50472 50482 50492 50572 50572 50582 50532 50582 50552 50572
50472 50482 50492 50572 50572 50582 50532 50582 50552 50572
50472 50482 50492 50502 50512 50522 50532 50542 50552 50702
50472 50482 50492 50592 50512 50522 50532 50542 50552 50702
50472 50482 50492 50592 50512 50622 50532 50622 50552 50702
50472 50482 50492 50502 50512 50522 50532 50542 50552 50702
50472 50482 50492 50502 50512 50522 50532 50542 50552 50702
50472 50482 50492 50502 50512 50622 50532 50622 50552 50702
50472 50602 50602 50602 50602 50602 50532 50602 50552 50702
50472 50602 50602 50602 50602 50602 50532 50602 50552 50702
50472 50692 50692 50692 50692 50692 50532 50692 50552 50702
50472 50692 50692 50692 50692 50692 50532 50692 50552 50702
50472 50482 50492 50502 50512 50522 50532 50542 50552 50702
50472 50612 50612 50612 50612 50612 50532 50612 50612 50612
50472 50482 50492 50502 50512 50522 50532 50542 50552 50702
50472 50482 50492 50502 50512 50522 50532 50542 50552 50702
50472 50482 50492 50502 50512 50522 50532 50542 50552 50702
50472 50482 50492 50622 50622 50522 50532 50622 50552 50702
50472 50482 50492 50622 50622 50522 50532 50622 50552 50702
50472 50482 50492 50502 50512 50522 50532 50542 50552 50702
50472 50482 50492 50622 50622 50522 50532 50622 50552 50702
50472 50482 50492 50622 50622 50522 50532 50622 50552 50702
50472 50482 50492 50502 50512 50522 50532 50632 50552 50702
50472 50482 50492 50502 50512 50522 50532 50632 50552 50702
50472 50482 50492 50642 50642 50652 50532 50652 50552 50642
50472 50482 50492 50642 50642 50652 50532 50652 50552 50642
50472 50482 50492 50642 50642 50652 50532 50652 50552 50642
50472 50482 50492 50642 50642 50652 50532 50652 50552 50642
50472 50482 50492 50642 50642 50652 50532 50652 50552 50642
50472 50482 50492 50502 50512 50522 50532 50542 50552 50702
50472 50482 50492 50502 50512 50522 50532 50542 50552 50702
50472 50482 50492 50502 50512 50522 50532 50542 50552 50702
50472 50482 50492 50502 50512 50522 50532 50542 50552 50702
50472 50482 50492 50502 50512 50522 50532 50542 50552 50702
50472 50482 50492 50662 50512 50662 50532 50662 50552 50702
50472 50482 50492 50662 50512 50662 50532 50662 50552 50702
50472 50482 50492 50502 50672 50522 50532 50542 50552 50702
50472 50482 50492 50502 50672 50522 50532 50542 50552 50702
67813 67823 67833 67843 67853 67863 67873 67883
67813 67823 67833 67843 67853 67863 67873 67883
67813 67823 67833 67843 67853 67863 67873 67883
67813 67823 67833 67843 67853 67863 67873 67883
67813 67823 67833 67843 67853 67863 67873 67883
67813 67823 67833 67843 67853 67863 67873 67883
67813 67823 67833 67843 67853 67863 67873 67883
67813 67823 67833 67843 67853 67863 67873 67883
67813 67823 67833 67843 67853 67863 67873 67883
67813 67823 67833 67843 67853 67863 67873 67883
67813 67823 67833 67843 67853 67863 67873 67883
67813 67823 67833 67843 67853 67863 67873 67883
67813 67823 67833 67843 67853 67863 67873 67883
67813 67823 67833 67843 67853 67863 67873 67883
67813 67823 67833 67843 67853 67863 67873 67883
67813 67823 67833 67843 67853 67863 67873 67883
67813 67823 67833 67843 67853 67863 67873 67883
67813 67823 67833 67843 67853 67863 67873 67883
67813 67823 67833 67843 67853 67863 67873 67883
67813 67823 67833 67843 67853 67863 67873 67883
67813 67823 67833 67843 67853 67863 67873 67883
67813 67823 67833 67843 67853 67863 67873 67883
67813 67823 67833 67843 67853 67863 67873 67883
67813 67823 67833 67843 67853 67863 67873 67883
67813 67823 67833 67843 67853 67863 67873 67883
67813 67823 67833 67843 67853 67863 67873 67883
67813 67823 67833 67843 67853 67863 67873 67883
67813 67823 67833 67843 67853 67863 67873 67883
67813 67823 67833 67843 67853 67863 67873 67883
67813 67823 67833 67843 67853 67863 67873 67883
67813 67823 67833 67843 67853 67863 67873 67883
67813 67823 67833 67843 67853 67863 67873 67883
67813 67823 67833 67843 67853 67863 67873 67883
67813 67823 67833 67843 67853 67863 67873 67883
67813 67823 67833 67843 67853 67863 67873 67883
67813 67823 67833 67843 67853 67863 67873 67883
67813 67823 67833 67843 67853 67863 67873 67883
67813 67823 67833 67843 67853 67863 67873 67883
67813 67823 67833 67843 67853 67863 67873 67883
67813 67823 67833 67843 67853 67863 67873 67883
67813 67823 67833 67843 67853 67863 67873 67883
67813 67823 67833 67843 67853 67863 67873 67883
67813 67823 67833 67843 67853 67863 67873 67883
67813 67823 67833 67843 67853 67863 67873 67883
67813 67823 67893 67843 67893 67863 67873 67883
67813 67823 67893 67843 67893 67863 67873 67883
67813 67823 67993 67843 67853 67863 67873 67883
67813 67823 67993 67843 67853 67863 67873 67883
67813 67823 67903 67843 67903 67863 67873 67883
67813 67823 67993 67843 67853 67863 67873 67883
67813 67823 67833 67843 67853 67863 67873 67883
67813 67823 67903 67843 67903 67863 67873 67883
67813 67823 67913 67843 67913 67863 67873 67883
67813 68003 68003 67843 67853 68003 67873 67883
67813 68003 68003 67843 67853 68003 67873 67883
67813 68003 68003 67843 67853 68003 67873 67883
67813 68013 68013 67843 67853 68013 67873 67883
67813 68013 68013 67843 67853 68013 67873 67883
67813 67923 67923 67843 67853 67923 67873 67883
67813 67923 67923 67843 67853 67923 67873 67883
67813 68003 68003 67843 67853 68003 67873 67883
67813 68003 68003 67843 67853 68003 67873 67883
67813 68013 68013 67843 67853 68013 67873 67883
67813 67923 67923 67843 67853 67923 67873 67883
67813 67923 67923 67843 67853 67923 67873 67883
67813 67933 67933 67843 67853 67933 67873 67883
67813 67933 67933 67843 67853 67933 67873 67883
67813 67933 67933 67843 67853 67933 67873 67883
67813 67933 67933 67843 67853 67933 67873 67883
67813 67933 67933 67843 67853 67933 67873 67883
67813 67933 67933 67843 67853 67933 67873 67883
67813 67823 67953 67843 67853 68013 67873 67883
67813 67823 67953 67843 67853 68013 67873 67883
67813 67823 67953 67843 67853 68013 67873 67883
67813 67823 67953 67843 67853 68013 67873 67883
67813 67823 67953 67843 67853 68013 67873 67883
67813 67823 67953 67843 67853 68013 67873 67883
67813 67823 67963 67843 67853 67863 67873 67883
67813 67823 67963 67843 67853 67863 67873 67883
67813 67973 67833 67843 67853 67863 67873 67883
67813 67973 67833 67843 67853 67863 67873 67883
67813 67973 67833 67843 67853 67863 67873 67883
67813 67973 67833 67843 67853 67863 67873 67883
67813 67973 67833 67843 67853 67863 67873 67883
67813 67823 67983 67843 67983 67863 67873 67883
67813 67823 67983 67843 67983 67863 67873 67883
67813 67823 67983 67843 67983 67863 67873 67883
67813 67823 67833 67843 67853 67863 67873 67883
67813 67823 67833 67843 67853 67863 67873 67883
