45728 62303 13342 29916
2828 3094 3359 3624
1768 1933 2099 2265
7779 8508 9237 9967
3182 3480 3779 4077
3182 3480 3779 4077
7072 7735 8398 9061
2828 3094 3359 3624
3536 3867 4199 4530
2828 3094 3359 3624
7779 8508 9237 9967
3182 3480 3779 4077
3182 3480 3779 4077
7072 7735 8398 9061
1768 1933 2099 2265
3536 3867 4199 4530
2828 3094 3359 3624
7779 8508 9237 9967
3182 3480 3779 4077
3182 3480 3779 4077
7072 7735 8398 9061
1768 1933 2099 2265
4596 5027 5458 5889
2828 3094 3359 3624
10608 11602 12597 13591
4950 5414 5878 6342
4950 5414 5878 6342
7072 7735 8398 9061
2828 3094 3359 3624
