40 30 50 40 40 40 90 20 40
60 60 60 80 80 80 90 60 60
10 5 15 60 60 60 90 90 10
90 90 90 70 70 70 90 90 90
55 55 55 40 40 40 90 5 5
25 40 40 90 90 90 90 90 90
90 90 90 90 90 90 90 90 90
90 90 90 70 70 70 90 90 90
5 5 5 60 60 60 90 5 5
80 80 80 80 80 80 80 80 80
30 30 30 60 60 60 60 60 30
80 80 80 80 80 80 80 80 80
80 80 80 80 80 80 80 60 80
40 50 30 60 60 60 60 40 40
50 80 80 80 80 80 80 80 80
70 40 80 60 60 60 60 80 80
100 100 100 100 100 100 100 100 100
0 0 0 0 0 0 0 0 0
40 40 40 50 75 75 50 70 50
75 75 75 50 75 75 50 75 75
50 50 50 50 75 75 50 40 40
75 75 75 50 75 75 50 75 75
75 75 50 50 75 75 50 75 75
40 75 75 50 75 75 50 75 75
75 40 75 50 75 75 50 50 75
75 75 75 50 75 75 50 75 75
35 35 35 35 35 35 35 35 35
