40 30 50 40 40 40 90 20 40
60 60 60 80 80 80 90 60 60
10 5 15 60 60 60 90 90 50
90 90 90 70 70 70 90 90 90
80 80 80 40 40 40 90 5 5
80 90 90 90 90 90 90 90 90
90 30 20 60 60 60 90 10 90
90 90 90 70 70 70 90 90 90
5 5 5 60 60 60 90 5 5
80 80 80 80 80 80 80 80 80
30 30 30 60 60 60 60 30 30
80 80 80 80 80 80 80 80 80
30 30 30 60 60 60 60 30 30
40 50 30 60 60 60 60 40 40
30 50 50 80 80 80 80 80 80
70 40 80 60 60 60 60 80 80
100 100 100 100 100 100 100 100 100
0 0 0 0 0 0 0 0 0
20 20 20 50 75 75 50 50 50
75 75 75 50 75 75 50 75 75
20 20 20 30 75 75 30 30 30
75 75 75 50 75 75 50 75 75
75 75 50 50 75 75 50 75 75
40 75 75 50 75 75 50 75 75
75 30 75 40 75 75 40 40 75
75 75 75 50 75 75 50 75 75
35 35 35 35 35 35 35 35 35
