84631
84631
84631
84631
84631
84631
84631
84631
84631
84631
84631
84631
84631
84631
84631
84631
84631
84631
84631
84631
84631
84631
84631
84631
84631
84631
84631
84631
84631
84631
6272 6322 6332 6342
6272 6322 6332 6342
6272 6322 6332 6342
6272 6322 6332 6342
6272 6322 6332 6342
6272 6322 6332 6342
6272 6322 6332 6342
6272 6322 6332 6342
6272 6322 6332 6342
6272 6322 6332 6342
6272 6322 6332 6342
6272 6322 6332 6342
6272 6322 6332 6342
6272 6322 6332 6342
6272 6322 6332 6342
6272 6322 6332 6342
6272 6322 6332 6342
6272 6322 6332 6342
6272 6322 6332 6342
6272 6322 6332 6342
6272 6322 6332 6342
6272 6322 6332 6342
6272 6322 6332 6342
6272 6322 6332 6342
6272 6322 6332 6342
6272 6322 6332 6342
6272 6322 6332 6342
6272 6322 6332 6342
6272 6322 6332 6342
6272 6322 6332 6342
6272 6322 6332 6342
6272 6322 6332 6342
6272 6322 6332 6342
6272 6322 6332 6342
6272 6322 6332 6342
6272 6322 6332 6342
6272 6322 6332 6342
6272 6322 6332 6342
6282 6282 6282 6282
6292 6292 6292 6292
6272 6322 6332 6342
6302 6302 6302 6302
6302 6302 6302 6302
6272 6322 6332 6342
6272 6322 6332 6342
6312 6312 6312 6312
6272 6322 6332 6342
6272 6322 6332 6342
6272 6322 6332 6342
6272 6322 6332 6342
6833 6883 6893 6903
6833 6883 6893 6903
6833 6883 6893 6903
6833 6883 6893 6903
6833 6883 6893 6903
6833 6883 6893 6903
6833 6883 6893 6903
6833 6883 6893 6903
6833 6883 6893 6903
6833 6883 6893 6903
6833 6883 6893 6903
6833 6883 6893 6903
6833 6883 6893 6903
6833 6883 6893 6903
6833 6883 6893 6903
6833 6883 6893 6903
6833 6883 6893 6903
6833 6883 6893 6903
6833 6883 6893 6903
6833 6883 6893 6903
6833 6883 6893 6903
6833 6883 6893 6903
6833 6883 6893 6903
6833 6883 6893 6903
6833 6883 6893 6903
6833 6883 6893 6903
6833 6883 6893 6903
6833 6883 6893 6903
6833 6883 6893 6903
6833 6883 6893 6903
6833 6883 6893 6903
6833 6883 6893 6903
6833 6883 6893 6903
6833 6883 6893 6903
6833 6883 6893 6903
6833 6883 6893 6903
6833 6883 6893 6903
6833 6883 6893 6903
6843 6843 6843 6843
6853 6853 6853 6853
6833 6883 6893 6903
6863 6863 6863 6863
6863 6863 6863 6863
6833 6883 6893 6903
6833 6883 6893 6903
6873 6873 6873 6873
6833 6883 6893 6903
6833 6883 6893 6903
6833 6883 6893 6903
6833 6883 6893 6903
14844 14864 14874 14884 14894
14844 14864 14874 14884 14894
14844 14864 14874 14884 14894
14844 14864 14874 14884 14894
14844 14864 14874 14884 14894
14844 14864 14874 14884 14894
14844 14864 14874 14884 14894
14844 14864 14874 14884 14894
14844 14864 14874 14884 14894
14844 14864 14874 14884 14894
14844 14864 14874 14884 14894
14844 14864 14874 14884 14894
14844 14864 14874 14884 14894
14844 14864 14874 14884 14894
14844 14864 14874 14884 14894
14844 14864 14874 14884 34174
14844 14864 14874 14884 34174
14844 14864 14874 14884 34174
14844 14864 14874 14884 14894
14844 14864 14874 14884 14894
14844 14864 14874 14884 14894
14844 14864 14874 14884 14894
14844 14864 14874 14884 14894
14844 14864 14874 14884 14894
14844 14864 14874 14884 14894
14844 14864 14874 14884 14894
14844 14864 14874 14884 14894
14844 14864 14874 14884 14894
14844 14864 14874 14884 14894
14844 14864 14874 14884 14894
14844 14864 14874 14884 14894
14844 14864 14874 14884 14894
14844 14864 14874 14884 14894
14844 14864 14874 14884 14894
14844 14864 14874 14884 14894
14844 14864 14874 14884 14894
14844 14864 14874 14884 14894
14844 14864 14874 14884 14894
14844 14864 14874 14884 14894
14844 14864 14874 14884 14894
14844 14864 14874 14884 14894
14844 14864 14874 14884 14894
14844 14864 14874 14884 14894
14844 14864 14874 14884 14894
14844 14864 14874 14884 14894
14844 14864 14874 14884 14894
14844 14864 14874 14884 14894
14854 14854 14854 14884 14894
14844 14864 14874 14884 14894
14844 14864 14874 14884 14894
14844 14864 14874 14884 14894
14844 14864 14874 14884 14894
14844 14864 14874 14884 14894
14844 14864 14874 14884 14894
14844 14864 14874 14884 14894
14844 14864 14874 14884 14894
14844 14924 14874 14884 14894
14844 14864 14874 14884 14894
14844 14864 14874 14884 14894
14934 14934 14934 14884 14894
14844 14864 14874 14884 14894
14844 14864 14874 14884 14894
28864 28864 28864 14884 14894
28874 28874 28874 28874 28874
28874 28874 28874 28874 28874
28874 28874 28874 28874 28874
14844 14864 14874 14884 14894
77755 77765 77775 77785 77795 77805 77815 77825 77835 77985
77755 77765 77775 77785 77795 77805 77815 77825 77835 77985
77755 77765 77775 77785 77795 77805 77815 77825 77835 77985
77755 77765 77775 77785 77795 77805 77815 77825 77835 77985
77755 77765 77775 77965 77795 77805 77815 77965 77835 77985
77755 77765 77775 77785 77795 77805 77815 77825 77835 77985
77755 77765 77775 77785 77795 77805 77815 77825 77835 77985
77755 77765 77775 77965 77795 77805 77815 77965 77835 77985
77755 77765 77775 77785 77795 77805 77815 77825 77835 77985
77755 77765 77775 77785 77795 77805 77815 77825 77835 77985
77755 77765 77775 77785 77795 77805 77815 77825 77835 77985
77755 77765 77775 77785 77795 77805 77815 77825 77835 77985
77755 77765 77775 77785 77795 77805 77815 77825 77835 77985
77755 77765 77775 77785 77795 77805 77815 77825 77835 77985
77755 77765 77775 77785 77795 77805 77815 77825 77835 77985
77755 77765 77775 77785 77795 77805 77815 77825 77835 77985
77755 77965 77965 77965 77965 77965 77815 77965 77835 77985
77755 77765 77775 77785 77795 77805 77815 77825 77835 77985
77755 77765 77775 77785 77795 77805 77815 77825 77835 77985
77755 77765 77775 77965 77965 77805 77815 77965 77835 77985
77755 77765 77775 77785 77795 77805 77815 77825 77835 77985
77755 77765 77775 77785 77795 77805 77815 77825 77835 77985
77755 77765 77775 77965 77795 77805 77815 77965 77835 77985
77755 77765 77775 77785 77795 77805 77815 77825 77835 77985
77755 77765 77775 77785 77795 77805 77815 77825 77835 77985
77755 77765 77775 77785 77795 77805 77815 77825 77835 77985
77755 77765 77775 77785 77795 77805 77815 77825 77835 77985
77755 77765 77775 77785 77795 77805 77815 77825 77835 77985
77755 77765 77775 77785 77795 77805 77815 77825 77835 77985
77755 77765 77775 77785 77795 77805 77815 77825 77835 77985
77755 77765 77775 77785 77795 77805 77815 77825 77835 77985
77755 77765 77775 77785 77795 77805 77815 77825 77835 77985
77755 77765 77775 77785 77795 77805 77815 77825 77835 77985
77755 77765 77775 77785 77795 77805 77815 77825 77835 77985
77755 77765 77775 77785 77795 77805 77815 77825 77835 77985
77755 77765 77775 77785 77795 77805 77815 77825 77835 77985
77755 77765 77775 77785 77795 77805 77815 77825 77835 77985
77755 77765 77775 77785 77795 77805 77815 77825 77835 77985
77755 77765 77775 77785 77795 77805 77815 77825 77835 77985
77755 77765 77775 77785 77795 77805 77815 77825 77835 77985
77755 77765 77775 77785 77795 77805 77815 77825 77835 77985
77755 77765 77775 77785 77795 77805 77815 77825 77835 77985
77755 77765 77775 77785 77795 77805 77815 77825 77835 77985
77755 77765 77775 77785 77795 77805 77815 77825 77835 77985
77755 77765 77775 77785 77795 77805 77815 77825 77835 77985
77755 77765 77775 77785 77795 77805 77815 77825 77835 77985
77755 77765 77775 77785 77795 77805 77815 77825 77835 77985
77755 77765 77775 77785 77795 77805 77815 77825 77835 77985
77755 77765 77775 77785 77795 77805 77815 77825 77835 77985
77755 77765 77775 77785 77795 77805 77815 77825 77835 77985
77755 77765 77775 77785 77845 77805 77815 77825 77835 77845
77755 77765 77775 77785 77845 77805 77815 77825 77835 77845
77755 77765 77775 77855 77855 77865 77815 77865 77835 77855
77755 77765 77775 77855 77855 77865 77815 77865 77835 77855
77755 77765 77775 77855 77855 77865 77815 77865 77835 77855
77755 77765 77775 77855 77855 77865 77815 77865 77835 77855
77755 77765 77775 77785 77795 77805 77815 77825 77835 77985
77755 77765 77775 77785 77795 77805 77815 77825 77835 77985
77755 77765 77775 77785 77795 77805 77815 77825 77835 77985
77755 77765 77775 77785 77795 77805 77815 77825 77835 77985
77755 77765 77775 77785 77795 77805 77815 77825 77835 77985
77755 77765 77775 77785 77795 77805 77815 77825 77835 77985
77755 77885 77885 77885 77885 77885 77815 77885 77835 77985
77755 77885 77885 77885 77885 77885 77815 77885 77835 77985
77755 77975 77975 77975 77975 77975 77815 77975 77835 77985
77755 77975 77975 77975 77975 77975 77815 77975 77835 77985
77755 77765 77775 77785 77795 77805 77815 77825 77835 77985
77755 77765 77775 77785 77795 77805 77815 77825 77835 77985
77755 77765 77775 77785 77795 77805 77815 77825 77835 77985
77755 77765 77775 77785 77795 77805 77815 77825 77835 77985
77755 77765 77775 77785 77795 77805 77815 77825 77835 77985
77755 77765 77775 77905 77905 77805 77815 77905 77835 77985
77755 77765 77775 77905 77905 77805 77815 77905 77835 77985
77755 77765 77775 77785 77795 77805 77815 77825 77835 77985
77755 77765 77775 77905 77905 77805 77815 77905 77835 77985
77755 77765 77775 77905 77905 77805 77815 77905 77835 77985
77755 77765 77775 77785 77795 77805 77815 77915 77835 77985
77755 77765 77775 77785 77795 77805 77815 77915 77835 77985
77755 77765 77775 77785 77795 77805 77815 77825 77835 77985
77755 77765 77775 77785 77795 77805 77815 77825 77835 77985
77755 77765 77775 77785 77795 77805 77815 77825 77835 77985
77755 77765 77775 77785 77795 77805 77815 77825 77835 77985
77755 77765 77775 77785 77795 77805 77815 77825 77835 77985
77755 77765 77775 77785 77795 77805 77815 77825 77835 77985
77755 77765 77775 77785 77795 77805 77815 77825 77835 77985
77755 77765 77775 77785 77795 77805 77815 77825 77835 77985
77755 77765 77775 77785 77795 77805 77815 77825 77835 77985
77755 77765 77775 77785 77795 77805 77815 77825 77835 77985
77755 77765 77775 77945 77795 77945 77815 77945 77835 77985
77755 77765 77775 77945 77795 77945 77815 77945 77835 77985
77755 77765 77775 77785 77955 77805 77815 77825 77835 77985
77755 80705 80705 80705 80705 80705 80705 80705 80705 77985
77755 77765 77775 77865 77865 77865 77815 77865 77835 77985
77755 77765 77775 77865 77865 77865 77815 77865 77835 77985
77755 77765 77775 77865 77865 77865 77815 77865 77835 77985
77755 77765 77775 80715 77865 77865 77865 77865 77865 77985
77755 77765 77775 80715 77865 77865 77865 77865 77865 77985
77755 77765 77775 80715 77865 77865 77865 77865 77865 77985
77755 77765 77775 77785 77795 77805 77815 77825 77835 77985
77755 77765 77775 77785 77795 77805 77815 77825 77835 77985
77755 77765 77775 77785 77795 77805 77815 77825 77835 77985
77755 77765 77775 77785 77795 77805 77815 77825 77835 77985
77755 77765 77775 77785 77795 77805 77815 77825 77835 77985
77755 77765 77775 77785 77795 77805 77815 77825 77835 77985
