38721
38721
38721
38721
38721
38721
38721
38721
38721
38721
38721
38721
38721
38721
38721
38721
38721
38721
38721
38721
38721
38721
38721
38721
38721
38721
38721
38721
38721
38721
30652
30652
30652
30652
30652
30652
30652
30652
30652
30652
30652
30652
30652
30652
30652
30652
30652
30652
30652
30652
30652
30652
30652
30652
30652
30652
30652
30652
30652
30652
30652
30652
30652
30652
30652
30652
30652
30652
30652
30652
30652
30652
30652
30652
30853 30863 30873 30883 30893 30903
30853 30863 30873 30883 30893 30903
30853 30863 30873 30883 30893 30903
30853 30863 30873 30883 30893 30903
30853 30863 30873 30883 30893 30903
30853 30863 30873 30883 30893 30903
30853 30863 30873 30883 30893 30903
30853 30863 30873 30883 30893 30903
30853 30863 30873 30883 30893 30903
30853 30863 30873 30883 30893 30903
30853 30863 30873 30883 30893 30903
30853 30863 30873 30883 30893 30903
30853 30863 30873 30883 30893 30903
30853 30863 30873 30883 30893 30903
30853 30863 30873 30883 30893 30903
30853 30863 30873 30883 30893 30903
30853 30863 30873 30883 30893 30903
30853 30863 30873 30883 30893 30903
30853 30863 30873 30883 30893 30903
30853 30863 30873 30883 30893 30903
30853 30863 30873 30883 30893 30903
30853 30863 30873 30883 30893 30903
30853 30863 30873 30883 30893 30903
30853 30863 30873 30883 30893 30903
30853 30863 30873 30883 30893 30903
30853 30863 30873 30883 30893 30903
30853 30863 30873 30883 30893 30903
30853 30863 30873 30883 30893 30903
30853 30863 30873 30883 30893 30903
30853 30863 30873 30883 30893 30903
30853 30863 30873 30883 30893 30903
30853 30863 30873 30883 30893 30903
30853 30863 30873 30883 30893 30903
30853 30863 30873 30883 30893 30903
30853 30863 30873 30883 30893 30903
30853 30863 30873 30883 30893 30903
30853 30863 30873 30883 30893 30903
30853 30863 30873 30883 30893 30903
30853 30863 30873 30883 30893 30903
30853 30863 30873 30883 30893 30903
30853 30863 30873 30883 30893 30903
30853 30863 30873 30883 30893 30903
30853 30863 30873 30883 30893 30903
30853 30863 30873 30883 30893 30903
30853 30863 30873 30883 30893 30903
30853 30863 30873 30883 30893 30903
30853 30863 30873 30883 30893 30903
30853 30863 30873 30883 30893 30903
30853 30863 30873 30883 30893 30903
30853 30863 30873 30883 30893 30903
30853 30863 30873 30883 30893 30903
30853 30863 30873 30883 30893 30903
30853 30863 30873 30883 30893 30903
30853 30863 30873 30883 30893 30903
30853 30863 30873 30883 30893 30903
30853 30863 30873 30883 30893 30903
30853 30863 30873 30883 30893 30903
30853 30863 30873 30883 30893 30903
30853 30863 30873 30883 30893 30903
