84561
84561
84561
84561
84561
84561
84561
84561
84561
84561
84561
84561
84561
84561
84561
84561
84561
84561
84561
84561
84561
84561
84561
84561
84561
84561
84561
84561
84561
84561
64262
64262
64262
64262
64262
64262
64262
64262
64262
64262
64262
64262
64262
64262
64262
64262
64262
64262
64262
64262
64262
64262
64262
64262
64262
64262
64262
64262
64262
64262
64262
64262
64262
64262
64262
64262
64262
64262
64262
64272
64272
64262
64262
64262
64563 64573 64583 64593 64603 64613 64623
64563 64573 64583 64593 64603 64613 64623
64563 64573 64583 64593 64603 64613 64623
64563 64573 64583 64593 64603 64613 64623
64563 64573 64583 64593 64603 64613 64623
64563 64573 64583 64593 64603 64613 64623
64563 64573 64583 64593 64603 64613 64623
64563 64573 64583 64593 64603 64613 64623
64563 64573 64583 64593 64603 64613 64623
64563 64573 64583 64593 64603 64613 64623
64563 64573 64583 64593 64603 64613 64623
64563 64573 64583 64593 64603 64613 64623
64563 64573 64583 64593 64603 64613 64623
64563 64573 64583 64593 64603 64613 64623
64563 64573 64583 64593 64603 64613 64623
64563 64573 64583 64593 64603 64613 64623
64563 64573 64583 64593 64603 64613 64623
64563 64573 64583 64593 64603 64613 64623
64563 64573 64583 64593 64603 64613 64623
64563 64573 64583 64593 64603 64613 64623
64563 64573 64583 64593 64603 64613 64623
64563 64573 64583 64593 64603 64613 64623
64563 64573 64583 64593 64603 64613 64623
64563 64573 64583 64593 64603 64613 64623
64563 64573 64583 64593 64603 64613 64623
64563 64573 64583 64593 64603 64613 64623
64563 64573 64583 64593 64603 64613 64623
64563 64573 64583 64593 64603 64613 64623
64563 64573 64583 64593 64603 64613 64623
64563 64573 64583 64593 64603 64613 64623
64563 64573 64583 64593 64603 64613 64623
64563 64573 64583 64593 64603 64613 64623
64563 64573 64583 64593 64603 64613 64623
64563 64573 64583 64593 64603 64613 64623
64563 64573 64583 64593 64603 64613 64623
64563 64573 64583 64593 64603 64613 64623
64563 64573 64583 64593 64603 64613 64623
64563 64573 64583 64593 64603 64613 64623
64563 64573 64583 64593 64603 64613 64623
64563 64573 64583 64593 64603 64613 64623
64563 64633 64583 64593 64603 64613 64623
64563 64573 64583 64643 64643 64653 64623
64563 64663 64583 64593 64603 64613 64623
64563 64673 64583 64593 64603 64613 64623
64563 64683 64583 64593 64603 64613 64623
64563 64663 64583 64593 64603 64613 64623
64563 64673 64583 64593 64603 64613 64623
64563 64683 64583 64593 64603 64613 64623
64563 64573 64583 64593 64603 64613 64623
64563 64573 64583 64593 64603 64613 64623
64563 64703 64583 64593 64603 64613 64623
64563 64713 64583 64593 64603 64613 64623
64563 64573 64583 64593 64603 64613 64623
64563 64573 64583 64593 64603 64613 64623
64563 64573 64583 64593 64603 64613 64623
64563 64723 64583 64723 64723 64613 64623
64563 64753 64583 64733 64733 64613 64623
64563 64743 64583 64743 64743 64613 64623
64563 64573 64583 64593 64603 64763 64623
