38721
38721
38721
38721
38721
38721
38721
38721
38721
38721
38721
38721
38721
38721
38721
38721
38721
38721
38721
38721
38721
38721
38721
38721
38721
38721
38721
38721
38721
38721
2262
2262
2262
2262
2262
2262
2262
2262
2262
2262
2262
2262
2262
2262
2262
2262
2262
2262
2262
2262
2262
2262
2262
2262
2262
2262
2262
2262
2262
2262
2262
2262
2262
2262
2262
2262
2262
2262
2262
2262
2262
2262
2262
2262
2262
2262
2262
2262
2262
2262
30653
30653
30653
30653
30653
30653
30653
30653
30653
30653
30653
30653
30653
30653
30653
30653
30653
30653
30653
30653
30653
30653
30653
30653
30653
30653
30653
30653
30653
30653
30653
30653
30653
30653
30653
30653
30653
30653
30653
30653
30653
30653
30653
30653
