84601
84601
84601
84601
84601
84601
84601
84601
84601
84601
84601
84601
84601
84601
84601
84601
84601
84601
84601
84601
84601
84601
84601
84601
84601
84601
84601
84601
84601
84601
81362 81372 81382 81392 81402 81412 81422 81432 81442
81362 81372 81382 81392 81402 81412 81422 81432 81442
81362 81372 81382 81392 81402 81412 81422 81432 81442
81362 81372 81382 81392 81402 81412 81422 81432 81442
81362 81372 81382 81392 81402 81412 81422 81432 81442
81362 81372 81382 81392 81402 81412 81422 81432 81442
81362 81372 81382 81392 81402 81412 81422 81432 81442
81362 81372 81382 81392 81402 81412 81422 81432 81442
81362 81372 81382 81392 81402 81412 81422 81432 81442
81362 81372 81382 81392 81402 81412 81422 81432 81442
81362 81372 81382 81392 81402 81412 81422 81432 81442
81362 81372 81382 81392 81402 81412 81422 81432 81442
81362 81372 81382 81392 81402 81412 81422 81432 81442
81362 81372 81382 81392 81402 81412 81422 81432 81442
81362 81372 81382 81392 81402 81412 81422 81432 81442
81362 81372 81382 81392 81402 81412 81422 81432 81442
81362 81372 81382 81392 81402 81412 81422 81432 81442
81362 81372 81382 81392 81402 81412 81422 81432 81442
81362 81372 81382 81392 81402 81412 81422 81432 81442
81362 81372 81382 81392 81402 81412 81422 81432 81442
81362 81372 81382 81392 81402 81412 81422 81432 81442
81362 81372 81382 81392 81402 81412 81422 81432 81442
81362 81372 81382 81392 81402 81412 81422 81432 81442
81362 81372 81382 81392 81402 81412 81422 81432 81442
81362 81372 81382 81392 81402 81412 81422 81432 81442
81362 81372 81382 81392 81402 81412 81422 81432 81442
81362 81372 81382 81392 81402 81412 81422 81432 81442
81362 81372 81382 81392 81402 81412 81422 81432 81442
81362 81372 81382 81392 81402 81412 81422 81432 81442
81362 81372 81382 81392 81402 81412 81422 81432 81442
81362 81372 81382 81392 81402 81412 81422 81432 81442
81362 81372 81382 81392 81402 81412 81422 81432 81442
81362 81372 81382 81392 81402 81412 81422 81432 81442
81362 81372 81382 81392 81402 81412 81422 81432 81442
81362 81372 81382 81392 81402 81412 81422 81432 81442
81362 81372 81382 81392 81402 81412 81422 81432 81442
81362 81372 81382 81392 81402 81412 81422 81432 81442
81362 81372 81382 81392 81402 81412 81422 81432 81442
81362 81372 81382 81392 81402 81412 81422 81432 81442
81362 81372 81382 81392 81402 81412 81422 81432 81442
81362 81372 81382 81392 81402 81412 81422 81432 81442
81362 81372 81382 81392 81402 81412 81422 81432 81442
81362 81372 81382 81392 81402 81412 81422 81432 81442
81362 81372 81382 81392 81402 81412 81422 81432 81442
81362 81372 81382 81392 81402 81412 81422 81432 81442
81362 81372 81382 81392 81402 81412 81422 81432 81442
81362 81372 81382 81392 81402 81412 81422 81432 81442
81362 81372 81382 81392 81402 81412 81422 81452 81442
81362 81372 81382 81392 81402 81412 81422 81452 81442
81362 81372 81382 81392 81402 81412 81422 81432 81442
81362 81372 81472 81392 81472 81472 81472 81472 81442
81362 81372 81472 81392 81472 81472 81472 81472 81442
81362 81372 81382 81392 81402 81412 81422 81432 81442
81362 81372 81382 81392 81402 81412 81422 81432 81442
81362 81372 81382 81392 81402 81412 81422 81482 81442
81362 81372 81382 81392 81402 81412 81492 81432 81442
81362 81372 81382 81392 81402 81412 81492 81432 81442
81362 81372 81382 81392 81402 81412 81422 81432 81442
81362 81372 81382 81392 81402 81412 81422 81432 81442
81362 81372 81382 81392 81402 81412 81422 81502 81442
81362 81372 81382 81392 81402 81412 81422 81432 81442
81362 81372 81382 81392 81402 81412 81422 81512 81442
81362 81372 81382 81392 81402 81412 81422 81522 81442
81362 81372 81382 81392 81402 81412 81422 81552 81442
81362 81372 81382 81392 81402 81412 81422 81562 81442
81362 81372 81382 81392 81402 81412 81422 81572 81442
81362 81372 81382 81392 81402 81412 81422 81582 81442
82743 82753 82763 82773 82783 82793 82803 82813 82823
82743 82753 82763 82773 82783 82793 82803 82813 82823
82743 82753 82763 82773 82783 82793 82803 82813 82823
82743 82753 82763 82773 82783 82793 82803 82813 82823
82743 82753 82763 82773 82783 82793 82803 82813 82823
82743 82753 82763 82773 82783 82793 82803 82813 82823
82743 82753 82763 82773 82783 82793 82803 82813 82823
82743 82753 82763 82773 82783 82793 82803 82813 82823
82743 82753 82763 82773 82783 82793 82803 82813 82823
82743 82753 82763 82773 82783 82793 82803 82813 82823
82743 82753 82763 82773 82783 82793 82803 82813 82823
82743 82753 82763 82773 82783 82793 82803 82813 82823
82743 82753 82763 82773 82783 82793 82803 82813 82823
82743 82753 82763 82773 82783 82793 82803 82813 82823
82743 82753 82763 82773 82783 82793 82803 82813 82823
82743 82753 82763 82773 82783 82793 82803 82813 82823
82743 82753 82763 82773 82783 82793 82803 82813 82823
82743 82753 82763 82773 82783 82793 82803 82813 82823
82743 82753 82763 82773 82783 82793 82803 82813 82823
82743 82753 82763 82773 82783 82793 82803 82813 82823
82743 82753 82763 82773 82783 82793 82803 82813 82823
82743 82753 82763 82773 82783 82793 82803 82813 82823
82743 82753 82763 82773 82783 82793 82803 82813 82823
82743 82753 82763 82773 82783 82793 82803 82813 82823
82743 82753 82763 82773 82783 82793 82803 82813 82823
82743 82753 82763 82773 82783 82793 82803 82813 82823
82743 82753 82763 82773 82783 82793 82803 82813 82823
82743 82753 82763 82773 82783 82793 82803 82813 82823
82743 82753 82763 82773 82783 82793 82803 82813 82823
82743 82753 82763 82773 82783 82793 82803 82813 82823
82743 82753 82763 82773 82783 82793 82803 82813 82823
82743 82753 82763 82773 82783 82793 82803 82813 82823
82743 82753 82763 82773 82783 82793 82803 82813 82823
82743 82753 82763 82773 82783 82793 82803 82813 82823
82743 82753 82763 82773 82783 82793 82803 82813 82823
82743 82753 82763 82773 82783 82793 82803 82813 82823
82743 82753 82763 82773 82783 82793 82803 82813 82823
82743 82753 82763 82773 82783 82793 82803 82813 82823
82743 82753 82763 82773 82783 82793 82803 82813 82823
82743 82753 82763 82773 82783 82793 82803 82813 82823
82743 82753 82763 82773 82783 82793 82803 82813 82823
82743 82753 82763 82773 82783 82793 82803 82813 82823
82743 82753 82763 82773 82783 82793 82803 82813 82823
82743 82753 82763 82773 82783 82793 82803 82813 82823
82743 82753 82763 82773 82783 82793 82803 82813 82823
82743 82753 82763 82773 82783 82793 82803 82813 82823
82743 82753 82763 82773 82783 82793 82803 82813 82823
82743 82753 82763 82773 82783 82793 82803 82833 82823
82743 82753 82763 82773 82783 82793 82803 82833 82823
82743 82753 82763 82773 82783 82793 82803 82813 82823
82743 82753 82853 82773 82853 82853 82853 82853 82823
82743 82753 82853 82773 82853 82853 82853 82853 82823
82743 82753 82763 82773 82783 82793 82803 82813 82823
82743 82753 82763 82773 82783 82793 82803 82813 82823
82743 82753 82763 82773 82783 82793 82803 82863 82823
82743 82753 82763 82773 82783 82793 82873 82813 82823
82743 82753 82763 82773 82783 82793 82873 82813 82823
82743 82753 82763 82773 82783 82793 82803 82813 82823
82743 82753 82763 82773 82783 82793 82803 82813 82823
82743 82753 82763 82773 82783 82793 82803 82813 82823
82743 82753 82763 82773 82783 82793 82803 82813 82823
82743 82753 82763 82773 82913 82793 82803 82883 82823
82743 82753 82763 82773 82783 82793 82803 82813 82823
82743 82753 82763 82773 82913 82793 82803 82893 82823
82743 82753 82763 82773 82783 82793 82803 82813 82823
82743 82753 82763 82773 82913 82793 82803 82903 82823
82743 82753 82763 82773 82783 82793 82803 82813 82823
82743 82753 82923 82923 82783 82923 82803 82923 82823
82743 82753 82763 82773 82783 82793 82803 82933 82823
82743 82753 82923 82923 82783 82923 82803 82923 82823
82743 82753 82763 82773 82783 82793 82803 82933 82823
82743 82753 82763 82773 82783 82793 82803 82963 82823
82743 82753 82763 82773 82783 82793 82803 82973 82823
82743 82753 82763 82773 82783 82793 82803 82983 82823
82743 82753 82763 82773 82783 82793 82803 82993 82823
82743 82753 82763 82773 82783 82793 82803 83003 82823
