38761
38761
38761
38761
38761
38761
38761
38761
38761
38761
38761
38761
38761
38761
38761
38761
38761
38761
38761
38761
38761
38761
38761
38761
38761
38761
38761
38761
38761
38761
37582 37592 37602 37612 37622 37632 37642 37652
37582 37592 37602 37612 37622 37632 37642 37652
37582 37592 37602 37612 37622 37632 37642 37652
37582 37592 37602 37612 37622 37632 37642 37652
37582 37592 37602 37612 37622 37632 37642 37652
37582 37592 37602 37612 37622 37632 37642 37652
37582 37592 37602 37612 37622 37632 37642 37652
37582 37592 37602 37612 37622 37632 37642 37652
37582 37592 37602 37612 37622 37632 37642 37652
37582 37592 37602 37612 37622 37632 37642 37652
37582 37592 37602 37612 37622 37632 37642 37652
37582 37592 37602 37612 37622 37632 37642 37652
37582 37592 37602 37612 37622 37632 37642 37652
37582 37592 37602 37612 37622 37632 37642 37652
37582 37592 37602 37612 37622 37632 37642 37652
37582 37592 37602 37612 37622 37632 37642 37652
37582 37592 37602 37612 37622 37632 37642 37652
37582 37592 37602 37612 37622 37632 37642 37652
37582 37592 37602 37612 37622 37632 37642 37652
37582 37592 37602 37612 37622 37632 37642 37652
37582 37592 37602 37612 37622 37632 37642 37652
37582 37592 37602 37612 37622 37632 37642 37652
37582 37592 37602 37612 37622 37632 37642 37652
37582 37592 37602 37612 37622 37632 37642 37652
37582 37592 37602 37612 37622 37632 37642 37652
37582 37592 37602 37612 37622 37632 37642 37652
37582 37592 37602 37612 37622 37632 37642 37652
37582 37592 37602 37612 37622 37632 37642 37652
37582 37592 37602 37612 37622 37632 37642 37652
37582 37592 37602 37612 37622 37632 37642 37652
37582 37592 37602 37612 37622 37632 37642 37652
37582 37592 37602 37612 37622 37632 37642 37652
37582 37592 37602 37612 37622 37632 37642 37652
37582 37592 37602 37612 37622 37632 37642 37652
37582 37592 37602 37612 37622 37632 37642 37652
37582 37592 37602 37612 37622 37632 37642 37652
37582 37592 37602 37612 37622 37632 37642 37652
37582 37592 37602 37612 37622 37632 37642 37652
37582 37592 37602 37612 37622 37632 37642 37652
37582 37592 37602 37612 37622 37632 37642 37652
37582 37592 37602 37612 37622 37632 37642 37652
37582 37592 37602 37612 37622 37632 37642 37652
37582 37592 37602 37612 37622 37632 37642 37652
37582 37592 37602 37612 37622 37632 37642 37652
37582 37592 37602 37612 37622 37632 37642 37652
37582 37592 37602 37612 37622 37632 37642 37652
37582 37592 37602 37612 37622 37632 37642 37652
37582 37592 37602 37612 37622 37632 37642 37652
37582 37592 37602 37612 37622 37632 37642 37652
37582 37592 37602 37612 37622 37632 37642 37652
37582 37592 37602 37612 37622 37632 37642 37652
37582 37592 37602 37612 37622 37632 37642 37652
37582 37592 37602 37612 37622 37632 37642 37652
37582 37592 37602 37612 37622 37632 37642 37652
37582 37592 37602 37612 37622 37632 37642 37652
37582 37592 37602 37612 37622 37632 37642 37652
37582 37592 37602 37612 37622 37632 37642 37652
37582 37592 37602 37612 37622 37632 37642 37652
37582 37592 37602 37612 37622 37632 37642 37652
37582 37592 37602 37612 37622 37632 37642 37652
37582 37592 37602 37612 37622 37632 37642 37652
37582 37592 37602 37612 37622 37632 37642 37652
37582 37592 37602 37612 37622 37632 37642 37652
37582 37592 37602 37612 37622 37632 37642 37652
37582 37592 37602 37612 37622 37632 37642 37652
37582 37592 37602 37612 37622 37632 37642 37652
37582 37592 37602 37612 37622 37632 37642 37652
38063 38073 38083 38093 38103 38113 38123 38133
38063 38073 38083 38093 38103 38113 38123 38133
38063 38073 38083 38093 38103 38113 38123 38133
38063 38073 38083 38093 38103 38113 38123 38133
38063 38073 38083 38093 38103 38113 38123 38133
38063 38073 38083 38093 38103 38113 38123 38133
38063 38073 38083 38093 38103 38113 38123 38133
38063 38073 38083 38093 38103 38113 38123 38133
38063 38073 38083 38093 38103 38113 38123 38133
38063 38073 38083 38093 38103 38113 38123 38133
38063 38073 38083 38093 38103 38113 38123 38133
38063 38073 38083 38093 38103 38113 38123 38133
38063 38073 38083 38093 38103 38113 38123 38133
38063 38073 38083 38093 38103 38113 38123 38133
38063 38073 38083 38093 38103 38113 38123 38133
38063 38073 38083 38093 38103 38113 38123 38133
38063 38073 38083 38093 38103 38113 38123 38133
38063 38073 38083 38093 38103 38113 38123 38133
38063 38073 38083 38093 38103 38113 38123 38133
38063 38073 38083 38093 38103 38113 38123 38133
38063 38073 38083 38093 38103 38113 38123 38133
38063 38073 38083 38093 38103 38113 38123 38133
38063 38073 38083 38093 38103 38113 38123 38133
38063 38073 38083 38093 38103 38113 38123 38133
38063 38073 38083 38093 38103 38113 38123 38133
38063 38073 38083 38093 38103 38113 38123 38133
38063 38073 38083 38093 38103 38113 38123 38133
38063 38073 38083 38093 38103 38113 38123 38133
38063 38073 38083 38093 38103 38113 38123 38133
38063 38073 38083 38093 38103 38113 38123 38133
38063 38073 38083 38093 38103 38113 38123 38133
38063 38073 38083 38093 38103 38113 38123 38133
38063 38073 38083 38093 38103 38113 38123 38133
38063 38073 38083 38093 38103 38113 38123 38133
38063 38073 38083 38093 38103 38113 38123 38133
38063 38073 38083 38093 38103 38113 38123 38133
38063 38073 38083 38093 38103 38113 38123 38133
38063 38073 38083 38093 38103 38113 38123 38133
38063 38073 38083 38093 38103 38113 38123 38133
38063 38073 38083 38093 38103 38113 38123 38133
38063 38073 38083 38093 38103 38113 38123 38133
38063 38073 38083 38093 38103 38113 38123 38133
38063 38073 38083 38093 38103 38113 38123 38133
38063 38073 38083 38093 38103 38113 38123 38133
38063 38073 38083 38093 38103 38113 38123 38133
38063 38073 38083 38093 38103 38113 38123 38133
38063 38073 38083 38093 38103 38113 38123 38133
38063 38073 38083 38093 38103 38113 38123 38133
38063 38073 38083 38093 38103 38113 38123 38133
38063 38073 38083 38093 38103 38113 38123 38133
38063 38073 38083 38093 38103 38113 38123 38133
38063 38073 38083 38093 38103 38113 38123 38133
38063 38073 38083 38093 38103 38113 38123 38133
38063 38073 38083 38093 38103 38113 38123 38133
38063 38073 38083 38093 38103 38113 38123 38133
38063 38073 38083 38093 38103 38113 38123 38133
38063 38073 38083 38093 38103 38113 38123 38133
38063 38073 38083 38093 38103 38113 38123 38133
38063 38073 38083 38093 38103 38113 38123 38133
38063 38073 38083 38093 38103 38113 38123 38133
38063 38073 38083 38093 38103 38113 38123 38133
38063 38073 38083 38093 38103 38113 38123 38133
38063 38073 38083 38093 38103 38113 38123 38133
38063 38073 38083 38093 38103 38113 38123 38133
38063 38073 38083 38093 38103 38113 38123 38133
38063 38073 38083 38093 38103 38113 38123 38133
38063 38073 38083 38093 38103 38113 38123 38133
38063 38073 38083 38093 38103 38113 38123 38133
38063 38073 38083 38093 38103 38113 38123 38133
38063 38073 38083 38093 38103 38113 38123 38133
38063 38073 38083 38093 38103 38113 38123 38133
38063 38073 38083 38093 38103 38113 38123 38133
38063 38073 38083 38093 38103 38113 38123 38133
38063 38073 38083 38093 38103 38113 38123 38133
38063 38073 38083 38093 38103 38113 38123 38133
38063 38073 38083 38093 38103 38113 38123 38133
