40 40 40 30 30 30 90 40 40
40 40 40 30 30 30 90 40 40
15 15 15 10 10 10 90 20 20
15 15 15 10 10 10 90 20 20
70 70 70 65 65 65 90 70 70
70 70 70 65 65 65 90 70 70
50 50 50 60 60 60 90 90 90
50 50 50 60 60 60 90 90 90
70 70 70 20 20 20 90 45 45
70 70 70 20 20 20 90 45 45
55 55 55 40 40 40 90 55 55
55 55 55 40 40 40 90 55 55
40 40 40 50 50 50 90 65 65
40 40 40 50 50 50 90 65 65
40 40 40 30 30 30 90 40 40
15 15 15 10 10 10 90 20 20
70 70 70 65 65 65 90 70 70
50 50 50 60 60 60 90 90 90
70 70 70 20 20 20 90 45 45
55 55 55 40 40 40 90 55 55
40 40 40 50 50 50 90 65 65
35 35 35 35 35 35 35 35 35
