84631
84631
84631
84631
84631
84631
84631
84631
84631
84631
84631
84631
84631
84631
84631
84631
84631
84631
84631
84631
84631
84631
84631
84631
84631
84631
84631
84631
84631
84631
21902 21912 21922 21932 21942
21902 21912 21922 21932 21942
21902 21912 21922 21932 21942
21902 21912 21922 21932 21942
21902 21912 21922 21932 21942
21902 21912 21922 21932 21942
21902 21912 21922 21932 21942
21902 21912 21922 21932 21942
21902 21912 21922 21932 21942
21902 21912 21922 21932 21942
21902 21912 21922 21932 21942
21902 21912 21922 21932 21942
21902 21912 21922 21932 21942
21902 21912 21922 21932 21942
21902 21912 21922 21932 21942
21902 21912 21922 21932 21942
21902 21912 21922 21932 21942
21902 21912 21922 21932 21942
21902 21912 21922 21932 21942
21902 21912 21922 21932 21942
21902 21912 21922 21932 21942
21902 21912 21922 21932 21942
21902 21912 21922 21932 21942
21902 21912 21922 21932 21942
21902 21912 21922 21932 21942
21902 21912 21922 21932 21942
21902 21912 21922 21932 21942
21902 21912 21922 21932 21942
21902 21912 21922 21932 21942
21902 21912 21922 21932 21942
21902 21912 21922 21932 21942
21902 21912 21922 21932 21942
21902 21912 21922 21932 21942
21902 21912 21922 21932 21942
21902 21912 21922 21932 21942
21902 21912 21922 21932 21942
21902 21912 21922 21932 21942
21902 21912 21922 21932 21942
21902 21912 21922 21932 21942
21902 21912 21922 21932 21942
21902 21912 21922 21932 21942
21902 21912 21922 21932 21942
21902 21912 21922 21932 21942
21902 21912 21922 21932 21942
21902 21912 21922 21932 21942
21902 21912 21922 21932 21942
21902 21912 21922 21932 21942
21902 21912 21922 21932 21942
21902 21912 21922 21932 21942
21902 21912 21952 21952 21952 21952
21902 21912 21952 21952 21952 21952
21902 21912 21952 21952 21952 21952
21902 21912 34892 34892 34892 34892
21902 21912 34892 34892 34892 34892
21902 21912 34892 34892 34892 34892
21902 21912 21962 21962 21962 21962
21902 21912 21962 21962 21962 21962
21902 21912 34902 34902 34902 34902
21902 21912 34902 34902 34902 34902
21902 21912 21922 21932 21942
21902 21912 21922 21932 21942
21902 21912 21922 21932 21942
21902 21912 21922 21932 21942
21902 21912 21922 21932 21942
21902 21912 21922 21932 21942
21902 21912 21922 21932 21942
21902 21912 21922 21932 21942
21902 21912 21922 21932 21942
21902 21912 21922 21932 21942
21902 21912 21922 21932 21942
21902 21912 21922 21932 21942
21902 21912 21922 21932 21942
22253 22263 22273 22283 22293
22253 22263 22273 22283 22293
22253 22263 22273 22283 22293
22253 22263 22273 22283 22293
22253 22263 22273 22283 22293
22253 22263 22273 22283 22293
22253 22263 22273 22283 22293
22253 22263 22273 22283 22293
22253 22263 22273 22283 22293
22253 22263 22273 22283 22293
22253 22263 22273 22283 22293
22253 22263 22273 22283 22293
22253 22263 22273 22283 22293
22253 22263 22273 22283 22293
22253 22263 22273 22283 22293
22253 22263 22273 22283 22293
22253 22263 22273 22283 22293
22253 22263 22273 22283 22293
22253 22263 22273 22283 22293
22253 22263 22273 22283 22293
22253 22263 22273 22283 22293
22253 22263 22273 22283 22293
22253 22263 22273 22283 22293
22253 22263 22273 22283 22293
22253 22263 22273 22283 22293
22253 22263 22273 22283 22293
22253 22263 22273 22283 22293
22253 22263 22273 22283 22293
22253 22263 22273 22283 22293
22253 22263 22273 22283 22293
22253 22263 22273 22283 22293
22253 22263 22273 22283 22293
22253 22263 22273 22283 22293
22253 22263 22273 22283 22293
22253 22263 22273 22283 22293
22253 22263 22273 22283 22293
22253 22263 22273 22283 22293
22253 22263 22273 22283 22293
22253 22263 22273 22283 22293
22253 22263 22273 22283 22293
22253 22263 22273 22283 22293
22253 22263 22273 22283 22293
22253 22263 22273 22283 22293
22253 22263 22273 22283 22293
22253 22263 22273 22283 22293
22253 22263 22273 22283 22293
22253 22263 22273 22283 22293
22253 22263 22273 22283 22293
22253 22263 22273 22283 22293
22253 22263 22303 22303 22303 22303
22253 22263 22303 22303 22303 22303
22253 22263 22303 22303 22303 22303
22253 22263 34993 34993 34993 34993
22253 22263 34993 34993 34993 34993
22253 22263 34993 34993 34993 34993
22253 22263 22313 22313 22313 22313
22253 22263 22313 22313 22313 22313
22253 22263 35003 35003 35003 35003
22253 22263 35003 35003 35003 35003
22253 22263 22273 22283 22293
22253 22263 22273 22283 22293
22253 22263 22273 22283 22293
22253 22263 22273 22283 22293
22253 22263 22273 22283 22293
22253 22263 22273 22283 22293
22253 22263 22273 22283 22293
22253 22263 22273 22283 22293
22253 22263 22273 22283 22293
22253 22263 22273 22283 22293
22253 22263 22273 22283 22293
22253 22263 22273 22283 22293
22253 22263 22273 22283 22293
78654 78664 78674 78684 78694
78654 78664 78674 78684 78694
78654 78664 78674 78684 78694
78654 78664 78674 78684 78694
78654 78664 78674 78684 78694
78654 78664 78674 78684 78694
78654 78664 78674 78684 78694
78654 78664 78674 78684 78694
78654 78664 78674 78684 78694
78654 78664 78674 78684 78694
78654 78664 78674 78684 78694
78654 78664 78674 78684 78694
78654 78664 78674 78684 78694
78654 78664 78674 78684 78694
78654 78664 78674 78684 78694
78654 78664 78674 78684 78694
78654 78664 78674 78684 78694
78654 78664 78674 78684 78694
78654 78664 78674 78684 78694
78654 78664 78674 78684 78694
78654 78664 78674 78684 78694
78654 78664 78674 78684 78694
78654 78664 78674 78684 78694
78654 78664 78674 78684 78694
78654 78664 78674 78684 78694
78654 78664 78674 78684 78694
78654 78664 78674 78684 78694
78654 78664 78674 78684 78694
78654 78664 78674 78684 78694
78654 78664 78674 78684 78694
78654 78664 78674 78684 78694
78654 78664 78674 78684 78694
78654 78664 78674 78684 78694
78654 78664 78674 78684 78694
78654 78664 78674 78684 78694
78654 78664 78674 78684 78694
78654 78664 78674 78684 78694
78654 78664 78674 78684 78694
78654 78664 78674 78684 78694
78654 78664 78674 78684 78694
78654 78664 78674 78684 78694
78654 78664 78674 78684 78694
78654 78664 78674 78684 78694
78654 78664 78674 78684 78694
78654 78664 78674 78684 78694
78654 78664 78674 78684 78694
78654 78664 78674 78684 78694
78654 78664 78674 78684 78694
78654 78664 78674 78684 78694
78654 78664 78704 78704 78704 78704
78654 78664 78704 78704 78704 78704
78654 78664 78704 78704 78704 78704
78654 78664 78724 78724 78724 78724
78654 78664 78724 78724 78724 78724
78654 78664 78724 78724 78724 78724
78654 78664 78674 78684 78694
78654 78664 78674 78684 78694
78654 78664 78674 78684 78694
78654 78664 78674 78684 78694
78654 78664 78674 78684 78694
78654 78664 78674 78684 78694
78654 78664 78674 78684 78694
78654 78664 78674 78684 78694
78654 78664 78674 78684 78694
78654 78664 78674 78684 78694
78654 78664 78674 78684 78694
78654 78664 78674 78684 78694
78654 78664 78674 78684 78694
78654 78664 78674 78684 78694
78654 78664 78674 78684 78694
78654 78664 78674 78684 78694
78654 78664 78674 78684 78694
78654 78664 78674 78684 78694
78654 78664 78674 78684 78694
