38791
38791
38791
38791
38791
38791
38791
38791
38791
38791
38791
38791
38791
38791
38791
38791
38791
38791
38791
38791
38791
38791
38791
38791
38791
38791
38791
38791
38791
38791
8522 8532 8542 8552 8562 8572 8582
8522 8532 8542 8552 8562 8572 8582
8522 8532 8542 8552 8562 8572 8582
8522 8532 8542 8552 8562 8572 8582
8522 8532 8542 8552 8562 8572 8582
8522 8532 8542 8552 8562 8572 8582
8522 8532 8542 8552 8562 8572 8582
8522 8532 8542 8552 8562 8572 8582
8522 8532 8542 8552 8562 8572 8582
8522 8532 8542 8552 8562 8572 8582
8522 8532 8542 8552 8562 8572 8582
8522 8532 8542 8552 8562 8572 8582
8522 8532 8542 8552 8562 8572 8582
8522 8532 8542 8552 8562 8572 8582
8522 8532 8542 8552 8562 8572 8582
8522 8532 8542 8552 8562 8572 8582
8522 8532 8542 8552 8562 8572 8582
8522 8532 8542 8552 8562 8572 8582
8522 8532 8542 8552 8562 8572 8582
8522 8532 8542 8552 8562 8572 8582
8522 8532 8542 8552 8562 8572 8582
8522 8532 8542 8552 8562 8572 8582
8522 8532 8542 8552 8562 8572 8582
8522 8532 8542 8552 8562 8572 8582
8522 8532 8542 8552 8562 8572 8582
8522 8532 8542 8552 8562 8572 8582
8522 8532 8542 8552 8562 8572 8582
8522 8532 8542 8552 8562 8572 8582
8522 8532 8542 8552 8562 8572 8582
8522 8532 8542 8552 8562 8572 8582
8522 8532 8542 8552 8562 8572 8582
8522 8532 8542 8552 8562 8572 8582
8522 8532 8542 8552 8562 8572 8582
8522 15592 8542 15592 15592 8572 8582 15592
8522 15592 8542 15592 15592 8572 8582 15592
8522 15592 8542 15592 15592 8572 8582 15592
8522 15592 8542 15592 15592 8572 8582 15592
8522 15592 8542 15592 15592 8572 8582 15592
8522 15592 8542 15592 15592 8572 8582 15592
8522 8532 8542 8552 8562 8572 8582
8522 8532 8542 8552 8562 8572 8582
8522 8532 8542 8552 8562 8572 8582
8522 8532 8542 8552 8562 8572 8582
8522 8532 8542 8552 8562 8572 8582
8522 8532 8542 8552 8562 8572 8582
8522 8532 8542 8552 8562 8572 8582
8522 8532 8542 8552 8562 8572 8582
8522 8532 8542 8552 8562 8572 8582
8522 8532 8542 8552 8562 8572 8582
8522 8532 8542 8552 8562 8572 8582
8522 8532 8542 8552 8562 8572 8582
8522 8532 8542 8552 8562 8572 8582
8522 8532 8542 8552 8562 8572 8582
8522 8532 8542 8552 8562 8572 8582
8522 8532 8542 8552 8562 8572 8582
8522 8532 8542 8552 8562 8572 8582
8522 8532 8542 8552 8562 8572 8582
8522 8532 8542 8552 8562 8572 8582
8522 8532 8542 8552 8562 8572 8582
8522 8532 8542 8552 8562 8572 8582
8522 8532 8542 8552 8562 8572 8582
8522 8532 8542 8552 8562 8572 8582
8522 8532 8542 8552 8562 8572 8582
8522 8532 8542 8552 8562 8572 8582
8522 8532 8542 8552 8562 8572 8582
8522 8532 8542 8552 8562 8572 8582
8522 8532 8542 8552 8562 8572 8582
8522 8532 8542 8552 8562 8572 8582
8522 8532 8542 8552 8562 8572 8582
8522 8532 8542 8552 8562 8572 8582
8522 8532 8542 8552 8562 8572 8582
8522 8532 8542 8552 8562 8572 8582
8873 8883 8893 8903 8913 8923 8933
8873 8883 8893 8903 8913 8923 8933
8873 8883 8893 8903 8913 8923 8933
8873 8883 8893 8903 8913 8923 8933
8873 8883 8893 8903 8913 8923 8933
8873 8883 8893 8903 8913 8923 8933
8873 8883 8893 8903 8913 8923 8933
8873 8883 8893 8903 8913 8923 8933
8873 8883 8893 8903 8913 8923 8933
8873 8883 8893 8903 8913 8923 8933
8873 8883 8893 8903 8913 8923 8933
8873 8883 8893 8903 8913 8923 8933
8873 8883 8893 8903 8913 8923 8933
8873 8883 8893 8903 8913 8923 8933
8873 8883 8893 8903 8913 8923 8933
8873 8883 8893 8903 8913 8923 8933
8873 8883 8893 8903 8913 8923 8933
8873 8883 8893 8903 8913 8923 8933
8873 8883 8893 8903 8913 8923 8933
8873 8883 8893 8903 8913 8923 8933
8873 8883 8893 8903 8913 8923 8933
8873 8883 8893 8903 8913 8923 8933
8873 8883 8893 8903 8913 8923 8933
8873 8883 8893 8903 8913 8923 8933
8873 8883 8893 8903 8913 8923 8933
8873 8883 8893 8903 8913 8923 8933
8873 8883 8893 8903 8913 8923 8933
8873 8883 8893 8903 8913 8923 8933
8873 8883 8893 8903 8913 8923 8933
8873 8883 8893 8903 8913 8923 8933
8873 8883 8893 8903 8913 8923 8933
8873 8883 8893 8903 8913 8923 8933
8873 8883 8893 8903 8913 8923 8933
8873 15643 8893 15643 15643 8923 8933 15643
8873 15643 8893 15643 15643 8923 8933 15643
8873 15643 8893 15643 15643 8923 8933 15643
8873 15643 8893 15643 15643 8923 8933 15643
8873 15643 8893 15643 15643 8923 8933 15643
8873 15643 8893 15643 15643 8923 8933 15643
8873 8883 8893 8903 8913 8923 8933
8873 8883 8893 8903 8913 8923 8933
8873 8883 8893 8903 8913 8923 8933
8873 8883 8893 8903 8913 8923 8933
8873 8883 8893 8903 8913 8923 8933
8873 8883 8893 8903 8913 8923 8933
8873 8883 8893 8903 8913 8923 8933
8873 8883 8893 8903 8913 8923 8933
8873 8883 8893 8903 8913 8923 8933
8873 8883 8893 8903 8913 8923 8933
8873 8883 8893 8903 8913 8923 8933
8873 8883 8893 8903 8913 8923 8933
8873 8883 8893 8903 8913 8923 8933
8873 8883 8893 8903 8913 8923 8933
8873 8883 8893 8903 8913 8923 8933
8873 8883 8893 8903 8913 8923 8933
8873 8883 8893 8903 8913 8923 8933
8873 8883 8893 8903 8913 8923 8933
8873 8883 8893 8903 8913 8923 8933
8873 8883 8893 8903 8913 8923 8933
8873 8883 8893 8903 8913 8923 8933
8873 8883 8893 8903 8913 8923 8933
8873 8883 8893 8903 8913 8923 8933
8873 8883 8893 8903 8913 8923 8933
8873 8883 8893 8903 8913 8923 8933
8873 8883 8893 8903 8913 8923 8933
8873 8883 8893 8903 8913 8923 8933
8873 8883 8893 8903 8913 8923 8933
8873 8883 8893 8903 8913 8923 8933
8873 8883 8893 8903 8913 8923 8933
8873 8883 8893 8903 8913 8923 8933
8873 8883 8893 8903 8913 8923 8933
8873 8883 8893 8903 8913 8923 8933
36564 36574 36584 36594 36604 36614 36624
36564 36574 36584 36594 36604 36614 36624
36564 36574 36584 36594 36604 36614 36624
36564 36574 36584 36594 36604 36614 36624
36564 36574 36584 36594 36604 36614 36624
36564 36574 36584 36594 36604 36614 36624
36564 36574 36584 36594 36604 36614 36624
36564 36574 36584 36594 36604 36614 36624
36564 36574 36584 36594 36604 36614 36624
36564 36574 36584 36594 36604 36614 36624
36564 36574 36584 36594 36604 36614 36624
36564 36574 36584 36594 36604 36614 36624
36564 36574 36584 36594 36604 36614 36624
36564 36574 36584 36594 36604 36614 36624
36564 36574 36584 36594 36604 36614 36624
36564 36574 36584 36594 36604 36614 36624
36564 36574 36584 36594 36604 36614 36624
36564 36574 36584 36594 36604 36614 36624
36564 36574 36584 36594 36604 36614 36624
36564 36574 36584 36594 36604 36614 36624
36564 36574 36584 36594 36604 36614 36624
36564 36574 36584 36594 36604 36614 36624
36564 36574 36584 36594 36604 36614 36624
36564 36574 36584 36594 36604 36614 36624
36564 36574 36584 36594 36604 36614 36624
36564 36574 36584 36594 36604 36614 36624
36564 36574 36584 36594 36604 36614 36624
36564 36574 36584 36594 36604 36614 36624
36564 36574 36584 36594 36604 36614 36624
36564 36574 36584 36594 36604 36614 36624
36564 36574 36584 36594 36604 36614 36624
36564 36574 36584 36594 36604 36614 36624
36564 36574 36584 36594 36604 36614 36624
36564 36634 36584 36634 36634 36614 36624 36634
36564 36634 36584 36634 36634 36614 36624 36634
36564 36634 36584 36634 36634 36614 36624 36634
36564 36634 36584 36634 36634 36614 36624 36634
36564 36634 36584 36634 36634 36614 36624 36634
36564 36634 36584 36634 36634 36614 36624 36634
36564 36574 36584 36594 36604 36614 36624
36564 36574 36584 36594 36604 36614 36624
36564 36574 36584 36594 36604 36614 36624
36564 36574 36584 36594 36604 36614 36624
36564 36574 36584 36594 36604 36614 36624
36564 36574 36584 36594 36604 36614 36624
36564 36574 36584 36594 36604 36614 36624
36564 36574 36584 36594 36604 36614 36624
36564 36574 36584 36594 36604 36614 36624
36564 36574 36584 36594 36604 36614 36624
36564 36574 36584 36594 36604 36614 36624
36564 36574 36584 36594 36604 36614 36624
36564 36574 36584 36594 36604 36614 36624
36564 36574 36584 36594 36604 36614 36624
36564 36574 36584 36594 36604 36614 36624
36564 36574 36584 36594 36604 36614 36624
36564 36574 36584 36594 36604 36614 36624
36564 36574 36584 36594 36604 36614 36624
36564 36574 36584 36594 36604 36614 36624
36564 36574 36584 36594 36604 36614 36624
36564 36574 36584 36594 36604 36614 36624
36564 36574 36584 36594 36604 36614 36624
36564 36574 36584 36594 36604 36614 36624
36564 36574 36584 36594 36604 36614 36624
36564 36574 36584 36594 36604 36614 36624
36564 36574 36584 36594 36604 36614 36624
36564 36574 36584 36594 36604 36614 36624
36564 36574 36584 36594 36604 36614 36624
36564 36574 36584 36594 36604 36614 36624
36564 36574 36584 36594 36604 36614 36624
36564 36574 36584 36594 36604 36614 36624
36564 36574 36584 36594 36604 36614 36624
36564 36574 36584 36594 36604 36614 36624
36564 36574 36584 36594 36604 36614 36624
36564 36574 36584 36594 36604 36614 36624
