38771
38771
38771
38771
38771
38771
38771
38771
38771
38771
38771
38771
38771
38771
38771
38771
38771
38771
38771
38771
38771
38771
38771
38771
38771
38771
38771
38771
38771
38771
6052 6062 6072 6082 6092 6102 6112 6122
6052 6062 6072 6082 6092 6102 6112 6122
6052 6062 6072 6082 6092 6102 6112 6122
6052 6062 6072 6082 6092 6102 6112 6122
6052 6062 6072 6082 6092 6102 6112 6122
6052 6062 6072 6082 6092 6102 6112 6122
6052 6062 6072 6082 6092 6102 6112 6122
6052 6062 6072 6082 6092 6102 6112 6122
6052 6062 6072 6082 6092 6102 6112 6122
6052 6062 6072 6082 6092 6102 6112 6122
6052 6062 6072 6082 6092 6102 6112 6122
6052 6062 6072 6082 6092 6102 6112 6122
6052 6062 6072 6082 6092 6102 6112 6122
6052 6062 6072 6082 6092 6102 6112 6122
6052 6062 6072 6082 6092 6102 6112 6122
6052 6062 6072 6082 6092 6102 6112 6122
6052 6062 6072 6082 6092 6102 6112 6122
6052 6062 6072 6082 6092 6102 6112 6122
6052 6062 6072 6082 6092 6102 6112 6122
6052 6062 6072 6082 6092 6102 6112 6122
6052 6062 6072 6082 6092 6102 6112 6122
6052 6062 6072 6082 6092 6102 6112 6122
6052 6062 6072 6082 6092 6102 6112 6122
6052 6062 6072 6082 6092 6102 6112 6122
6052 6062 6072 6082 6092 6102 6112 6122
6052 6062 6072 6082 6092 6102 6112 6122
6052 6062 6072 6082 6092 6102 6112 6122
6052 6062 6072 6082 6092 6102 6112 6122
6052 6062 6072 6082 6092 6102 6112 6122
6052 6062 6072 6082 6092 6102 6112 6122
6052 6062 6072 6082 6092 6102 6112 6122
6052 6062 6072 6082 6092 6102 6112 6122
6052 6062 6072 6082 6092 6102 6112 6122
6052 6062 6072 6082 6092 6102 6112 6122
6052 6062 6072 6082 6092 6102 6112 6122
6052 6062 6072 6082 6092 6102 6112 6122
6052 6062 6072 6082 6092 6102 6112 6122
6052 6062 6072 6082 6092 6102 6112 6122
6052 6062 6072 6082 6092 6102 6112 6122
6052 6062 6072 6082 6092 6102 6112 6122
6052 6062 6072 6082 6092 6102 6112 6122
6052 6062 6072 6082 6092 6102 6112 6122
6052 6062 6072 6082 6092 6102 6112 6122
6052 6062 6072 6082 6092 6102 6112 6122
6052 6062 6072 6082 6092 6102 6112 6122
6052 6062 6072 6082 6092 6102 6112 6122
6052 6062 6072 6082 6092 6102 6112 6122
6052 6062 6072 6082 6092 6102 6112 6122
6052 6062 6072 6082 6092 6102 6112 6122
6052 6062 6072 6082 6092 6102 6112 6122
6052 6062 6072 6082 6092 6102 6112 6122
6052 6062 6072 6082 6092 6102 6112 6122
6052 6062 6072 6082 6092 6102 6112 6122
6052 6062 6072 6082 6092 6102 6112 6122
6052 6062 6072 6082 6092 6102 6112 6122
6052 6062 6072 6082 6092 6102 6112 6122
6052 6062 6072 6082 6092 6102 6112 6122
6052 6062 6072 6082 6092 6102 6112 6122
6052 6062 6072 6082 6092 6102 6112 6122
6052 6062 6072 6082 6092 6102 6112 6122
6052 6062 6072 6082 6092 6102 6112 6122
6052 6062 6072 6082 6092 6102 6112 6122
6052 6062 6072 6082 6092 6102 6112 6122
6052 6062 6072 6082 6092 6102 6112 6122
6052 6062 6072 6082 6092 6102 6112 6122
6052 6062 6072 6082 6092 6102 6112 6122
6052 6062 6072 6082 6092 6102 6112 6122
6052 6062 6072 6082 6092 6102 6112 6122
6052 6062 6072 6082 6092 6102 6112 6122
6052 6062 6072 6082 6092 6102 6112 6122
6052 6062 6072 6082 6092 6102 6112 6122
6052 6062 6072 6082 6092 6102 6112 6122
6052 6062 6072 6082 6092 6102 6112 6122
6052 6062 6072 6082 6092 6102 6112 6122
6052 6062 6072 6082 6092 6102 6112 6122
6052 6062 6072 6082 6092 6102 6112 6122
6052 6062 6072 6082 6092 6102 6112 6122
6052 6062 6072 6082 6092 6102 6112 6122
6052 6062 6072 6082 6092 6102 6112 6122
6052 6062 6072 6082 6092 6102 6112 6122
6052 6062 6072 6082 6092 6102 6112 6122
6052 6062 6072 6082 6092 6102 6112 6122
6052 6062 6072 6082 6092 6102 6112 6122
6052 6062 6072 6082 6092 6102 6112 6122
6052 6062 6072 6082 6092 6102 6112 6122
6052 6062 6072 6082 6092 6102 6112 6122
6052 6062 6072 6082 6092 6102 6112 6122
6052 6062 6072 6082 6092 6102 6112 6122
6052 6062 6072 6082 6092 6102 6112 6122
6052 6062 6072 6082 6092 6102 6112 6122
6052 6062 6072 6082 6092 6102 6112 6122
7433 7443 7453 7463 7473 7483 7493 7503
7433 7443 7453 7463 7473 7483 7493 7503
7433 7443 7453 7463 7473 7483 7493 7503
7433 7443 7453 7463 7473 7483 7493 7503
7433 7443 7453 7463 7473 7483 7493 7503
7433 7443 7453 7463 7473 7483 7493 7503
7433 7443 7453 7463 7473 7483 7493 7503
7433 7443 7453 7463 7473 7483 7493 7503
7433 7443 7453 7463 7473 7483 7493 7503
7433 7443 7453 7463 7473 7483 7493 7503
7433 7443 7453 7463 7473 7483 7493 7503
7433 7443 7453 7463 7473 7483 7493 7503
7433 7443 7453 7463 7473 7483 7493 7503
7433 7443 7453 7463 7473 7483 7493 7503
7433 7443 7453 7463 7473 7483 7493 7503
7433 7443 7453 7463 7473 7483 7493 7503
7433 7443 7453 7463 7473 7483 7493 7503
7433 7443 7453 7463 7473 7483 7493 7503
7433 7443 7453 7463 7473 7483 7493 7503
7433 7443 7453 7463 7473 7483 7493 7503
7433 7443 7453 7463 7473 7483 7493 7503
7433 7443 7453 7463 7473 7483 7493 7503
7433 7443 7453 7463 7473 7483 7493 7503
7433 7443 7453 7463 7473 7483 7493 7503
7433 7443 7453 7463 7473 7483 7493 7503
7433 7443 7453 7463 7473 7483 7493 7503
7433 7443 7453 7463 7473 7483 7493 7503
7433 7443 7453 7463 7473 7483 7493 7503
7433 7443 7453 7463 7473 7483 7493 7503
7433 7443 7453 7463 7473 7483 7493 7503
7433 7443 7453 7463 7473 7483 7493 7503
7433 7443 7453 7463 7473 7483 7493 7503
7433 7443 7453 7463 7473 7483 7493 7503
7433 7443 7453 7463 7473 7483 7493 7503
7433 7443 7453 7463 7473 7483 7493 7503
7433 7443 7453 7463 7473 7483 7493 7503
7433 7443 7453 7463 7473 7483 7493 7503
7433 7443 7453 7463 7473 7483 7493 7503
7433 7443 7453 7463 7473 7483 7493 7503
7433 7443 7453 7463 7473 7483 7493 7503
7433 7443 7453 7463 7473 7483 7493 7503
7433 7443 7453 7463 7473 7483 7493 7503
7433 7443 7453 7463 7473 7483 7493 7503
7433 7443 7453 7463 7473 7483 7493 7503
7433 7443 7453 7463 7473 7483 7493 7503
7433 7443 7453 7463 7473 7483 7493 7503
7433 7443 7453 7463 7473 7483 7493 7503
7433 7443 7453 7463 7473 7483 7493 7503
7433 7443 7453 7463 7473 7483 7493 7503
7433 7443 7453 7463 7473 7483 7493 7503
7433 7443 7453 7463 7473 7483 7493 7503
7433 7443 7453 7463 7473 7483 7493 7503
7433 7443 7453 7463 7473 7483 7493 7503
7433 7443 7453 7463 7473 7483 7493 7503
7433 7443 7453 7463 7473 7483 7493 7503
7433 7443 7453 7463 7473 7483 7493 7503
7433 7443 7453 7463 7473 7483 7493 7503
7433 7443 7453 7463 7473 7483 7493 7503
7433 7443 7453 7463 7473 7483 7493 7503
7433 7443 7453 7463 7473 7483 7493 7503
7513 7443 7453 7513 7473 7483 7493 7503
7433 7443 7453 7463 7473 7483 7493 7503
7433 7443 7453 7463 7473 7483 7493 7503
7513 7443 7453 7513 7473 7483 7493 7503
7513 7443 7453 7513 7473 7483 7493 7503
7513 7443 7453 7513 7473 7483 7493 7503
7513 7443 7453 7513 7473 7483 7493 7503
7433 7443 7453 7463 7473 7483 7493 7503
7433 7443 7453 7463 7473 7483 7493 7503
7513 7443 7453 7513 7473 7483 7493 7503
7513 7443 7453 7513 7473 7483 7493 7503
7433 7443 7453 7463 7473 7483 7493 7503
7433 7443 7453 7463 7473 7483 7493 7503
7513 7443 7453 7513 7473 7483 7493 7503
7513 7443 7453 7513 7473 7483 7493 7503
7513 7443 7453 7513 7473 7483 7493 7503
7433 7443 7453 7463 7473 7483 7493 7503
7433 7443 7453 7463 7473 7483 7493 7503
7513 7443 7453 7513 7473 7483 7493 7503
7513 7443 7453 7513 7473 7483 7493 7503
7433 7443 7453 7463 7473 7483 7493 7503
7433 7443 7453 7463 7473 7483 7493 7503
7433 7443 7453 7463 7473 7483 7493 7503
7433 7443 7453 7463 7473 7483 7493 7503
