84611
84611
84611
84611
84611
84611
84611
84611
84611
84611
84611
84611
84611
84611
84611
84611
84611
84611
84611
84611
84611
84611
84611
84611
84611
84611
84611
84611
84611
84611
16492 16502 16512 16522 16532 16542 16552 16562
16492 16502 16512 16522 16532 16542 16552 16562
16492 16502 16512 16522 16532 16542 16552 16562
16492 16502 16512 16522 16532 16542 16552 16562
16492 16502 16512 16522 16532 16542 16552 16562
16492 16502 16512 16522 16532 16542 16552 16562
16492 16502 16512 16522 16532 16542 16552 16562
16492 16502 16512 16522 16532 16542 16552 16562
16492 16502 16512 16522 16532 16542 16552 16562
16492 16502 16512 16522 16532 16542 16552 16562
16492 16502 16512 16522 16532 16542 16552 16562
16492 16502 16512 16522 16532 16542 16552 16562
16492 16502 16512 16522 16532 16542 16552 16562
16492 16502 16512 16522 16532 16542 16552 16562
16492 16502 16512 16522 16532 16542 16552 16562
16492 16502 16512 16522 16532 16542 16552 16562
16492 16502 16512 16522 16532 16542 16552 16562
16492 16502 16512 16522 16532 16542 16552 16562
16492 16502 16512 16522 16532 16542 16552 16562
16492 16502 16512 16522 16532 16542 16552 16562
16492 16502 16512 16522 16532 16542 16552 16562
16492 16502 16512 16522 16532 16542 16552 16562
16492 16502 16512 16522 16532 16542 16552 16562
16492 16502 16512 16522 16532 16542 16552 16562
16492 16502 16512 16522 16532 16542 16552 16562
16492 16502 16512 16522 16532 16542 16552 16562
16492 16502 16512 16522 16532 16542 16552 16562
16492 16502 16512 16522 16532 16542 16552 16562
16492 16502 16512 16522 16532 16542 16552 16562
16492 16502 16512 16522 16532 16542 16552 16562
16492 16502 16512 16522 16532 16542 16552 16562
16492 16502 16512 16522 16532 16542 16552 16562
16492 16502 16512 16522 16532 16542 16552 16562
16492 16502 16512 16522 16532 16542 16552 16562
16492 16502 16512 16522 16532 16542 16552 16562
16492 16502 16512 16522 16532 16542 16552 16562
16492 16502 16512 16522 16532 16542 16552 16562
16492 16502 16512 16522 16532 16542 16552 16562
16492 16502 16512 16522 16532 16542 16552 16562
16492 16502 16512 16522 16532 16542 16552 16562
16492 16502 16512 16522 16532 16542 16552 16562
16492 16502 16512 16522 16532 16542 16552 16562
16492 16502 16512 16522 16532 16542 16552 16562
16492 16502 16512 16522 16532 16542 16552 16562
16492 16502 16512 16522 16532 16542 16552 16562
16492 16502 16512 16522 16532 16542 16552 16562
16492 16502 16512 16522 16532 16542 16552 16562
16492 16502 16512 16522 16532 16542 16552 16562
16492 16502 16512 16522 16532 16542 16552 16562
16492 16502 16512 16522 16532 16542 16552 16562
16492 16502 16512 16522 16532 16542 16552 16562
16492 16582 16512 16522 16532 16542 16552 16562
16492 16572 16512 16522 16532 16542 16552 16562
16492 16502 16512 16592 16532 16542 16552 16562
16492 16502 16512 16522 16532 16542 16552 16562
16492 16602 16602 16602 16602 16542 16602 16562
16492 16602 16602 16602 16602 16542 16602 16562
16492 16602 16602 16602 16602 16542 16602 16562
16492 16602 16602 16602 16602 16542 16602 16562
16492 16612 16612 16612 16612 16542 16612 16562
16492 16612 16612 16612 16612 16542 16612 16562
16492 16602 16602 16602 16602 16542 16602 16562
16492 16602 16602 16602 16602 16542 16602 16562
16492 16622 16622 16622 16622 16542 16622 16562
16492 16622 16622 16622 16622 16542 16622 16562
16492 16602 16602 16602 16602 16542 16602 16562
16492 16602 16602 16602 16602 16542 16602 16562
16492 16632 16632 16632 16632 16542 16632 16562
16492 16632 16632 16632 16632 16542 16632 16562
16492 16502 16512 16522 16532 16542 16552 16562
16492 16502 16512 16522 16532 16542 16552 16562
16492 16642 16642 16642 16642 16642 16642 16642
16492 16652 16652 16652 16652 16652 16652 16652
16492 16652 16652 16652 16652 16652 16652 16652
16492 16502 16512 16522 16532 16542 16552 16562
16492 16502 16512 16522 16532 16542 16552 16562
16492 16502 16512 16522 16532 16542 16552 16562
16492 16502 16512 16522 16532 16542 16552 16562
16492 16502 16512 16522 16532 16542 16552 16562
16492 16502 16512 16522 16532 16542 16552 16562
16492 16502 16512 16522 16532 16542 16552 16562
16492 16502 16512 16522 16532 16542 16552 16562
16492 16502 16512 16522 16532 16542 16552 16562
16492 16502 16512 16522 16532 16542 16552 16562
16492 16502 16512 16522 16532 16542 16552 16562
16492 16502 16512 16522 16532 16542 16552 16562
16492 16502 16512 16522 16532 16542 16552 16562
16492 16502 16512 16522 16532 16542 16552 16562
16492 16502 16512 16522 16532 16542 16552 16562
16492 16502 16512 16522 16532 16542 16552 16562
16492 16502 16512 16522 16532 16542 16552 16562
19643 19653 19663 19673 19683 19693 19703 19713
19643 19653 19663 19673 19683 19693 19703 19713
19643 19653 19663 19673 19683 19693 19703 19713
19643 19653 19663 19673 19683 19693 19703 19713
19643 19653 19663 19673 19683 19693 19703 19713
19643 19653 19663 19673 19683 19693 19703 19713
19643 19653 19663 19673 19683 19693 19703 19713
19643 19653 19663 19673 19683 19693 19703 19713
19643 19653 19663 19673 19683 19693 19703 19713
19643 19653 19663 19673 19683 19693 19703 19713
19643 19653 19663 19673 19683 19693 19703 19713
19643 19653 19663 19673 19683 19693 19703 19713
19643 19653 19663 19673 19683 19693 19703 19713
19643 19653 19663 19673 19683 19693 19703 19713
19643 19653 19663 19673 19683 19693 19703 19713
19643 19653 19663 34203 34203 34203 19703 19713
19643 19653 19663 34203 34203 34203 19703 19713
19643 19653 19663 34203 34203 34203 19703 19713
19643 19653 19663 19673 19683 19693 19703 19713
19643 19653 19663 19673 19683 19693 19703 19713
19643 19653 19663 19673 19683 19693 19703 19713
19643 19653 19663 19673 19683 19693 19703 19713
19643 19653 19663 19673 19683 19693 19703 19713
19643 19653 19663 19673 19683 19693 19703 19713
19643 19653 19663 19673 19683 19693 19703 19713
19643 19653 19663 19673 19683 19693 19703 19713
19643 19653 19663 19673 19683 19693 19703 19713
19643 19653 19663 19673 19683 19693 19703 19713
19643 19653 19663 19673 19683 19693 19703 19713
19643 19653 19663 19673 19683 19693 19703 19713
19643 19653 19663 19673 19683 19693 19703 19713
19643 19653 19663 19673 19683 19693 19703 19713
19643 19653 19663 19673 19683 19693 19703 19713
19643 19653 19663 19673 19683 19693 19703 19713
19643 19653 19663 19673 19683 19693 19703 19713
19643 19653 19663 19673 19683 19693 19703 19713
19643 19653 19663 19673 19683 19693 19703 19713
19643 19653 19663 19673 19683 19693 19703 19713
19643 19653 19663 19673 19683 19693 19703 19713
19643 19653 19663 19673 19683 19693 19703 19713
19643 19653 19663 19673 19683 19693 19703 19713
19643 19653 19663 19673 19683 19693 19703 19713
19643 19653 19663 19673 19683 19693 19703 19713
19643 19653 19663 19673 19683 19693 19703 19713
19643 19653 19663 19673 19683 19693 19703 19713
19643 19653 19663 19673 19683 19693 19703 19713
19643 19653 19663 19673 19683 19693 19703 19713
19723 19653 19663 19723 19683 19693 19703 19723
19743 19653 19663 19743 19683 19693 19703 19743
19643 19653 19663 19673 19683 19693 19703 19713
19733 19733 19733 19733 19733 19733 19733 19733
19733 19733 19733 19733 19733 19733 19733 19733
19753 19753 19753 19753 19753 19693 19703 19713
19643 19653 19663 19673 19683 19693 19703 19713
19763 19763 19663 19763 19763 19693 19703 19713
19643 19653 19663 19673 19683 19693 19703 19713
19773 19653 19663 19773 19773 19773 19773 19773
19783 19653 19663 19783 19683 19693 19703 19783
19793 19653 19663 19673 19683 19693 19703 19793
19803 19653 19663 19803 19683 19693 19703 19713
19643 19653 19663 19673 19683 19693 19703 19713
19643 19653 19663 19673 19683 19693 19703 19713
19813 19653 19663 19813 19683 19693 19703 19713
19643 19653 19663 19673 19683 19693 19703 19713
19813 19813 19813 19813 19813 19813 19813 19813
19813 19813 19813 19813 19813 19813 19813 19813
19813 19813 19813 19813 19813 19813 19813 19813
19643 19653 19663 19673 19683 19693 19703 19713
19823 19653 19663 19823 19683 19693 19703 19713
19643 19653 19663 19673 19683 19693 19703 19713
19823 19653 19663 19673 19683 19693 19703 19823
19643 19653 19663 19673 19683 19693 19703 19713
19833 19653 19663 19833 19683 19693 19703 19713
19643 19653 19663 19673 19683 19693 19703 19713
19643 19653 19663 19673 19683 19693 19703 19713
19643 19653 19663 19673 19683 19693 19703 19713
19643 19653 19663 19673 19683 19693 19703 19713
19843 19653 19663 19843 19683 19693 19703 19713
19643 19653 19663 19673 19683 19693 19703 19713
19843 19653 19663 19843 19843 19843 19843 19843
19643 19653 19663 19673 19683 19693 19703 19713
19853 19853 19663 19853 19853 19693 19703 19713
19643 19653 19663 19673 19683 19693 19703 19713
19643 19653 19663 19673 19683 19693 19703 19713
