38731
38731
38731
38731
38731
38731
38731
38731
38731
38731
38731
38731
38731
38731
38731
38731
38731
38731
38731
38731
38731
38731
38731
38731
38731
38731
38731
38731
38731
38731
2532
2532
2532
2532
2532
2532
2532
2532
2532
2532
2532
2532
2532
2532
2532
2532
2532
2532
2532
2532
2532
2532
2532
2532
2532
2532
2532
2532
2532
2532
2532
2532
3243 3233 3253 3263 3273 3283
3243 3233 3253 3263 3273 3283
3243 3233 3253 3263 3273 3283
3243 3233 3253 3263 3273 3283
3243 3233 3253 3263 3273 3283
3243 3233 3253 3263 3273 3283
3243 3233 3253 3263 3273 3283
3243 3233 3253 3263 3273 3283
3243 3233 3253 3263 3273 3283
3243 3233 3253 3263 3273 3283
3243 3233 3253 3263 3273 3283
3243 3233 3253 3263 3273 3283
3243 3233 3253 3263 3273 3283
3243 3233 3253 3263 3273 3283
3243 3233 3253 3263 3273 3283
3243 3233 3253 3263 3273 3283
3243 3233 3253 3263 3273 3283
3243 3233 3253 3263 3273 3283
3243 3233 3253 3263 3273 3283
3243 3233 3253 3263 3273 3283
3243 3233 3253 3263 3273 3283
3243 3233 3253 3263 3273 3283
3243 3233 3253 3263 3273 3283
3243 3233 3253 3263 3273 3283
3243 3233 3253 3263 3273 3283
3243 3233 3253 3263 3273 3283
3243 3233 3253 3263 3273 3283
3243 3233 3253 3263 3273 3283
3243 3233 3253 3263 3273 3283
3243 3233 3253 3263 3273 3283
3243 3233 3253 3263 3273 3283
3243 3233 3253 3263 3273 3283
3243 3233 3253 3263 3273 3283
3243 3233 3253 3263 3273 3283
3243 3233 3253 3263 3273 3283
3243 3233 3253 3263 3273 3283
3243 3233 3253 3263 3273 3283
3243 3233 3253 3263 3273 3283
3243 3233 3253 3263 3273 3283
3243 3233 3253 3263 3273 3283
3243 3233 3253 3263 3273 3283
3243 3233 3253 3263 3273 3283
3243 3233 3253 3263 3273 3283
3243 3233 3253 3263 3273 3283
3243 3233 3253 3263 3273 3283
3243 3233 3253 3263 3273 3283
3243 3233 3253 3263 3273 3283
3243 3233 3253 3263 3273 3283
3243 3233 3253 3263 3273 3283
3243 3233 3253 3263 3273 3283
3243 3233 3253 3263 3273 3283
3243 3233 3253 3263 3273 3283
3243 3233 3253 3263 3273 3283
3243 3233 3253 3263 3273 3283
3243 3233 3253 3263 3273 3283
3243 3233 3253 3263 3273 3283
3243 3233 3253 3263 3273 3283
3243 3233 3253 3263 3273 3283
3243 3233 3253 3263 3273 3283
3243 3233 3253 3263 3273 3283
3243 3233 3253 3263 3273 3283
3243 3233 3253 3263 3273 3283
3243 3233 3253 3263 3273 3283
3243 3233 3253 3263 3273 3283
3243 3233 3253 3263 3273 3283
3243 3233 3253 3263 3273 3283
29874
29874
29874
29874
29874
29874
29874
29874
29874
29874
29874
29874
29874
29874
29874
29874
29874
29874
29874
29874
29874
29874
29874
29874
29874
29874
29874
29874
29874
29874
29874
29874
