84641
84641
84641
84641
84641
84641
84641
84641
84641
84641
84641
84641
84641
84641
84641
84641
84641
84641
84641
84641
84641
84641
84641
84641
84641
84641
84641
84641
84641
84641
7312 7362 7372 7382
7312 7362 7372 7382
7312 7362 7372 7382
7312 7362 7372 7382
7312 7362 7372 7382
7312 7362 7372 7382
7312 7362 7372 7382
7312 7362 7372 7382
7312 7362 7372 7382
7312 7362 7372 7382
7312 7362 7372 7382
7312 7362 7372 7382
7312 7362 7372 7382
7312 7362 7372 7382
7312 7362 7372 7382
7312 7362 7372 7382
7312 7362 7372 7382
7312 7362 7372 7382
7312 7362 7372 7382
7312 7362 7372 7382
7312 7362 7372 7382
7312 7362 7372 7382
7312 7362 7372 7382
7312 7362 7372 7382
7312 7362 7372 7382
7312 7362 7372 7382
7312 7362 7372 7382
7312 7362 7372 7382
7312 7362 7372 7382
7312 7362 7372 7382
7312 7362 7372 7382
7312 7362 7372 7382
7312 7362 7372 7382
7312 7362 7372 7382
7312 7362 7372 7382
7312 7362 7372 7382
7312 7362 7372 7382
7312 7362 7372 7382
7322 7322 7322 7322
7332 7332 7332 7332
7312 7362 7372 7382
7342 7342 7342 7342
7342 7342 7342 7342
7312 7362 7372 7382
7312 7362 7372 7382
7352 7352 7352 7352
7312 7362 7372 7382
7312 7362 7372 7382
7312 7362 7372 7382
7312 7362 7372 7382
7313 7363 7373 7383
7313 7363 7373 7383
7313 7363 7373 7383
7313 7363 7373 7383
7313 7363 7373 7383
7313 7363 7373 7383
7313 7363 7373 7383
7313 7363 7373 7383
7313 7363 7373 7383
7313 7363 7373 7383
7313 7363 7373 7383
7313 7363 7373 7383
7313 7363 7373 7383
7313 7363 7373 7383
7313 7363 7373 7383
7313 7363 7373 7383
7313 7363 7373 7383
7313 7363 7373 7383
7313 7363 7373 7383
7313 7363 7373 7383
7313 7363 7373 7383
7313 7363 7373 7383
7313 7363 7373 7383
7313 7363 7373 7383
7313 7363 7373 7383
7313 7363 7373 7383
7313 7363 7373 7383
7313 7363 7373 7383
7313 7363 7373 7383
7313 7363 7373 7383
7313 7363 7373 7383
7313 7363 7373 7383
7313 7363 7373 7383
7313 7363 7373 7383
7313 7363 7373 7383
7313 7363 7373 7383
7313 7363 7373 7383
7313 7363 7373 7383
7323 7323 7323 7323
7333 7333 7333 7333
7313 7363 7373 7383
7343 7343 7343 7343
7343 7343 7343 7343
7313 7363 7373 7383
7313 7363 7373 7383
7353 7353 7353 7353
7313 7363 7373 7383
7313 7363 7373 7383
7313 7363 7373 7383
7313 7363 7373 7383
7944 7944 7944
7944 7944 7944
7944 7944 7944
7944 7944 7944
7944 7944 7944
7944 7944 7944
7944 7944 7944
7944 7944 7944
7944 7944 7944
7944 7944 7944
7944 7944 7944
7944 7944 7944
7944 7944 7944
7944 7944 7944
7944 7944 7944
7944 7944 7944
7944 7944 7944
7944 7944 7944
7944 7944 7944
7944 7944 7944
7944 7944 7944
7944 7944 7944
7944 7944 7944
7944 7944 7944
7944 7944 7944
7944 7944 7944
7944 7944 7944
7944 7944 7944
7944 7944 7944
7944 7944 7944
7944 7944 7944
7944 7944 7944
7945 7945 7945
7945 7945 7945
7945 7945 7945
7945 7945 7945
7945 7945 7945
7945 7945 7945
7945 7945 7945
7945 7945 7945
7945 7945 7945
7945 7945 7945
7945 7945 7945
7945 7945 7945
7945 7945 7945
7945 7945 7945
7945 7945 7945
7945 7945 7945
7945 7945 7945
7945 7945 7945
7945 7945 7945
7945 7945 7945
7945 7945 7945
7945 7945 7945
7945 7945 7945
7945 7945 7945
7945 7945 7945
7945 7945 7945
7945 7945 7945
7945 7945 7945
7945 7945 7945
7945 7945 7945
7945 7945 7945
7945 7945 7945
51726 51736 51746 51756 51766 51776 51786 51796 51806 51926
51726 51736 51746 51756 51766 51776 51786 51796 51806 51926
51726 51736 51746 51756 51766 51776 51786 51796 51806 51926
51726 51736 51746 51756 51766 51776 51786 51796 51806 51926
51726 51736 51746 51916 51766 51776 51786 51916 51806 51926
51726 51736 51746 51756 51766 51776 51786 51796 51806 51926
51726 51736 51746 51756 51766 51776 51786 51796 51806 51926
51726 51736 51746 51916 51766 51776 51786 51916 51806 51926
51726 51736 51746 51756 51766 51776 51786 51796 51806 51926
51726 51736 51746 51756 51766 51776 51786 51796 51806 51926
51726 51736 51746 51756 51766 51776 51786 51796 51806 51926
51726 51736 51746 51756 51766 51776 51786 51796 51806 51926
51726 51736 51746 51756 51766 51776 51786 51796 51806 51926
51726 51736 51746 51756 51766 51776 51786 51796 51806 51926
51726 51736 51746 51756 51766 51776 51786 51796 51806 51926
51726 51736 51746 51756 51766 51776 51786 51796 51806 51926
51726 51916 51916 51916 51916 51916 51786 51916 51806 51926
51726 51736 51746 51756 51766 51776 51786 51796 51806 51926
51726 51736 51746 51756 51766 51776 51786 51796 51806 51926
51726 51736 51746 51916 51916 51776 51786 51916 51806 51926
51726 51736 51746 51756 51766 51776 51786 51796 51806 51926
51726 51736 51746 51756 51766 51776 51786 51796 51806 51926
51726 51736 51746 51916 51766 51776 51786 51916 51806 51926
51726 51736 51746 51756 51766 51776 51786 51796 51806 51926
51726 51736 51746 51756 51766 51776 51786 51796 51806 51926
51726 51736 51746 51756 51766 51776 51786 51796 51806 51926
51726 51736 51746 51756 51766 51776 51786 51796 51806 51926
51726 51736 51746 51756 51766 51776 51786 51796 51806 51926
51726 51736 51746 51756 51766 51776 51786 51796 51806 51926
51726 51736 51746 51756 51766 51776 51786 51796 51806 51926
51726 51736 51746 51756 51766 51776 51786 51796 51806 51926
51726 51736 51746 51756 51766 51776 51786 51796 51806 51926
51726 51736 51746 51756 51766 51776 51786 51796 51806 51926
51726 51736 51746 51756 51766 51776 51786 51796 51806 51926
51726 51736 51746 51756 51766 51776 51786 51796 51806 51926
51726 51736 51746 51756 51766 51776 51786 51796 51806 51926
51726 51736 51746 51756 51766 51776 51786 51796 51806 51926
51726 51736 51746 51756 51766 51776 51786 51796 51806 51926
51726 51736 51746 51756 51766 51776 51786 51796 51806 51926
51726 51736 51746 51756 51766 51776 51786 51796 51806 51926
51726 51736 51746 51756 51766 51776 51786 51796 51806 51926
51726 51736 51746 51756 51766 51776 51786 51796 51806 51926
51726 51736 51746 51756 51766 51776 51786 51796 51806 51926
51726 51736 51746 51756 51766 51776 51786 51796 51806 51926
51726 51736 51746 51756 51766 51776 51786 51796 51806 51926
51726 51736 51746 51756 51766 51776 51786 51796 51806 51926
51726 51736 51746 51756 51766 51776 51786 51796 51806 51926
51726 51736 51746 51756 51816 51776 51786 51796 51806 51816
51726 51736 51746 51756 51816 51776 51786 51796 51806 51816
51726 51736 51746 51826 51826 51836 51786 51836 51806 51826
51726 51736 51746 51826 51826 51836 51786 51836 51806 51826
51726 51736 51746 51826 51826 51836 51786 51836 51806 51826
51726 51736 51746 51826 51826 51836 51786 51836 51806 51826
51726 51736 51746 51826 51826 51836 51786 51836 51806 51826
51726 51736 51746 51826 51826 51836 51786 51836 51806 51826
51726 51736 51746 51826 51826 51836 51786 51836 51806 51826
51726 51736 51746 51826 51826 51836 51786 51836 51806 51826
51726 51736 51746 51826 51826 51836 51786 51836 51806 51826
51726 51736 51746 51826 51826 51836 51786 51836 51806 51826
51726 51736 51746 51826 51826 51836 51786 51836 51806 51826
51726 51736 51746 51826 51826 51836 51786 51836 51806 51826
51726 51736 51746 51826 51826 51836 51786 51836 51806 51826
51726 51736 51746 51826 51826 51836 51786 51836 51806 51826
51726 51736 51746 51826 51826 51836 51786 51836 51806 51826
51726 51736 51746 51826 51826 51836 51786 51836 51806 51826
51726 51736 51746 51756 51766 51776 51786 51796 51806 51926
51726 51736 51746 51846 51766 51776 51786 51796 51806 51926
51726 51736 51746 51846 51766 51876 51786 51876 51806 51926
51726 51856 51856 51856 51856 51856 51786 51856 51806 51856
51726 51856 51856 51856 51856 51856 51786 51856 51806 51856
51726 51936 51936 51936 51936 51936 51786 51936 51806 51936
51726 51936 51936 51936 51936 51936 51786 51936 51806 51936
51726 51856 51856 51856 51856 51856 51786 51856 51806 51856
51726 51856 51856 51856 51856 51856 51786 51856 51806 51856
51726 51936 51936 51936 51936 51936 51786 51936 51806 51936
51726 51936 51936 51936 51936 51936 51786 51936 51806 51936
51726 51856 51856 51856 51856 51856 51786 51856 51806 51856
51726 51856 51856 51856 51856 51856 51786 51856 51806 51856
51726 51936 51936 51936 51936 51936 51786 51936 51806 51936
51726 51936 51936 51936 51936 51936 51786 51936 51806 51936
51726 51856 51856 51856 51856 51856 51786 51856 51806 51856
51726 51856 51856 51856 51856 51856 51786 51856 51806 51856
51726 51936 51936 51936 51936 51936 51786 51936 51806 51936
51726 51936 51936 51936 51936 51936 51786 51936 51806 51936
51726 51736 51746 51756 51766 51776 51786 51796 51806 51926
51726 51866 51866 51866 51866 51866 51786 51866 51866 51866
51726 51736 51746 51756 51766 51776 51786 51796 51806 51926
51726 51736 51746 51756 51766 51776 51786 51796 51806 51926
51726 51736 51746 51756 51766 51776 51786 51796 51806 51926
51726 51736 51746 51876 51876 51776 51786 51876 51806 51926
51726 51736 51746 51876 51876 51776 51786 51876 51806 51926
51726 51736 51746 51756 51766 51776 51786 51796 51806 51926
51726 51736 51746 51876 51876 51776 51786 51876 51806 51926
51726 51736 51746 51876 51876 51776 51786 51876 51806 51926
51726 51736 51746 51756 51766 51776 51786 51886 51806 51926
51726 51736 51746 51756 51766 51776 51786 51886 51806 51926
51726 51736 51746 51756 51766 51776 51786 51796 51806 51926
51726 51946 51946 51946 51946 51946 51786 51946 51806 51946
51726 51946 51946 51946 51956 51946 51786 51946 51806 51956
51726 51736 51746 51756 51766 51776 51786 51796 51806 51926
51726 51946 51946 51946 51946 51946 51786 51946 51806 51946
51726 51946 51946 51946 51956 51946 51786 51946 51806 51956
51726 51736 51746 51756 51766 51776 51786 51796 51806 51926
51726 51966 51966 51966 51966 51966 51786 51966 51806 51966
51726 51966 51966 51966 51966 51966 51786 51966 51806 51966
51726 51836 51836 51836 51976 51836 51786 51836 51806 51976
51726 51736 51746 51756 51766 51776 51786 51796 51806 51926
51726 51966 51966 51966 51966 51966 51786 51966 51806 51966
51726 51966 51966 51966 51966 51966 51786 51966 51806 51966
51726 51836 51836 51836 51976 51836 51786 51836 51806 51976
51726 51736 51746 51756 51766 51776 51786 51796 51806 51926
51726 51736 51746 51756 51766 51776 51786 51796 51806 51926
51726 51736 51746 51896 51766 51896 51786 51896 51806 51926
51726 51736 51746 51896 51766 51896 51786 51896 51806 51926
51726 51736 51746 51756 51906 51776 51786 51796 51806 51926
51726 51736 51746 51756 51766 51776 51786 51796 51806 51926
51726 51736 51746 51756 51766 51776 51786 51796 51806 51926
