38801
38801
38801
38801
38801
38801
38801
38801
38801
38801
38801
38801
38801
38801
38801
38801
38801
38801
38801
38801
38801
38801
38801
38801
38801
38801
38801
38801
38801
38801
2462
2462
2462
2462
2462
2462
2462
2462
2462
2462
2462
2462
2462
2462
2462
2462
2462
2462
2462
2462
2462
2462
2462
2462
2462
2462
2462
2462
2462
2462
2462
2462
2462
2462
2462
2462
2462
2462
2462
2462
2462
2462
2462
2462
2462
2462
2462
2462
2462
2462
2463
2463
2463
2463
2463
2463
2463
2463
2463
2463
2463
2463
2463
2463
2463
2463
2463
2463
2463
2463
2463
2463
2463
2463
2463
2463
2463
2463
2463
2463
2463
2463
2463
2463
2463
2463
2463
2463
2463
2463
2463
2463
2463
2463
2463
2463
2463
2463
2463
2463
2674
2674
2674
2674
2674
2674
2674
2674
2674
2674
2674
2674
2674
2674
2674
2674
2674
2674
2674
2674
2674
2674
2674
2674
2674
2674
2674
2674
2674
2674
2674
2674
2675
2675
2675
2675
2675
2675
2675
2675
2675
2675
2675
2675
2675
2675
2675
2675
2675
2675
2675
2675
2675
2675
2675
2675
2675
2675
2675
2675
2675
2675
2675
2675
24746 24756 24766 24776 24786 24796 24806 24816 24826
24746 24756 24766 24776 24786 24796 24806 24816 24826
24746 24756 24766 24776 24786 24796 24806 24816 24826
24746 24756 24766 24776 24786 24796 24806 24816 24826
24746 24756 24766 24776 24786 24796 24806 24816 24826
24746 24756 24766 24776 24786 24796 24806 24816 24826
24746 24756 24766 24776 24786 24796 24806 24816 24826
24746 24756 24766 24776 24786 24796 24806 24816 24826
24746 24756 24766 24776 24786 24796 24806 24816 24826
24746 24756 24766 24776 24786 24796 24806 24816 24826
24746 24756 24766 24776 24786 24796 24806 24816 24826
24746 24756 24766 24776 24786 24796 24806 24816 24826
24746 24756 24766 24776 24786 24796 24806 24816 24826
24746 24756 24766 24776 24786 24796 24806 24816 24826
24746 24756 24766 24776 24786 24796 24806 24816 24826
24746 24756 24766 24776 24786 24796 24806 24816 24826
24746 24756 24766 24776 24786 24796 24806 24816 24826
24746 24756 24766 24776 24786 24796 24806 24816 24826
24746 24756 24766 24776 24786 24796 24806 24816 24826
24746 24756 24766 24776 24786 24796 24806 24816 24826
24746 24756 24766 24776 24786 24796 24806 24816 24826
24746 24756 24766 24776 24786 24796 24806 24816 24826
24746 24756 24766 24776 24786 24796 24806 24816 24826
24746 24756 24766 24776 24786 24796 24806 24816 24826
24746 24756 24766 24776 24786 24796 24806 24816 24826
24746 24756 24766 24776 24786 24796 24806 24816 24826
24746 24756 24766 24776 24786 24796 24806 24816 24826
24746 24756 24766 24776 24786 24796 24806 24816 24826
24746 24756 24766 24776 24786 24796 24806 24816 24826
24746 24756 24766 24776 24786 24796 24806 24816 24826
24746 24756 24766 24776 24786 24796 24806 24816 24826
24746 24756 24766 24776 24786 24796 24806 24816 24826
24746 24756 24766 24776 24786 24796 24806 24816 24826
24746 24756 24766 24776 24786 24796 24806 24816 24826
24746 24756 24766 24776 24786 24796 24806 24816 24826
24746 24756 24766 24776 24786 24796 24806 24816 24826
24746 24756 24766 24776 24786 24796 24806 24816 24826
24746 24756 24766 24776 24786 24796 24806 24816 24826
24746 24756 24766 24776 24786 24796 24806 24816 24826
24746 24756 24766 24776 24786 24796 24806 24816 24826
24746 24756 24766 24776 24786 24796 24806 24816 24826
24746 24756 24766 24776 24786 24796 24806 24816 24826
24746 24756 24766 24776 24786 24796 24806 24816 24826
24746 24756 24766 24776 24786 24796 24806 24816 24826
24746 24756 24766 24776 24786 24796 24806 24816 24826
24746 24756 24766 24776 24786 24796 24806 24816 24826
24746 24756 24766 24776 24786 24796 24806 24816 24826
24746 24756 24766 24776 24786 24796 24806 24816 24826
24746 24756 24766 24776 24786 24796 24806 24816 24826
24746 24756 24766 24776 24786 24796 24806 24816 24826
24746 24756 24766 24776 24786 24796 24806 24816 24826
24746 24756 24766 24776 24786 24796 24806 24816 24826
24746 24756 24766 24776 24786 24796 24806 24816 24826
24746 24756 24766 24776 24786 24796 24806 24816 24826
24746 24756 24766 24776 24786 24796 24806 24816 24826
24746 24756 24766 24776 24786 24796 24806 24816 24826
24746 24756 24766 24776 24786 24796 24806 24816 24826
24746 24756 24766 24776 24786 24796 24806 24816 24826
24746 24756 24766 24776 24786 24796 24806 24816 24826
24746 24756 24766 24776 24786 24796 24806 24816 24826
24746 24756 24766 24776 24786 24796 24806 24816 24826
24746 24756 24766 24776 24786 24796 24806 24816 24826
24746 24756 24766 24776 24786 24796 24806 24816 24826
24746 24756 24766 24776 24786 24796 24806 24816 24826
24746 24756 24766 24776 24786 24796 24806 24816 24826
24746 24756 24766 24776 24786 24796 24806 24816 24826
24746 24756 24766 24776 24786 24796 24806 24816 24826
24746 24756 24766 24776 24786 24796 24806 24816 24826
24746 24756 24766 24776 24786 24796 24806 24816 24826
24746 24756 24766 24776 24786 24796 24806 24816 24826
24746 24756 24766 24776 24786 24796 24806 24816 24826
24746 24756 24766 24776 24786 24796 24806 24816 24826
24746 24756 24766 24776 24786 24796 24806 24816 24826
24746 24756 24766 24776 24786 24796 24806 24816 24826
24746 24756 24766 24776 24786 24796 24806 24816 24826
24746 24756 24766 24776 24786 24796 24806 24816 24826
24746 24756 24766 24776 24786 24796 24806 24816 24826
24746 24756 24766 24776 24786 24796 24806 24816 24826
24746 24756 24766 24776 24786 24796 24806 24816 24826
24746 24756 24766 24776 24786 24796 24806 24816 24826
24746 24756 24766 24776 24786 24796 24806 24816 24826
24746 24756 24766 24776 24786 24796 24806 24816 24826
24746 24756 24766 24776 24786 24796 24806 24816 24826
24746 24756 24766 24776 24786 24796 24806 24816 24826
24746 24756 24766 24776 24786 24796 24806 24816 24826
24746 24756 24766 24776 24786 24796 24806 24816 24826
24746 24756 24766 24776 24786 24796 24806 24816 24826
24746 24756 24766 24776 24786 24796 24806 24816 24826
24746 24756 24766 24776 24786 24796 24806 24816 24826
24746 24756 24766 24776 24786 24796 24806 24816 24826
24746 24756 24766 24776 24786 24796 24806 24816 24826
24746 24756 24766 24776 24786 24796 24806 24816 24826
24746 24756 24766 24776 24786 24796 24806 24816 24826
24746 24756 24766 24776 24786 24796 24806 24816 24826
24746 24756 24766 24776 24786 24796 24806 24816 24826
24746 24756 24766 24776 24786 24796 24806 24816 24826
24746 24756 24766 24776 24786 24796 24806 24816 24826
24746 24756 24766 24776 24786 24796 24806 24816 24826
24746 24756 24766 24776 24786 24796 24806 24816 24826
24746 24756 24766 24776 24786 24796 24806 24816 24826
24746 24756 24766 24776 24786 24796 24806 24816 24826
24746 24756 24766 24776 24786 24796 24806 24816 24826
24746 24756 24766 24776 24786 24796 24806 24816 24826
24746 24756 24766 24776 24786 24796 24806 24816 24826
24746 24756 24766 24776 24786 24796 24806 24816 24826
24746 24756 24766 24776 24786 24796 24806 24816 24826
24746 24756 24766 24776 24786 24796 24806 24816 24826
24746 24756 24766 24776 24786 24796 24806 24816 24826
24746 24756 24766 24776 24786 24796 24806 24816 24826
24746 24756 24766 24776 24786 24796 24806 24816 24826
24746 24756 24766 24776 24786 24796 24806 24816 24826
24746 24756 24766 24776 24786 24796 24806 24816 24826
24746 24756 24766 24776 24786 24796 24806 24816 24826
24746 24756 24766 24776 24786 24796 24806 24816 24826
24746 24756 24766 24776 24786 24796 24806 24816 24826
24746 24756 24766 24776 24786 24796 24806 24816 24826
24746 24756 24766 24776 24786 24796 24806 24816 24826
