84641
84641
84641
84641
84641
84641
84641
84641
84641
84641
84641
84641
84641
84641
84641
84641
84641
84641
84641
84641
84641
84641
84641
84641
84641
84641
84641
84641
84641
84641
12142 12152 12162 12172 12182
12142 12152 12162 12172 12182
12142 12152 12162 12172 12182
12142 12152 12162 12172 12182
12142 12152 12162 12172 12182
12142 12152 12162 12172 12182
12142 12152 12162 12172 12182
12142 12152 12162 12172 12182
12142 12152 12162 12172 12182
12142 12152 12162 12172 12182
12142 12152 12162 12172 12182
12142 12152 12162 12172 12182
12142 12152 12162 12172 12182
12142 12152 12162 12172 12182
12142 12152 12162 12172 12182
33782 33782 12162 33782 12182
33782 33782 12162 33782 12182
33782 33782 12162 33782 12182
12142 12152 12162 12172 12182
12142 12152 12162 12172 12182
12142 12152 12162 12172 12182
12142 12152 12162 12172 12182
12142 12152 12162 12172 12182
12142 12152 12162 12172 12182
12142 12152 12162 12172 12182
12142 12152 12162 12172 12182
12142 12152 12162 12172 12182
12142 12152 12162 12172 12182
12142 12152 12162 12172 12182
12142 12152 12162 12172 12182
12142 12152 12162 12172 12182
12142 12152 12162 12172 12182
12142 12152 12162 12172 12182
12142 12152 12162 12172 12182
12142 12152 12162 12172 12182
12142 12152 12162 12172 12182
12142 12152 12162 12172 12182
12142 12152 12162 12172 12182
12142 12152 12162 12172 12182
12142 12152 12162 12172 12182
12142 12152 12162 12172 12182
12142 12152 12162 12172 12182
12142 12152 12162 12172 12182
12142 12152 12162 12172 12182
12142 12152 12162 12172 12182
12142 12152 12162 12172 12182
12142 12152 12162 12172 12182
12192 12192 12192 12192 12192
12142 12152 12162 12172 12182
12202 12202 12202 12202 12202
12212 12212 12212 12212 12212
12222 12222 12222 12222 12222
12222 12222 12222 12222 12222
12222 12222 12222 12222 12222
12142 12152 12162 12172 12182
12142 12152 12162 12172 12182
12142 12152 12162 12172 12182
12232 12232 12232 12232 12232
12142 12152 12162 12172 12182
12142 12152 12162 12172 12182
12142 12152 33792 12172 12182
12142 12152 33792 12172 12182
12142 12152 33792 12172 12182
12142 12152 12162 12172 12182
12142 12152 12162 12172 12182
12142 12152 12162 12172 12182
14943 14963 14973 14983 14993
14943 14963 14973 14983 14993
14943 14963 14973 14983 14993
14943 14963 14973 14983 14993
14943 14963 14973 14983 14993
14943 14963 14973 14983 14993
14943 14963 14973 14983 14993
14943 14963 14973 14983 14993
14943 14963 14973 14983 14993
14943 14963 14973 14983 14993
14943 14963 14973 14983 14993
14943 14963 14973 14983 14993
14943 14963 14973 14983 14993
14943 14963 14973 14983 14993
14943 14963 14973 14983 14993
14943 14963 14973 14983 34183
14943 14963 14973 14983 34183
14943 14963 14973 14983 34183
14943 14963 14973 14983 14993
14943 14963 14973 14983 14993
14943 14963 14973 14983 14993
14943 14963 14973 14983 14993
14943 14963 14973 14983 14993
14943 14963 14973 14983 14993
14943 14963 14973 14983 14993
14943 14963 14973 14983 14993
14943 14963 14973 14983 14993
14943 14963 14973 14983 14993
14943 14963 14973 14983 14993
14943 14963 14973 14983 14993
14943 14963 14973 14983 14993
14943 14963 14973 14983 14993
14943 14963 14973 14983 14993
14943 14963 14973 14983 14993
14943 14963 14973 14983 14993
14943 14963 14973 14983 14993
14943 14963 14973 14983 14993
14943 14963 14973 14983 14993
14943 14963 14973 14983 14993
14943 14963 14973 14983 14993
14943 14963 14973 14983 14993
14943 14963 14973 14983 14993
14943 14963 14973 14983 14993
14943 14963 14973 14983 14993
14943 14963 14973 14983 14993
14943 14963 14973 14983 14993
14943 14963 14973 14983 14993
14953 14953 14953 14983 14993
14943 14963 14973 14983 14993
14943 14963 14973 14983 14993
14943 14963 14973 14983 14993
14943 14963 14973 14983 14993
14943 14963 14973 14983 14993
14943 14963 14973 14983 14993
14943 14963 14973 14983 14993
14943 14963 14973 14983 14993
14943 15023 14973 14983 14993
14943 14963 14973 14983 14993
14943 14963 14973 14983 14993
15033 15033 15033 14983 14993
14943 14963 14973 14983 14993
14943 14963 14973 14983 14993
28883 28883 28883 14983 14993
28893 28893 28893 28893 28893
28893 28893 28893 28893 28893
28893 28893 28893 28893 28893
14943 14963 14973 14983 14993
16134 16144 16154 16164 16174 16184 16194 16204
16134 16144 16154 16164 16174 16184 16194 16204
16134 16144 16154 16164 16174 16184 16194 16204
16134 16144 16154 16164 16174 16184 16194 16204
16134 16144 16154 16164 16174 16184 16194 16204
16134 16144 16154 16164 16174 16184 16194 16204
16134 16144 16154 16164 16174 16184 16194 16204
16134 16144 16154 16164 16174 16184 16194 16204
16134 16144 16154 16164 16174 16184 16194 16204
16134 16144 16154 16164 16174 16184 16194 16204
16134 16144 16154 16164 16174 16184 16194 16204
16134 16144 16154 16164 16174 16184 16194 16204
16134 16144 16154 16164 16174 16184 16194 16204
16134 16144 16154 16164 16174 16184 16194 16204
16134 16144 16154 16164 16174 16184 16194 16204
16134 16144 16154 16164 16174 16184 16194 16204
16134 16144 16154 16164 16174 16184 16194 16204
16134 16144 16154 16164 16174 16184 16194 16204
16134 16144 16154 16164 16174 16184 16194 16204
16134 16144 16154 16164 16174 16184 16194 16204
16134 16144 16154 16164 16174 16184 16194 16204
16134 16144 16154 16164 16174 16184 16194 16204
16134 16144 16154 16164 16174 16184 16194 16204
16134 16144 16154 16164 16174 16184 16194 16204
16134 16144 16154 16164 16174 16184 16194 16204
16134 16144 16154 16164 16174 16184 16194 16204
16134 16144 16154 16164 16174 16184 16194 16204
16134 16144 16154 16164 16174 16184 16194 16204
16134 16144 16154 16164 16174 16184 16194 16204
16134 16144 16154 16164 16174 16184 16194 16204
16134 16144 16154 16164 16174 16184 16194 16204
16134 16144 16154 16164 16174 16184 16194 16204
16134 16144 16154 16164 16174 16184 16194 16204
16134 16144 16154 16164 16174 16184 16194 16204
16134 16144 16154 16164 16174 16184 16194 16204
16134 16144 16154 16164 16174 16184 16194 16204
16134 16144 16154 16164 16174 16184 16194 16204
16134 16144 16154 16164 16174 16184 16194 16204
16134 16144 16154 16164 16174 16184 16194 16204
16134 16144 16154 16164 16174 16184 16194 16204
16134 16144 16154 16164 16174 16184 16194 16204
16134 16144 16154 16164 16174 16184 16194 16204
16134 16144 16154 16164 16174 16184 16194 16204
16134 16144 16154 16164 16174 16184 16194 16204
16134 16144 16154 16164 16174 16184 16194 16204
16134 16144 16154 16164 16174 16184 16194 16204
16134 16144 16154 16164 16174 16184 16194 16204
16134 16144 16154 16164 16174 16184 16194 16204
16134 16144 16154 16164 16174 16184 16194 16204
16134 16144 16154 16164 16174 16184 16194 16204
16134 16144 16154 16164 16174 16184 16194 16204
16134 16224 16154 16164 16174 16184 16194 16204
16134 16214 16154 16164 16174 16184 16194 16204
16134 16144 16154 16234 16174 16184 16194 16204
16134 16144 16154 16164 16174 16184 16194 16204
16134 16244 16244 16244 16244 16184 16244 16204
16134 16244 16244 16244 16244 16184 16244 16204
16134 16244 16244 16244 16244 16184 16244 16204
16134 16244 16244 16244 16244 16184 16244 16204
16134 16254 16254 16254 16254 16184 16254 16204
16134 16254 16254 16254 16254 16184 16254 16204
16134 16244 16244 16244 16244 16184 16244 16204
16134 16244 16244 16244 16244 16184 16244 16204
16134 16264 16264 16264 16264 16184 16264 16204
16134 16264 16264 16264 16264 16184 16264 16204
16134 16244 16244 16244 16244 16184 16244 16204
16134 16244 16244 16244 16244 16184 16244 16204
16134 16274 16274 16274 16274 16184 16274 16204
16134 16274 16274 16274 16274 16184 16274 16204
16134 16144 16154 16164 16174 16184 16194 16204
16134 16144 16154 16164 16174 16184 16194 16204
16134 16284 16284 16284 16284 16284 16284 16284
16134 16294 16294 16294 16294 16294 16294 16294
16134 16144 16154 16164 16174 16184 16194 16204
16134 16144 16154 16164 16174 16184 16194 16204
16134 16144 16154 16164 16174 16184 16194 16204
16134 16144 16154 16164 16174 16184 16194 16204
16134 16144 16154 16164 16174 16184 16194 16204
16134 16144 16154 16164 16174 16184 16194 16204
16134 16144 16154 16164 16174 16184 16194 16204
16134 16144 16154 16164 16174 16184 16194 16204
16134 16144 16154 16164 16174 16184 16194 16204
16134 16144 16154 16164 16174 16184 16194 16204
16134 16144 16154 16164 16174 16184 16194 16204
16134 16144 16154 16164 16174 16184 16194 16204
16134 16144 16154 16164 16174 16184 16194 16204
16134 16144 16154 16164 16174 16184 16194 16204
16134 16144 16154 16164 16174 16184 16194 16204
16134 16144 16154 16164 16174 16184 16194 16204
16134 16144 16154 16164 16174 16184 16194 16204
16134 16144 16154 16164 16174 16184 16194 16204
