38731
38731
38731
38731
38731
38731
38731
38731
38731
38731
38731
38731
38731
38731
38731
38731
38731
38731
38731
38731
38731
38731
38731
38731
38731
38731
38731
38731
38731
38731
2272
2272
2272
2272
2272
2272
2272
2272
2272
2272
2272
2272
2272
2272
2272
2272
2272
2272
2272
2272
2272
2272
2272
2272
2272
2272
2272
2272
2272
2272
2272
2272
2272
2272
2272
2272
2272
2272
2272
2272
2272
2272
2272
2272
2272
2272
2272
2272
2272
2272
3043 13683 13693 13703 13713 13723 13733
3043 13683 13693 13703 13713 13723 13733
3043 13683 13693 13703 13713 13723 13733
3043 13683 13693 13703 13713 13723 13733
3043 13683 13693 13703 13713 13723 13733
3043 13683 13693 13703 13713 13723 13733
3043 13683 13693 13703 13713 13723 13733
3043 13683 13693 13703 13713 13723 13733
3043 13683 13693 13703 13713 13723 13733
3043 13683 13693 13703 13713 13723 13733
3043 13683 13693 13703 13713 13723 13733
3043 13683 13693 13703 13713 13723 13733
3043 13683 13693 13703 13713 13723 13733
3043 13683 13693 13703 13713 13723 13733
3043 13683 13693 13703 13713 13723 13733
3043 13683 13693 13703 13713 13723 13733
3043 13683 13693 13703 13713 13723 13733
3043 13683 13693 13703 13713 13723 13733
3043 13683 13693 13703 13713 13723 13733
3043 13683 13693 13703 13713 13723 13733
3043 13683 13693 13703 13713 13723 13733
3043 13683 13693 13703 13713 13723 13733
3043 13683 13693 13703 13713 13723 13733
3043 13683 13693 13703 13713 13723 13733
3043 13683 13693 13703 13713 13723 13733
3043 13683 13693 13703 13713 13723 13733
3043 13683 13693 13703 13713 13723 13733
3043 13683 13693 13703 13713 13723 13733
3043 13683 13693 13703 13713 13723 13733
3043 13683 13693 13703 13713 13723 13733
3043 13683 13693 13703 13713 13723 13733
3043 13683 13693 13703 13713 13723 13733
3043 13683 13693 13703 13713 13723 13733
3043 13683 13693 13703 13713 13723 13733
3043 13683 13693 13703 13713 13723 13733
3043 13683 13693 13703 13713 13723 13733
3043 13683 13693 13703 13713 13723 13733
3043 13683 13693 13703 13713 13723 13733
3043 13683 13693 13703 13713 13723 13733
3043 13683 13693 13703 13713 13723 13733
3043 13683 13693 13703 13713 13723 13733
3043 13683 13693 13703 13713 13723 13733
3043 13683 13693 13703 13713 13723 13733
3043 13683 13693 13703 13713 13723 13733
3043 13683 13693 13703 13713 13723 13733
3043 13683 13693 13703 13713 13723 13733
3043 13683 13693 13703 13713 13723 13733
3043 13683 13693 13703 13713 13723 13733
3043 13683 13693 13703 13713 13723 13733
3043 13683 13693 13703 13713 13723 13733
3043 13683 13693 13703 13713 13723 13733
3043 13683 13693 13703 13713 13723 13733
3043 13683 13693 13703 13713 13723 13733
3043 13683 13693 13703 13713 13723 13733
3043 13683 13693 13703 13713 13723 13733
3043 13683 13693 13703 13713 13723 13733
3043 13683 13693 13703 13713 13723 13733
3043 13683 13693 13703 13713 13723 13733
3043 13683 13693 13703 13713 13723 13733
3043 13683 13693 13703 13713 13723 13733
3043 13683 13693 13703 13713 13723 13733
3043 13683 13693 13703 13713 13723 13733
3043 13683 13693 13703 13713 13723 13733
3043 13683 13693 13703 13713 13723 13733
3043 13683 13693 13703 13713 13723 13733
3043 13683 13693 13703 13713 13723 13733
3043 13683 13693 13703 13713 13723 13733
30664
30664
30664
30664
30664
30664
30664
30664
30664
30664
30664
30664
30664
30664
30664
30664
30664
30664
30664
30664
30664
30664
30664
30664
30664
30664
30664
30664
30664
30664
30664
30664
30664
30664
30664
30664
30664
30664
30664
30664
30664
30664
30664
30664
