38781
38781
38781
38781
38781
38781
38781
38781
38781
38781
38781
38781
38781
38781
38781
38781
38781
38781
38781
38781
38781
38781
38781
38781
38781
38781
38781
38781
38781
38781
10642 10652 10662 10672 10682 10692 10702 10712 10722 14202
10642 10652 10662 10672 10682 10692 10702 10712 10722 14202
10642 10652 10662 10672 10682 10692 10702 10712 10722 14202
10642 10652 10662 10672 10682 10692 10702 10712 10722 14202
10642 10652 10662 10672 10682 10692 10702 10712 10722 14202
10642 10652 10662 10672 10682 10692 10702 10712 10722 14202
10642 10652 10662 10672 10682 10692 10702 10712 10722 14202
10642 10652 10662 10672 10682 10692 10702 10712 10722 14202
10642 10652 10662 10672 10682 10692 10702 10712 10722 14202
10642 10652 10662 10672 10682 10692 10702 10712 10722 14202
10642 10652 10662 10672 10682 10692 10702 10712 10722 14202
10642 10652 10662 10672 10682 10692 10702 10712 10722 14202
10642 10652 10662 10672 10682 10692 10702 10712 10722 14202
10642 10652 10662 10672 10682 10692 10702 10712 10722 14202
10642 10652 10662 10672 10682 10692 10702 10712 10722 14202
10642 10652 10662 10672 10682 10692 10702 10712 10722 14202
10642 10652 10662 10672 10682 10692 10702 10712 10722 14202
10642 10652 10662 10672 10682 10692 10702 10712 10722 14202
10642 10652 10662 10672 10682 10692 10702 10712 10722 14202
10642 10652 10662 10672 10682 10692 10702 10712 10722 14202
10642 10652 10662 10672 10682 10692 10702 10712 10722 14202
10642 10652 10662 10672 10682 10692 10702 10712 10722 14202
10642 10652 10662 10672 10682 10692 10702 10712 10722 14202
10642 10652 10662 10672 10682 10692 10702 10712 10722 14202
10642 10652 10662 10672 10682 10692 10702 10712 10722 14202
10642 10652 10662 10672 10682 10692 10702 10712 10722 14202
10642 10652 10662 10672 10682 10692 10702 10712 10722 14202
10642 10652 10662 10672 10682 10692 10702 10712 10722 14202
10642 10652 10662 10672 10682 10692 10702 10712 10722 14202
10642 10652 10662 10672 10682 10692 10702 10712 10722 14202
10642 10652 10662 10672 10682 10692 10702 10712 10722 14202
10642 10652 10662 14492 10682 10692 10702 14942 10722 14202
10642 10652 10662 14492 10682 10692 10702 14942 10722 14202
10642 10652 10662 14492 10682 10692 10702 14942 10722 14202
10642 10652 10662 10672 10682 10692 10702 10712 10722 14202
10642 10652 10662 10672 10682 10692 10702 10712 10722 14202
10642 10652 10662 10672 10682 10692 10702 10712 10722 14202
10642 10652 10662 10672 10682 10692 10702 10712 10722 14202
10642 10652 10662 10672 10682 10692 10702 10712 10722 14202
10642 10652 10662 10672 10682 10692 10702 10712 10722 14202
10642 10652 10662 10672 10682 10692 10702 10712 10722 14202
10642 10652 10662 10672 10682 10692 10702 10712 10722 14202
10642 10652 10662 10672 10682 10692 10702 10712 10722 14202
10642 10652 10662 10672 10682 10692 10702 10712 10722 14202
10642 10652 10662 10672 10682 10692 10702 10712 10722 14202
10642 10652 10662 10672 10682 10692 10702 10712 10722 14202
10642 10652 10662 10672 10682 10692 10702 10712 10722 14202
10642 10652 10662 10672 10682 10692 10702 10712 10722 14202
10642 10652 10662 10672 10682 10692 10702 10712 10722 14202
10642 10652 10662 10672 10682 10692 10702 10712 10722 14202
10642 10652 10662 10672 10682 10692 10702 10712 10722 14202
10642 10652 10662 10672 10682 10692 10702 10712 10722 14202
10642 10652 10662 10672 10682 10692 10702 10712 10722 14202
10642 10652 10662 10672 10682 10692 10702 10712 10722 14202
10642 10652 10662 10672 10682 10692 10702 10712 10722 14202
10642 10652 10662 10672 10682 10692 10702 10712 10722 14202
10642 10652 10662 10672 10682 10692 10702 10712 10722 14202
10642 10652 10662 10672 10682 10692 10702 10712 10722 14202
10642 10652 10662 10672 10682 10692 10702 10712 10722 14202
10642 10652 10662 10672 10682 10692 10702 10712 10722 14202
10642 10652 10662 10672 10682 10692 10702 10712 10722 14202
10642 10652 10662 10672 10682 10692 10702 10712 10722 14202
10642 10652 10662 10672 10682 10692 10702 10712 10722 14202
10642 10652 10662 10672 10682 10692 10702 10712 10722 14202
10642 10652 10662 10672 10682 10692 10702 10712 10722 14202
10642 10652 10662 10672 10682 10692 10702 10712 10722 14202
10642 10652 10662 10672 10682 10692 10702 10712 10722 14202
10642 10652 10662 14492 10682 10692 10702 14942 10722 14202
10642 10652 10662 14492 10682 10692 10702 14942 10722 14202
10642 10652 10662 10672 10682 10692 10702 10712 10722 14202
10642 10652 10662 10672 10682 10692 10702 10712 10722 14202
10642 10652 10662 10672 10682 10692 10702 10712 10722 14202
10642 10652 10662 10672 10682 10692 10702 10712 10722 14202
10642 10652 10662 10672 10682 10692 10702 10712 10722 14202
10642 10652 10662 10672 10682 10692 10702 10712 10722 14202
10642 10652 10662 14492 10682 10692 10702 14942 10722 14202
10642 10652 10662 14492 10682 10692 10702 14942 10722 14202
10642 10652 10662 10672 10682 10692 10702 10712 10722 14202
10642 10652 10662 10672 10682 10692 10702 10712 10722 14202
10642 10652 10662 10672 10682 10692 10702 10712 10722 14202
10642 10652 10662 10672 10682 10692 10702 10712 10722 14202
10642 10652 10662 10672 10682 10692 10702 10712 10722 14202
10642 10652 10662 10672 10682 10692 10702 10712 10722 14202
25423 25433 25443 25453 25463 25473 25483
25423 25433 25443 25453 25463 25473 25483
25423 25433 25443 25453 25463 25473 25483
25423 25433 25443 25453 25463 25473 25483
25423 25433 25443 25453 25463 25473 25483
25423 25433 25443 25453 25463 25473 25483
25423 25433 25443 25453 25463 25473 25483
25423 25433 25443 25453 25463 25473 25483
25423 25433 25443 25453 25463 25473 25483
25423 25433 25443 25453 25463 25473 25483
25423 25433 25443 25453 25463 25473 25483
25423 25433 25443 25453 25463 25473 25483
25423 25433 25443 25453 25463 25473 25483
25423 25433 25443 25453 25463 25473 25483
25423 25433 25443 25453 25463 25473 25483
25423 25433 25443 25453 25463 25473 25483
25423 25433 25443 25453 25463 25473 25483
25423 25433 25443 25453 25463 25473 25483
25423 25433 25443 25453 25463 25473 25483
25423 25433 25443 25453 25463 25473 25483
25423 25433 25443 25453 25463 25473 25483
25423 25433 25443 25453 25463 25473 25483
25423 25433 25443 25453 25463 25473 25483
25423 25433 25443 25453 25463 25473 25483
25423 25433 25443 25453 25463 25473 25483
25423 25433 25443 25453 25463 25473 25483
25423 25433 25443 25453 25463 25473 25483
25423 25433 25443 25453 25463 25473 25483
25423 25433 25443 25453 25463 25473 25483
25423 25433 25443 25453 25463 25473 25483
25423 25433 25443 25453 25463 25473 25483
25423 25433 25443 25453 25463 25473 25483
25423 25433 25443 25453 25463 25473 25483
25423 25433 25443 25453 25463 25473 25483
25423 25433 25443 25453 25463 25473 25483
25423 25433 25443 25453 25463 25473 25483
25423 25433 25443 25453 25463 25473 25483
25423 25433 25443 25453 25463 25473 25483
25423 25433 25443 25453 25463 25473 25483
25423 25433 25443 25453 25463 25473 25483
25423 25433 25443 25453 25463 25473 25483
25423 25433 25443 25453 25463 25473 25483
25423 25433 25443 25453 25463 25473 25483
25423 25433 25443 25453 25463 25473 25483
25423 25433 25443 25453 25463 25473 25483
25423 25433 25443 25453 25463 25473 25483
25423 25433 25443 25453 25463 25473 25483
25423 25433 25443 25453 25463 25473 25483
25423 25433 25443 25453 25463 25473 25483
25423 25433 25443 25453 25463 25473 25483
25423 25433 25443 25453 25463 25473 25483
25423 25433 25443 25453 25463 25473 25483
25423 25433 25443 25453 25463 25473 25483
25423 25433 25443 25453 25463 25473 25483
25423 25433 25443 25453 25463 25473 25483
25423 25433 25443 25453 25463 25473 25483
25423 25433 25443 25453 25463 25473 25483
25423 25433 25443 25453 25463 25473 25483
25423 25433 25443 25453 25463 25473 25483
25423 25433 25443 25453 25463 25473 25483
25423 25433 25443 25453 25463 25473 25483
25423 25433 25443 25453 25463 25473 25483
25423 25433 25443 25453 25463 25473 25483
25423 25433 25443 25453 25463 25473 25483
25423 25433 25443 25453 25463 25473 25483
25423 25433 25443 25453 25463 25473 25483
25423 25433 25443 25453 25463 25473 25483
25423 25433 25443 25453 25463 25473 25483
25423 25433 25443 25453 25463 25473 25483
25423 25433 25443 25453 25463 25473 25483
25423 25433 25443 25453 25463 25473 25483
25423 25433 25443 25453 25463 25473 25483
25423 25433 25443 25453 25463 25473 25483
25423 25433 25443 25453 25463 25473 25483
25423 25433 25443 25453 25463 25473 25483
25423 25433 25443 25453 25463 25473 25483
25423 25433 25443 25453 25463 25473 25483
25423 25433 25443 25453 25463 25473 25483
25423 25433 25443 25453 25463 25473 25483
25423 25433 25443 25453 25463 25473 25483
25423 25433 25443 25453 25463 25473 25483
25423 25433 25443 25453 25463 25473 25483
25423 25433 25443 25453 25463 25473 25483
25423 25433 25443 25453 25463 25473 25483
25423 25433 25443 25453 25463 25473 25483
