84611
84611
84611
84611
84611
84611
84611
84611
84611
84611
84611
84611
84611
84611
84611
84611
84611
84611
84611
84611
84611
84611
84611
84611
84611
84611
84611
84611
84611
84611
12942 12952 12962 12972 29722
12942 12952 12962 12972 29722
12942 12952 12962 12972 29722
12942 12952 12962 12972 29722
12942 12952 12962 12972 29722
12942 12952 12962 12972 29722
12942 12952 12962 12972 29722
12942 12952 12962 12972 29722
12942 12952 12962 12972 29722
12942 12952 12962 12972 29722
12942 12952 12962 12972 29722
12942 12952 12962 12972 29722
12942 12952 12962 12972 29722
12942 12952 12962 12972 29722
12942 12952 12962 12972 29722
12942 33942 12962 33942 29722
12942 33942 12962 33942 29722
12942 33942 12962 33942 29722
12942 12952 12962 12972 29722
12942 12952 12962 12972 29722
12942 12952 12962 12972 29722
12942 12952 12962 12972 29722
12942 12952 12962 12972 29722
12942 12952 12962 12972 29722
12942 12952 12962 12972 29722
12942 12952 12962 12972 29722
12942 12952 12962 12972 29722
12942 12952 12962 12972 29722
12942 12952 12962 12972 29722
12942 12952 12962 12972 29722
12942 12952 12962 12972 29722
12942 12952 12962 12972 29722
12942 12952 12962 12972 29722
12942 12952 12962 12972 29722
12942 12952 12962 12972 29722
12942 12952 12962 12972 29722
12942 12952 12962 12972 29722
12942 12952 12962 12972 29722
12942 12952 12962 12972 29722
12942 12952 12962 12972 29722
12942 12952 12962 12972 29722
12942 12952 12962 12972 29722
12942 12952 12962 12972 29722
12942 12952 12962 12972 29722
12942 12952 12962 12972 29722
12942 12952 12962 12972 29722
12942 12952 12962 12972 29722
12992 12992 12992 12992 12992
12942 12952 12962 12972 29722
13002 13002 13002 13002 13002
13012 13012 13012 13012 13012
13022 13022 13022 13022 13022
13022 13022 13022 13022 13022
13022 13022 13022 13022 13022
12942 12952 12962 12972 29722
12942 12952 12962 12972 29722
12942 12952 12962 12972 29722
13032 13032 13032 13032 13032
12942 12952 12962 12972 29722
12942 12952 12962 12972 29722
12942 12952 33952 12972 29722
12942 12952 33952 12972 29722
12942 12952 33952 12972 29722
12942 12952 12962 12972 29722
12942 12952 12962 12972 29722
12942 12952 12962 12972 29722
78473 78483 78493 78503 78513
78473 78483 78493 78503 78513
78473 78483 78493 78503 78513
78473 78483 78493 78503 78513
78473 78483 78493 78503 78513
78473 78483 78493 78503 78513
78473 78483 78493 78503 78513
78473 78483 78493 78503 78513
78473 78483 78493 78503 78513
78473 78483 78493 78503 78513
78473 78483 78493 78503 78513
78473 78483 78493 78503 78513
78473 78483 78493 78503 78513
78473 78483 78493 78503 78513
78473 78483 78493 78503 78513
78473 78483 78493 78503 78513
78473 78483 78493 78503 78513
78473 78483 78493 78503 78513
78473 78483 78493 78503 78513
78473 78483 78493 78503 78513
78473 78483 78493 78503 78513
78473 78483 78493 78503 78513
78473 78483 78493 78503 78513
78473 78483 78493 78503 78513
78473 78483 78493 78503 78513
78473 78483 78493 78503 78513
78473 78483 78493 78503 78513
78473 78483 78493 78503 78513
78473 78483 78493 78503 78513
78473 78483 78493 78503 78513
78473 78483 78493 78503 78513
78473 78483 78493 78503 78513
78473 78483 78493 78503 78513
78473 78483 78493 78503 78513
78473 78483 78493 78503 78513
78473 78483 78493 78503 78513
78473 78483 78493 78503 78513
78473 78483 78493 78503 78513
78473 78483 78493 78503 78513
78473 78483 78493 78503 78513
78473 78483 78493 78503 78513
78473 78483 78493 78503 78513
78473 78483 78493 78503 78513
78473 78483 78493 78503 78513
78473 78483 78493 78503 78513
78473 78483 78493 78503 78513
78473 78483 78493 78503 78513
78473 78483 78493 78503 78513
78473 78483 78493 78503 78513
78473 78483 78523 78523 78523 78523
78473 78483 78523 78523 78523 78523
78473 78483 78523 78523 78523 78523
78473 78483 78543 78543 78543 78543
78473 78483 78543 78543 78543 78543
78473 78483 78543 78543 78543 78543
78473 78483 78493 78503 78513
78473 78483 78493 78503 78513
78473 78483 78493 78503 78513
78473 78483 78493 78503 78513
78473 78483 78493 78503 78513
78473 78483 78493 78503 78513
78473 78483 78493 78503 78513
78473 78483 78493 78503 78513
78473 78483 78493 78503 78513
78473 78483 78493 78503 78513
78473 78483 78493 78503 78513
78473 78483 78493 78503 78513
78473 78483 78493 78503 78513
78473 78483 78493 78503 78513
78473 78483 78493 78503 78513
78473 78483 78493 78503 78513
78473 78483 78493 78503 78513
78473 78483 78493 78503 78513
78473 78483 78493 78503 78513
