38771
38771
38771
38771
38771
38771
38771
38771
38771
38771
38771
38771
38771
38771
38771
38771
38771
38771
38771
38771
38771
38771
38771
38771
38771
38771
38771
38771
38771
38771
4142 4132 4152 4162 4172 14022 14032
4142 4132 4152 4162 4172 14022 14032
4142 4132 4152 4162 4172 14022 14032
4142 4132 4152 4162 4172 14022 14032
4142 4132 4152 4162 4172 14022 14032
4142 4132 4152 4162 4172 14022 14032
4142 4132 4152 4162 4172 14022 14032
4142 4132 4152 4162 4172 14022 14032
4142 4132 4152 4162 4172 14022 14032
4142 4132 4152 4162 4172 14022 14032
4142 4132 4152 4162 4172 14022 14032
4142 4132 4152 4162 4172 14022 14032
4142 4132 4152 4162 4172 14022 14032
4142 4132 4152 4162 4172 14022 14032
4142 4132 4152 4162 4172 14022 14032
4142 4132 4152 4162 4172 14022 14032
4142 4132 4152 4162 4172 14022 14032
4142 4132 4152 4162 4172 14022 14032
4142 4132 4152 4162 4172 14022 14032
4142 4132 4152 4162 4172 14022 14032
4142 4132 4152 4162 4172 14022 14032
4142 4132 4152 4162 4172 14022 14032
4142 4132 4152 4162 4172 14022 14032
4142 4132 4152 4162 4172 14022 14032
4142 4132 4152 4162 4172 14022 14032
4142 4132 4152 4162 4172 14022 14032
4142 4132 4152 4162 4172 14022 14032
4142 4132 4152 4162 4172 14022 14032
4142 4132 4152 4162 4172 14022 14032
4142 4132 4152 4162 4172 14022 14032
4142 4132 4152 4162 4172 14022 14032
4142 4132 4152 4162 4172 14022 14032
4142 4132 4152 4162 4172 14022 14032
4142 4132 4152 4162 4172 14022 14032
4142 4132 4152 4162 4172 14022 14032
4142 4132 4152 4162 4172 14022 14032
4142 4132 4152 4162 4172 14022 14032
4142 4132 4152 4162 4172 14022 14032
4142 4132 4152 4162 4172 14022 14032
4142 4132 4152 4162 4172 14022 14032
4142 4132 4152 4162 4172 14022 14032
4142 4132 4152 4162 4172 14022 14032
4142 4132 4152 4162 4172 14022 14032
4142 4132 4152 4162 4172 14022 14032
4142 4132 4152 4162 4172 14022 14032
4142 4132 4152 4162 4172 14022 14032
4142 4132 4152 4162 4172 14022 14032
4142 4132 4152 4162 4172 14022 14032
4142 4132 4152 4162 4172 14022 14032
4142 4132 4152 4162 4172 14022 14032
4142 4132 4152 4162 4172 14022 14032
4142 4132 4152 4162 4172 14022 14032
4142 4132 4152 4162 4172 14022 14032
4142 4132 4152 4162 4172 14022 14032
4142 4132 4152 4162 4172 14022 14032
4142 4132 4152 4162 4172 14022 14032
4142 4132 4152 4162 4172 14022 14032
4142 4132 4152 4162 4172 14022 14032
4142 4132 4152 4162 4172 14022 14032
4142 4132 4152 4162 4172 14022 14032
4142 4132 4152 4162 4172 14022 14032
4142 4132 4152 4162 4172 14022 14032
4142 4132 4152 4162 4172 14022 14032
4142 4132 4152 4162 4172 14022 14032
4142 4132 4152 4162 4172 14022 14032
4142 4132 4152 4162 4172 14022 14032
36403 36413 36423 36433 36443 36453 36463
36403 36413 36423 36433 36443 36453 36463
36403 36413 36423 36433 36443 36453 36463
36403 36413 36423 36433 36443 36453 36463
36403 36413 36423 36433 36443 36453 36463
36403 36413 36423 36433 36443 36453 36463
36403 36413 36423 36433 36443 36453 36463
36403 36413 36423 36433 36443 36453 36463
36403 36413 36423 36433 36443 36453 36463
36403 36413 36423 36433 36443 36453 36463
36403 36413 36423 36433 36443 36453 36463
36403 36413 36423 36433 36443 36453 36463
36403 36413 36423 36433 36443 36453 36463
36403 36413 36423 36433 36443 36453 36463
36403 36413 36423 36433 36443 36453 36463
36403 36413 36423 36433 36443 36453 36463
36403 36413 36423 36433 36443 36453 36463
36403 36413 36423 36433 36443 36453 36463
36403 36413 36423 36433 36443 36453 36463
36403 36413 36423 36433 36443 36453 36463
36403 36413 36423 36433 36443 36453 36463
36403 36413 36423 36433 36443 36453 36463
36403 36413 36423 36433 36443 36453 36463
36403 36413 36423 36433 36443 36453 36463
36403 36413 36423 36433 36443 36453 36463
36403 36413 36423 36433 36443 36453 36463
36403 36413 36423 36433 36443 36453 36463
36403 36413 36423 36433 36443 36453 36463
36403 36413 36423 36433 36443 36453 36463
36403 36413 36423 36433 36443 36453 36463
36403 36413 36423 36433 36443 36453 36463
36403 36413 36423 36433 36443 36453 36463
36403 36413 36423 36433 36443 36453 36463
36403 36473 36423 36473 36473 36453 36463 36473
36403 36473 36423 36473 36473 36453 36463 36473
36403 36473 36423 36473 36473 36453 36463 36473
36403 36473 36423 36473 36473 36453 36463 36473
36403 36473 36423 36473 36473 36453 36463 36473
36403 36473 36423 36473 36473 36453 36463 36473
36403 36413 36423 36433 36443 36453 36463
36403 36413 36423 36433 36443 36453 36463
36403 36413 36423 36433 36443 36453 36463
36403 36413 36423 36433 36443 36453 36463
36403 36413 36423 36433 36443 36453 36463
36403 36413 36423 36433 36443 36453 36463
36403 36413 36423 36433 36443 36453 36463
36403 36413 36423 36433 36443 36453 36463
36403 36413 36423 36433 36443 36453 36463
36403 36413 36423 36433 36443 36453 36463
36403 36413 36423 36433 36443 36453 36463
36403 36413 36423 36433 36443 36453 36463
36403 36413 36423 36433 36443 36453 36463
36403 36413 36423 36433 36443 36453 36463
36403 36413 36423 36433 36443 36453 36463
36403 36413 36423 36433 36443 36453 36463
36403 36413 36423 36433 36443 36453 36463
36403 36413 36423 36433 36443 36453 36463
36403 36413 36423 36433 36443 36453 36463
36403 36413 36423 36433 36443 36453 36463
36403 36413 36423 36433 36443 36453 36463
36403 36413 36423 36433 36443 36453 36463
36403 36413 36423 36433 36443 36453 36463
36403 36413 36423 36433 36443 36453 36463
36403 36413 36423 36433 36443 36453 36463
36403 36413 36423 36433 36443 36453 36463
36403 36413 36423 36433 36443 36453 36463
36403 36413 36423 36433 36443 36453 36463
36403 36413 36423 36433 36443 36453 36463
36403 36413 36423 36433 36443 36453 36463
36403 36413 36423 36433 36443 36453 36463
36403 36413 36423 36433 36443 36453 36463
36403 36413 36423 36433 36443 36453 36463
36403 36413 36423 36433 36443 36453 36463
36403 36413 36423 36433 36443 36453 36463
