84581
84581
84581
84581
84581
84581
84581
84581
84581
84581
84581
84581
84581
84581
84581
84581
84581
84581
84581
84581
84581
84581
84581
84581
84581
84581
84581
84581
84581
84581
60472 60482 60492 60502 60512 60522 60532 60542
60472 60482 60492 60502 60512 60522 60532 60542
60472 60482 60492 60502 60512 60522 60532 60542
60472 60482 60492 60502 60512 60522 60532 60542
60472 60482 60492 60502 60512 60522 60532 60542
60472 60482 60492 60502 60512 60522 60532 60542
60472 60482 60492 60502 60512 60522 60532 60542
60472 60482 60492 60502 60512 60522 60532 60542
60472 60482 60492 60502 60512 60522 60532 60542
60472 60482 60492 60502 60512 60522 60532 60542
60472 60482 60492 60502 60512 60522 60532 60542
60472 60482 60492 60502 60512 60522 60532 60542
60472 60482 60492 60502 60512 60522 60532 60542
60472 60482 60492 60502 60512 60522 60532 60542
60472 60482 60492 60502 60512 60522 60532 60542
60472 60482 60492 60502 60512 60522 60532 60542
60472 60482 60492 60502 60512 60522 60532 60542
60472 60482 60492 60502 60512 60522 60532 60542
60472 60482 60492 60502 60512 60522 60532 60542
60472 60482 60492 60502 60512 60522 60532 60542
60472 60482 60492 60502 60512 60522 60532 60542
60472 60482 60492 60502 60512 60522 60532 60542
60472 60482 60492 60502 60512 60522 60532 60542
60472 60482 60492 60502 60512 60522 60532 60542
60472 60482 60492 60502 60512 60522 60532 60542
60472 60482 60492 60502 60512 60522 60532 60542
60472 60482 60492 60502 60512 60522 60532 60542
60472 60482 60492 60502 60512 60522 60532 60542
60472 60482 60492 60502 60512 60522 60532 60542
60472 60482 60492 60502 60512 60522 60532 60542
60472 60482 60492 60502 60512 60522 60532 60542
60472 60482 60492 60502 60512 60522 60532 60542
60472 60482 60492 60502 60512 60522 60532 60542
60472 60482 60492 60502 60512 60522 60532 60542
60472 60482 60492 60502 60512 60522 60532 60542
60472 60482 60492 60502 60512 60522 60532 60542
60472 60482 60492 60502 60512 60522 60532 60542
60472 60482 60492 60502 60512 60522 60532 60542
60472 60482 60492 60502 60512 60522 60532 60542
60472 60482 60492 60502 60512 60522 60532 60542
60472 60482 60492 60502 60512 60522 60532 60542
60472 60482 60492 60502 60512 60522 60532 60542
60472 60482 60492 60502 60512 60522 60532 60542
60472 60482 60492 60502 60512 60522 60532 60542
60472 60482 60492 60502 60512 60522 60532 60542
60472 60482 60492 60502 60512 60522 60532 60542
60472 60482 60492 60502 60512 60522 60532 60542
60472 60482 60492 60502 60512 60522 60532 60542
60472 60482 60492 60502 60512 60522 60532 60542
60472 60482 60492 60502 60512 60522 60532 60542
60472 60482 60492 60502 60512 60522 60532 60542
60472 60482 60492 60502 60512 60522 60532 60542
60472 60482 60492 60502 60512 60522 60532 60542
60472 60482 60492 60502 60512 60522 60532 60542
60472 60482 60492 60502 60512 60522 60532 60542
60472 60482 60492 60502 60512 60522 60532 60542
60472 60482 60492 60502 60512 60522 60532 60542
60472 60482 60492 60502 60512 60522 60532 60542
60472 60482 60492 60502 60512 60522 60532 60542
60472 60482 60492 60502 60512 60522 60532 60542
60472 60482 60492 60502 60512 60522 60532 60542
60472 60482 60492 60502 60512 60522 60532 60542
60472 60482 60492 60502 60512 60522 60532 60542
60472 60482 60492 60502 60512 60522 60532 60542
60472 60482 60492 60502 60512 60522 60532 60542
60472 60482 60492 60502 60512 60522 60532 60542
60472 60482 60492 60502 60512 60522 60532 60542
60472 60482 60492 60502 60512 60522 60532 60542
60472 60482 60492 60502 60512 60522 60532 60542
60472 60482 60492 60502 60512 60522 60532 60542
60472 60482 60492 60502 60512 60522 60532 60542
60472 60482 60492 60502 60512 60522 60532 60542
60472 60482 60492 60502 60512 60522 60532 60542
60472 60482 60492 60502 60512 60522 60532 60542
60472 60482 60492 60502 60512 60522 60532 60542
60472 60482 60492 60502 60512 60522 60532 60542
60472 60482 60492 60502 60512 60522 60532 60542
60472 60482 60492 60502 60512 60522 60532 60542
60472 60482 60492 60502 60512 60522 60532 60542
60472 60482 60492 60502 60512 60522 60532 60542
60472 60482 60492 60502 60512 60522 60532 60542
60472 60482 60492 60502 60512 60522 60532 60542
60472 60482 60492 60502 60512 60522 60532 60542
60472 60482 60492 60502 60512 60522 60532 60542
60472 60482 60492 60502 60512 60522 60532 60542
