38741
38741
38741
38741
38741
38741
38741
38741
38741
38741
38741
38741
38741
38741
38741
38741
38741
38741
38741
38741
38741
38741
38741
38741
38741
38741
38741
38741
38741
38741
28842 28852 28862 28872 28882 28892 28902
28842 28852 28862 28872 28882 28892 28902
28842 28852 28862 28872 28882 28892 28902
28842 28852 28862 28872 28882 28892 28902
28842 28852 28862 28872 28882 28892 28902
28842 28852 28862 28872 28882 28892 28902
28842 28852 28862 28872 28882 28892 28902
28842 28852 28862 28872 28882 28892 28902
28842 28852 28862 28872 28882 28892 28902
28842 28852 28862 28872 28882 28892 28902
28842 28852 28862 28872 28882 28892 28902
28842 28852 28862 28872 28882 28892 28902
28842 28852 28862 28872 28882 28892 28902
28842 28852 28862 28872 28882 28892 28902
28842 28852 28862 28872 28882 28892 28902
28842 28852 28862 28872 28882 28892 28902
28842 28852 28862 28872 28882 28892 28902
28842 28852 28862 28872 28882 28892 28902
28842 28852 28862 28872 28882 28892 28902
28842 28852 28862 28872 28882 28892 28902
28842 28852 28862 28872 28882 28892 28902
28842 28852 28862 28872 28882 28892 28902
28842 28852 28862 28872 28882 28892 28902
28842 28852 28862 28872 28882 28892 28902
28842 28852 28862 28872 28882 28892 28902
28842 28852 28862 28872 28882 28892 28902
28842 28852 28862 28872 28882 28892 28902
28842 28852 28862 28872 28882 28892 28902
28842 28852 28862 28872 28882 28892 28902
28842 28852 28862 28872 28882 28892 28902
28842 28852 28862 28872 28882 28892 28902
28842 28852 28862 28872 28882 28892 28902
28842 28852 28862 28872 28882 28892 28902
28842 28852 28862 28872 28882 28892 28902
28842 28852 28862 28872 28882 28892 28902
28842 28852 28862 28872 28882 28892 28902
28842 28852 28862 28872 28882 28892 28902
28842 28852 28862 28872 28882 28892 28902
28842 28852 28862 28872 28882 28892 28902
28842 28852 28862 28872 28882 28892 28902
28842 28852 28862 28872 28882 28892 28902
28842 28852 28862 28872 28882 28892 28902
28842 28852 28862 28872 28882 28892 28902
28842 28852 28862 28872 28882 28892 28902
28842 28852 28862 28872 28882 28892 28902
28842 28852 28862 28872 28882 28892 28902
28842 28852 28862 28872 28882 28892 28902
28842 28852 28862 28872 28882 28892 28902
28842 28852 28862 28872 28882 28892 28902
28842 28852 28862 28872 28882 28892 28902
28842 28852 28862 28872 28882 28892 28902
28842 28852 28862 28872 28882 28892 28902
28842 28852 28862 28872 28882 28892 28902
28842 28852 28862 28872 28882 28892 28902
28842 28852 28862 28872 28882 28892 28902
28842 28852 28862 28872 28882 28892 28902
28842 28852 28862 28872 28882 28892 28902
28842 28852 28862 28872 28882 28892 28902
28842 28852 28862 28872 28882 28892 28902
28842 28852 28862 28872 28882 28892 28902
28842 28852 28862 28872 28882 28892 28902
28842 28852 28862 28872 28882 28892 28902
28842 28852 28862 28872 28882 28892 28902
28842 28852 28862 28872 28882 28892 28902
28842 28852 28862 28872 28882 28892 28902
28842 28852 28862 28872 28882 28892 28902
28842 28852 28862 28872 28882 28892 28902
28842 28852 28862 28872 28882 28892 28902
28842 28852 28862 28872 28882 28892 28902
28842 28852 28862 28872 28882 28892 28902
28842 28852 28862 28872 28882 28892 28902
28842 28852 28862 28872 28882 28892 28902
28842 28852 28862 28872 28882 28892 28902
28842 28852 28862 28872 28882 28892 28902
28842 28852 28862 28872 28882 28892 28902
28842 28852 28862 28872 28882 28892 28902
28842 28852 28862 28872 28882 28892 28902
28842 28852 28862 28872 28882 28892 28902
28842 28852 28862 28872 28882 28892 28902
28842 28852 28862 28872 28882 28892 28902
28842 28852 28862 28872 28882 28892 28902
28842 28852 28862 28872 28882 28892 28902
28842 28852 28862 28872 28882 28892 28902
28842 28852 28862 28872 28882 28892 28902
28842 28852 28862 28872 28882 28892 28902
