38801
38801
38801
38801
38801
38801
38801
38801
38801
38801
38801
38801
38801
38801
38801
38801
38801
38801
38801
38801
38801
38801
38801
38801
38801
38801
38801
38801
38801
38801
6322 6332 6342 6352 6362 6372 6382 6392
6322 6332 6342 6352 6362 6372 6382 6392
6322 6332 6342 6352 6362 6372 6382 6392
6322 6332 6342 6352 6362 6372 6382 6392
6322 6332 6342 6352 6362 6372 6382 6392
6322 6332 6342 6352 6362 6372 6382 6392
6322 6332 6342 6352 6362 6372 6382 6392
6322 6332 6342 6352 6362 6372 6382 6392
6322 6332 6342 6352 6362 6372 6382 6392
6322 6332 6342 6352 6362 6372 6382 6392
6322 6332 6342 6352 6362 6372 6382 6392
6322 6332 6342 6352 6362 6372 6382 6392
6322 6332 6342 6352 6362 6372 6382 6392
6322 6332 6342 6352 6362 6372 6382 6392
6322 6332 6342 6352 6362 6372 6382 6392
6322 6332 6342 6352 6362 6372 6382 6392
6322 6332 6342 6352 6362 6372 6382 6392
6322 6332 6342 6352 6362 6372 6382 6392
6322 6332 6342 6352 6362 6372 6382 6392
6322 6332 6342 6352 6362 6372 6382 6392
6322 6332 6342 6352 6362 6372 6382 6392
6322 6332 6342 6352 6362 6372 6382 6392
6322 6332 6342 6352 6362 6372 6382 6392
6322 6332 6342 6352 6362 6372 6382 6392
6322 6332 6342 6352 6362 6372 6382 6392
6322 6332 6342 6352 6362 6372 6382 6392
6322 6332 6342 6352 6362 6372 6382 6392
6322 6332 6342 6352 6362 6372 6382 6392
6322 6332 6342 6352 6362 6372 6382 6392
6322 6332 6342 6352 6362 6372 6382 6392
6322 6332 6342 6352 6362 6372 6382 6392
6322 6332 6342 6352 6362 6372 6382 6392
6322 6332 6342 6352 6362 6372 6382 6392
6322 6332 6342 6352 6362 6372 6382 6392
6322 6332 6342 6352 6362 6372 6382 6392
6322 6332 6342 6352 6362 6372 6382 6392
6322 6332 6342 6352 6362 6372 6382 6392
6322 6332 6342 6352 6362 6372 6382 6392
6322 6332 6342 6352 6362 6372 6382 6392
6322 6332 6342 6352 6362 6372 6382 6392
6322 6332 6342 6352 6362 6372 6382 6392
6322 6332 6342 6352 6362 6372 6382 6392
6322 6332 6342 6352 6362 6372 6382 6392
6322 6332 6342 6352 6362 6372 6382 6392
6322 6332 6342 6352 6362 6372 6382 6392
6322 6332 6342 6352 6362 6372 6382 6392
6322 6332 6342 6352 6362 6372 6382 6392
6322 6332 6342 6352 6362 6372 6382 6392
6322 6332 6342 6352 6362 6372 6382 6392
6322 6332 6342 6352 6362 6372 6382 6392
6322 6332 6342 6352 6362 6372 6382 6392
6322 6332 6342 6352 6362 6372 6382 6392
6322 6332 6342 6352 6362 6372 6382 6392
6322 6332 6342 6352 6362 6372 6382 6392
6322 6332 6342 6352 6362 6372 6382 6392
6322 6332 6342 6352 6362 6372 6382 6392
6322 6332 6342 6352 6362 6372 6382 6392
6322 6332 6342 6352 6362 6372 6382 6392
6322 6332 6342 6352 6362 6372 6382 6392
6322 6332 6342 6352 6362 6372 6382 6392
6322 6332 6342 6352 6362 6372 6382 6392
6322 6332 6342 6352 6362 6372 6382 6392
6322 6332 6342 6352 6362 6372 6382 6392
6322 6332 6342 6352 6362 6372 6382 6392
6322 6332 6342 6352 6362 6372 6382 6392
6322 6332 6342 6352 6362 6372 6382 6392
6322 6332 6342 6352 6362 6372 6382 6392
6322 6332 6342 6352 6362 6372 6382 6392
6322 6332 6342 6352 6362 6372 6382 6392
6322 6332 6342 6352 6362 6372 6382 6392
6322 6332 6342 6352 6362 6372 6382 6392
6322 6332 6342 6352 6362 6372 6382 6392
6322 6332 6342 6352 6362 6372 6382 6392
6322 6332 6342 6352 6362 6372 6382 6392
6322 6332 6342 6352 6362 6372 6382 6392
6322 6332 6342 6352 6362 6372 6382 6392
6322 6332 6342 6352 6362 6372 6382 6392
6322 6332 6342 6352 6362 6372 6382 6392
6322 6332 6342 6352 6362 6372 6382 6392
6322 6332 6342 6352 6362 6372 6382 6392
6322 6332 6342 6352 6362 6372 6382 6392
6322 6332 6342 6352 6362 6372 6382 6392
6322 6332 6342 6352 6362 6372 6382 6392
6322 6332 6342 6352 6362 6372 6382 6392
6322 6332 6342 6352 6362 6372 6382 6392
6322 6332 6342 6352 6362 6372 6382 6392
6322 6332 6342 6352 6362 6372 6382 6392
6322 6332 6342 6352 6362 6372 6382 6392
6322 6332 6342 6352 6362 6372 6382 6392
6322 6332 6342 6352 6362 6372 6382 6392
6322 6332 6342 6352 6362 6372 6382 6392
32583 32593 32603 32613 32623 32633 32643 32653 32663
32583 32593 32603 32613 32623 32633 32643 32653 32663
32583 32593 32603 32613 32623 32633 32643 32653 32663
32583 32593 32603 32613 32623 32633 32643 32653 32663
32583 32593 32603 32613 32623 32633 32643 32653 32663
32583 32593 32603 32613 32623 32633 32643 32653 32663
32583 32593 32603 32613 32623 32633 32643 32653 32663
32583 32593 32603 32613 32623 32633 32643 32653 32663
32583 32593 32603 32613 32623 32633 32643 32653 32663
32583 32593 32603 32613 32623 32633 32643 32653 32663
32583 32593 32603 32613 32623 32633 32643 32653 32663
32583 32593 32603 32613 32623 32633 32643 32653 32663
32583 32593 32603 32613 32623 32633 32643 32653 32663
32583 32593 32603 32613 32623 32633 32643 32653 32663
32583 32593 32603 32613 32623 32633 32643 32653 32663
32583 32593 32603 32613 32623 32633 32643 32653 32663
32583 32593 32603 32613 32623 32633 32643 32653 32663
32583 32593 32603 32613 32623 32633 32643 32653 32663
32583 32593 32603 32613 32623 32633 32643 32653 32663
32583 32593 32603 32613 32623 32633 32643 32653 32663
32583 32593 32603 32613 32623 32633 32643 32653 32663
32583 32593 32603 32613 32623 32633 32643 32653 32663
32583 32593 32603 32613 32623 32633 32643 32653 32663
32583 32593 32603 32613 32623 32633 32643 32653 32663
32583 32593 32603 32613 32623 32633 32643 32653 32663
32583 32593 32603 32613 32623 32633 32643 32653 32663
32583 32593 32603 32613 32623 32633 32643 32653 32663
32583 32593 32603 32613 32623 32633 32643 32653 32663
32583 32593 32603 32613 32623 32633 32643 32653 32663
32583 32593 32603 32613 32623 32633 32643 32653 32663
32583 32593 32603 32613 32623 32633 32643 32653 32663
32583 32593 32603 32613 32623 32633 32643 32653 32663
32583 32593 32603 32613 32623 32633 32643 32653 32663
32583 32593 32603 32613 32623 32633 32643 32653 32663
32583 32593 32603 32613 32623 32633 32643 32653 32663
32583 32593 32603 32613 32623 32633 32643 32653 32663
32583 32593 32603 32613 32623 32633 32643 32653 32663
32583 32593 32603 32613 32623 32633 32643 32653 32663
32583 32593 32603 32613 32623 32633 32643 32653 32663
32583 32593 32603 32613 32623 32633 32643 32653 32663
32583 32593 32603 32613 32623 32633 32643 32653 32663
32583 32593 32603 32613 32623 32633 32643 32653 32663
32583 32593 32603 32613 32623 32633 32643 32653 32663
32583 32593 32603 32613 32623 32633 32643 32653 32663
32583 32593 32603 32613 32623 32633 32643 32653 32663
32583 32593 32603 32613 32623 32633 32643 32653 32663
32583 32593 32603 32613 32623 32633 32643 32653 32663
32583 32593 32603 32613 32623 32633 32643 32653 32663
32583 32593 32603 32613 32623 32633 32643 32653 32663
32583 32593 32603 32613 32623 32633 32643 32653 32663
32583 32593 32603 32613 32623 32633 32643 32653 32663
32583 32593 32603 32613 32623 32633 32643 32653 32663
32583 32593 32603 32613 32623 32633 32643 32653 32663
32583 32593 32603 32613 32623 32633 32643 32653 32663
32583 32593 32603 32613 32623 32633 32643 32653 32663
32583 32593 32603 32613 32623 32633 32643 32653 32663
32583 32593 32603 32613 32623 32633 32643 32653 32663
32583 32593 32603 32613 32623 32633 32643 32653 32663
32583 32593 32603 32613 32623 32633 32643 32653 32663
32583 32593 32603 32613 32623 32633 32643 32653 32663
32583 32593 32603 32613 32623 32633 32643 32653 32663
32583 32593 32603 32613 32623 32633 32643 32653 32663
32583 32593 32603 32613 32623 32633 32643 32653 32663
32583 32593 32603 32613 32623 32633 32643 32653 32663
32583 32593 32603 32613 32623 32633 32643 32653 32663
32583 32593 32603 32613 32623 32633 32643 32653 32663
32583 32593 32603 32613 32623 32633 32643 32653 32663
32583 32593 32603 32613 32623 32633 32643 32653 32663
