84641
84641
84641
84641
84641
84641
84641
84641
84641
84641
84641
84641
84641
84641
84641
84641
84641
84641
84641
84641
84641
84641
84641
84641
84641
84641
84641
84641
84641
84641
17032 17042 17052 17062 17072 17082 17092 17102
17032 17042 17052 17062 17072 17082 17092 17102
17032 17042 17052 17062 17072 17082 17092 17102
17032 17042 17052 17062 17072 17082 17092 17102
17032 17042 17052 17062 17072 17082 17092 17102
17032 17042 17052 17062 17072 17082 17092 17102
17032 17042 17052 17062 17072 17082 17092 17102
17032 17042 17052 17062 17072 17082 17092 17102
17032 17042 17052 17062 17072 17082 17092 17102
17032 17042 17052 17062 17072 17082 17092 17102
17032 17042 17052 17062 17072 17082 17092 17102
17032 17042 17052 17062 17072 17082 17092 17102
17032 17042 17052 17062 17072 17082 17092 17102
17032 17042 17052 17062 17072 17082 17092 17102
17032 17042 17052 17062 17072 17082 17092 17102
17032 17042 17052 17062 17072 17082 17092 17102
17032 17042 17052 17062 17072 17082 17092 17102
17032 17042 17052 17062 17072 17082 17092 17102
17032 17042 17052 17062 17072 17082 17092 17102
17032 17042 17052 17062 17072 17082 17092 17102
17032 17042 17052 17062 17072 17082 17092 17102
17032 17042 17052 17062 17072 17082 17092 17102
17032 17042 17052 17062 17072 17082 17092 17102
17032 17042 17052 17062 17072 17082 17092 17102
17032 17042 17052 17062 17072 17082 17092 17102
17032 17042 17052 17062 17072 17082 17092 17102
17032 17042 17052 17062 17072 17082 17092 17102
17032 17042 17052 17062 17072 17082 17092 17102
17032 17042 17052 17062 17072 17082 17092 17102
17032 17042 17052 17062 17072 17082 17092 17102
17032 17042 17052 17062 17072 17082 17092 17102
17032 17042 17052 17062 17072 17082 17092 17102
17032 17042 17052 17062 17072 17082 17092 17102
17032 17042 17052 17062 17072 17082 17092 17102
17032 17042 17052 17062 17072 17082 17092 17102
17032 17042 17052 17062 17072 17082 17092 17102
17032 17042 17052 17062 17072 17082 17092 17102
17032 17042 17052 17062 17072 17082 17092 17102
17032 17042 17052 17062 17072 17082 17092 17102
17032 17042 17052 17062 17072 17082 17092 17102
17032 17042 17052 17062 17072 17082 17092 17102
17032 17042 17052 17062 17072 17082 17092 17102
17032 17042 17052 17062 17072 17082 17092 17102
17032 17042 17052 17062 17072 17082 17092 17102
17032 17042 17052 17062 17072 17082 17092 17102
17032 17042 17052 17062 17072 17082 17092 17102
17032 17042 17052 17062 17072 17082 17092 17102
17032 17042 17052 17062 17072 17082 17092 17102
17032 17042 17052 17062 17072 17082 17092 17102
17032 17042 17052 17062 17072 17082 17092 17102
17032 17042 17052 17062 17072 17082 17092 17102
17032 17122 17052 17062 17072 17082 17092 17102
17032 17112 17052 17062 17072 17082 17092 17102
17032 17042 17052 17132 17072 17082 17092 17102
17032 17042 17052 17062 17072 17082 17092 17102
17032 17142 17142 17142 17142 17082 17142 17102
17032 17142 17142 17142 17142 17082 17142 17102
17032 17142 17142 17142 17142 17082 17142 17102
17032 17142 17142 17142 17142 17082 17142 17102
17032 17152 17152 17152 17152 17082 17152 17102
17032 17152 17152 17152 17152 17082 17152 17102
17032 17142 17142 17142 17142 17082 17142 17102
17032 17142 17142 17142 17142 17082 17142 17102
17032 17162 17162 17162 17162 17082 17162 17102
17032 17162 17162 17162 17162 17082 17162 17102
17032 17142 17142 17142 17142 17082 17142 17102
17032 17142 17142 17142 17142 17082 17142 17102
17032 17172 17172 17172 17172 17082 17172 17102
17032 17172 17172 17172 17172 17082 17172 17102
17032 17042 17052 17062 17072 17082 17092 17102
17032 17042 17052 17062 17072 17082 17092 17102
17032 17182 17182 17182 17182 17182 17182 17182
17032 17192 17192 17192 17192 17192 17192 17192
17032 17192 17192 17192 17192 17192 17192 17192
17032 17042 17052 17062 17072 17082 17092 17102
17032 17042 17052 17062 17072 17082 17092 17102
17032 17042 17052 17062 17072 17082 17092 17102
17032 17042 17052 17062 17072 17082 17092 17102
17032 17042 17052 17062 17072 17082 17092 17102
17032 17042 17052 17062 17072 17082 17092 17102
17032 17042 17052 17062 17072 17082 17092 17102
17032 17042 17052 17062 17072 17082 17092 17102
17032 17042 17052 17062 17072 17082 17092 17102
17032 17042 17052 17062 17072 17082 17092 17102
17032 17042 17052 17062 17072 17082 17092 17102
17032 17042 17052 17062 17072 17082 17092 17102
17032 17042 17052 17062 17072 17082 17092 17102
17032 17042 17052 17062 17072 17082 17092 17102
17032 17042 17052 17062 17072 17082 17092 17102
17032 17042 17052 17062 17072 17082 17092 17102
17032 17042 17052 17062 17072 17082 17092 17102
69413 69423 69433 69443 69453 69463 69473 69483 69493 69503
69413 69423 69433 69443 69453 69463 69473 69483 69493 69503
69413 69423 69433 69443 69453 69463 69473 69483 69493 69503
69413 69423 69433 69443 69453 69463 69473 69483 69493 69503
69413 69423 69433 69443 69453 69463 69473 69483 69493 69503
69413 69423 69433 69443 69453 69463 69473 69483 69493 69503
69413 69423 69433 69443 69453 69463 69473 69483 69493 69503
69413 69423 69433 69443 69453 69463 69473 69483 69493 69503
69413 69423 69433 69443 69453 69463 69473 69483 69493 69503
69413 69423 69433 69443 69453 69463 69473 69483 69493 69503
69413 69423 69433 69443 69453 69463 69473 69483 69493 69503
69413 69423 69433 69443 69453 69463 69473 69483 69493 69503
69413 69423 69433 69443 69453 69463 69473 69483 69493 69503
69413 69423 69433 69443 69453 69463 69473 69483 69493 69503
69413 69423 69433 69443 69453 69463 69473 69483 69493 69503
69413 69423 69433 69443 69453 69463 69473 69483 69493 69503
69413 69423 69433 69593 69593 69463 69473 69593 69593 69503
69413 69423 69433 69443 69453 69463 69473 69483 69493 69503
69413 69423 69433 69443 69453 69463 69473 69483 69493 69503
69413 69423 69433 69443 69453 69463 69473 69483 69493 69503
69413 69423 69433 69443 69453 69463 69473 69483 69493 69503
69413 69423 69433 69443 69453 69463 69473 69483 69493 69503
69413 69423 69433 69443 69453 69463 69473 69483 69493 69503
69413 69423 69433 69443 69453 69463 69473 69483 69493 69503
69413 69423 69433 69443 69453 69463 69473 69483 69493 69503
69413 69423 69433 69443 69453 69463 69473 69483 69493 69503
69413 69423 69433 69443 69453 69463 69473 69483 69493 69503
69413 69423 69433 69443 69453 69463 69473 69483 69493 69503
69413 69423 69433 69443 69453 69463 69473 69483 69493 69503
69413 69423 69433 69443 69453 69463 69473 69483 69493 69503
69413 69423 69433 69443 69453 69463 69473 69483 69493 69503
69413 69423 69433 69443 69453 69463 69473 69483 69493 69503
69413 69423 69433 69443 69453 69463 69473 69483 69493 69503
69413 69423 69433 69443 69453 69463 69473 69483 69493 69503
69413 69423 69433 69443 69453 69463 69473 69483 69493 69503
69413 69423 69433 69443 69453 69463 69473 69483 69493 69503
69413 69423 69433 69443 69453 69463 69473 69483 69493 69503
69413 69423 69433 69443 69453 69463 69473 69483 69493 69503
69413 69423 69433 69443 69453 69463 69473 69483 69493 69503
69413 69423 69433 69443 69453 69463 69473 69483 69493 69503
69413 69423 69433 69443 69453 69463 69473 69483 69493 69503
69413 69423 69433 69443 69453 69463 69473 69483 69493 69503
69413 69423 69433 69443 69453 69463 69473 69483 69493 69503
69413 69423 69433 69443 69453 69463 69473 69483 69493 69503
69413 69423 69433 69513 69453 69463 69473 69483 69513 69503
69413 69423 69433 69443 69523 69523 69473 69483 69523 69503
69413 69423 69433 69443 69533 69463 69473 69483 69533 69503
69413 69423 69433 69443 69453 69463 69473 69483 69493 69503
69413 69423 69433 69543 69543 69543 69473 69543 69543 69503
69413 69423 69433 69443 69453 69463 69473 69483 69493 69503
69413 69553 69553 69553 69553 69553 69553 69553 69553 69503
69413 69553 69553 69553 69553 69553 69553 69553 69553 69503
69413 69423 69433 69443 69453 69463 69473 69483 69493 69503
69413 69423 69433 69563 69563 69463 69473 69483 69563 69503
69413 69423 69433 69443 69453 69463 69473 69483 69493 69503
69413 69423 69433 69443 69453 69463 69473 69483 69493 69503
69413 69423 69433 69443 69453 69463 69473 69483 69493 69503
69413 69423 69433 69443 69453 69463 69473 69483 69493 69503
69413 69423 69433 69443 69453 69463 69473 69483 69493 69503
69413 69423 69433 69443 69453 69463 69473 69483 69493 69503
69413 69423 69433 69443 69453 69463 69473 69483 69493 69503
69413 69423 69433 69443 69453 69463 69473 69483 69493 69503
69413 69423 69433 69443 69453 69463 69473 69483 69493 69503
69413 69423 69433 69573 69573 69463 69473 69483 69573 69503
69413 69423 69433 69583 69583 69583 69473 69583 69583 69503
69413 69423 69433 69583 69583 69583 69473 69583 69583 69503
69413 69423 69433 69583 69583 69583 69473 69583 69583 69503
69413 69423 69433 69443 69453 69463 69473 69483 69493 69503
