38781
38781
38781
38781
38781
38781
38781
38781
38781
38781
38781
38781
38781
38781
38781
38781
38781
38781
38781
38781
38781
38781
38781
38781
38781
38781
38781
38781
38781
38781
7522 7532 7542 7552 7562 7572 7582 7592
7522 7532 7542 7552 7562 7572 7582 7592
7522 7532 7542 7552 7562 7572 7582 7592
7522 7532 7542 7552 7562 7572 7582 7592
7522 7532 7542 7552 7562 7572 7582 7592
7522 7532 7542 7552 7562 7572 7582 7592
7522 7532 7542 7552 7562 7572 7582 7592
7522 7532 7542 7552 7562 7572 7582 7592
7522 7532 7542 7552 7562 7572 7582 7592
7522 7532 7542 7552 7562 7572 7582 7592
7522 7532 7542 7552 7562 7572 7582 7592
7522 7532 7542 7552 7562 7572 7582 7592
7522 7532 7542 7552 7562 7572 7582 7592
7522 7532 7542 7552 7562 7572 7582 7592
7522 7532 7542 7552 7562 7572 7582 7592
7522 7532 7542 7552 7562 7572 7582 7592
7522 7532 7542 7552 7562 7572 7582 7592
7522 7532 7542 7552 7562 7572 7582 7592
7522 7532 7542 7552 7562 7572 7582 7592
7522 7532 7542 7552 7562 7572 7582 7592
7522 7532 7542 7552 7562 7572 7582 7592
7522 7532 7542 7552 7562 7572 7582 7592
7522 7532 7542 7552 7562 7572 7582 7592
7522 7532 7542 7552 7562 7572 7582 7592
7522 7532 7542 7552 7562 7572 7582 7592
7522 7532 7542 7552 7562 7572 7582 7592
7522 7532 7542 7552 7562 7572 7582 7592
7522 7532 7542 7552 7562 7572 7582 7592
7522 7532 7542 7552 7562 7572 7582 7592
7522 7532 7542 7552 7562 7572 7582 7592
7522 7532 7542 7552 7562 7572 7582 7592
7522 7532 7542 7552 7562 7572 7582 7592
7522 7532 7542 7552 7562 7572 7582 7592
7522 7532 7542 7552 7562 7572 7582 7592
7522 7532 7542 7552 7562 7572 7582 7592
7522 7532 7542 7552 7562 7572 7582 7592
7522 7532 7542 7552 7562 7572 7582 7592
7522 7532 7542 7552 7562 7572 7582 7592
7522 7532 7542 7552 7562 7572 7582 7592
7522 7532 7542 7552 7562 7572 7582 7592
7522 7532 7542 7552 7562 7572 7582 7592
7522 7532 7542 7552 7562 7572 7582 7592
7522 7532 7542 7552 7562 7572 7582 7592
7522 7532 7542 7552 7562 7572 7582 7592
7522 7532 7542 7552 7562 7572 7582 7592
7522 7532 7542 7552 7562 7572 7582 7592
7522 7532 7542 7552 7562 7572 7582 7592
7522 7532 7542 7552 7562 7572 7582 7592
7522 7532 7542 7552 7562 7572 7582 7592
7522 7532 7542 7552 7562 7572 7582 7592
7522 7532 7542 7552 7562 7572 7582 7592
7522 7532 7542 7552 7562 7572 7582 7592
7522 7532 7542 7552 7562 7572 7582 7592
7522 7532 7542 7552 7562 7572 7582 7592
7522 7532 7542 7552 7562 7572 7582 7592
7522 7532 7542 7552 7562 7572 7582 7592
7522 7532 7542 7552 7562 7572 7582 7592
7522 7532 7542 7552 7562 7572 7582 7592
7522 7532 7542 7552 7562 7572 7582 7592
7522 7532 7542 7552 7562 7572 7582 7592
7602 7532 7542 7602 7562 7572 7582 7592
7522 7532 7542 7552 7562 7572 7582 7592
7522 7532 7542 7552 7562 7572 7582 7592
7602 7532 7542 7602 7562 7572 7582 7592
7602 7532 7542 7602 7562 7572 7582 7592
7602 7532 7542 7602 7562 7572 7582 7592
7602 7532 7542 7602 7562 7572 7582 7592
7522 7532 7542 7552 7562 7572 7582 7592
7522 7532 7542 7552 7562 7572 7582 7592
7602 7532 7542 7602 7562 7572 7582 7592
7602 7532 7542 7602 7562 7572 7582 7592
7522 7532 7542 7552 7562 7572 7582 7592
7522 7532 7542 7552 7562 7572 7582 7592
7602 7532 7542 7602 7562 7572 7582 7592
7602 7532 7542 7602 7562 7572 7582 7592
7602 7532 7542 7602 7562 7572 7582 7592
7522 7532 7542 7552 7562 7572 7582 7592
7522 7532 7542 7552 7562 7572 7582 7592
7602 7532 7542 7602 7562 7572 7582 7592
7602 7532 7542 7602 7562 7572 7582 7592
7522 7532 7542 7552 7562 7572 7582 7592
7522 7532 7542 7552 7562 7572 7582 7592
7522 7532 7542 7552 7562 7572 7582 7592
7522 7532 7542 7552 7562 7572 7582 7592
32403 32413 32423 32433 32443 32453 32463 32473 32483
32403 32413 32423 32433 32443 32453 32463 32473 32483
32403 32413 32423 32433 32443 32453 32463 32473 32483
32403 32413 32423 32433 32443 32453 32463 32473 32483
32403 32413 32423 32433 32443 32453 32463 32473 32483
32403 32413 32423 32433 32443 32453 32463 32473 32483
32403 32413 32423 32433 32443 32453 32463 32473 32483
32403 32413 32423 32433 32443 32453 32463 32473 32483
32403 32413 32423 32433 32443 32453 32463 32473 32483
32403 32413 32423 32433 32443 32453 32463 32473 32483
32403 32413 32423 32433 32443 32453 32463 32473 32483
32403 32413 32423 32433 32443 32453 32463 32473 32483
32403 32413 32423 32433 32443 32453 32463 32473 32483
32403 32413 32423 32433 32443 32453 32463 32473 32483
32403 32413 32423 32433 32443 32453 32463 32473 32483
32403 32413 32423 32433 32443 32453 32463 32473 32483
32403 32413 32423 32433 32443 32453 32463 32473 32483
32403 32413 32423 32433 32443 32453 32463 32473 32483
32403 32413 32423 32433 32443 32453 32463 32473 32483
32403 32413 32423 32433 32443 32453 32463 32473 32483
32403 32413 32423 32433 32443 32453 32463 32473 32483
32403 32413 32423 32433 32443 32453 32463 32473 32483
32403 32413 32423 32433 32443 32453 32463 32473 32483
32403 32413 32423 32433 32443 32453 32463 32473 32483
32403 32413 32423 32433 32443 32453 32463 32473 32483
32403 32413 32423 32433 32443 32453 32463 32473 32483
32403 32413 32423 32433 32443 32453 32463 32473 32483
32403 32413 32423 32433 32443 32453 32463 32473 32483
32403 32413 32423 32433 32443 32453 32463 32473 32483
32403 32413 32423 32433 32443 32453 32463 32473 32483
32403 32413 32423 32433 32443 32453 32463 32473 32483
32403 32413 32423 32433 32443 32453 32463 32473 32483
32403 32413 32423 32433 32443 32453 32463 32473 32483
32403 32413 32423 32433 32443 32453 32463 32473 32483
32403 32413 32423 32433 32443 32453 32463 32473 32483
32403 32413 32423 32433 32443 32453 32463 32473 32483
32403 32413 32423 32433 32443 32453 32463 32473 32483
32403 32413 32423 32433 32443 32453 32463 32473 32483
32403 32413 32423 32433 32443 32453 32463 32473 32483
32403 32413 32423 32433 32443 32453 32463 32473 32483
32403 32413 32423 32433 32443 32453 32463 32473 32483
32403 32413 32423 32433 32443 32453 32463 32473 32483
32403 32413 32423 32433 32443 32453 32463 32473 32483
32403 32413 32423 32433 32443 32453 32463 32473 32483
32403 32413 32423 32433 32443 32453 32463 32473 32483
32403 32413 32423 32433 32443 32453 32463 32473 32483
32403 32413 32423 32433 32443 32453 32463 32473 32483
32403 32413 32423 32433 32443 32453 32463 32473 32483
32403 32413 32423 32433 32443 32453 32463 32473 32483
32403 32413 32423 32433 32443 32453 32463 32473 32483
32403 32413 32423 32433 32443 32453 32463 32473 32483
32403 32413 32423 32433 32443 32453 32463 32473 32483
32403 32413 32423 32433 32443 32453 32463 32473 32483
32403 32413 32423 32433 32443 32453 32463 32473 32483
32403 32413 32423 32433 32443 32453 32463 32473 32483
32403 32413 32423 32433 32443 32453 32463 32473 32483
32403 32413 32423 32433 32443 32453 32463 32473 32483
32403 32413 32423 32433 32443 32453 32463 32473 32483
32403 32413 32423 32433 32443 32453 32463 32473 32483
32403 32413 32423 32433 32443 32453 32463 32473 32483
32403 32413 32423 32433 32443 32453 32463 32473 32483
32403 32413 32423 32433 32443 32453 32463 32473 32483
32403 32413 32423 32433 32443 32453 32463 32473 32483
32403 32413 32423 32433 32443 32453 32463 32473 32483
32403 32413 32423 32433 32443 32453 32463 32473 32483
32403 32413 32423 32433 32443 32453 32463 32473 32483
32403 32413 32423 32433 32443 32453 32463 32473 32483
32403 32413 32423 32433 32443 32453 32463 32473 32483
