84621
84621
84621
84621
84621
84621
84621
84621
84621
84621
84621
84621
84621
84621
84621
84621
84621
84621
84621
84621
84621
84621
84621
84621
84621
84621
84621
84621
84621
84621
19862 19872 19882 19892 19902 19912 19922 19932
19862 19872 19882 19892 19902 19912 19922 19932
19862 19872 19882 19892 19902 19912 19922 19932
19862 19872 19882 19892 19902 19912 19922 19932
19862 19872 19882 19892 19902 19912 19922 19932
19862 19872 19882 19892 19902 19912 19922 19932
19862 19872 19882 19892 19902 19912 19922 19932
19862 19872 19882 19892 19902 19912 19922 19932
19862 19872 19882 19892 19902 19912 19922 19932
19862 19872 19882 19892 19902 19912 19922 19932
19862 19872 19882 19892 19902 19912 19922 19932
19862 19872 19882 19892 19902 19912 19922 19932
19862 19872 19882 19892 19902 19912 19922 19932
19862 19872 19882 19892 19902 19912 19922 19932
19862 19872 19882 19892 19902 19912 19922 19932
19862 19872 19882 34212 34212 34212 19922 19932
19862 19872 19882 34212 34212 34212 19922 19932
19862 19872 19882 34212 34212 34212 19922 19932
19862 19872 19882 19892 19902 19912 19922 19932
19862 19872 19882 19892 19902 19912 19922 19932
19862 19872 19882 19892 19902 19912 19922 19932
19862 19872 19882 19892 19902 19912 19922 19932
19862 19872 19882 19892 19902 19912 19922 19932
19862 19872 19882 19892 19902 19912 19922 19932
19862 19872 19882 19892 19902 19912 19922 19932
19862 19872 19882 19892 19902 19912 19922 19932
19862 19872 19882 19892 19902 19912 19922 19932
19862 19872 19882 19892 19902 19912 19922 19932
19862 19872 19882 19892 19902 19912 19922 19932
19862 19872 19882 19892 19902 19912 19922 19932
19862 19872 19882 19892 19902 19912 19922 19932
19862 19872 19882 19892 19902 19912 19922 19932
19862 19872 19882 19892 19902 19912 19922 19932
19862 19872 19882 19892 19902 19912 19922 19932
19862 19872 19882 19892 19902 19912 19922 19932
19862 19872 19882 19892 19902 19912 19922 19932
19862 19872 19882 19892 19902 19912 19922 19932
19862 19872 19882 19892 19902 19912 19922 19932
19862 19872 19882 19892 19902 19912 19922 19932
19862 19872 19882 19892 19902 19912 19922 19932
19862 19872 19882 19892 19902 19912 19922 19932
19862 19872 19882 19892 19902 19912 19922 19932
19862 19872 19882 19892 19902 19912 19922 19932
19862 19872 19882 19892 19902 19912 19922 19932
19862 19872 19882 19892 19902 19912 19922 19932
19862 19872 19882 19892 19902 19912 19922 19932
19862 19872 19882 19892 19902 19912 19922 19932
19942 19872 19882 19942 19902 19912 19922 19942
19962 19872 19882 19962 19902 19912 19922 19962
19862 19872 19882 19892 19902 19912 19922 19932
19952 19952 19952 19952 19952 19952 19952 19952
19952 19952 19952 19952 19952 19952 19952 19952
19972 19972 19972 19972 19972 19912 19922 19932
19862 19872 19882 19892 19902 19912 19922 19932
19982 19982 19882 19982 19982 19912 19922 19932
19862 19872 19882 19892 19902 19912 19922 19932
19992 19872 19882 19992 19992 19992 19992 19992
20002 19872 19882 20002 19902 19912 19922 20002
20012 19872 19882 19892 19902 19912 19922 20012
20022 19872 19882 20022 19902 19912 19922 19932
19862 19872 19882 19892 19902 19912 19922 19932
19862 19872 19882 19892 19902 19912 19922 19932
20032 19872 19882 20032 19902 19912 19922 19932
19862 19872 19882 19892 19902 19912 19922 19932
20032 20032 20032 20032 20032 20032 20032 20032
20032 20032 20032 20032 20032 20032 20032 20032
20032 20032 20032 20032 20032 20032 20032 20032
19862 19872 19882 19892 19902 19912 19922 19932
20042 19872 19882 20042 19902 19912 19922 19932
19862 19872 19882 19892 19902 19912 19922 19932
20042 19872 19882 19892 19902 19912 19922 20042
19862 19872 19882 19892 19902 19912 19922 19932
20052 19872 19882 20052 19902 19912 19922 19932
19862 19872 19882 19892 19902 19912 19922 19932
19862 19872 19882 19892 19902 19912 19922 19932
19862 19872 19882 19892 19902 19912 19922 19932
19862 19872 19882 19892 19902 19912 19922 19932
20062 19872 19882 20062 19902 19912 19922 19932
19862 19872 19882 19892 19902 19912 19922 19932
20062 19872 19882 20062 20062 20062 20062 20062
19862 19872 19882 19892 19902 19912 19922 19932
20072 20072 19882 20072 20072 19912 19922 19932
19862 19872 19882 19892 19902 19912 19922 19932
19862 19872 19882 19892 19902 19912 19922 19932
69033 69043 69053 69063 69073 69083 69093 69103 69113 69123
69033 69043 69053 69063 69073 69083 69093 69103 69113 69123
69033 69043 69053 69063 69073 69083 69093 69103 69113 69123
69033 69043 69053 69063 69073 69083 69093 69103 69113 69123
69033 69043 69053 69063 69073 69083 69093 69103 69113 69123
69033 69043 69053 69063 69073 69083 69093 69103 69113 69123
69033 69043 69053 69063 69073 69083 69093 69103 69113 69123
69033 69043 69053 69063 69073 69083 69093 69103 69113 69123
69033 69043 69053 69063 69073 69083 69093 69103 69113 69123
69033 69043 69053 69063 69073 69083 69093 69103 69113 69123
69033 69043 69053 69063 69073 69083 69093 69103 69113 69123
69033 69043 69053 69063 69073 69083 69093 69103 69113 69123
69033 69043 69053 69063 69073 69083 69093 69103 69113 69123
69033 69043 69053 69063 69073 69083 69093 69103 69113 69123
69033 69043 69053 69063 69073 69083 69093 69103 69113 69123
69033 69043 69053 69063 69073 69083 69093 69103 69113 69123
69033 69043 69053 69213 69213 69083 69093 69213 69213 69123
69033 69043 69053 69063 69073 69083 69093 69103 69113 69123
69033 69043 69053 69063 69073 69083 69093 69103 69113 69123
69033 69043 69053 69063 69073 69083 69093 69103 69113 69123
69033 69043 69053 69063 69073 69083 69093 69103 69113 69123
69033 69043 69053 69063 69073 69083 69093 69103 69113 69123
69033 69043 69053 69063 69073 69083 69093 69103 69113 69123
69033 69043 69053 69063 69073 69083 69093 69103 69113 69123
69033 69043 69053 69063 69073 69083 69093 69103 69113 69123
69033 69043 69053 69063 69073 69083 69093 69103 69113 69123
69033 69043 69053 69063 69073 69083 69093 69103 69113 69123
69033 69043 69053 69063 69073 69083 69093 69103 69113 69123
69033 69043 69053 69063 69073 69083 69093 69103 69113 69123
69033 69043 69053 69063 69073 69083 69093 69103 69113 69123
69033 69043 69053 69063 69073 69083 69093 69103 69113 69123
69033 69043 69053 69063 69073 69083 69093 69103 69113 69123
69033 69043 69053 69063 69073 69083 69093 69103 69113 69123
69033 69043 69053 69063 69073 69083 69093 69103 69113 69123
69033 69043 69053 69063 69073 69083 69093 69103 69113 69123
69033 69043 69053 69063 69073 69083 69093 69103 69113 69123
69033 69043 69053 69063 69073 69083 69093 69103 69113 69123
69033 69043 69053 69063 69073 69083 69093 69103 69113 69123
69033 69043 69053 69063 69073 69083 69093 69103 69113 69123
69033 69043 69053 69063 69073 69083 69093 69103 69113 69123
69033 69043 69053 69063 69073 69083 69093 69103 69113 69123
69033 69043 69053 69063 69073 69083 69093 69103 69113 69123
69033 69043 69053 69063 69073 69083 69093 69103 69113 69123
69033 69043 69053 69063 69073 69083 69093 69103 69113 69123
69033 69043 69053 69133 69073 69083 69093 69103 69133 69123
69033 69043 69053 69063 69143 69143 69093 69103 69143 69123
69033 69043 69053 69063 69153 69083 69093 69103 69153 69123
69033 69043 69053 69063 69073 69083 69093 69103 69113 69123
69033 69043 69053 69163 69163 69163 69093 69163 69163 69123
69033 69043 69053 69063 69073 69083 69093 69103 69113 69123
69033 69173 69173 69173 69173 69173 69173 69173 69173 69123
69033 69173 69173 69173 69173 69173 69173 69173 69173 69123
69033 69043 69053 69063 69073 69083 69093 69103 69113 69123
69033 69043 69053 69183 69183 69083 69093 69103 69183 69123
69033 69043 69053 69063 69073 69083 69093 69103 69113 69123
69033 69043 69053 69063 69073 69083 69093 69103 69113 69123
69033 69043 69053 69063 69073 69083 69093 69103 69113 69123
69033 69043 69053 69063 69073 69083 69093 69103 69113 69123
69033 69043 69053 69063 69073 69083 69093 69103 69113 69123
69033 69043 69053 69063 69073 69083 69093 69103 69113 69123
69033 69043 69053 69063 69073 69083 69093 69103 69113 69123
69033 69043 69053 69063 69073 69083 69093 69103 69113 69123
69033 69043 69053 69063 69073 69083 69093 69103 69113 69123
69033 69043 69053 69193 69193 69083 69093 69103 69193 69123
69033 69043 69053 69203 69203 69203 69093 69203 69203 69123
69033 69043 69053 69203 69203 69203 69093 69203 69203 69123
69033 69043 69053 69203 69203 69203 69093 69203 69203 69123
69033 69043 69053 69063 69073 69083 69093 69103 69113 69123
