30 30 30 90 30 60 90 30 30
40 40 40 30 90 90 90 30 30
100 200 300 400 500 600 700 200 300
90 90 90 90 90 90 60 90 90
80 90 40 90 90 90 65 90 90
90 25 90 90 90 90 50 90 40
90 90 90 90 90 90 50 50 90
45 80 80 90 90 90 60 80 80
55 50 60 90 90 90 70 80 70
80 90 25 90 90 90 30 80 20
60 10 90 90 30 90 90 40 90
80 90 45 90 40 90 90 90 35
70 90 5 90 30 90 90 80 80
90 90 90 90 40 90 90 30 80
80 90 70 90 40 60 90 90 30
30 90 90 90 50 90 90 80 70
50 40 90 40 90 90 90 90 90
80 90 45 40 90 90 90 90 20
70 90 10 40 90 90 90 80 80
80 90 80 40 90 90 90 35 80
80 90 80 40 90 90 90 90 40
90 90 90 40 90 90 90 20 90
90 80 90 90 90 90 90 80 90
90 80 90 90 90 90 90 80 90
35 35 35 35 35 35 35 35 35
