30 30 30 90 30 60 90 30 30
40 40 40 30 90 90 90 30 30
120 240 360 480 600 720 840 240 360
108 108 108 108 108 108 72 108 108
90 90 80 90 90 90 90 90 90
90 50 90 90 90 90 70 90 70
90 90 90 90 90 90 70 70 90
65 90 90 90 90 90 90 90 90
75 70 80 90 90 90 90 90 90
90 90 50 90 90 90 50 90 30
60 10 90 90 30 90 90 40 90
80 90 45 90 40 90 90 90 35
70 90 5 90 30 90 90 80 80
90 90 90 90 40 90 90 30 80
80 90 70 90 40 60 90 90 30
30 90 90 90 50 90 90 80 70
50 40 90 40 90 90 90 90 90
90 90 90 40 90 90 90 90 20
70 90 10 40 90 90 90 80 80
90 90 90 40 90 90 90 90 80
80 90 80 40 90 90 90 90 80
90 90 90 40 90 90 90 20 90
90 90 90 90 90 90 90 90 90
90 90 90 90 90 90 90 90 90
35 35 35 35 35 35 35 35 35
