84571
84571
84571
84571
84571
84571
84571
84571
84571
84571
84571
84571
84571
84571
84571
84571
84571
84571
84571
84571
84571
84571
84571
84571
84571
84571
84571
84571
84571
84571
5792 5842 5852 5862
5792 5842 5852 5862
5792 5842 5852 5862
5792 5842 5852 5862
5792 5842 5852 5862
5792 5842 5852 5862
5792 5842 5852 5862
5792 5842 5852 5862
5792 5842 5852 5862
5792 5842 5852 5862
5792 5842 5852 5862
5792 5842 5852 5862
5792 5842 5852 5862
5792 5842 5852 5862
5792 5842 5852 5862
5792 5842 5852 5862
5792 5842 5852 5862
5792 5842 5852 5862
5792 5842 5852 5862
5792 5842 5852 5862
5792 5842 5852 5862
5792 5842 5852 5862
5792 5842 5852 5862
5792 5842 5852 5862
5792 5842 5852 5862
5792 5842 5852 5862
5792 5842 5852 5862
5792 5842 5852 5862
5792 5842 5852 5862
5792 5842 5852 5862
5792 5842 5852 5862
5792 5842 5852 5862
5792 5842 5852 5862
5792 5842 5852 5862
5792 5842 5852 5862
5792 5842 5852 5862
5792 5842 5852 5862
5792 5842 5852 5862
5802 5802 5802 5802
5812 5812 5812 5812
5792 5842 5852 5862
5822 5822 5822 5822
5822 5822 5822 5822
5792 5842 5852 5862
5792 5842 5852 5862
5832 5832 5832 5832
5792 5842 5852 5862
5792 5842 5852 5862
5792 5842 5852 5862
5792 5842 5852 5862
8103 8113 8123
8103 8113 8123
8103 8113 8123
8103 8113 8123
8103 8113 8123
8103 8113 8123
8103 8113 8123
8103 8113 8123
8103 8113 8123
8103 8113 8123
8103 8113 8123
8103 8113 8123
8103 8113 8123
8103 8113 8123
8103 8113 8123
8103 8113 8123
8103 8113 8123
8103 8113 8123
8103 8113 8123
8103 8113 8123
8103 8113 8123
8103 8113 8123
8103 8113 8123
8103 8113 8123
8103 8113 8123
8103 8113 8123
8103 8113 8123
8103 8113 8123
8103 8113 8123
8103 8113 8123
8103 8113 8123
8103 8113 8123
8103 8113 8123
8103 8113 8123
8103 8113 8123
8103 8113 8123
8103 8113 8123
8133 8133 8133
8143 8143 8143
8103 8113 8123
8103 8113 8123
8103 8113 8123
8103 8113 8123
8103 8113 8123
8103 8113 8123
8103 8113 8123
8103 8113 8123
8103 8113 8123
8103 8113 8123
62544 62594 62604 62614
62544 62594 62604 62614
62544 62594 62604 62614
62544 62594 62604 62614
62544 62594 62604 62614
62544 62594 62604 62614
62544 62594 62604 62614
62544 62594 62604 62614
62544 62594 62604 62614
62544 62594 62604 62614
62544 62594 62604 62614
62544 62594 62604 62614
62544 62594 62604 62614
62544 62594 62604 62614
62544 62594 62604 62614
62544 62594 62604 62614
62544 62594 62604 62614
62544 62594 62604 62614
62544 62594 62604 62614
62544 62594 62604 62614
62544 62594 62604 62614
62544 62594 62604 62614
62544 62594 62604 62614
62544 62594 62604 62614
62544 62594 62604 62614
62544 62594 62604 62614
62544 62594 62604 62614
62544 62594 62604 62614
62544 62594 62604 62614
62544 62594 62604 62614
62544 62594 62604 62614
62544 62594 62604 62614
62544 62594 62604 62614
62544 62594 62604 62614
62544 62594 62604 62614
62544 62594 62604 62614
62544 62594 62604 62614
62544 62594 62604 62614
62554 62554 62554 62554
62564 62564 62564 62564
62544 62594 62604 62614
62574 62574 62574 62574
62574 62574 62574 62574
62544 62594 62604 62614
62544 62594 62604 62614
62584 62584 62584 62584
62544 62594 62604 62614
62544 62594 62604 62614
62544 62594 62604 62614
62544 62594 62604 62614
64285
64285
64285
64285
64285
64285
64285
64285
64285
64285
64285
64285
64285
64285
64285
64285
64285
64285
64285
64285
64285
64285
64285
64285
64285
64285
64285
64285
64285
64285
64285
64285
64285
64285
64285
64285
64285
64285
64285
64295
64295
64285
64285
64285
