38731
38731
38731
38731
38731
38731
38731
38731
38731
38731
38731
38731
38731
38731
38731
38731
38731
38731
38731
38731
38731
38731
38731
38731
38731
38731
38731
38731
38731
38731
2272
2272
2272
2272
2272
2272
2272
2272
2272
2272
2272
2272
2272
2272
2272
2272
2272
2272
2272
2272
2272
2272
2272
2272
2272
2272
2272
2272
2272
2272
2272
2272
2272
2272
2272
2272
2272
2272
2272
2272
2272
2272
2272
2272
2272
2272
2272
2272
2272
2272
2793
2793
2793
2793
2793
2793
2793
2793
2793
2793
2793
2793
2793
2793
2793
2793
2793
2793
2793
2793
2793
2793
2793
2793
2793
2793
2793
2793
2793
2793
2793
2793
2793
2793
2793
2793
2793
2793
2793
2793
2793
2793
2793
2793
2793
2793
2793
2793
2793
29854
29854
29854
29854
29854
29854
29854
29854
29854
29854
29854
29854
29854
29854
29854
29854
29854
29854
29854
29854
29854
29854
29854
29854
29854
29854
29854
29854
29854
29854
29854
29854
29854
29854
29854
29854
29854
29854
29854
29854
29854
29854
29854
29854
29854
29854
29854
29854
29854
29854
30665
30665
30665
30665
30665
30665
30665
30665
30665
30665
30665
30665
30665
30665
30665
30665
30665
30665
30665
30665
30665
30665
30665
30665
30665
30665
30665
30665
30665
30665
30665
30665
30665
30665
30665
30665
30665
30665
30665
30665
30665
30665
30665
30665
