61581
61581
61581
61581
61581
61581
61581
61581
61581
61581
61581
61581
61581
61581
61581
61581
61581
61581
61581
61581
61581
61581
61581
61581
61581
61581
61581
61581
61581
61581
3522 3532 3542
3522 3532 3542
3522 3532 3542
3522 3532 3542
3522 3532 3542
3522 3532 3542
3522 3532 3542
3522 3532 3542
3522 3532 3542
3522 3532 3542
3522 3532 3542
3522 3532 3542
3522 3532 3542
3522 3532 3542
3522 3532 3542
3522 3532 3542
3522 3532 3542
3522 3532 3542
3522 3532 3542
3522 3532 3542
3522 3532 3542
3522 3532 3542
3522 3532 3542
3522 3532 3542
3522 3532 3542
3522 3532 3542
3522 3532 3542
3522 3532 3542
3522 3532 3542
3522 3532 3542
3522 3532 3542
3522 3532 3542
3522 3532 3542
3522 3532 3542
3522 3532 3542
3522 3532 3542
3522 3532 3542
3552 3552 3552
3562 3562 3562
3522 3532 3542
3522 3532 3542
3522 3532 3542
3522 3532 3542
3522 3532 3542
3522 3532 3542
3522 3532 3542
3522 3532 3542
3522 3532 3542
3522 3532 3542
3673 3723 3733 3743 3753 3763 3773
3673 3723 3733 3743 3753 3763 3773
3673 3723 3733 3743 3753 3763 3773
3673 3723 3733 3743 3753 3763 3773
3673 3723 3733 3743 3753 3763 3773
3673 3723 3733 3743 3753 3763 3773
3673 3723 3733 3743 3753 3763 3773
3673 3723 3733 3743 3753 3763 3773
3673 3723 3733 3743 3753 3763 3773
3673 3723 3733 3743 3753 3763 3773
3673 3723 3733 3743 3753 3763 3773
3673 3723 3733 3743 3753 3763 3773
3673 3723 3733 3743 3753 3763 3773
3673 3723 3733 3743 3753 3763 3773
3673 3723 3733 3743 3753 3763 3773
3673 3723 3733 3743 3753 3763 3773
3673 3723 3733 3743 33173 3763 3773
3673 3723 3733 3743 33173 3763 3773
3673 3723 3733 3743 3753 3763 3773
3673 3723 3733 3743 3753 3763 3773
3673 3723 3733 3743 3753 3763 3773
3673 3723 3733 3743 3753 3763 3773
3673 3723 3733 3743 3753 3763 3773
3673 3723 3733 3743 3753 3763 3773
3673 3723 3733 3743 3753 3763 3773
3673 3723 3733 3743 3753 3763 3773
3673 3723 3733 3743 3753 3763 3773
3673 3723 3733 3743 3753 3763 3773
3673 3723 3733 3743 3753 3763 3773
3673 3723 3733 3743 3753 3763 3773
3673 3723 3733 3743 3753 3763 3773
3673 3723 3733 3743 3753 3763 3773
3673 3723 3733 3743 3753 3763 3773
3673 3723 3733 3743 3753 3763 3773
3673 3723 3733 3743 3753 3763 3773
3673 3723 3733 3743 3753 3763 3773
3673 3723 3733 3743 3753 3763 3773
3673 3723 3733 3743 3753 3763 3773
3673 3723 3733 3743 3753 3763 3773
3673 3723 3733 3743 3753 3763 3773
3673 3723 3733 3743 3753 3763 3773
3673 3723 3733 3743 3753 3763 3773
3673 3723 3733 3743 3753 3763 3773
3673 3723 3733 3743 3753 3763 3773
3673 3723 3733 3743 3753 3763 3773
3683 3683 3683 3683 3683 3683 3683
3693 3693 3693 3693 3693 3693 3693
3673 3723 3733 3743 3753 3763 3773
3703 3703 3703 3703 33173 3703 3703
3703 3703 3703 3703 3703 3703 3703
3673 3723 3733 3743 3753 3763 3773
3673 3723 3733 3743 3753 3763 3773
3673 3723 3733 3743 3753 3763 3773
3673 3723 3733 3743 3753 3763 3773
3673 3723 3733 3743 3753 3763 3773
3713 3713 3713 3713 3713 3713 3713
3713 3713 3713 3713 3713 3713 3713
3713 3713 3713 3713 3713 3713 3713
3673 3723 3733 3743 3753 3763 3773
3673 3723 3733 3743 3753 3763 3773
3673 3723 3733 3743 3753 3763 3773
3673 3723 3733 3743 3753 3763 3773
3673 3723 3733 3743 3753 3763 3773
3673 3723 3733 3743 3753 3763 3773
3673 3723 3733 3743 3753 3763 3773
3673 3723 3733 3743 3753 3763 3773
3673 3723 3733 3743 3753 3763 3773
49044 49054 49064 49074 49084 49094 49104 49114
49044 49054 49064 49074 49084 49094 49104 49114
49044 49054 49064 49074 49084 49094 49104 49114
49044 49054 49064 49074 49084 49094 49104 49114
49044 49054 49064 49074 49084 49094 49104 49114
49044 49054 49064 49074 49084 49094 49104 49114
49044 49054 49064 49074 49084 49094 49104 49114
49044 49054 49064 49074 49084 49094 49104 49114
49044 49054 49064 49074 49084 49094 49104 49114
49044 49054 49064 49074 49084 49094 49104 49114
49044 49054 49064 49074 49084 49094 49104 49114
49044 49054 49064 49074 49084 49094 49104 49114
49044 49054 49064 49074 49084 49094 49104 49114
49044 49054 49064 49074 49084 49094 49104 49114
49044 49054 49064 49074 49084 49094 49104 49114
49044 49054 49064 49074 49084 49094 49104 49114
49044 49054 49064 49074 49084 49094 49104 49114
49044 49054 49064 49074 49084 49094 49104 49114
49044 49054 49064 49074 49084 49094 49104 49114
49044 49054 49064 49074 49084 49094 49104 49114
49044 49054 49064 49074 49084 49094 49104 49114
49044 49054 49064 49074 49084 49094 49104 49114
49044 49054 49064 49074 49084 49094 49104 49114
49044 49054 49064 49074 49084 49094 49104 49114
49044 49054 49064 49074 49084 49094 49104 49114
49044 49054 49064 49074 49084 49094 49104 49114
49044 49054 49064 49074 49084 49094 49104 49114
49044 49054 49064 49074 49084 49094 49104 49114
49044 49054 49064 49074 49084 49094 49104 49114
49044 49054 49064 49074 49084 49094 49104 49114
49044 49054 49064 49074 49084 49094 49104 49114
49044 49054 49064 49074 49084 49094 49104 49114
49044 49054 49064 49074 49084 49094 49104 49114
49044 49054 49064 49074 49084 49094 49104 49114
49044 49054 49064 49074 49084 49094 49104 49114
49044 49054 49064 49074 49084 49094 49104 49114
49044 49054 49064 49074 49084 49094 49104 49114
49044 49054 49064 49074 49084 49094 49104 49114
49044 49054 49064 49074 49084 49094 49104 49114
49044 49054 49064 49074 49084 49094 49104 49114
49044 49054 49064 49074 49084 49094 49104 49114
49044 49054 49064 49074 49084 49094 49104 49114
49044 49054 49064 49074 49084 49094 49104 49114
49044 49054 49064 49074 49084 49094 49104 49114
49044 49054 54044 49074 54044 49094 49104 49114
49044 49054 54044 49074 54044 49094 49104 49114
49044 49054 54144 49074 49084 49094 49104 49114
49044 49054 54144 49074 49084 49094 49104 49114
49044 49054 54054 49074 54054 49094 49104 49114
49044 49054 54144 49074 49084 49094 49104 49114
49044 49054 49064 49074 49084 49094 49104 49114
49044 49054 54054 49074 54054 49094 49104 49114
49044 49054 54064 49074 54064 49094 49104 49114
49044 54534 54534 49074 49084 54534 49104 49114
49044 54534 54534 49074 49084 54534 49104 49114
49044 54534 54534 49074 49084 54534 49104 49114
49044 54544 54544 49074 49084 54544 49104 49114
49044 54544 54544 49074 49084 54544 49104 49114
49044 54074 54074 49074 49084 54074 49104 49114
49044 54074 54074 49074 49084 54074 49104 49114
49044 54534 54534 49074 49084 54534 49104 49114
49044 54534 54534 49074 49084 54534 49104 49114
49044 54544 54544 49074 49084 54544 49104 49114
49044 54074 54074 49074 49084 54074 49104 49114
49044 54074 54074 49074 49084 54074 49104 49114
49044 54084 54084 49074 49084 54084 49104 49114
49044 54084 54084 49074 49084 54084 49104 49114
49044 54084 54084 49074 49084 54084 49104 49114
49044 54084 54084 49074 49084 54084 49104 49114
49044 54084 54084 49074 49084 54084 49104 49114
49044 54084 54084 49074 49084 54084 49104 49114
49044 49054 54104 49074 49084 54544 49104 49114
49044 49054 54104 49074 49084 54544 49104 49114
49044 49054 54104 49074 49084 54544 49104 49114
49044 49054 54104 49074 49084 54544 49104 49114
49044 49054 54104 49074 49084 54544 49104 49114
49044 49054 54104 49074 49084 54544 49104 49114
49044 49054 54114 49074 49084 49094 49104 49114
49044 49054 54114 49074 49084 49094 49104 49114
49044 54124 49064 49074 49084 49094 49104 49114
49044 54124 49064 49074 49084 49094 49104 49114
49044 54124 49064 49074 49084 49094 49104 49114
49044 54124 49064 49074 49084 49094 49104 49114
49044 54124 49064 49074 49084 49094 49104 49114
49044 49054 54134 49074 54134 49094 49104 49114
49044 49054 54134 49074 54134 49094 49104 49114
49044 49054 54134 49074 54134 49094 49104 49114
49044 49054 49064 49074 49084 49094 49104 49114
49044 49054 49064 49074 49084 49094 49104 49114
