29361
29361
29361
29361
29361
29361
29361
29361
29361
29361
29361
29361
29361
29361
29361
29361
29361
29361
29361
29361
29361
29361
29361
29361
29361
29361
29361
29361
29361
29361
1242
1242
1242
1242
1242
1242
1242
1242
1242
1242
1242
1242
1242
1242
1242
1242
1242
1242
1242
1242
1242
1242
1242
1242
1242
1242
1242
1242
1242
1242
1242
1242
1242
1242
1242
1242
1242
1242
1242
1242
1242
1242
1242
1242
1242
1242
1242
1242
1242
1273 12123 12133 12143 12153 12163 12173
1273 12123 12133 12143 12153 12163 12173
1273 12123 12133 12143 12153 12163 12173
1273 12123 12133 12143 12153 12163 12173
1273 12123 12133 12143 12153 12163 12173
1273 12123 12133 12143 12153 12163 12173
1273 12123 12133 12143 12153 12163 12173
1273 12123 12133 12143 12153 12163 12173
1273 12123 12133 12143 12153 12163 12173
1273 12123 12133 12143 12153 12163 12173
1273 12123 12133 12143 12153 12163 12173
1273 12123 12133 12143 12153 12163 12173
1273 12123 12133 12143 12153 12163 12173
1273 12123 12133 12143 12153 12163 12173
1273 12123 12133 12143 12153 12163 12173
1273 12123 12133 12143 12153 12163 12173
1273 12123 12133 12143 12153 12163 12173
1273 12123 12133 12143 12153 12163 12173
1273 12123 12133 12143 12153 12163 12173
1273 12123 12133 12143 12153 12163 12173
1273 12123 12133 12143 12153 12163 12173
1273 12123 12133 12143 12153 12163 12173
1273 12123 12133 12143 12153 12163 12173
1273 12123 12133 12143 12153 12163 12173
1273 12123 12133 12143 12153 12163 12173
1273 12123 12133 12143 12153 12163 12173
1273 12123 12133 12143 12153 12163 12173
1273 12123 12133 12143 12153 12163 12173
1273 12123 12133 12143 12153 12163 12173
1273 12123 12133 12143 12153 12163 12173
1273 12123 12133 12143 12153 12163 12173
1273 12123 12133 12143 12153 12163 12173
1273 12123 12133 12143 12153 12163 12173
1273 12123 12133 12143 12153 12163 12173
1273 12123 12133 12143 12153 12163 12173
1273 12123 12133 12143 12153 12163 12173
1273 12123 12133 12143 12153 12163 12173
1273 12123 12133 12143 12153 12163 12173
1273 12123 12133 12143 12153 12163 12173
1273 12123 12133 12143 12153 12163 12173
1273 12123 12133 12143 12153 12163 12173
1273 12123 12133 12143 12153 12163 12173
1273 12123 12133 12143 12153 12163 12173
1273 12123 12133 12143 12153 12163 12173
1273 12123 12133 12143 12153 12163 12173
1273 12123 12133 12143 12153 12163 12173
1273 12123 12133 12143 12153 12163 12173
1273 12123 12133 12143 12153 12163 12173
1273 12123 12133 12143 12153 12163 12173
1273 12123 12133 12143 12153 12163 12173
1273 12123 12133 12143 12153 12163 12173
1273 12123 12133 12143 12153 12163 12173
1273 12123 12133 12143 12153 12163 12173
1273 12123 12133 12143 12153 12163 12173
1273 12123 12133 12143 12153 12163 12173
1273 12123 12133 12143 12153 12163 12173
1273 12123 12133 12143 12153 12163 12173
1273 12123 12133 12143 12153 12163 12173
1273 12123 12133 12143 12153 12163 12173
1273 12123 12133 12143 12153 12163 12173
1273 12123 12133 12143 12153 12163 12173
1273 12123 12133 12143 12153 12163 12173
1273 12123 12133 12143 12153 12163 12173
1273 12123 12133 12143 12153 12163 12173
1273 12123 12133 12143 12153 12163 12173
1273 12123 12133 12143 12153 12163 12173
1273 12123 12133 12143 12153 12163 12173
23254 23264 23274 23284 23294 23304 23314
23254 23264 23274 23284 23294 23304 23314
23254 23264 23274 23284 23294 23304 23314
23254 23264 23274 23284 23294 23304 23314
23254 23264 23274 23284 23294 23304 23314
23254 23264 23274 23284 23294 23304 23314
23254 23264 23274 23284 23294 23304 23314
23254 23264 23274 23284 23294 23304 23314
23254 23264 23274 23284 23294 23304 23314
23254 23264 23274 23284 23294 23304 23314
23254 23264 23274 23284 23294 23304 23314
23254 23264 23274 23284 23294 23304 23314
23254 23264 23274 23284 23294 23304 23314
23254 23264 23274 23284 23294 23304 23314
23254 23264 23274 23284 23294 23304 23314
23254 23264 23274 23284 23294 23304 23314
23254 23264 23274 23284 23294 23304 23314
23254 23264 23274 23284 23294 23304 23314
23254 23264 23274 23284 23294 23304 23314
23254 23264 23274 23284 23294 23304 23314
23254 23264 23274 23284 23294 23304 23314
23254 23264 23274 23284 23294 23304 23314
23254 23264 23274 23284 23294 23304 23314
23254 23264 23274 23284 23294 23304 23314
23254 23264 23274 23284 23294 23304 23314
23254 23264 23274 23284 23294 23304 23314
23254 23264 23274 23284 23294 23304 23314
23254 23264 23274 23284 23294 23304 23314
23254 23264 23274 23284 23294 23304 23314
23254 23264 23274 23284 23294 23304 23314
23254 23264 23274 23284 23294 23304 23314
23254 23264 23274 23284 23294 23304 23314
23254 23264 23274 23284 23294 23304 23314
23254 23264 23274 23284 23294 23304 23314
23254 23264 23274 23284 23294 23304 23314
23254 23264 23274 23284 23294 23304 23314
23254 23264 23274 23284 23294 23304 23314
23254 23264 23274 23284 23294 23304 23314
23254 23264 23274 23284 23294 23304 23314
23254 23264 23274 23284 23294 23304 23314
23254 23264 23274 23284 23294 23304 23314
23254 23264 23274 23284 23294 23304 23314
23254 23264 23274 23284 23294 23304 23314
23254 23264 23274 23284 23294 23304 23314
23254 23264 23274 23284 23294 23304 23314
23254 23264 23274 23284 23294 23304 23314
23254 23264 23274 23284 23294 23304 23314
23254 23264 23274 23284 23294 23304 23314
23254 23264 23274 23284 23294 23304 23314
23254 23264 23274 23284 23294 23304 23314
23254 23264 23274 23284 23294 23304 23314
23254 23264 23274 23284 23294 23304 23314
23254 23264 23274 23284 23294 23304 23314
23254 23264 23274 23284 23294 23304 23314
23254 23264 23274 23284 23294 23304 23314
23254 23264 23274 23284 23294 23304 23314
23254 23264 23274 23284 23294 23304 23314
23254 23264 23274 23284 23294 23304 23314
23254 23264 23274 23284 23294 23304 23314
23254 23264 23274 23284 23294 23304 23314
23254 23264 23274 23284 23294 23304 23314
23254 23264 23274 23284 23294 23304 23314
23254 23264 23274 23284 23294 23304 23314
23254 23264 23274 23284 23294 23304 23314
23254 23264 23274 23284 23294 23304 23314
23254 23264 23274 23284 23294 23304 23314
23254 23264 23274 23284 23294 23304 23314
23254 23264 23274 23284 23294 23304 23314
23254 23264 23274 23284 23294 23304 23314
23254 23264 23274 23284 23294 23304 23314
23254 23264 23274 23284 23294 23304 23314
23254 23264 23274 23284 23294 23304 23314
23254 23264 23274 23284 23294 23304 23314
23254 23264 23274 23284 23294 23304 23314
23254 23264 23274 23284 23294 23304 23314
23254 23264 23274 23284 23294 23304 23314
23254 23264 23274 23284 23294 23304 23314
23254 23264 23274 23284 23294 23304 23314
23254 23264 23274 23284 23294 23304 23314
23254 23264 23274 23284 23294 23304 23314
23254 23264 23274 23284 23294 23304 23314
23254 23264 23274 23284 23294 23304 23314
23254 23264 23274 23284 23294 23304 23314
23254 23264 23274 23284 23294 23304 23314
23254 23264 23274 23284 23294 23304 23314
23254 23264 23274 23284 23294 23304 23314
23254 23264 23274 23284 23294 23304 23314
23254 23264 23274 23284 23294 23304 23314
23254 23264 23274 23284 23294 23304 23314
