176
47
228
230
2
237
238
239
240
181
183
42
212
213
17
202
186
187
12
200
199
22
203
204
37
210
211
32
208
207
27
206
205
190
191
194
195
227
216
217
142
220
219
122
222
224
62
214
226
225
147
132
241
242
243
244
245
246
247
3
4
5
6
7
8
9
10
11
12
13
2
20
30
50
70
75
80
100
120
125
140
145
160
180
190
210
220
235
250
320
270
290
293
296
300
310
330
340
345
350
360
361
362
366 367 368
363
364
365
370
380
390
400 410
425
440
460
375
470
480
500
510
520
540
543
546
550
570
573
595
610
620 630
650
660 670
678
690
680
700 701
705 710
720
730
740
745
760
780
790
800
810
820
825
830
835
840
845
850
860
880
890
900
905
910
920
940
950
960
970
980
990
995
1000
1001
1002
1
1003
1006
1007 1008
1010
1020 1025
1030
1040
1045
0
