1
1
1
74
20
74
20
48
52
4
42
5
39
63
8
23
12
66
21
53
74
26
33
64
26
74
85
34
50
72
43
49
77
48
72
79
88
28
36
53
64
63
70
72
73
74
79
87
82
88
100
100
74
74
74
74
74
74
24
1
1
1
1
1
1
1
1
1
1
1
1
1
2
2
3
4
4
4
5
6
6
7
7
8
9
10
11
13
14
15
17
17
18
18
19
19
20
20
21
21
21
22
22
24
24
24
24
25
25
26
27
28
28
29
30
30
31
31
32
33
33
34
35
36
36
37
38
39
41
42
43
45
45
46
48
48
49
50
50
50
53
53
54
55
57
58
60
60
61
61
62
62
63
63
64
64
66
68
69
71
73
73
74
74
74
74
74
74
74
74
74
76
76
78
79
82
82
82
1
