84611
84611
84611
84611
84611
84611
84611
84611
84611
84611
84611
84611
84611
84611
84611
84611
84611
84611
84611
84611
84611
84611
84611
84611
84611
84611
84611
84611
84611
84611
7842 7842 7842
7842 7842 7842
7842 7842 7842
7842 7842 7842
7842 7842 7842
7842 7842 7842
7842 7842 7842
7842 7842 7842
7842 7842 7842
7842 7842 7842
7842 7842 7842
7842 7842 7842
7842 7842 7842
7842 7842 7842
7842 7842 7842
7842 7842 7842
7842 7842 7842
7842 7842 7842
7842 7842 7842
7842 7842 7842
7842 7842 7842
7842 7842 7842
7842 7842 7842
7842 7842 7842
7842 7842 7842
7842 7842 7842
7842 7842 7842
7842 7842 7842
7842 7842 7842
7842 7842 7842
7842 7842 7842
7842 7842 7842
72963 72973 72983 72993 73003 73013 73023 73033 73043 73053
72963 72973 72983 72993 73003 73013 73023 73033 73043 73053
72963 72973 72983 72993 73003 73013 73023 73033 73043 73053
72963 72973 72983 72993 73003 73013 73023 73033 73043 73053
72963 72973 72983 72993 73003 73013 73023 73033 73043 73053
72963 72973 72983 72993 73003 73013 73023 73033 73043 73053
72963 72973 72983 72993 73003 73013 73023 73033 73043 73053
72963 72973 72983 72993 73003 73013 73023 73033 73043 73053
72963 72973 72983 72993 73003 73013 73023 73033 73043 73053
72963 72973 72983 73123 73123 73013 73023 73033 73123 73053
72963 72973 72983 72993 73003 73013 73023 73033 73043 73053
72963 72973 72983 72993 73003 73013 73023 73033 73043 73053
72963 72973 72983 72993 73003 73013 73023 73033 73043 73053
72963 72973 72983 72993 73003 73013 73023 73033 73043 73053
72963 72973 72983 72993 73003 73013 73023 73033 73043 73053
72963 72973 72983 72993 73003 73013 73023 73033 73043 73053
72963 72973 72983 72993 73003 73013 73023 73033 73043 73053
72963 72973 72983 72993 73003 73013 73023 73033 73043 73053
72963 72973 72983 72993 73003 73013 73023 73033 73043 73053
72963 72973 72983 72993 73003 73013 73023 73033 73043 73053
72963 72973 72983 72993 73003 73013 73023 73033 73043 73053
72963 72973 72983 72993 73003 73013 73023 73033 73043 73053
72963 72973 72983 72993 73003 73013 73023 73033 73043 73053
72963 72973 72983 72993 73003 73013 73023 73033 73043 73053
72963 72973 72983 72993 73003 73013 73023 73033 73043 73053
72963 72973 72983 72993 73003 73013 73023 73033 73043 73053
72963 72973 72983 72993 73003 73013 73023 73033 73043 73053
72963 72973 72983 72993 73003 73013 73023 73033 73043 73053
72963 72973 72983 72993 73003 73013 73023 73033 73043 73053
72963 72973 72983 72993 73003 73013 73023 73033 73043 73053
72963 72973 72983 72993 73003 73013 73023 73033 73043 73053
72963 72973 72983 72993 73003 73013 73023 73033 73043 73053
72963 72973 72983 72993 73003 73013 73023 73033 73043 73053
72963 72973 72983 72993 73003 73013 73023 73033 73043 73053
72963 72973 72983 72993 73003 73013 73023 73033 73043 73053
72963 72973 72983 73063 73003 73063 73063 73033 73043 73053
72963 72973 72983 73063 73003 73063 73063 73033 73043 73053
72963 72973 72983 72993 73003 73013 73023 73033 73043 73053
72963 72973 72983 73073 73003 73073 73073 73033 73043 73053
72963 72973 72983 72993 73003 73013 73023 73033 73043 73053
72963 72973 72983 72993 73003 73013 73023 73033 73043 73053
72963 72973 72983 73073 73003 73073 73073 73033 73043 73053
72963 72973 72983 72993 73003 73013 73023 73033 73043 73053
72963 72973 72983 72993 73003 73013 73023 73033 73043 73053
72963 72973 72983 72993 73003 73013 73023 73033 73043 73053
72963 72973 72983 72993 73003 73013 73023 73033 73043 73053
72963 72973 72983 72993 73003 73013 73023 73033 73043 73053
72963 73083 73083 73083 73083 73083 73083 73083 73083 73053
72963 73083 73083 73083 73083 73083 73083 73083 73083 73053
72963 73083 73083 73083 73083 73083 73083 73083 73083 73053
72963 72973 72983 72993 73093 73093 73093 73033 73043 73053
72963 73103 73103 73103 73103 73103 73103 73103 73103 73053
72963 73103 73103 73103 73103 73103 73103 73103 73103 73053
72963 73103 73103 73103 73103 73103 73103 73103 73103 73053
72963 73103 73103 73103 73103 73103 73103 73103 73103 73053
72963 72973 72983 72993 73003 73013 73023 73033 73043 73053
72963 72973 72983 72993 73003 73013 73023 73033 73113 73053
72963 72973 72983 72993 73003 73013 73023 73033 73043 73053
72963 72973 72983 72993 73003 73013 73023 73033 73043 73053
