38771
38771
38771
38771
38771
38771
38771
38771
38771
38771
38771
38771
38771
38771
38771
38771
38771
38771
38771
38771
38771
38771
38771
38771
38771
38771
38771
38771
38771
38771
2572
2572
2572
2572
2572
2572
2572
2572
2572
2572
2572
2572
2572
2572
2572
2572
2572
2572
2572
2572
2572
2572
2572
2572
2572
2572
2572
2572
2572
2572
2572
2572
33813 33823 33833 33843 33853 33863 33873 33883 33893
33813 33823 33833 33843 33853 33863 33873 33883 33893
33813 33823 33833 33843 33853 33863 33873 33883 33893
33813 33823 33833 33843 33853 33863 33873 33883 33893
33813 33823 33833 33843 33853 33863 33873 33883 33893
33813 33823 33833 33843 33853 33863 33873 33883 33893
33813 33823 33833 33843 33853 33863 33873 33883 33893
33813 33823 33833 33843 33853 33863 33873 33883 33893
33813 33823 33833 33843 33853 33863 33873 33883 33893
33813 33823 33833 33843 33853 33863 33873 33883 33893
33813 33823 33833 33843 33853 33863 33873 33883 33893
33813 33823 33833 33843 33853 33863 33873 33883 33893
33813 33823 33833 33843 33853 33863 33873 33883 33893
33813 33823 33833 33843 33853 33863 33873 33883 33893
33813 33823 33833 33843 33853 33863 33873 33883 33893
33813 33823 33833 33843 33853 33863 33873 33883 33893
33813 33823 33833 33843 33853 33863 33873 33883 33893
33813 33823 33833 33843 33853 33863 33873 33883 33893
33813 33823 33833 33843 33853 33863 33873 33883 33893
33813 33823 33833 33843 33853 33863 33873 33883 33893
33813 33823 33833 33843 33853 33863 33873 33883 33893
33813 33823 33833 33843 33853 33863 33873 33883 33893
33813 33823 33833 33843 33853 33863 33873 33883 33893
33813 33823 33833 33843 33853 33863 33873 33883 33893
33813 33823 33833 33843 33853 33863 33873 33883 33893
33813 33823 33833 33843 33853 33863 33873 33883 33893
33813 33823 33833 33843 33853 33863 33873 33883 33893
33813 33823 33833 33843 33853 33863 33873 33883 33893
33813 33823 33833 33843 33853 33863 33873 33883 33893
33813 33823 33833 33843 33853 33863 33873 33883 33893
33813 33823 33833 33843 33853 33863 33873 33883 33893
33813 33823 33833 33843 33853 33863 33873 33883 33893
33813 33823 33833 33843 33853 33863 33873 33883 33893
33813 33823 33833 33843 33853 33863 33873 33883 33893
33813 33823 33833 33843 33853 33863 33873 33883 33893
33813 33823 33833 33843 33853 33863 33873 33883 33893
33813 33823 33833 33843 33853 33863 33873 33883 33893
33813 33823 33833 33843 33853 33863 33873 33883 33893
33813 33823 33833 33843 33853 33863 33873 33883 33893
33813 33823 33833 33843 33853 33863 33873 33883 33893
33813 33823 33833 33843 33853 33863 33873 33883 33893
33813 33823 33833 33843 33853 33863 33873 33883 33893
33813 33823 33833 33843 33853 33863 33873 33883 33893
33813 33823 33833 33843 33853 33863 33873 33883 33893
33813 33823 33833 33843 33853 33863 33873 33883 33893
33813 33823 33833 33843 33853 33863 33873 33883 33893
33813 33823 33833 33843 33853 33863 33873 33883 33893
33813 33823 33833 33843 33853 33863 33873 33883 33893
33813 33823 33833 33843 33853 33863 33873 33883 33893
33813 33823 33833 33843 33853 33863 33873 33883 33893
33813 33823 33833 33843 33853 33863 33873 33883 33893
33813 33823 33833 33843 33853 33863 33873 33883 33893
33813 33823 33833 33843 33853 33863 33873 33883 33893
33813 33823 33833 33843 33853 33863 33873 33883 33893
33813 33823 33833 33843 33853 33863 33873 33883 33893
33813 33823 33833 33843 33853 33863 33873 33883 33893
33813 33823 33833 33843 33853 33863 33873 33883 33893
33813 33823 33833 33843 33853 33863 33873 33883 33893
33813 33823 33833 33843 33853 33863 33873 33883 33893
