4294967295 4294967295 4294967295 4294967295 4294967295
179 4294967295 181 4294967295 4294967295
182 4294967295 183 4294967295 4294967295
40 4294967295 42 4294967295 4294967295
40 4294967295 212 4294967295 4294967295
40 4294967295 213 4294967295 4294967295
15 4294967295 17 4294967295 4294967295
15 4294967295 202 4294967295 4294967295
184 4294967295 186 4294967295 4294967295
184 4294967295 187 4294967295 4294967295
10 4294967295 12 4294967295 4294967295
10 4294967295 200 4294967295 4294967295
10 4294967295 199 4294967295 4294967295
20 4294967295 22 4294967295 4294967295
20 4294967295 203 4294967295 4294967295
20 4294967295 204 4294967295 4294967295
209 4294967295 37 4294967295 4294967295
209 4294967295 210 4294967295 4294967295
209 4294967295 211 4294967295 4294967295
30 4294967295 32 4294967295 4294967295
30 4294967295 208 4294967295 4294967295
30 4294967295 207 4294967295 4294967295
25 4294967295 27 4294967295 4294967295
25 4294967295 206 4294967295 4294967295
25 4294967295 205 4294967295 4294967295
188 4294967295 190 4294967295 4294967295
188 4294967295 191 4294967295 4294967295
192 4294967295 194 4294967295 4294967295
192 4294967295 195 4294967295 4294967295
4294967295 4294967295 216 4294967295 4294967295
4294967295 4294967295 217 4294967295 4294967295
4294967295 4294967295 142 4294967295 4294967295
218 4294967295 220 4294967295 4294967295
218 4294967295 219 4294967295 4294967295
4294967295 4294967295 122 4294967295 4294967295
4294967295 4294967295 62 4294967295 4294967295
4294967295 4294967295 214 4294967295 4294967295
4294967295 4294967295 226 4294967295 4294967295
4294967295 4294967295 225 4294967295 4294967295
4294967295 4294967295 147 4294967295 4294967295
4294967295 4294967295 132 4294967295 4294967295
