0 0 0
1 0 1
2 0 2
3 0 3
4 0 4
5 0 5
6 0 6
7 0 7
8 0 8
9 0 9
10 0 10
11 0 11
0 0 0
12 0 12
13 1 13
14 1 14
15 1 15
16 1 16
17 1 17
18 1 18
19 1 19
20 1 20
21 1 21
13 1 13
22 1 22
23 1 23
24 1 24
25 1 25
26 1 26
27 1 27
0 0 0
1 1 1
2 2 2
3 3 3
4 4 4
5 5 5
6 0 6
7 6 7
8 7 8
9 8 9
10 9 10
11 10 11
12 11 12
13 12 13
14 13 14
15 14 15
16 15 16
17 6 17
18 6 18
19 6 19
20 6 20
21 6 21
22 6 22
23 16 23
24 6 24
25 6 25
26 17 26
27 6 27
28 6 28
29 6 29
27 6 27
28 6 28
29 6 29
30 6 30
31 6 31
32 6 32
33 6 33
34 18 34
35 19 35
36 20 36
7 6 7
7 6 7
38 19 35
39 21 37
40 22 38
7 6 7
7 6 7
7 6 7
41 23 39
42 24 40
43 25 41
44 26 42
45 27 43
46 28 44
47 29 45
48 30 46
49 31 47
50 32 48
51 33 49
51 33 49
59 6 57
52 34 50
53 35 51
54 36 52
55 37 53
56 38 54
57 39 55
58 40 56
