38791
38791
38791
38791
38791
38791
38791
38791
38791
38791
38791
38791
38791
38791
38791
38791
38791
38791
38791
38791
38791
38791
38791
38791
38791
38791
38791
38791
38791
38791
17082 17092 17102 17112 17122 17132 17142 17152
17082 17092 17102 17112 17122 17132 17142 17152
17082 17092 17102 17112 17122 17132 17142 17152
17082 17092 17102 17112 17122 17132 17142 17152
17082 17092 17102 17112 17122 17132 17142 17152
17082 17092 17102 17112 17122 17132 17142 17152
17082 17092 17102 17112 17122 17132 17142 17152
17082 17092 17102 17112 17122 17132 17142 17152
17082 17092 17102 17112 17122 17132 17142 17152
17082 17092 17102 17112 17122 17132 17142 17152
17082 17092 17102 17112 17122 17132 17142 17152
17082 17092 17102 17112 17122 17132 17142 17152
17082 17092 17102 17112 17122 17132 17142 17152
17082 17092 17102 17112 17122 17132 17142 17152
17082 17092 17102 17112 17122 17132 17142 17152
17082 17092 17102 17112 17122 17132 17142 17152
17082 17092 17102 17112 17122 17132 17142 17152
17082 17092 17102 17112 17122 17132 17142 17152
17082 17092 17102 17112 17122 17132 17142 17152
17082 17092 17102 17112 17122 17132 17142 17152
17082 17092 17102 17112 17122 17132 17142 17152
17082 17092 17102 17112 17122 17132 17142 17152
17082 17092 17102 17112 17122 17132 17142 17152
17082 17092 17102 17112 17122 17132 17142 17152
17082 17092 17102 17112 17122 17132 17142 17152
17082 17092 17102 17112 17122 17132 17142 17152
17082 17092 17102 17112 17122 17132 17142 17152
17082 17092 17102 17112 17122 17132 17142 17152
17082 17092 17102 17112 17122 17132 17142 17152
17082 17092 17102 17112 17122 17132 17142 17152
17082 17092 17102 17112 17122 17132 17142 17152
17082 17092 17102 17112 17122 17132 17142 17152
17082 17092 17102 17112 17122 17132 17142 17152
17082 17092 17102 17112 17122 17132 17142 17152
17082 17092 17102 17112 17122 17132 17142 17152
17082 17092 17102 17112 17122 17132 17142 17152
17082 17092 17102 17112 17122 17132 17142 17152
17082 17092 17102 17112 17122 17132 17142 17152
17082 17092 17102 17112 17122 17132 17142 17152
17082 17092 17102 17112 17122 17132 17142 17152
17082 17092 17102 17112 17122 17132 17142 17152
17082 17092 17102 17112 17122 17132 17142 17152
17082 17092 17102 17112 17122 17132 17142 17152
17082 17092 17102 17112 17122 17132 17142 17152
17082 17092 17102 17112 17122 17132 17142 17152
17082 17092 17102 17112 17122 17132 17142 17152
17082 17092 17102 17112 17122 17132 17142 17152
17082 17092 17102 17112 17122 17132 17142 17152
17082 17092 17102 17112 17122 17132 17142 17152
17082 17092 17102 17112 17122 17132 17142 17152
17082 17092 17102 17112 17122 17132 17142 17152
17082 17092 17102 17112 17122 17132 17142 17152
17082 17092 17102 17112 17122 17132 17142 17152
17082 17092 17102 17112 17122 17132 17142 17152
17082 17092 17102 17112 17122 17132 17142 17152
17082 17092 17102 17112 17122 17132 17142 17152
17082 17092 17102 17112 17122 17132 17142 17152
17082 17092 17102 17112 17122 17132 17142 17152
17082 17092 17102 17112 17122 17132 17142 17152
17082 17092 17102 17112 17122 17132 17142 17152
17082 17092 17102 17112 17122 17132 17142 17152
17082 17092 17102 17112 17122 17132 17142 17152
17082 17092 17102 17112 17122 17132 17142 17152
17082 17092 17102 17112 17122 17132 17142 17152
17082 17092 17102 17112 17122 17132 17142 17152
17082 17092 17102 17112 17122 17132 17142 17152
17082 17092 17102 17112 17122 17132 17142 17152
17082 17092 17102 17112 17122 17132 17142 17152
