84641
84641
84641
84641
84641
84641
84641
84641
84641
84641
84641
84641
84641
84641
84641
84641
84641
84641
84641
84641
84641
84641
84641
84641
84641
84641
84641
84641
84641
84641
10122 10172 10182 10192 10202 10212 10222
10122 10172 10182 10192 10202 10212 10222
10122 10172 10182 10192 10202 10212 10222
10122 10172 10182 10192 10202 10212 10222
10122 10172 10182 10192 10202 10212 10222
10122 10172 10182 10192 10202 10212 10222
10122 10172 10182 10192 10202 10212 10222
10122 10172 10182 10192 10202 10212 10222
10122 10172 10182 10192 10202 10212 10222
10122 10172 10182 10192 10202 10212 10222
10122 10172 10182 10192 10202 10212 10222
10122 10172 10182 10192 10202 10212 10222
10122 10172 10182 10192 10202 10212 10222
10122 10172 10182 10192 10202 10212 10222
10122 10172 10182 10192 10202 10212 10222
10122 10172 10182 10192 10202 10212 10222
10122 10172 10182 10192 33282 10212 10222
10122 10172 10182 10192 33282 10212 10222
10122 10172 10182 10192 10202 10212 10222
10122 10172 10182 10192 10202 10212 10222
10122 10172 10182 10192 10202 10212 10222
10122 10172 10182 10192 10202 10212 10222
10122 10172 10182 10192 10202 10212 10222
10122 10172 10182 10192 10202 10212 10222
10122 10172 10182 10192 10202 10212 10222
10122 10172 10182 10192 10202 10212 10222
10122 10172 10182 10192 10202 10212 10222
10122 10172 10182 10192 10202 10212 10222
10122 10172 10182 10192 10202 10212 10222
10122 10172 10182 10192 10202 10212 10222
10122 10172 10182 10192 10202 10212 10222
10122 10172 10182 10192 10202 10212 10222
10122 10172 10182 10192 10202 10212 10222
10122 10172 10182 10192 10202 10212 10222
10122 10172 10182 10192 10202 10212 10222
10122 10172 10182 10192 10202 10212 10222
10122 10172 10182 10192 10202 10212 10222
10122 10172 10182 10192 10202 10212 10222
10122 10172 10182 10192 10202 10212 10222
10122 10172 10182 10192 10202 10212 10222
10122 10172 10182 10192 10202 10212 10222
10122 10172 10182 10192 10202 10212 10222
10122 10172 10182 10192 10202 10212 10222
10122 10172 10182 10192 10202 10212 10222
10122 10172 10182 10192 10202 10212 10222
10132 10132 10132 10132 10132 10132 10132
10142 10142 10142 10142 10142 10142 10142
10122 10172 10182 10192 10202 10212 10222
10152 10152 10152 10152 33282 10152 10152
10152 10152 10152 10152 10152 10152 10152
10122 10172 10182 10192 10202 10212 10222
10122 10172 10182 10192 10202 10212 10222
10122 10172 10182 10192 10202 10212 10222
10122 10172 10182 10192 10202 10212 10222
10122 10172 10182 10192 10202 10212 10222
10162 10162 10162 10162 10162 10162 10162
10162 10162 10162 10162 10162 10162 10162
10162 10162 10162 10162 10162 10162 10162
10122 10172 10182 10192 10202 10212 10222
10122 10172 10182 10192 10202 10212 10222
10122 10172 10182 10192 10202 10212 10222
10122 10172 10182 10192 10202 10212 10222
10122 10172 10182 10192 10202 10212 10222
10122 10172 10182 10192 10202 10212 10222
10122 10172 10182 10192 10202 10212 10222
10122 10172 10182 10192 10202 10212 10222
10122 10172 10182 10192 10202 10212 10222
11333 11383 11393 11403 11413 11423 11433
11333 11383 11393 11403 11413 11423 11433
11333 11383 11393 11403 11413 11423 11433
11333 11383 11393 11403 11413 11423 11433
11333 11383 11393 11403 11413 11423 11433
11333 11383 11393 11403 11413 11423 11433
11333 11383 11393 11403 11413 11423 11433
11333 11383 11393 11403 11413 11423 11433
11333 11383 11393 11403 11413 11423 11433
11333 11383 11393 11403 11413 11423 11433
11333 11383 11393 11403 11413 11423 11433
11333 11383 11393 11403 11413 11423 11433
11333 11383 11393 11403 11413 11423 11433
11333 11383 11393 11403 11413 11423 11433
11333 11383 11393 11403 11413 11423 11433
11333 11383 11393 11403 11413 11423 11433
11333 11383 11393 11403 33393 11423 11433
11333 11383 11393 11403 33393 11423 11433
11333 11383 11393 11403 11413 11423 11433
11333 11383 11393 11403 11413 11423 11433
11333 11383 11393 11403 11413 11423 11433
11333 11383 11393 11403 11413 11423 11433
11333 11383 11393 11403 11413 11423 11433
11333 11383 11393 11403 11413 11423 11433
11333 11383 11393 11403 11413 11423 11433
11333 11383 11393 11403 11413 11423 11433
11333 11383 11393 11403 11413 11423 11433
11333 11383 11393 11403 11413 11423 11433
11333 11383 11393 11403 11413 11423 11433
11333 11383 11393 11403 11413 11423 11433
11333 11383 11393 11403 11413 11423 11433
11333 11383 11393 11403 11413 11423 11433
11333 11383 11393 11403 11413 11423 11433
11333 11383 11393 11403 11413 11423 11433
11333 11383 11393 11403 11413 11423 11433
11333 11383 11393 11403 11413 11423 11433
11333 11383 11393 11403 11413 11423 11433
11333 11383 11393 11403 11413 11423 11433
11333 11383 11393 11403 11413 11423 11433
11333 11383 11393 11403 11413 11423 11433
11333 11383 11393 11403 11413 11423 11433
11333 11383 11393 11403 11413 11423 11433
11333 11383 11393 11403 11413 11423 11433
11333 11383 11393 11403 11413 11423 11433
11333 11383 11393 11403 11413 11423 11433
11343 11343 11343 11343 11343 11343 11343
11353 11353 11353 11353 11353 11353 11353
11333 11383 11393 11403 11413 11423 11433
11363 11363 11363 11363 33393 11363 11363
11363 11363 11363 11363 11363 11363 11363
11333 11383 11393 11403 11413 11423 11433
11333 11383 11393 11403 11413 11423 11433
11333 11383 11393 11403 11413 11423 11433
11333 11383 11393 11403 11413 11423 11433
11333 11383 11393 11403 11413 11423 11433
11373 11373 11373 11373 11373 11373 11373
11373 11373 11373 11373 11373 11373 11373
11373 11373 11373 11373 11373 11373 11373
11333 11383 11393 11403 11413 11423 11433
11333 11383 11393 11403 11413 11423 11433
11333 11383 11393 11403 11413 11423 11433
11333 11383 11393 11403 11413 11423 11433
11333 11383 11393 11403 11413 11423 11433
11333 11383 11393 11403 11413 11423 11433
11333 11383 11393 11403 11413 11423 11433
11333 11383 11393 11403 11413 11423 11433
11333 11383 11393 11403 11413 11423 11433
25074 25084 25094 25104 25114 25124 25134
25074 25084 25094 25104 25114 25124 25134
25074 25084 25094 25104 25114 25124 25134
25074 25084 25094 25104 25114 25124 25134
25074 25084 25094 25104 25114 25124 25134
25074 25084 25094 25104 25114 25124 25134
25074 25084 25094 25104 25114 25124 25134
25074 25084 25094 25104 25114 25124 25134
25074 25084 25094 25104 25114 25124 25134
25074 25084 25094 25104 25114 25124 25134
25074 25084 25094 25104 25114 25124 25134
25074 25084 25094 25104 25114 25124 25134
25074 25084 25094 25104 25114 25124 25134
25074 25084 25094 25104 25114 25124 25134
25074 25084 25094 25104 25114 25124 25134
34414 34414 34414 34414 34414 34414 34414
34414 34414 34414 34414 34414 34414 34414
34414 34414 34414 34414 34414 34414 34414
25074 25084 25094 25104 25114 25124 25134
25074 25084 25094 25104 25114 25124 25134
25074 25084 25094 25104 25114 25124 25134
25074 25084 25094 25104 25114 25124 25134
25074 25084 25094 25104 25114 25124 25134
25074 25084 25094 25104 25114 25124 25134
25074 25084 25094 25104 25114 25124 25134
25074 25084 25094 25104 25114 25124 25134
25074 25084 25094 25104 25114 25124 25134
25074 25084 25094 25104 25114 25124 25134
25074 25084 25094 25104 25114 25124 25134
25074 25084 25094 25104 25114 25124 25134
25074 25084 25094 25104 25114 25124 25134
25074 25084 25094 25104 25114 25124 25134
25074 25084 25094 25104 25114 25124 25134
25074 25084 25094 25104 25114 25124 25134
25074 25084 25094 25104 25114 25124 25134
25074 25084 25094 25104 25114 25124 25134
25074 25084 25094 25104 25114 25124 25134
25074 25084 25094 25104 25114 25124 25134
25074 25084 25094 25104 25114 25124 25134
25074 25084 25094 25104 25114 25124 25134
25074 25084 25094 25104 25114 25124 25134
25074 25084 25094 25104 25114 25124 25134
25074 25084 25094 25104 25114 25124 25134
25074 25084 25094 25104 25114 25124 25134
25074 25084 25094 25104 25114 25124 25134
25074 25084 25094 25104 25114 25124 25134
25074 25084 25094 25104 25114 25124 25134
25144 25144 25144 25144 25144 25144 25144 25144
25154 25154 25154 25154 25154 25154 25154 25154
25074 25084 25094 25104 25114 25124 25134
25074 25084 25094 25104 25114 25124 25134
25074 25084 25094 25104 25114 25124 25134
25074 25084 25094 25104 25114 25124 25134
25164 25164 25164 25164 25164 25164 25164 25164
25174 25174 25174 25174 25174 25174 25174 25174
25174 25174 25174 25174 25174 25174 25174 25174
25174 25174 25174 25174 25174 25174 25174 25174
25184 25184 25184 25184 25184 25184 25184 25184
25184 25184 25184 25184 25184 25184 25184 25184
25184 25184 25184 25184 25184 25184 25184 25184
25194 25084 25194 25104 25194 25124 25134
25204 25204 25204 25204 25204 25204 25204 25204
25204 25204 25204 25204 25204 25204 25204 25204
25204 25204 25204 25204 25204 25204 25204 25204
25214 25214 25214 25214 25214 25214 25214 25214
25214 25214 25214 25214 25214 25214 25214 25214
25214 25214 25214 25214 25214 25214 25214 25214
25224 25084 25094 25224 25114 25124 25134
25074 25084 25094 25104 25114 25124 25134
25234 25234 25094 25104 25234 25124 25134
25074 25084 25094 25104 25114 25124 25134
25244 25244 25094 25104 25244 25124 25134
25074 25084 25094 25104 25114 25124 25134
25074 25084 25094 25104 25114 25124 25134
25074 25084 25094 25104 25114 25124 25134
25254 25084 25094 25254 25114 25124 25134
25074 25084 25094 25104 25114 25124 25134
25074 25084 25094 25104 25114 25124 25134
25264 25264 25094 25104 25264 25124 25134
25074 25084 25094 25104 25114 25124 25134
25074 25084 25094 25104 25114 25124 25134
25074 25084 25094 25104 25114 25124 25134
25074 25084 25094 25104 25114 25124 25134
26075 26085 26095 26105 26115 26125 26135
26075 26085 26095 26105 26115 26125 26135
26075 26085 26095 26105 26115 26125 26135
26075 26085 26095 26105 26115 26125 26135
26075 26085 26095 26105 26115 26125 26135
26075 26085 26095 26105 26115 26125 26135
26075 26085 26095 26105 26115 26125 26135
26075 26085 26095 26105 26115 26125 26135
26075 26085 26095 26105 26115 26125 26135
26075 26085 26095 26105 26115 26125 26135
26075 26085 26095 26105 26115 26125 26135
26075 26085 26095 26105 26115 26125 26135
26075 26085 26095 26105 26115 26125 26135
26075 26085 26095 26105 26115 26125 26135
26075 26085 26095 26105 26115 26125 26135
34465 34465 34465 34465 34465 34465 34465
34465 34465 34465 34465 34465 34465 34465
34465 34465 34465 34465 34465 34465 34465
26075 26085 26095 26105 26115 26125 26135
26075 26085 26095 26105 26115 26125 26135
26075 26085 26095 26105 26115 26125 26135
26075 26085 26095 26105 26115 26125 26135
26075 26085 26095 26105 26115 26125 26135
26075 26085 26095 26105 26115 26125 26135
26075 26085 26095 26105 26115 26125 26135
26075 26085 26095 26105 26115 26125 26135
26075 26085 26095 26105 26115 26125 26135
26075 26085 26095 26105 26115 26125 26135
26075 26085 26095 26105 26115 26125 26135
26075 26085 26095 26105 26115 26125 26135
26075 26085 26095 26105 26115 26125 26135
26075 26085 26095 26105 26115 26125 26135
26075 26085 26095 26105 26115 26125 26135
26075 26085 26095 26105 26115 26125 26135
26075 26085 26095 26105 26115 26125 26135
26075 26085 26095 26105 26115 26125 26135
26075 26085 26095 26105 26115 26125 26135
26075 26085 26095 26105 26115 26125 26135
26075 26085 26095 26105 26115 26125 26135
26075 26085 26095 26105 26115 26125 26135
26075 26085 26095 26105 26115 26125 26135
26075 26085 26095 26105 26115 26125 26135
26075 26085 26095 26105 26115 26125 26135
26075 26085 26095 26105 26115 26125 26135
26075 26085 26095 26105 26115 26125 26135
26075 26085 26095 26105 26115 26125 26135
26075 26085 26095 26105 26115 26125 26135
26145 26145 26145 26145 26145 26145 26145 26145
26155 26155 26155 26155 26155 26155 26155 26155
26075 26085 26095 26105 26115 26125 26135
26075 26085 26095 26105 26115 26125 26135
26075 26085 26095 26105 26115 26125 26135
26075 26085 26095 26105 26115 26125 26135
26165 26165 26165 26165 26165 26165 26165 26165
26175 26175 26175 26175 26175 26175 26175 26175
26175 26175 26175 26175 26175 26175 26175 26175
26175 26175 26175 26175 26175 26175 26175 26175
26185 26185 26185 26185 26185 26185 26185 26185
26185 26185 26185 26185 26185 26185 26185 26185
26185 26185 26185 26185 26185 26185 26185 26185
26195 26085 26195 26105 26195 26125 26135
26205 26205 26205 26205 26205 26205 26205 26205
26205 26205 26205 26205 26205 26205 26205 26205
26205 26205 26205 26205 26205 26205 26205 26205
26215 26215 26215 26215 26215 26215 26215 26215
26215 26215 26215 26215 26215 26215 26215 26215
26215 26215 26215 26215 26215 26215 26215 26215
26225 26085 26095 26225 26115 26125 26135
26075 26085 26095 26105 26115 26125 26135
26235 26235 26095 26105 26235 26125 26135
26075 26085 26095 26105 26115 26125 26135
26245 26245 26095 26105 26245 26125 26135
26075 26085 26095 26105 26115 26125 26135
26075 26085 26095 26105 26115 26125 26135
26075 26085 26095 26105 26115 26125 26135
26255 26085 26095 26255 26115 26125 26135
26075 26085 26095 26105 26115 26125 26135
26075 26085 26095 26105 26115 26125 26135
26265 26265 26095 26105 26265 26125 26135
26075 26085 26095 26105 26115 26125 26135
26075 26085 26095 26105 26115 26125 26135
26075 26085 26095 26105 26115 26125 26135
26075 26085 26095 26105 26115 26125 26135
