38801
38801
38801
38801
38801
38801
38801
38801
38801
38801
38801
38801
38801
38801
38801
38801
38801
38801
38801
38801
38801
38801
38801
38801
38801
38801
38801
38801
38801
38801
3112 12672 12682 12692 12702 12712 12722
3112 12672 12682 12692 12702 12712 12722
3112 12672 12682 12692 12702 12712 12722
3112 12672 12682 12692 12702 12712 12722
3112 12672 12682 12692 12702 12712 12722
3112 12672 12682 12692 12702 12712 12722
3112 12672 12682 12692 12702 12712 12722
3112 12672 12682 12692 12702 12712 12722
3112 12672 12682 12692 12702 12712 12722
3112 12672 12682 12692 12702 12712 12722
3112 12672 12682 12692 12702 12712 12722
3112 12672 12682 12692 12702 12712 12722
3112 12672 12682 12692 12702 12712 12722
3112 12672 12682 12692 12702 12712 12722
3112 12672 12682 12692 12702 12712 12722
3112 12672 12682 12692 12702 12712 12722
3112 12672 12682 12692 12702 12712 12722
3112 12672 12682 12692 12702 12712 12722
3112 12672 12682 12692 12702 12712 12722
3112 12672 12682 12692 12702 12712 12722
3112 12672 12682 12692 12702 12712 12722
3112 12672 12682 12692 12702 12712 12722
3112 12672 12682 12692 12702 12712 12722
3112 12672 12682 12692 12702 12712 12722
3112 12672 12682 12692 12702 12712 12722
3112 12672 12682 12692 12702 12712 12722
3112 12672 12682 12692 12702 12712 12722
3112 12672 12682 12692 12702 12712 12722
3112 12672 12682 12692 12702 12712 12722
3112 12672 12682 12692 12702 12712 12722
3112 12672 12682 12692 12702 12712 12722
3112 12672 12682 12692 12702 12712 12722
3112 12672 12682 12692 12702 12712 12722
3112 12672 12682 12692 12702 12712 12722
3112 12672 12682 12692 12702 12712 12722
3112 12672 12682 12692 12702 12712 12722
3112 12672 12682 12692 12702 12712 12722
3112 12672 12682 12692 12702 12712 12722
3112 12672 12682 12692 12702 12712 12722
3112 12672 12682 12692 12702 12712 12722
3112 12672 12682 12692 12702 12712 12722
3112 12672 12682 12692 12702 12712 12722
3112 12672 12682 12692 12702 12712 12722
3112 12672 12682 12692 12702 12712 12722
3112 12672 12682 12692 12702 12712 12722
3112 12672 12682 12692 12702 12712 12722
3112 12672 12682 12692 12702 12712 12722
3112 12672 12682 12692 12702 12712 12722
3112 12672 12682 12692 12702 12712 12722
3112 12672 12682 12692 12702 12712 12722
3112 12672 12682 12692 12702 12712 12722
3112 12672 12682 12692 12702 12712 12722
3112 12672 12682 12692 12702 12712 12722
3112 12672 12682 12692 12702 12712 12722
3112 12672 12682 12692 12702 12712 12722
3112 12672 12682 12692 12702 12712 12722
3112 12672 12682 12692 12702 12712 12722
3112 12672 12682 12692 12702 12712 12722
3112 12672 12682 12692 12702 12712 12722
3112 12672 12682 12692 12702 12712 12722
3112 12672 12682 12692 12702 12712 12722
3112 12672 12682 12692 12702 12712 12722
3112 12672 12682 12692 12702 12712 12722
3112 12672 12682 12692 12702 12712 12722
3112 12672 12682 12692 12702 12712 12722
3112 12672 12682 12692 12702 12712 12722
3112 12672 12682 12692 12702 12712 12722
3223 13333 13343 13353 13363 13373 13383
3223 13333 13343 13353 13363 13373 13383
3223 13333 13343 13353 13363 13373 13383
3223 13333 13343 13353 13363 13373 13383
3223 13333 13343 13353 13363 13373 13383
3223 13333 13343 13353 13363 13373 13383
3223 13333 13343 13353 13363 13373 13383
3223 13333 13343 13353 13363 13373 13383
3223 13333 13343 13353 13363 13373 13383
3223 13333 13343 13353 13363 13373 13383
3223 13333 13343 13353 13363 13373 13383
3223 13333 13343 13353 13363 13373 13383
3223 13333 13343 13353 13363 13373 13383
3223 13333 13343 13353 13363 13373 13383
3223 13333 13343 13353 13363 13373 13383
3223 13333 13343 13353 13363 13373 13383
3223 13333 13343 13353 13363 13373 13383
3223 13333 13343 13353 13363 13373 13383
3223 13333 13343 13353 13363 13373 13383
3223 13333 13343 13353 13363 13373 13383
3223 13333 13343 13353 13363 13373 13383
3223 13333 13343 13353 13363 13373 13383
3223 13333 13343 13353 13363 13373 13383
3223 13333 13343 13353 13363 13373 13383
3223 13333 13343 13353 13363 13373 13383
3223 13333 13343 13353 13363 13373 13383
3223 13333 13343 13353 13363 13373 13383
3223 13333 13343 13353 13363 13373 13383
3223 13333 13343 13353 13363 13373 13383
3223 13333 13343 13353 13363 13373 13383
3223 13333 13343 13353 13363 13373 13383
3223 13333 13343 13353 13363 13373 13383
3223 13333 13343 13353 13363 13373 13383
3223 13333 13343 13353 13363 13373 13383
3223 13333 13343 13353 13363 13373 13383
3223 13333 13343 13353 13363 13373 13383
3223 13333 13343 13353 13363 13373 13383
3223 13333 13343 13353 13363 13373 13383
3223 13333 13343 13353 13363 13373 13383
3223 13333 13343 13353 13363 13373 13383
3223 13333 13343 13353 13363 13373 13383
3223 13333 13343 13353 13363 13373 13383
3223 13333 13343 13353 13363 13373 13383
3223 13333 13343 13353 13363 13373 13383
3223 13333 13343 13353 13363 13373 13383
3223 13333 13343 13353 13363 13373 13383
3223 13333 13343 13353 13363 13373 13383
3223 13333 13343 13353 13363 13373 13383
3223 13333 13343 13353 13363 13373 13383
3223 13333 13343 13353 13363 13373 13383
3223 13333 13343 13353 13363 13373 13383
3223 13333 13343 13353 13363 13373 13383
3223 13333 13343 13353 13363 13373 13383
3223 13333 13343 13353 13363 13373 13383
3223 13333 13343 13353 13363 13373 13383
3223 13333 13343 13353 13363 13373 13383
3223 13333 13343 13353 13363 13373 13383
3223 13333 13343 13353 13363 13373 13383
3223 13333 13343 13353 13363 13373 13383
3223 13333 13343 13353 13363 13373 13383
3223 13333 13343 13353 13363 13373 13383
3223 13333 13343 13353 13363 13373 13383
3223 13333 13343 13353 13363 13373 13383
3223 13333 13343 13353 13363 13373 13383
3223 13333 13343 13353 13363 13373 13383
3223 13333 13343 13353 13363 13373 13383
3223 13333 13343 13353 13363 13373 13383
10374 10384 10394 10404 10414 10424 10434 10444 10454
10374 10384 10394 10404 10414 10424 10434 10444 10454
10374 10384 10394 10404 10414 10424 10434 10444 10454
10374 10384 10394 10404 10414 10424 10434 10444 10454
10374 10384 10394 10404 10414 10424 10434 10444 10454
10374 10384 10394 10404 10414 10424 10434 10444 10454
10374 10384 10394 10404 10414 10424 10434 10444 10454
10374 10384 10394 10404 10414 10424 10434 10444 10454
10374 10384 10394 10404 10414 10424 10434 10444 10454
10374 10384 10394 10404 10414 10424 10434 10444 10454
10374 10384 10394 10404 10414 10424 10434 10444 10454
10374 10384 10394 10404 10414 10424 10434 10444 10454
10374 10384 10394 10404 10414 10424 10434 10444 10454
10374 10384 10394 10404 10414 10424 10434 10444 10454
10374 10384 10394 10404 10414 10424 10434 10444 10454
10374 10384 10394 10404 10414 10424 10434 10444 10454
10374 10384 10394 10404 10414 10424 10434 10444 10454
10374 10384 10394 10404 10414 10424 10434 10444 10454
10374 10384 10394 10404 10414 10424 10434 10444 10454
10374 10384 10394 10404 10414 10424 10434 10444 10454
10374 10384 10394 10404 10414 10424 10434 10444 10454
10374 10384 10394 10404 10414 10424 10434 10444 10454
10374 10384 10394 10404 10414 10424 10434 10444 10454
10374 10384 10394 10404 10414 10424 10434 10444 10454
10374 10384 10394 10404 10414 10424 10434 10444 10454
10374 10384 10394 10404 10414 10424 10434 10444 10454
10374 10384 10394 10404 10414 10424 10434 10444 10454
10374 10384 10394 10404 10414 10424 10434 10444 10454
10374 10384 10394 10404 10414 10424 10434 10444 10454
10374 10384 10394 10404 10414 10424 10434 10444 10454
10374 10384 10394 10404 10414 10424 10434 10444 10454
10374 10384 10394 14464 10414 10424 10434 14914 10454
10374 10384 10394 14464 10414 10424 10434 14914 10454
10374 10384 10394 14464 10414 10424 10434 14914 10454
10374 10384 10394 10404 10414 10424 10434 10444 10454
10374 10384 10394 10404 10414 10424 10434 10444 10454
10374 10384 10394 10404 10414 10424 10434 10444 10454
10374 10384 10394 10404 10414 10424 10434 10444 10454
10374 10384 10394 10404 10414 10424 10434 10444 10454
10374 10384 10394 10404 10414 10424 10434 10444 10454
10374 10384 10394 10404 10414 10424 10434 10444 10454
10374 10384 10394 10404 10414 10424 10434 10444 10454
10374 10384 10394 10404 10414 10424 10434 10444 10454
10374 10384 10394 10404 10414 10424 10434 10444 10454
10374 10384 10394 10404 10414 10424 10434 10444 10454
10374 10384 10394 10404 10414 10424 10434 10444 10454
10374 10384 10394 10404 10414 10424 10434 10444 10454
10374 10384 10394 10404 10414 10424 10434 10444 10454
10374 10384 10394 10404 10414 10424 10434 10444 10454
10374 10384 10394 10404 10414 10424 10434 10444 10454
10374 10384 10394 10404 10414 10424 10434 10444 10454
10374 10384 10394 10404 10414 10424 10434 10444 10454
10374 10384 10394 10404 10414 10424 10434 10444 10454
10374 10384 10394 10404 10414 10424 10434 10444 10454
10374 10384 10394 10404 10414 10424 10434 10444 10454
10374 10384 10394 10404 10414 10424 10434 10444 10454
10374 10384 10394 10404 10414 10424 10434 10444 10454
10374 10384 10394 10404 10414 10424 10434 10444 10454
10374 10384 10394 10404 10414 10424 10434 10444 10454
10374 10384 10394 10404 10414 10424 10434 10444 10454
10374 10384 10394 10404 10414 10424 10434 10444 10454
10374 10384 10394 10404 10414 10424 10434 10444 10454
10374 10384 10394 10404 10414 10424 10434 10444 10454
10374 10384 10394 10404 10414 10424 10434 10444 10454
10374 10384 10394 10404 10414 10424 10434 10444 10454
10374 10384 10394 10404 10414 10424 10434 10444 10454
10374 10384 10394 10404 10414 10424 10434 10444 10454
10374 10384 10394 14464 10414 10424 10434 14914 10454
10374 10384 10394 14464 10414 10424 10434 14914 10454
10374 10384 10394 10404 10414 10424 10434 10444 10454
10374 10384 10394 10404 10414 10424 10434 10444 10454
10374 10384 10394 10404 10414 10424 10434 10444 10454
10374 10384 10394 10404 10414 10424 10434 10444 10454
10374 10384 10394 10404 10414 10424 10434 10444 10454
10374 10384 10394 10404 10414 10424 10434 10444 10454
10374 10384 10394 14464 10414 10424 10434 14914 10454
10374 10384 10394 14464 10414 10424 10434 14914 10454
10374 10384 10394 10404 10414 10424 10434 10444 10454
10374 10384 10394 10404 10414 10424 10434 10444 10454
10374 10384 10394 10404 10414 10424 10434 10444 10454
10374 10384 10394 10404 10414 10424 10434 10444 10454
10374 10384 10394 10404 10414 10424 10434 10444 10454
10374 10384 10394 10404 10414 10424 10434 10444 10454
10825 10835 10845 10855 10865 10875 10885 10895 10905 14225
10825 10835 10845 10855 10865 10875 10885 10895 10905 14225
10825 10835 10845 10855 10865 10875 10885 10895 10905 14225
10825 10835 10845 10855 10865 10875 10885 10895 10905 14225
10825 10835 10845 10855 10865 10875 10885 10895 10905 14225
10825 10835 10845 10855 10865 10875 10885 10895 10905 14225
10825 10835 10845 10855 10865 10875 10885 10895 10905 14225
10825 10835 10845 10855 10865 10875 10885 10895 10905 14225
10825 10835 10845 10855 10865 10875 10885 10895 10905 14225
10825 10835 10845 10855 10865 10875 10885 10895 10905 14225
10825 10835 10845 10855 10865 10875 10885 10895 10905 14225
10825 10835 10845 10855 10865 10875 10885 10895 10905 14225
10825 10835 10845 10855 10865 10875 10885 10895 10905 14225
10825 10835 10845 10855 10865 10875 10885 10895 10905 14225
10825 10835 10845 10855 10865 10875 10885 10895 10905 14225
10825 10835 10845 10855 10865 10875 10885 10895 10905 14225
10825 10835 10845 10855 10865 10875 10885 10895 10905 14225
10825 10835 10845 10855 10865 10875 10885 10895 10905 14225
10825 10835 10845 10855 10865 10875 10885 10895 10905 14225
10825 10835 10845 10855 10865 10875 10885 10895 10905 14225
10825 10835 10845 10855 10865 10875 10885 10895 10905 14225
10825 10835 10845 10855 10865 10875 10885 10895 10905 14225
10825 10835 10845 10855 10865 10875 10885 10895 10905 14225
10825 10835 10845 10855 10865 10875 10885 10895 10905 14225
10825 10835 10845 10855 10865 10875 10885 10895 10905 14225
10825 10835 10845 10855 10865 10875 10885 10895 10905 14225
10825 10835 10845 10855 10865 10875 10885 10895 10905 14225
10825 10835 10845 10855 10865 10875 10885 10895 10905 14225
10825 10835 10845 10855 10865 10875 10885 10895 10905 14225
10825 10835 10845 10855 10865 10875 10885 10895 10905 14225
10825 10835 10845 10855 10865 10875 10885 10895 10905 14225
10825 10835 10845 14515 10865 10875 10885 14965 10905 14225
10825 10835 10845 14515 10865 10875 10885 14965 10905 14225
10825 10835 10845 14515 10865 10875 10885 14965 10905 14225
10825 10835 10845 10855 10865 10875 10885 10895 10905 14225
10825 10835 10845 10855 10865 10875 10885 10895 10905 14225
10825 10835 10845 10855 10865 10875 10885 10895 10905 14225
10825 10835 10845 10855 10865 10875 10885 10895 10905 14225
10825 10835 10845 10855 10865 10875 10885 10895 10905 14225
10825 10835 10845 10855 10865 10875 10885 10895 10905 14225
10825 10835 10845 10855 10865 10875 10885 10895 10905 14225
10825 10835 10845 10855 10865 10875 10885 10895 10905 14225
10825 10835 10845 10855 10865 10875 10885 10895 10905 14225
10825 10835 10845 10855 10865 10875 10885 10895 10905 14225
10825 10835 10845 10855 10865 10875 10885 10895 10905 14225
10825 10835 10845 10855 10865 10875 10885 10895 10905 14225
10825 10835 10845 10855 10865 10875 10885 10895 10905 14225
10825 10835 10845 10855 10865 10875 10885 10895 10905 14225
10825 10835 10845 10855 10865 10875 10885 10895 10905 14225
10825 10835 10845 10855 10865 10875 10885 10895 10905 14225
10825 10835 10845 10855 10865 10875 10885 10895 10905 14225
10825 10835 10845 10855 10865 10875 10885 10895 10905 14225
10825 10835 10845 10855 10865 10875 10885 10895 10905 14225
10825 10835 10845 10855 10865 10875 10885 10895 10905 14225
10825 10835 10845 10855 10865 10875 10885 10895 10905 14225
10825 10835 10845 10855 10865 10875 10885 10895 10905 14225
10825 10835 10845 10855 10865 10875 10885 10895 10905 14225
10825 10835 10845 10855 10865 10875 10885 10895 10905 14225
10825 10835 10845 10855 10865 10875 10885 10895 10905 14225
10825 10835 10845 10855 10865 10875 10885 10895 10905 14225
10825 10835 10845 10855 10865 10875 10885 10895 10905 14225
10825 10835 10845 10855 10865 10875 10885 10895 10905 14225
10825 10835 10845 10855 10865 10875 10885 10895 10905 14225
10825 10835 10845 10855 10865 10875 10885 10895 10905 14225
10825 10835 10845 10855 10865 10875 10885 10895 10905 14225
10825 10835 10845 10855 10865 10875 10885 10895 10905 14225
10825 10835 10845 10855 10865 10875 10885 10895 10905 14225
10825 10835 10845 14515 10865 10875 10885 14965 10905 14225
10825 10835 10845 14515 10865 10875 10885 14965 10905 14225
10825 10835 10845 10855 10865 10875 10885 10895 10905 14225
10825 10835 10845 10855 10865 10875 10885 10895 10905 14225
10825 10835 10845 10855 10865 10875 10885 10895 10905 14225
10825 10835 10845 10855 10865 10875 10885 10895 10905 14225
10825 10835 10845 10855 10865 10875 10885 10895 10905 14225
10825 10835 10845 10855 10865 10875 10885 10895 10905 14225
10825 10835 10845 14515 10865 10875 10885 14965 10905 14225
10825 10835 10845 14515 10865 10875 10885 14965 10905 14225
10825 10835 10845 10855 10865 10875 10885 10895 10905 14225
10825 10835 10845 10855 10865 10875 10885 10895 10905 14225
10825 10835 10845 10855 10865 10875 10885 10895 10905 14225
10825 10835 10845 10855 10865 10875 10885 10895 10905 14225
10825 10835 10845 10855 10865 10875 10885 10895 10905 14225
10825 10835 10845 10855 10865 10875 10885 10895 10905 14225
