75 75 75 50 90 90 75 80 80
20 25 25 60 90 90 75 70 70
90 90 95 70 90 90 90 10 90
75 45 75 60 90 90 75 80 80
85 85 85 70 90 90 90 80 80
60 80 60 60 90 90 75 75 75
80 80 80 70 90 90 90 75 75
80 80 80 60 90 90 75 45 45
80 80 80 60 90 90 75 70 70
80 80 80 60 90 90 75 70 70
75 70 80 50 90 90 65 40 10
55 55 55 50 90 90 75 10 10
40 55 20 60 90 90 75 15 15
40 55 20 60 90 90 75 15 15
55 55 55 50 90 90 65 10 5
80 80 80 60 90 90 75 10 10
80 80 80 60 90 90 75 15 15
80 80 80 60 90 90 75 15 15
75 70 80 50 90 90 65 10 5
35 35 35 35 35 35 35 35 35
