0 0 0
1 0 1
2 0 2
3 0 3
4 0 4
5 0 5
6 0 6
7 0 7
8 0 8
9 0 9
10 0 10
11 0 11
0 0 0
12 0 12
13 1 13
14 1 14
15 1 15
16 1 16
17 1 17
18 1 18
19 1 19
20 1 20
21 1 21
13 1 13
22 1 22
23 1 23
24 1 24
25 1 25
26 1 26
27 1 27
0 0 0
1 0 1
2 0 2
3 0 3
4 1 4
5 0 5
6 0 6
7 2 7
8 0 8
9 0 9
10 0 10
11 0 11
12 0 12
13 0 13
14 3 14
15 3 15
16 4 16
17 3 17
18 3 18
19 5 19
20 3 20
21 3 21
22 6 22
23 3 23
24 3 24
25 3 25
26 3 26
27 3 27
28 3 28
29 3 29
30 3 30
31 3 31
32 3 32
33 3 33
34 3 34
35 3 35
36 3 36
37 3 37
38 3 38
39 3 39
37 3 37
38 3 38
39 3 39
40 3 40
41 3 41
42 3 42
43 3 43
44 7 44
45 7 44
46 8 45
47 10 47
46 9 46
47 10 47
46 8 45
47 11 48
46 9 46
47 11 48
48 8 45
49 10 47
48 9 46
49 10 47
48 8 45
49 11 48
48 9 46
49 11 48
53 15 52
54 16 53
55 20 57
56 24 61
53 15 52
54 17 54
55 21 58
56 25 62
53 15 52
54 18 55
55 22 59
56 26 63
53 15 52
54 19 56
55 23 60
56 27 64
58 29 66
59 30 67
60 31 68
61 32 69
62 33 70
63 34 71
64 32 69
65 33 70
66 34 71
67 35 72
68 35 72
76 46 83
77 47 84
78 48 85
79 49 86
80 50 87
81 51 88
82 51 88
