84581
84581
84581
84581
84581
84581
84581
84581
84581
84581
84581
84581
84581
84581
84581
84581
84581
84581
84581
84581
84581
84581
84581
84581
84581
84581
84581
84581
84581
84581
80372 80362 80352 80342 80332 80322 80312 80302 80292 80182
80372 80362 80352 80342 80332 80322 80312 80302 80292 80182
80372 80362 80352 80342 80332 80322 80312 80302 80292 80182
80372 80362 80352 80342 80332 80322 80312 80302 80292 80182
80372 80362 80352 80192 80332 80322 80312 80192 80292 80182
80372 80362 80352 80342 80332 80322 80312 80302 80292 80182
80372 80362 80352 80342 80332 80322 80312 80302 80292 80182
80372 80362 80352 80192 80332 80322 80312 80192 80292 80182
80372 80362 80352 80342 80332 80322 80312 80302 80292 80182
80372 80362 80352 80342 80332 80322 80312 80302 80292 80182
80372 80362 80352 80342 80332 80322 80312 80302 80292 80182
80372 80362 80352 80342 80332 80322 80312 80302 80292 80182
80372 80362 80352 80342 80332 80322 80312 80302 80292 80182
80372 80362 80352 80342 80332 80322 80312 80302 80292 80182
80372 80362 80352 80342 80332 80322 80312 80302 80292 80182
80372 80362 80352 80342 80332 80322 80312 80302 80292 80182
80372 80192 80192 80192 80192 80192 80312 80192 80292 80182
80372 80362 80352 80342 80332 80322 80312 80302 80292 80182
80372 80362 80352 80342 80332 80322 80312 80302 80292 80182
80372 80362 80352 80192 80192 80322 80312 80192 80292 80182
80372 80362 80352 80342 80332 80322 80312 80302 80292 80182
80372 80362 80352 80342 80332 80322 80312 80302 80292 80182
80372 80362 80352 80192 80332 80322 80312 80192 80292 80182
80372 80362 80352 80342 80332 80322 80312 80302 80292 80182
80372 80362 80352 80342 80332 80322 80312 80302 80292 80182
80372 80362 80352 80342 80332 80322 80312 80302 80292 80182
80372 80362 80352 80342 80332 80322 80312 80302 80292 80182
80372 80362 80352 80342 80332 80322 80312 80302 80292 80182
80372 80362 80352 80342 80332 80322 80312 80302 80292 80182
80372 80362 80352 80342 80332 80322 80312 80302 80292 80182
80372 80362 80352 80342 80332 80322 80312 80302 80292 80182
80372 80362 80352 80342 80332 80322 80312 80302 80292 80182
80372 80362 80352 80342 80332 80322 80312 80302 80292 80182
80372 80362 80352 80342 80332 80322 80312 80302 80292 80182
80372 80362 80352 80342 80332 80322 80312 80302 80292 80182
80372 80362 80352 80342 80332 80322 80312 80302 80292 80182
80372 80362 80352 80342 80332 80322 80312 80302 80292 80182
80372 80362 80352 80342 80332 80322 80312 80302 80292 80182
80372 80362 80352 80342 80332 80322 80312 80302 80292 80182
80372 80362 80352 80342 80332 80322 80312 80302 80292 80182
80372 80362 80352 80342 80332 80322 80312 80302 80292 80182
80372 80362 80352 80342 80332 80322 80312 80302 80292 80182
80372 80362 80352 80342 80332 80322 80312 80302 80292 80182
80372 80362 80352 80342 80332 80322 80312 80302 80292 80182
80372 80362 80352 80342 80332 80322 80312 80302 80292 80182
80372 80362 80352 80342 80332 80322 80312 80302 80292 80182
80372 80362 80352 80342 80332 80322 80312 80302 80292 80182
80372 80362 80352 80342 80282 80322 80312 80302 80292 80282
80372 80362 80352 80342 80282 80322 80312 80302 80292 80282
80372 80362 80352 80272 80272 80262 80312 80262 80292 80272
80372 80362 80352 80272 80272 80262 80312 80262 80292 80272
80372 80362 80352 80272 80272 80262 80312 80262 80292 80272
80372 80362 80352 80272 80272 80262 80312 80262 80292 80272
80372 80362 80352 80272 80272 80262 80312 80262 80292 80272
80372 80362 80352 80272 80272 80262 80312 80262 80292 80272
80372 80362 80352 80272 80272 80262 80312 80262 80292 80272
80372 80362 80352 80272 80272 80262 80312 80262 80292 80272
80372 80362 80352 80272 80272 80262 80312 80262 80292 80272
80372 80362 80352 80272 80272 80262 80312 80262 80292 80272
80372 80362 80352 80272 80272 80262 80312 80262 80292 80272
80372 80362 80352 80272 80272 80262 80312 80262 80292 80272
80372 80362 80352 80272 80272 80262 80312 80262 80292 80272
80372 80362 80352 80272 80272 80262 80312 80262 80292 80272
80372 80362 80352 80272 80272 80262 80312 80262 80292 80272
80372 80362 80352 80272 80272 80262 80312 80262 80292 80272
80372 80252 80252 80252 80252 80252 80312 80252 80292 80252
80372 80252 80252 80252 80252 80252 80312 80252 80292 80252
80372 80172 80172 80172 80172 80172 80312 80172 80292 80172
80372 80172 80172 80172 80172 80172 80312 80172 80292 80172
80372 80252 80252 80252 80252 80252 80312 80252 80292 80252
80372 80252 80252 80252 80252 80252 80312 80252 80292 80252
80372 80172 80172 80172 80172 80172 80312 80172 80292 80172
80372 80172 80172 80172 80172 80172 80312 80172 80292 80172
80372 80252 80252 80252 80252 80252 80312 80252 80292 80252
80372 80252 80252 80252 80252 80252 80312 80252 80292 80252
80372 80172 80172 80172 80172 80172 80312 80172 80292 80172
80372 80172 80172 80172 80172 80172 80312 80172 80292 80172
80372 80252 80252 80252 80252 80252 80312 80252 80292 80252
80372 80252 80252 80252 80252 80252 80312 80252 80292 80252
80372 80172 80172 80172 80172 80172 80312 80172 80292 80172
80372 80172 80172 80172 80172 80172 80312 80172 80292 80172
80372 80242 80242 80242 80242 80242 80312 80242 80242 80242
80372 80362 80352 80342 80332 80322 80312 80302 80292 80182
80372 80362 80352 80342 80332 80322 80312 80302 80292 80182
80372 80362 80352 80342 80332 80322 80312 80302 80292 80182
80372 80362 80352 80232 80232 80322 80312 80232 80292 80182
80372 80362 80352 80232 80232 80322 80312 80232 80292 80182
80372 80362 80352 80342 80332 80322 80312 80302 80292 80182
80372 80362 80352 80232 80232 80322 80312 80232 80292 80182
80372 80362 80352 80232 80232 80322 80312 80232 80292 80182
80372 80362 80352 80342 80332 80322 80312 80222 80292 80182
80372 80362 80352 80342 80332 80322 80312 80222 80292 80182
80372 80362 80352 80342 80332 80322 80312 80302 80292 80182
80372 80362 80352 80342 80332 80322 80312 80302 80292 80182
80372 80362 80352 80212 80332 80212 80312 80212 80292 80182
80372 80362 80352 80212 80332 80212 80312 80212 80292 80182
80372 80362 80352 80342 80422 80322 80312 80302 80292 80182
80372 80362 80352 80342 80332 80322 80312 80302 80292 80182
80372 80362 80352 80342 80332 80322 80312 80302 80292 80182
