38741
38741
38741
38741
38741
38741
38741
38741
38741
38741
38741
38741
38741
38741
38741
38741
38741
38741
38741
38741
38741
38741
38741
38741
38741
38741
38741
38741
38741
38741
37242 37252 37262 37272 37282 37292 37302 37312 37322
37242 37252 37262 37272 37282 37292 37302 37312 37322
37242 37252 37262 37272 37282 37292 37302 37312 37322
37242 37252 37262 37272 37282 37292 37302 37312 37322
37242 37252 37262 37272 37282 37292 37302 37312 37322
37242 37252 37262 37272 37282 37292 37302 37312 37322
37242 37252 37262 37272 37282 37292 37302 37312 37322
37242 37252 37262 37272 37282 37292 37302 37312 37322
37242 37252 37262 37272 37282 37292 37302 37312 37322
37242 37252 37262 37272 37282 37292 37302 37312 37322
37242 37252 37262 37272 37282 37292 37302 37312 37322
37242 37252 37262 37272 37282 37292 37302 37312 37322
37242 37252 37262 37272 37282 37292 37302 37312 37322
37242 37252 37262 37272 37282 37292 37302 37312 37322
37242 37252 37262 37272 37282 37292 37302 37312 37322
37242 37252 37262 37272 37282 37292 37302 37312 37322
37242 37252 37262 37272 37282 37292 37302 37312 37322
37242 37252 37262 37272 37282 37292 37302 37312 37322
37242 37252 37262 37272 37282 37292 37302 37312 37322
37242 37252 37262 37272 37282 37292 37302 37312 37322
37242 37252 37262 37272 37282 37292 37302 37312 37322
37242 37252 37262 37272 37282 37292 37302 37312 37322
37242 37252 37262 37272 37282 37292 37302 37312 37322
37242 37252 37262 37272 37282 37292 37302 37312 37322
37242 37252 37262 37272 37282 37292 37302 37312 37322
37242 37252 37262 37272 37282 37292 37302 37312 37322
37242 37252 37262 37272 37282 37292 37302 37312 37322
37242 37252 37262 37272 37282 37292 37302 37312 37322
37242 37252 37262 37272 37282 37292 37302 37312 37322
37242 37252 37262 37272 37282 37292 37302 37312 37322
37242 37252 37262 37272 37282 37292 37302 37312 37322
37242 37252 37262 37272 37282 37292 37302 37312 37322
37242 37252 37262 37272 37282 37292 37302 37312 37322
37242 37252 37262 37272 37282 37292 37302 37312 37322
37242 37252 37262 37272 37282 37292 37302 37312 37322
37242 37252 37262 37272 37282 37292 37302 37312 37322
37242 37252 37262 37272 37282 37292 37302 37312 37322
37242 37252 37262 37272 37282 37292 37302 37312 37322
37242 37252 37262 37272 37282 37292 37302 37312 37322
37242 37252 37262 37272 37282 37292 37302 37312 37322
37242 37252 37262 37272 37282 37292 37302 37312 37322
37242 37252 37262 37272 37282 37292 37302 37312 37322
37242 37252 37262 37272 37282 37292 37302 37312 37322
37242 37252 37262 37272 37282 37292 37302 37312 37322
37242 37252 37262 37272 37282 37292 37302 37312 37322
37242 37252 37262 37272 37282 37292 37302 37312 37322
37242 37252 37262 37272 37282 37292 37302 37312 37322
37242 37252 37262 37272 37282 37292 37302 37312 37322
37242 37252 37262 37272 37282 37292 37302 37312 37322
37242 37252 37262 37272 37282 37292 37302 37312 37322
37242 37252 37262 37272 37282 37292 37302 37312 37322
37242 37252 37262 37272 37282 37292 37302 37312 37322
37242 37252 37262 37272 37282 37292 37302 37312 37322
37242 37252 37262 37272 37282 37292 37302 37312 37322
37242 37252 37262 37272 37282 37292 37302 37312 37322
37242 37252 37262 37272 37282 37292 37302 37312 37322
37242 37252 37262 37272 37282 37292 37302 37312 37322
37242 37252 37262 37272 37282 37292 37302 37312 37322
37242 37252 37262 37272 37282 37292 37302 37312 37322
37242 37252 37262 37272 37282 37292 37302 37312 37322
37242 37252 37262 37272 37282 37292 37302 37312 37322
37242 37252 37262 37272 37282 37292 37302 37312 37322
37242 37252 37262 37272 37282 37292 37302 37312 37322
37242 37252 37262 37272 37282 37292 37302 37312 37322
37242 37252 37262 37272 37282 37292 37302 37312 37322
37242 37252 37262 37272 37282 37292 37302 37312 37322
37242 37252 37262 37272 37282 37292 37302 37312 37322
37242 37252 37262 37272 37282 37292 37302 37312 37322
37242 37252 37262 37272 37282 37292 37302 37312 37322
37242 37252 37262 37272 37282 37292 37302 37312 37322
37242 37252 37262 37272 37282 37292 37302 37312 37322
37242 37252 37262 37272 37282 37292 37302 37312 37322
37242 37252 37262 37272 37282 37292 37302 37312 37322
37242 37252 37262 37272 37282 37292 37302 37312 37322
37242 37252 37262 37272 37282 37292 37302 37312 37322
37242 37252 37262 37272 37282 37292 37302 37312 37322
37242 37252 37262 37272 37282 37292 37302 37312 37322
37242 37252 37262 37272 37282 37292 37302 37312 37322
37242 37252 37262 37272 37282 37292 37302 37312 37322
37242 37252 37262 37272 37282 37292 37302 37312 37322
37242 37252 37262 37272 37282 37292 37302 37312 37322
37242 37252 37262 37272 37282 37292 37302 37312 37322
37242 37252 37262 37272 37282 37292 37302 37312 37322
37242 37252 37262 37272 37282 37292 37302 37312 37322
37242 37252 37262 37272 37282 37292 37302 37312 37322
37242 37252 37262 37272 37282 37292 37302 37312 37322
37242 37252 37262 37272 37282 37292 37302 37312 37322
37242 37252 37262 37272 37282 37292 37302 37312 37322
37242 37252 37262 37272 37282 37292 37302 37312 37322
37242 37252 37262 37272 37282 37292 37302 37312 37322
37242 37252 37262 37272 37282 37292 37302 37312 37322
37242 37252 37262 37272 37282 37292 37302 37312 37322
37242 37252 37262 37272 37282 37292 37302 37312 37322
37242 37252 37262 37272 37282 37292 37302 37312 37322
37242 37252 37262 37272 37282 37292 37302 37312 37322
37242 37252 37262 37272 37282 37292 37302 37312 37322
37242 37252 37262 37272 37282 37292 37302 37312 37322
37242 37252 37262 37272 37282 37292 37302 37312 37322
37242 37252 37262 37272 37282 37292 37302 37312 37322
