38751
38751
38751
38751
38751
38751
38751
38751
38751
38751
38751
38751
38751
38751
38751
38751
38751
38751
38751
38751
38751
38751
38751
38751
38751
38751
38751
38751
38751
38751
3362 3352 3372 3382 3392 3402
3362 3352 3372 3382 3392 3402
3362 3352 3372 3382 3392 3402
3362 3352 3372 3382 3392 3402
3362 3352 3372 3382 3392 3402
3362 3352 3372 3382 3392 3402
3362 3352 3372 3382 3392 3402
3362 3352 3372 3382 3392 3402
3362 3352 3372 3382 3392 3402
3362 3352 3372 3382 3392 3402
3362 3352 3372 3382 3392 3402
3362 3352 3372 3382 3392 3402
3362 3352 3372 3382 3392 3402
3362 3352 3372 3382 3392 3402
3362 3352 3372 3382 3392 3402
3362 3352 3372 3382 3392 3402
3362 3352 3372 3382 3392 3402
3362 3352 3372 3382 3392 3402
3362 3352 3372 3382 3392 3402
3362 3352 3372 3382 3392 3402
3362 3352 3372 3382 3392 3402
3362 3352 3372 3382 3392 3402
3362 3352 3372 3382 3392 3402
3362 3352 3372 3382 3392 3402
3362 3352 3372 3382 3392 3402
3362 3352 3372 3382 3392 3402
3362 3352 3372 3382 3392 3402
3362 3352 3372 3382 3392 3402
3362 3352 3372 3382 3392 3402
3362 3352 3372 3382 3392 3402
3362 3352 3372 3382 3392 3402
3362 3352 3372 3382 3392 3402
3362 3352 3372 3382 3392 3402
3362 3352 3372 3382 3392 3402
3362 3352 3372 3382 3392 3402
3362 3352 3372 3382 3392 3402
3362 3352 3372 3382 3392 3402
3362 3352 3372 3382 3392 3402
3362 3352 3372 3382 3392 3402
3362 3352 3372 3382 3392 3402
3362 3352 3372 3382 3392 3402
3362 3352 3372 3382 3392 3402
3362 3352 3372 3382 3392 3402
3362 3352 3372 3382 3392 3402
3362 3352 3372 3382 3392 3402
3362 3352 3372 3382 3392 3402
3362 3352 3372 3382 3392 3402
3362 3352 3372 3382 3392 3402
3362 3352 3372 3382 3392 3402
3362 3352 3372 3382 3392 3402
3362 3352 3372 3382 3392 3402
3362 3352 3372 3382 3392 3402
3362 3352 3372 3382 3392 3402
3362 3352 3372 3382 3392 3402
3362 3352 3372 3382 3392 3402
3362 3352 3372 3382 3392 3402
3362 3352 3372 3382 3392 3402
3362 3352 3372 3382 3392 3402
3362 3352 3372 3382 3392 3402
3362 3352 3372 3382 3392 3402
3362 3352 3372 3382 3392 3402
3362 3352 3372 3382 3392 3402
3362 3352 3372 3382 3392 3402
3362 3352 3372 3382 3392 3402
3362 3352 3372 3382 3392 3402
3362 3352 3372 3382 3392 3402
3723 3713 3733 3743 3753 3763 13943
3723 3713 3733 3743 3753 3763 13943
3723 3713 3733 3743 3753 3763 13943
3723 3713 3733 3743 3753 3763 13943
3723 3713 3733 3743 3753 3763 13943
3723 3713 3733 3743 3753 3763 13943
3723 3713 3733 3743 3753 3763 13943
3723 3713 3733 3743 3753 3763 13943
3723 3713 3733 3743 3753 3763 13943
3723 3713 3733 3743 3753 3763 13943
3723 3713 3733 3743 3753 3763 13943
3723 3713 3733 3743 3753 3763 13943
3723 3713 3733 3743 3753 3763 13943
3723 3713 3733 3743 3753 3763 13943
3723 3713 3733 3743 3753 3763 13943
3723 3713 3733 3743 3753 3763 13943
3723 3713 3733 3743 3753 3763 13943
3723 3713 3733 3743 3753 3763 13943
3723 3713 3733 3743 3753 3763 13943
3723 3713 3733 3743 3753 3763 13943
3723 3713 3733 3743 3753 3763 13943
3723 3713 3733 3743 3753 3763 13943
3723 3713 3733 3743 3753 3763 13943
3723 3713 3733 3743 3753 3763 13943
3723 3713 3733 3743 3753 3763 13943
3723 3713 3733 3743 3753 3763 13943
3723 3713 3733 3743 3753 3763 13943
3723 3713 3733 3743 3753 3763 13943
3723 3713 3733 3743 3753 3763 13943
3723 3713 3733 3743 3753 3763 13943
3723 3713 3733 3743 3753 3763 13943
3723 3713 3733 3743 3753 3763 13943
3723 3713 3733 3743 3753 3763 13943
3723 3713 3733 3743 3753 3763 13943
3723 3713 3733 3743 3753 3763 13943
3723 3713 3733 3743 3753 3763 13943
3723 3713 3733 3743 3753 3763 13943
3723 3713 3733 3743 3753 3763 13943
3723 3713 3733 3743 3753 3763 13943
3723 3713 3733 3743 3753 3763 13943
3723 3713 3733 3743 3753 3763 13943
3723 3713 3733 3743 3753 3763 13943
3723 3713 3733 3743 3753 3763 13943
3723 3713 3733 3743 3753 3763 13943
3723 3713 3733 3743 3753 3763 13943
3723 3713 3733 3743 3753 3763 13943
3723 3713 3733 3743 3753 3763 13943
3723 3713 3733 3743 3753 3763 13943
3723 3713 3733 3743 3753 3763 13943
3723 3713 3733 3743 3753 3763 13943
3723 3713 3733 3743 3753 3763 13943
3723 3713 3733 3743 3753 3763 13943
3723 3713 3733 3743 3753 3763 13943
3723 3713 3733 3743 3753 3763 13943
3723 3713 3733 3743 3753 3763 13943
3723 3713 3733 3743 3753 3763 13943
3723 3713 3733 3743 3753 3763 13943
3723 3713 3733 3743 3753 3763 13943
3723 3713 3733 3743 3753 3763 13943
3723 3713 3733 3743 3753 3763 13943
3723 3713 3733 3743 3753 3763 13943
3723 3713 3733 3743 3753 3763 13943
3723 3713 3733 3743 3753 3763 13943
3723 3713 3733 3743 3753 3763 13943
3723 3713 3733 3743 3753 3763 13943
3723 3713 3733 3743 3753 3763 13943
