84591
84591
84591
84591
84591
84591
84591
84591
84591
84591
84591
84591
84591
84591
84591
84591
84591
84591
84591
84591
84591
84591
84591
84591
84591
84591
84591
84591
84591
84591
11642 11652 11662 11672 11682
11642 11652 11662 11672 11682
11642 11652 11662 11672 11682
11642 11652 11662 11672 11682
11642 11652 11662 11672 11682
11642 11652 11662 11672 11682
11642 11652 11662 11672 11682
11642 11652 11662 11672 11682
11642 11652 11662 11672 11682
11642 11652 11662 11672 11682
11642 11652 11662 11672 11682
11642 11652 11662 11672 11682
11642 11652 11662 11672 11682
11642 11652 11662 11672 11682
11642 11652 11662 11672 11682
33682 33682 11662 33682 11682
33682 33682 11662 33682 11682
33682 33682 11662 33682 11682
11642 11652 11662 11672 11682
11642 11652 11662 11672 11682
11642 11652 11662 11672 11682
11642 11652 11662 11672 11682
11642 11652 11662 11672 11682
11642 11652 11662 11672 11682
11642 11652 11662 11672 11682
11642 11652 11662 11672 11682
11642 11652 11662 11672 11682
11642 11652 11662 11672 11682
11642 11652 11662 11672 11682
11642 11652 11662 11672 11682
11642 11652 11662 11672 11682
11642 11652 11662 11672 11682
11642 11652 11662 11672 11682
11642 11652 11662 11672 11682
11642 11652 11662 11672 11682
11642 11652 11662 11672 11682
11642 11652 11662 11672 11682
11642 11652 11662 11672 11682
11642 11652 11662 11672 11682
11642 11652 11662 11672 11682
11642 11652 11662 11672 11682
11642 11652 11662 11672 11682
11642 11652 11662 11672 11682
11642 11652 11662 11672 11682
11642 11652 11662 11672 11682
11642 11652 11662 11672 11682
11642 11652 11662 11672 11682
11692 11692 11692 11692 11692
11642 11652 11662 11672 11682
11702 11702 11702 11702 11702
11712 11712 11712 11712 11712
11722 11722 11722 11722 11722
11722 11722 11722 11722 11722
11722 11722 11722 11722 11722
11642 11652 11662 11672 11682
11642 11652 11662 11672 11682
11642 11652 11662 11672 11682
11732 11732 11732 11732 11732
11642 11652 11662 11672 11682
11642 11652 11662 11672 11682
11642 11652 33692 11672 11682
11642 11652 33692 11672 11682
11642 11652 33692 11672 11682
11642 11652 11662 11672 11682
11642 11652 11662 11672 11682
11642 11652 11662 11672 11682
12243 12253 12263 12273 12283 29653
12243 12253 12263 12273 12283 29653
12243 12253 12263 12273 12283 29653
12243 12253 12263 12273 12283 29653
12243 12253 12263 12273 12283 29653
12243 12253 12263 12273 12283 29653
12243 12253 12263 12273 12283 29653
12243 12253 12263 12273 12283 29653
12243 12253 12263 12273 12283 29653
12243 12253 12263 12273 12283 29653
12243 12253 12263 12273 12283 29653
12243 12253 12263 12273 12283 29653
12243 12253 12263 12273 12283 29653
12243 12253 12263 12273 12283 29653
12243 12253 12263 12273 12283 29653
12243 33803 12263 33803 12283 29653
12243 33803 12263 33803 12283 29653
12243 33803 12263 33803 12283 29653
12243 12253 12263 12273 12283 29653
12243 12253 12263 12273 12283 29653
12243 12253 12263 12273 12283 29653
12243 12253 12263 12273 12283 29653
12243 12253 12263 12273 12283 29653
12243 12253 12263 12273 12283 29653
12243 12253 12263 12273 12283 29653
12243 12253 12263 12273 12283 29653
12243 12253 12263 12273 12283 29653
12243 12253 12263 12273 12283 29653
12243 12253 12263 12273 12283 29653
12243 12253 12263 12273 12283 29653
12243 12253 12263 12273 12283 29653
12243 12253 12263 12273 12283 29653
12243 12253 12263 12273 12283 29653
12243 12253 12263 12273 12283 29653
12243 12253 12263 12273 12283 29653
12243 12253 12263 12273 12283 29653
12243 12253 12263 12273 12283 29653
12243 12253 12263 12273 12283 29653
12243 12253 12263 12273 12283 29653
12243 12253 12263 12273 12283 29653
12243 12253 12263 12273 12283 29653
12243 12253 12263 12273 12283 29653
12243 12253 12263 12273 12283 29653
12243 12253 12263 12273 12283 29653
12243 12253 12263 12273 12283 29653
12243 12253 12263 12273 12283 29653
12243 12253 12263 12273 12283 29653
12293 12293 12293 12293 12293 29653
12243 12253 12263 12273 12283 29653
12303 12303 12303 12303 12303 29653
12313 12313 12313 12313 12313 29653
12323 12323 12323 12323 12323 29653
12323 12323 12323 12323 12323 29653
12323 12323 12323 12323 12323 29653
12243 12253 12263 12273 12283 29653
12243 12253 12263 12273 12283 29653
12243 12253 12263 12273 12283 29653
12333 12333 12333 12333 12333 29653
12243 12253 12263 12273 12283 29653
12243 12253 12263 12273 12283 29653
12243 12253 33813 12273 12283 29653
12243 12253 33813 12273 12283 29653
12243 12253 33813 12273 12283 29653
12243 12253 12263 12273 12283 29653
12243 12253 12263 12273 12283 29653
12243 12253 12263 12273 12283 29653
