38751
38751
38751
38751
38751
38751
38751
38751
38751
38751
38751
38751
38751
38751
38751
38751
38751
38751
38751
38751
38751
38751
38751
38751
38751
38751
38751
38751
38751
38751
23632
23632
23632
23632
23632
23632
23632
23632
23632
23632
23632
23632
23632
23632
23632
23632
23632
23632
23632
23632
23632
23632
23632
23632
23632
23632
23632
23632
23632
23632
23632
23632
23643
23643
23643
23643
23643
23643
23643
23643
23643
23643
23643
23643
23643
23643
23643
23643
23643
23643
23643
23643
23643
23643
23643
23643
23643
23643
23643
23643
23643
23643
23643
23643
23664
23664
23664
23664
23664
23664
23664
23664
23664
23664
23664
23664
23664
23664
23664
23664
23664
23664
23664
23664
23664
23664
23664
23664
23664
23664
23664
23664
23664
23664
23664
23664
23664
23664
23664
23664
23664
23664
23664
23664
23664
23664
23664
23664
23664
23664
23664
23664
23664
29885
29885
29885
29885
29885
29885
29885
29885
29885
29885
29885
29885
29885
29885
29885
29885
29885
29885
29885
29885
29885
29885
29885
29885
29885
29885
29885
29885
29885
29885
29885
29885
29885
29885
29885
29885
29885
29885
29885
29885
29885
29885
29885
29885
29885
29885
29885
29885
29885
29896 29906 29916 29926 29946 29936
29896 29906 29916 29926 29946 29936
29896 29906 29916 29926 29946 29936
29896 29906 29916 29926 29946 29936
29896 29906 29916 29926 29946 29936
29896 29906 29916 29926 29946 29936
29896 29906 29916 29926 29946 29936
29896 29906 29916 29926 29946 29936
29896 29906 29916 29926 29946 29936
29896 29906 29916 29926 29946 29936
29896 29906 29916 29926 29946 29936
29896 29906 29916 29926 29946 29936
29896 29906 29916 29926 29946 29936
29896 29906 29916 29926 29946 29936
29896 29906 29916 29926 29946 29936
29896 29906 29916 29926 29946 29936
29896 29906 29916 29926 29946 29936
29896 29906 29916 29926 29946 29936
29896 29906 29916 29926 29946 29936
29896 29906 29916 29926 29946 29936
29896 29906 29916 29926 29946 29936
29896 29906 29916 29926 29946 29936
29896 29906 29916 29926 29946 29936
29896 29906 29916 29926 29946 29936
29896 29906 29916 29926 29946 29936
29896 29906 29916 29926 29946 29936
29896 29906 29916 29926 29946 29936
29896 29906 29916 29926 29946 29936
29896 29906 29916 29926 29946 29936
29896 29906 29916 29926 29946 29936
29896 29906 29916 29926 29946 29936
29896 29906 29916 29926 29946 29936
29896 29906 29916 29926 29946 29936
29896 29906 29916 29926 29946 29936
29896 29906 29916 29926 29946 29936
29896 29906 29916 29926 29946 29936
29896 29906 29916 29926 29946 29936
29896 29906 29916 29926 29946 29936
29896 29906 29916 29926 29946 29936
29896 29906 29916 29926 29946 29936
29896 29906 29916 29926 29946 29936
29896 29906 29916 29926 29946 29936
29896 29906 29916 29926 29946 29936
29896 29906 29916 29926 29946 29936
29896 29906 29916 29926 29946 29936
29896 29906 29916 29926 29946 29936
29896 29906 29916 29926 29946 29936
29896 29906 29916 29926 29946 29936
29896 29906 29916 29926 29946 29936
29896 29906 29916 29926 29946 29936
29896 29906 29916 29926 29946 29936
29896 29906 29916 29926 29946 29936
29896 29906 29916 29926 29946 29936
29896 29906 29916 29926 29946 29936
29896 29906 29916 29926 29946 29936
29896 29906 29916 29926 29946 29936
29896 29906 29916 29926 29946 29936
29896 29906 29916 29926 29946 29936
29896 29906 29916 29926 29946 29936
29896 29906 29916 29926 29946 29936
29896 29906 29916 29926 29946 29936
29896 29906 29916 29926 29946 29936
29896 29906 29916 29926 29946 29936
29896 29906 29916 29926 29946 29936
29896 29906 29916 29926 29946 29936
29896 29906 29916 29926 29946 29936
29896 29906 29916 29926 29946 29936
30137 30147 30157 30167 30177 30187 30197
30137 30147 30157 30167 30177 30187 30197
30137 30147 30157 30167 30177 30187 30197
30137 30147 30157 30167 30177 30187 30197
30137 30147 30157 30167 30177 30187 30197
30137 30147 30157 30167 30177 30187 30197
30137 30147 30157 30167 30177 30187 30197
30137 30147 30157 30167 30177 30187 30197
30137 30147 30157 30167 30177 30187 30197
30137 30147 30157 30167 30177 30187 30197
30137 30147 30157 30167 30177 30187 30197
30137 30147 30157 30167 30177 30187 30197
30137 30147 30157 30167 30177 30187 30197
30137 30147 30157 30167 30177 30187 30197
30137 30147 30157 30167 30177 30187 30197
30137 30147 30157 30167 30177 30187 30197
30137 30147 30157 30167 30177 30187 30197
30137 30147 30157 30167 30177 30187 30197
30137 30147 30157 30167 30177 30187 30197
30137 30147 30157 30167 30177 30187 30197
30137 30147 30157 30167 30177 30187 30197
30137 30147 30157 30167 30177 30187 30197
30137 30147 30157 30167 30177 30187 30197
30137 30147 30157 30167 30177 30187 30197
30137 30147 30157 30167 30177 30187 30197
30137 30147 30157 30167 30177 30187 30197
30137 30147 30157 30167 30177 30187 30197
30137 30147 30157 30167 30177 30187 30197
30137 30147 30157 30167 30177 30187 30197
30137 30147 30157 30167 30177 30187 30197
30137 30147 30157 30167 30177 30187 30197
30137 30147 30157 30167 30177 30187 30197
30137 30147 30157 30167 30177 30187 30197
30137 30147 30157 30167 30177 30187 30197
30137 30147 30157 30167 30177 30187 30197
30137 30147 30157 30167 30177 30187 30197
30137 30147 30157 30167 30177 30187 30197
30137 30147 30157 30167 30177 30187 30197
30137 30147 30157 30167 30177 30187 30197
30137 30147 30157 30167 30177 30187 30197
30137 30147 30157 30167 30177 30187 30197
30137 30147 30157 30167 30177 30187 30197
30137 30147 30157 30167 30177 30187 30197
30137 30147 30157 30167 30177 30187 30197
30137 30147 30157 30167 30177 30187 30197
30137 30147 30157 30167 30177 30187 30197
30137 30147 30157 30167 30177 30187 30197
30137 30147 30157 30167 30177 30187 30197
30137 30147 30157 30167 30177 30187 30197
30137 30147 30157 30167 30177 30187 30197
30137 30147 30157 30167 30177 30187 30197
30137 30147 30157 30167 30177 30187 30197
30137 30147 30157 30167 30177 30187 30197
30137 30147 30157 30167 30177 30187 30197
30137 30147 30157 30167 30177 30187 30197
30137 30147 30157 30167 30177 30187 30197
30137 30147 30157 30167 30177 30187 30197
30137 30147 30157 30167 30177 30187 30197
30137 30147 30157 30167 30177 30187 30197
30137 30147 30157 30167 30177 30187 30197
30137 30147 30157 30167 30177 30187 30197
30137 30147 30157 30167 30177 30187 30197
30137 30147 30157 30167 30177 30187 30197
30137 30147 30157 30167 30177 30187 30197
30137 30147 30157 30167 30177 30187 30197
30137 30147 30157 30167 30177 30187 30197
30137 30147 30157 30167 30177 30187 30197
30137 30147 30157 30167 30177 30187 30197
30137 30147 30157 30167 30177 30187 30197
30137 30147 30157 30167 30177 30187 30197
30137 30147 30157 30167 30177 30187 30197
30137 30147 30157 30167 30177 30187 30197
30137 30147 30157 30167 30177 30187 30197
30137 30147 30157 30167 30177 30187 30197
30137 30147 30157 30167 30177 30187 30197
30137 30147 30157 30167 30177 30187 30197
30137 30147 30157 30167 30177 30187 30197
30137 30147 30157 30167 30177 30187 30197
30137 30147 30157 30167 30177 30187 30197
30137 30147 30157 30167 30177 30187 30197
30137 30147 30157 30167 30177 30187 30197
30137 30147 30157 30167 30177 30187 30197
30137 30147 30157 30167 30177 30187 30197
30137 30147 30157 30167 30177 30187 30197
30137 30147 30157 30167 30177 30187 30197
30137 30147 30157 30167 30177 30187 30197
30137 30147 30157 30167 30177 30187 30197
30137 30147 30157 30167 30177 30187 30197
30137 30147 30157 30167 30177 30187 30197
30137 30147 30157 30167 30177 30187 30197
30137 30147 30157 30167 30177 30187 30197
30137 30147 30157 30167 30177 30187 30197
30137 30147 30157 30167 30177 30187 30197
30137 30147 30157 30167 30177 30187 30197
30137 30147 30157 30167 30177 30187 30197
30137 30207 30207 30207 30207 30207 30217
30137 30207 30207 30207 30207 30207 30217
30137 30207 30207 30207 30207 30207 30217
30137 30147 30157 30167 30177 30187 30197
30137 30147 30157 30167 30177 30187 30197
30137 30147 30157 30167 30177 30187 30197
30137 30147 30157 30167 30177 30187 30197
30137 30147 30157 30167 30177 30187 30197
30137 30147 30157 30167 30177 30187 30197
30137 30147 30157 30167 30177 30187 30197
