84591
84591
84591
84591
84591
84591
84591
84591
84591
84591
84591
84591
84591
84591
84591
84591
84591
84591
84591
84591
84591
84591
84591
84591
84591
84591
84591
84591
84591
84591
49552 49552 49552
49552 49552 49552
49552 49552 49552
49552 49552 49552
49552 49552 49552
49552 49552 49552
49552 49552 49552
49552 49552 49552
49552 49552 49552
49552 49552 49552
49552 49552 49552
49552 49552 49552
49552 49552 49552
49552 49552 49552
49552 49552 49552
49552 49552 49552
49552 49552 49552
49552 49552 49552
49552 49552 49552
49552 49552 49552
49552 49552 49552
49552 49552 49552
49552 49552 49552
49552 49552 49552
49552 49552 49552
49552 49552 49552
49552 49552 49552
49552 49552 49552
49552 49552 49552
49552 49552 49552
49552 49552 49552
49552 49552 49552
49563 49563 49563
49563 49563 49563
49563 49563 49563
49563 49563 49563
49563 49563 49563
49563 49563 49563
49563 49563 49563
49563 49563 49563
49563 49563 49563
49563 49563 49563
49563 49563 49563
49563 49563 49563
49563 49563 49563
49563 49563 49563
49563 49563 49563
49563 49563 49563
49563 49563 49563
49563 49563 49563
49563 49563 49563
49563 49563 49563
49563 49563 49563
49563 49563 49563
49563 49563 49563
49563 49563 49563
49563 49563 49563
49563 49563 49563
49563 49563 49563
49563 49563 49563
49563 49563 49563
49563 49563 49563
49563 49563 49563
49563 49563 49563
49624 49634 49644
49624 49634 49644
49624 49634 49644
49624 49634 49644
49624 49634 49644
49624 49634 49644
49624 49634 49644
49624 49634 49644
49624 49634 49644
49624 49634 49644
49624 49634 49644
49624 49634 49644
49624 49634 49644
49624 49634 49644
49624 49634 49644
49624 49634 49644
49624 49634 49644
49624 49634 49644
49624 49634 49644
49624 49634 49644
49624 49634 49644
49624 49634 49644
49624 49634 49644
49624 49634 49644
49624 49634 49644
49624 49634 49644
49624 49634 49644
49624 49634 49644
49624 49634 49644
49624 49634 49644
49624 49634 49644
49624 49634 49644
49624 49634 49644
49624 49634 49644
49624 49634 49644
49624 49634 49644
49624 49634 49644
49654 49654 49654
49664 49664 49664
49624 49634 49644
49624 49634 49644
49624 49634 49644
49624 49634 49644
49624 49634 49644
49624 49634 49644
49624 49634 49644
49624 49634 49644
49624 49634 49644
49624 49634 49644
62715 62725 62735
62715 62725 62735
62715 62725 62735
62715 62725 62735
62715 62725 62735
62715 62725 62735
62715 62725 62735
62715 62725 62735
62715 62725 62735
62715 62725 62735
62715 62725 62735
62715 62725 62735
62715 62725 62735
62715 62725 62735
62715 62725 62735
62715 62725 62735
62715 62725 62735
62715 62725 62735
62715 62725 62735
62715 62725 62735
62715 62725 62735
62715 62725 62735
62715 62725 62735
62715 62725 62735
62715 62725 62735
62715 62725 62735
62715 62725 62735
62715 62725 62735
62715 62725 62735
62715 62725 62735
62715 62725 62735
62715 62725 62735
62715 62725 62735
62715 62725 62735
62715 62725 62735
62715 62725 62735
62715 62725 62735
62745 62745 62745
62755 62755 62755
62715 62725 62735
62715 62725 62735
62715 62725 62735
62715 62725 62735
62715 62725 62735
62715 62725 62735
62715 62725 62735
62715 62725 62735
62715 62725 62735
62715 62725 62735
62766 62786 62796 62806 62816
62766 62786 62796 62806 62816
62766 62786 62796 62806 62816
62766 62786 62796 62806 62816
62766 62786 62796 62806 62816
62766 62786 62796 62806 62816
62766 62786 62796 62806 62816
62766 62786 62796 62806 62816
62766 62786 62796 62806 62816
62766 62786 62796 62806 62816
62766 62786 62796 62806 62816
62766 62786 62796 62806 62816
62766 62786 62796 62806 62816
62766 62786 62796 62806 62816
62766 62786 62796 62806 62816
62766 62786 62796 62806 62886
62766 62786 62796 62806 62886
62766 62786 62796 62806 62886
62766 62786 62796 62806 62816
62766 62786 62796 62806 62816
62766 62786 62796 62806 62816
62766 62786 62796 62806 62816
62766 62786 62796 62806 62816
62766 62786 62796 62806 62816
62766 62786 62796 62806 62816
62766 62786 62796 62806 62816
62766 62786 62796 62806 62816
62766 62786 62796 62806 62816
62766 62786 62796 62806 62816
62766 62786 62796 62806 62816
62766 62786 62796 62806 62816
62766 62786 62796 62806 62816
62766 62786 62796 62806 62816
62766 62786 62796 62806 62816
62766 62786 62796 62806 62816
62766 62786 62796 62806 62816
62766 62786 62796 62806 62816
62766 62786 62796 62806 62816
62766 62786 62796 62806 62816
62766 62786 62796 62806 62816
62766 62786 62796 62806 62816
62766 62786 62796 62806 62816
62766 62786 62796 62806 62816
62766 62786 62796 62806 62816
62766 62786 62796 62806 62816
62766 62786 62796 62806 62816
62766 62786 62796 62806 62816
62776 62776 62776 62806 62816
62766 62786 62796 62806 62816
62766 62786 62796 62806 62816
62766 62786 62796 62806 62816
62766 62786 62796 62806 62816
62766 62786 62796 62806 62816
62766 62786 62796 62806 62816
62766 62786 62796 62806 62816
62766 62786 62796 62806 62816
62766 62846 62796 62806 62816
62766 62786 62796 62806 62816
62766 62786 62796 62806 62816
62856 62856 62856 62806 62816
62766 62786 62796 62806 62816
62766 62786 62796 62806 62816
62866 62866 62866 62806 62816
62876 62876 62876 62876 62876
62876 62876 62876 62876 62876
62876 62876 62876 62876 62876
62766 62786 62796 62806 62816
63197 63207 63217 63227 63237 63247 63257 63267
63197 63207 63217 63227 63237 63247 63257 63267
63197 63207 63217 63227 63237 63247 63257 63267
63197 63207 63217 63227 63237 63247 63257 63267
63197 63207 63217 63227 63237 63247 63257 63267
63197 63207 63217 63227 63237 63247 63257 63267
63197 63207 63217 63227 63237 63247 63257 63267
63197 63207 63217 63227 63237 63247 63257 63267
63197 63207 63217 63227 63237 63247 63257 63267
63197 63207 63217 63227 63237 63247 63257 63267
63197 63207 63217 63227 63237 63247 63257 63267
63197 63207 63217 63227 63237 63247 63257 63267
63197 63207 63217 63227 63237 63247 63257 63267
63197 63207 63217 63227 63237 63247 63257 63267
63197 63207 63217 63227 63237 63247 63257 63267
63197 63207 63217 63227 63237 63247 63257 63267
63197 63207 63217 63227 63237 63247 63257 63267
63197 63207 63217 63227 63237 63247 63257 63267
63197 63207 63217 63227 63237 63247 63257 63267
63197 63207 63217 63227 63237 63247 63257 63267
63197 63207 63217 63227 63237 63247 63257 63267
63197 63207 63217 63227 63237 63247 63257 63267
63197 63207 63217 63227 63237 63247 63257 63267
63197 63207 63217 63227 63237 63247 63257 63267
63197 63207 63217 63227 63237 63247 63257 63267
63197 63207 63217 63227 63237 63247 63257 63267
63197 63207 63217 63227 63237 63247 63257 63267
63197 63207 63217 63227 63237 63247 63257 63267
63197 63207 63217 63227 63237 63247 63257 63267
63197 63207 63217 63227 63237 63247 63257 63267
63197 63207 63217 63227 63237 63247 63257 63267
63197 63207 63217 63227 63237 63247 63257 63267
63197 63207 63217 63227 63237 63247 63257 63267
63197 63207 63217 63227 63237 63247 63257 63267
63197 63207 63217 63227 63237 63247 63257 63267
63197 63207 63217 63227 63237 63247 63257 63267
63197 63207 63217 63227 63237 63247 63257 63267
63197 63207 63217 63227 63237 63247 63257 63267
63197 63207 63217 63227 63237 63247 63257 63267
63197 63207 63217 63227 63237 63247 63257 63267
63197 63207 63217 63227 63237 63247 63257 63267
63197 63207 63217 63227 63237 63247 63257 63267
63197 63207 63217 63227 63237 63247 63257 63267
63197 63207 63217 63227 63237 63247 63257 63267
63197 63207 63217 63227 63237 63247 63257 63267
63197 63207 63217 63227 63237 63247 63257 63267
63197 63207 63217 63227 63237 63247 63257 63267
63197 63207 63217 63227 63237 63247 63257 63267
63197 63207 63217 63227 63237 63247 63257 63267
63197 63207 63217 63227 63237 63247 63257 63267
63197 63207 63217 63227 63237 63247 63257 63267
63197 63207 63217 63227 63237 63247 63257 63267
63197 63207 63217 63227 63237 63247 63257 63267
63197 63207 63217 63227 63237 63247 63257 63267
63197 63277 63277 63227 63237 63247 63257 63277
63197 63277 63277 63227 63237 63247 63257 63277
63197 63327 63327 63327 63327 63247 63257 63267
63197 63327 63327 63327 63327 63247 63257 63267
63197 63207 63217 63227 63237 63247 63257 63267
63197 63287 63287 63287 63287 63287 63287 63267
63197 63287 63287 63287 63287 63287 63287 63267
63197 63207 63217 63227 63237 63247 63257 63267
63197 63297 63297 63297 63297 63297 63297 63267
63197 63287 63287 63287 63287 63287 63287 63267
63197 63287 63287 63287 63287 63287 63287 63267
63197 63207 63217 63227 63237 63247 63257 63267
63197 63297 63297 63297 63297 63297 63297 63267
63197 63287 63287 63287 63287 63287 63287 63267
63197 63307 63307 63307 63307 63307 63307 63267
63197 63207 63217 63227 63237 63247 63257 63267
63197 63287 63287 63287 63287 63287 63287 63267
63197 63307 63307 63307 63307 63307 63307 63267
63197 63287 63287 63287 63287 63287 63287 63267
63197 63287 63287 63287 63287 63287 63287 63267
63197 63207 63217 63227 63237 63247 63257 63267
63197 63207 63217 63227 63237 63247 63257 63267
63197 63207 63217 63227 63237 63247 63257 63267
63197 63207 63217 63227 63237 63247 63257 63267
63197 63207 63217 63227 63237 63247 63257 63267
63197 63207 63217 63227 63237 63247 63257 63267
63197 63207 63217 63227 63237 63247 63257 63267
63197 63207 63217 63227 63237 63247 63257 63267
63197 63207 63217 63227 63237 63247 63257 63267
63197 63207 63217 63227 63237 63247 63257 63267
63197 63207 63217 63227 63237 63247 63257 63267
63197 63207 63217 63227 63237 63247 63257 63267
63197 63207 63217 63227 63237 63247 63257 63267
63197 63207 63217 63227 63237 63247 63257 63267
63197 63207 63217 63227 63237 63247 63257 63267
63197 63207 63217 63227 63237 63247 63257 63267
63197 63207 63217 63227 63237 63247 63257 63267
63197 63207 63217 63227 63237 63247 63257 63267
63197 63327 63327 63327 63327 63247 63257 63267
63197 63327 63327 63327 63327 63247 63257 63267
63197 63327 63327 63327 63327 63247 63257 63267
63197 63207 63217 63227 63237 63247 63257 63267
63197 63207 63217 63227 63237 63317 63257 63317
63197 63207 63217 63227 63237 63247 63257 63267
63197 63327 63327 63327 63327 63247 63257 63267
63197 63327 63327 63327 63327 63247 63257 63267
63197 63327 63327 63327 63327 63247 63257 63267
63197 63327 63327 63327 63327 63247 63257 63267
63197 63327 63327 63327 63327 63247 63257 63267
63197 63327 63327 63327 63327 63247 63257 63267
63197 63207 63217 63227 63237 63247 63257 63267
