38801
38801
38801
38801
38801
38801
38801
38801
38801
38801
38801
38801
38801
38801
38801
38801
38801
38801
38801
38801
38801
38801
38801
38801
38801
38801
38801
38801
38801
38801
7702 7712 7722 7732 7742 7752 7762 7772
7702 7712 7722 7732 7742 7752 7762 7772
7702 7712 7722 7732 7742 7752 7762 7772
7702 7712 7722 7732 7742 7752 7762 7772
7702 7712 7722 7732 7742 7752 7762 7772
7702 7712 7722 7732 7742 7752 7762 7772
7702 7712 7722 7732 7742 7752 7762 7772
7702 7712 7722 7732 7742 7752 7762 7772
7702 7712 7722 7732 7742 7752 7762 7772
7702 7712 7722 7732 7742 7752 7762 7772
7702 7712 7722 7732 7742 7752 7762 7772
7702 7712 7722 7732 7742 7752 7762 7772
7702 7712 7722 7732 7742 7752 7762 7772
7702 7712 7722 7732 7742 7752 7762 7772
7702 7712 7722 7732 7742 7752 7762 7772
7702 7712 7722 7732 7742 7752 7762 7772
7702 7712 7722 7732 7742 7752 7762 7772
7702 7712 7722 7732 7742 7752 7762 7772
7702 7712 7722 7732 7742 7752 7762 7772
7702 7712 7722 7732 7742 7752 7762 7772
7702 7712 7722 7732 7742 7752 7762 7772
7702 7712 7722 7732 7742 7752 7762 7772
7702 7712 7722 7732 7742 7752 7762 7772
7702 7712 7722 7732 7742 7752 7762 7772
7702 7712 7722 7732 7742 7752 7762 7772
7702 7712 7722 7732 7742 7752 7762 7772
7702 7712 7722 7732 7742 7752 7762 7772
7702 7712 7722 7732 7742 7752 7762 7772
7702 7712 7722 7732 7742 7752 7762 7772
7702 7712 7722 7732 7742 7752 7762 7772
7702 7712 7722 7732 7742 7752 7762 7772
7702 7712 7722 7732 7742 7752 7762 7772
7702 7712 7722 7732 7742 7752 7762 7772
7702 7712 7722 7732 7742 7752 7762 7772
7702 7712 7722 7732 7742 7752 7762 7772
7702 7712 7722 7732 7742 7752 7762 7772
7702 7712 7722 7732 7742 7752 7762 7772
7702 7712 7722 7732 7742 7752 7762 7772
7702 7712 7722 7732 7742 7752 7762 7772
7702 7712 7722 7732 7742 7752 7762 7772
7702 7712 7722 7732 7742 7752 7762 7772
7702 7712 7722 7732 7742 7752 7762 7772
7702 7712 7722 7732 7742 7752 7762 7772
7702 7712 7722 7732 7742 7752 7762 7772
7702 7712 7722 7732 7742 7752 7762 7772
7702 7712 7722 7732 7742 7752 7762 7772
7702 7712 7722 7732 7742 7752 7762 7772
7702 7712 7722 7732 7742 7752 7762 7772
7702 7712 7722 7732 7742 7752 7762 7772
7702 7712 7722 7732 7742 7752 7762 7772
7702 7712 7722 7732 7742 7752 7762 7772
7702 7712 7722 7732 7742 7752 7762 7772
7702 7712 7722 7732 7742 7752 7762 7772
7702 7712 7722 7732 7742 7752 7762 7772
7702 7712 7722 7732 7742 7752 7762 7772
7702 7712 7722 7732 7742 7752 7762 7772
7702 7712 7722 7732 7742 7752 7762 7772
7702 7712 7722 7732 7742 7752 7762 7772
7702 7712 7722 7732 7742 7752 7762 7772
7702 7712 7722 7732 7742 7752 7762 7772
7782 7712 7722 7782 7742 7752 7762 7772
7702 7712 7722 7732 7742 7752 7762 7772
7702 7712 7722 7732 7742 7752 7762 7772
7782 7712 7722 7782 7742 7752 7762 7772
7782 7712 7722 7782 7742 7752 7762 7772
7782 7712 7722 7782 7742 7752 7762 7772
7782 7712 7722 7782 7742 7752 7762 7772
7702 7712 7722 7732 7742 7752 7762 7772
7702 7712 7722 7732 7742 7752 7762 7772
7782 7712 7722 7782 7742 7752 7762 7772
7782 7712 7722 7782 7742 7752 7762 7772
7702 7712 7722 7732 7742 7752 7762 7772
7702 7712 7722 7732 7742 7752 7762 7772
7782 7712 7722 7782 7742 7752 7762 7772
7782 7712 7722 7782 7742 7752 7762 7772
7782 7712 7722 7782 7742 7752 7762 7772
7702 7712 7722 7732 7742 7752 7762 7772
7702 7712 7722 7732 7742 7752 7762 7772
7782 7712 7722 7782 7742 7752 7762 7772
7782 7712 7722 7782 7742 7752 7762 7772
7702 7712 7722 7732 7742 7752 7762 7772
7702 7712 7722 7732 7742 7752 7762 7772
7702 7712 7722 7732 7742 7752 7762 7772
7702 7712 7722 7732 7742 7752 7762 7772
10373 10383 10393 10403 10413 10423 10433 10443 10453
10373 10383 10393 10403 10413 10423 10433 10443 10453
10373 10383 10393 10403 10413 10423 10433 10443 10453
10373 10383 10393 10403 10413 10423 10433 10443 10453
10373 10383 10393 10403 10413 10423 10433 10443 10453
10373 10383 10393 10403 10413 10423 10433 10443 10453
10373 10383 10393 10403 10413 10423 10433 10443 10453
10373 10383 10393 10403 10413 10423 10433 10443 10453
10373 10383 10393 10403 10413 10423 10433 10443 10453
10373 10383 10393 10403 10413 10423 10433 10443 10453
10373 10383 10393 10403 10413 10423 10433 10443 10453
10373 10383 10393 10403 10413 10423 10433 10443 10453
10373 10383 10393 10403 10413 10423 10433 10443 10453
10373 10383 10393 10403 10413 10423 10433 10443 10453
10373 10383 10393 10403 10413 10423 10433 10443 10453
10373 10383 10393 10403 10413 10423 10433 10443 10453
10373 10383 10393 10403 10413 10423 10433 10443 10453
10373 10383 10393 10403 10413 10423 10433 10443 10453
10373 10383 10393 10403 10413 10423 10433 10443 10453
10373 10383 10393 10403 10413 10423 10433 10443 10453
10373 10383 10393 10403 10413 10423 10433 10443 10453
10373 10383 10393 10403 10413 10423 10433 10443 10453
10373 10383 10393 10403 10413 10423 10433 10443 10453
10373 10383 10393 10403 10413 10423 10433 10443 10453
10373 10383 10393 10403 10413 10423 10433 10443 10453
10373 10383 10393 10403 10413 10423 10433 10443 10453
10373 10383 10393 10403 10413 10423 10433 10443 10453
10373 10383 10393 10403 10413 10423 10433 10443 10453
10373 10383 10393 10403 10413 10423 10433 10443 10453
10373 10383 10393 10403 10413 10423 10433 10443 10453
10373 10383 10393 10403 10413 10423 10433 10443 10453
10373 10383 10393 14463 10413 10423 10433 14913 10453
10373 10383 10393 14463 10413 10423 10433 14913 10453
10373 10383 10393 14463 10413 10423 10433 14913 10453
10373 10383 10393 10403 10413 10423 10433 10443 10453
10373 10383 10393 10403 10413 10423 10433 10443 10453
10373 10383 10393 10403 10413 10423 10433 10443 10453
10373 10383 10393 10403 10413 10423 10433 10443 10453
10373 10383 10393 10403 10413 10423 10433 10443 10453
10373 10383 10393 10403 10413 10423 10433 10443 10453
10373 10383 10393 10403 10413 10423 10433 10443 10453
10373 10383 10393 10403 10413 10423 10433 10443 10453
10373 10383 10393 10403 10413 10423 10433 10443 10453
10373 10383 10393 10403 10413 10423 10433 10443 10453
10373 10383 10393 10403 10413 10423 10433 10443 10453
10373 10383 10393 10403 10413 10423 10433 10443 10453
10373 10383 10393 10403 10413 10423 10433 10443 10453
10373 10383 10393 10403 10413 10423 10433 10443 10453
10373 10383 10393 10403 10413 10423 10433 10443 10453
10373 10383 10393 10403 10413 10423 10433 10443 10453
10373 10383 10393 10403 10413 10423 10433 10443 10453
10373 10383 10393 10403 10413 10423 10433 10443 10453
10373 10383 10393 10403 10413 10423 10433 10443 10453
10373 10383 10393 10403 10413 10423 10433 10443 10453
10373 10383 10393 10403 10413 10423 10433 10443 10453
10373 10383 10393 10403 10413 10423 10433 10443 10453
10373 10383 10393 10403 10413 10423 10433 10443 10453
10373 10383 10393 10403 10413 10423 10433 10443 10453
10373 10383 10393 10403 10413 10423 10433 10443 10453
10373 10383 10393 10403 10413 10423 10433 10443 10453
10373 10383 10393 10403 10413 10423 10433 10443 10453
10373 10383 10393 10403 10413 10423 10433 10443 10453
10373 10383 10393 10403 10413 10423 10433 10443 10453
10373 10383 10393 10403 10413 10423 10433 10443 10453
10373 10383 10393 10403 10413 10423 10433 10443 10453
10373 10383 10393 10403 10413 10423 10433 10443 10453
10373 10383 10393 10403 10413 10423 10433 10443 10453
10373 10383 10393 14463 10413 10423 10433 14913 10453
10373 10383 10393 14463 10413 10423 10433 14913 10453
10373 10383 10393 10403 10413 10423 10433 10443 10453
10373 10383 10393 10403 10413 10423 10433 10443 10453
10373 10383 10393 10403 10413 10423 10433 10443 10453
10373 10383 10393 10403 10413 10423 10433 10443 10453
10373 10383 10393 10403 10413 10423 10433 10443 10453
10373 10383 10393 10403 10413 10423 10433 10443 10453
10373 10383 10393 14463 10413 10423 10433 14913 10453
10373 10383 10393 14463 10413 10423 10433 14913 10453
10373 10383 10393 10403 10413 10423 10433 10443 10453
10373 10383 10393 10403 10413 10423 10433 10443 10453
10373 10383 10393 10403 10413 10423 10433 10443 10453
10373 10383 10393 10403 10413 10423 10433 10443 10453
10373 10383 10393 10403 10413 10423 10433 10443 10453
10373 10383 10393 10403 10413 10423 10433 10443 10453
