84641
84641
84641
84641
84641
84641
84641
84641
84641
84641
84641
84641
84641
84641
84641
84641
84641
84641
84641
84641
84641
84641
84641
84641
84641
84641
84641
84641
84641
84641
20302 20312 20322 20332 20342 20352 20362 20372
20302 20312 20322 20332 20342 20352 20362 20372
20302 20312 20322 20332 20342 20352 20362 20372
20302 20312 20322 20332 20342 20352 20362 20372
20302 20312 20322 20332 20342 20352 20362 20372
20302 20312 20322 20332 20342 20352 20362 20372
20302 20312 20322 20332 20342 20352 20362 20372
20302 20312 20322 20332 20342 20352 20362 20372
20302 20312 20322 20332 20342 20352 20362 20372
20302 20312 20322 20332 20342 20352 20362 20372
20302 20312 20322 20332 20342 20352 20362 20372
20302 20312 20322 20332 20342 20352 20362 20372
20302 20312 20322 20332 20342 20352 20362 20372
20302 20312 20322 20332 20342 20352 20362 20372
20302 20312 20322 20332 20342 20352 20362 20372
20302 20312 20322 34232 34232 34232 20362 20372
20302 20312 20322 34232 34232 34232 20362 20372
20302 20312 20322 34232 34232 34232 20362 20372
20302 20312 20322 20332 20342 20352 20362 20372
20302 20312 20322 20332 20342 20352 20362 20372
20302 20312 20322 20332 20342 20352 20362 20372
20302 20312 20322 20332 20342 20352 20362 20372
20302 20312 20322 20332 20342 20352 20362 20372
20302 20312 20322 20332 20342 20352 20362 20372
20302 20312 20322 20332 20342 20352 20362 20372
20302 20312 20322 20332 20342 20352 20362 20372
20302 20312 20322 20332 20342 20352 20362 20372
20302 20312 20322 20332 20342 20352 20362 20372
20302 20312 20322 20332 20342 20352 20362 20372
20302 20312 20322 20332 20342 20352 20362 20372
20302 20312 20322 20332 20342 20352 20362 20372
20302 20312 20322 20332 20342 20352 20362 20372
20302 20312 20322 20332 20342 20352 20362 20372
20302 20312 20322 20332 20342 20352 20362 20372
20302 20312 20322 20332 20342 20352 20362 20372
20302 20312 20322 20332 20342 20352 20362 20372
20302 20312 20322 20332 20342 20352 20362 20372
20302 20312 20322 20332 20342 20352 20362 20372
20302 20312 20322 20332 20342 20352 20362 20372
20302 20312 20322 20332 20342 20352 20362 20372
20302 20312 20322 20332 20342 20352 20362 20372
20302 20312 20322 20332 20342 20352 20362 20372
20302 20312 20322 20332 20342 20352 20362 20372
20302 20312 20322 20332 20342 20352 20362 20372
20302 20312 20322 20332 20342 20352 20362 20372
20302 20312 20322 20332 20342 20352 20362 20372
20302 20312 20322 20332 20342 20352 20362 20372
20382 20312 20322 20382 20342 20352 20362 20382
20402 20312 20322 20402 20342 20352 20362 20402
20302 20312 20322 20332 20342 20352 20362 20372
20392 20392 20392 20392 20392 20392 20392 20392
20392 20392 20392 20392 20392 20392 20392 20392
20412 20412 20412 20412 20412 20352 20362 20372
20302 20312 20322 20332 20342 20352 20362 20372
20422 20422 20322 20422 20422 20352 20362 20372
20302 20312 20322 20332 20342 20352 20362 20372
20432 20312 20322 20432 20432 20432 20432 20432
20442 20312 20322 20442 20342 20352 20362 20442
20452 20312 20322 20332 20342 20352 20362 20452
20462 20312 20322 20462 20342 20352 20362 20372
20302 20312 20322 20332 20342 20352 20362 20372
20302 20312 20322 20332 20342 20352 20362 20372
20472 20312 20322 20472 20342 20352 20362 20372
20302 20312 20322 20332 20342 20352 20362 20372
20472 20472 20472 20472 20472 20472 20472 20472
20472 20472 20472 20472 20472 20472 20472 20472
20472 20472 20472 20472 20472 20472 20472 20472
20302 20312 20322 20332 20342 20352 20362 20372
20482 20312 20322 20482 20342 20352 20362 20372
20302 20312 20322 20332 20342 20352 20362 20372
20482 20312 20322 20332 20342 20352 20362 20482
20302 20312 20322 20332 20342 20352 20362 20372
20492 20312 20322 20492 20342 20352 20362 20372
20302 20312 20322 20332 20342 20352 20362 20372
20302 20312 20322 20332 20342 20352 20362 20372
20302 20312 20322 20332 20342 20352 20362 20372
20302 20312 20322 20332 20342 20352 20362 20372
20502 20312 20322 20502 20342 20352 20362 20372
20302 20312 20322 20332 20342 20352 20362 20372
20502 20312 20322 20502 20502 20502 20502 20502
20302 20312 20322 20332 20342 20352 20362 20372
20512 20512 20322 20512 20512 20352 20362 20372
20302 20312 20322 20332 20342 20352 20362 20372
20302 20312 20322 20332 20342 20352 20362 20372
25073 25083 25093 25103 25113 25123 25133
25073 25083 25093 25103 25113 25123 25133
25073 25083 25093 25103 25113 25123 25133
25073 25083 25093 25103 25113 25123 25133
25073 25083 25093 25103 25113 25123 25133
25073 25083 25093 25103 25113 25123 25133
25073 25083 25093 25103 25113 25123 25133
25073 25083 25093 25103 25113 25123 25133
25073 25083 25093 25103 25113 25123 25133
25073 25083 25093 25103 25113 25123 25133
25073 25083 25093 25103 25113 25123 25133
25073 25083 25093 25103 25113 25123 25133
25073 25083 25093 25103 25113 25123 25133
25073 25083 25093 25103 25113 25123 25133
25073 25083 25093 25103 25113 25123 25133
34413 34413 34413 34413 34413 34413 34413
34413 34413 34413 34413 34413 34413 34413
34413 34413 34413 34413 34413 34413 34413
25073 25083 25093 25103 25113 25123 25133
25073 25083 25093 25103 25113 25123 25133
25073 25083 25093 25103 25113 25123 25133
25073 25083 25093 25103 25113 25123 25133
25073 25083 25093 25103 25113 25123 25133
25073 25083 25093 25103 25113 25123 25133
25073 25083 25093 25103 25113 25123 25133
25073 25083 25093 25103 25113 25123 25133
25073 25083 25093 25103 25113 25123 25133
25073 25083 25093 25103 25113 25123 25133
25073 25083 25093 25103 25113 25123 25133
25073 25083 25093 25103 25113 25123 25133
25073 25083 25093 25103 25113 25123 25133
25073 25083 25093 25103 25113 25123 25133
25073 25083 25093 25103 25113 25123 25133
25073 25083 25093 25103 25113 25123 25133
25073 25083 25093 25103 25113 25123 25133
25073 25083 25093 25103 25113 25123 25133
25073 25083 25093 25103 25113 25123 25133
25073 25083 25093 25103 25113 25123 25133
25073 25083 25093 25103 25113 25123 25133
25073 25083 25093 25103 25113 25123 25133
25073 25083 25093 25103 25113 25123 25133
25073 25083 25093 25103 25113 25123 25133
25073 25083 25093 25103 25113 25123 25133
25073 25083 25093 25103 25113 25123 25133
25073 25083 25093 25103 25113 25123 25133
25073 25083 25093 25103 25113 25123 25133
25073 25083 25093 25103 25113 25123 25133
25143 25143 25143 25143 25143 25143 25143 25143
25153 25153 25153 25153 25153 25153 25153 25153
25073 25083 25093 25103 25113 25123 25133
25073 25083 25093 25103 25113 25123 25133
25073 25083 25093 25103 25113 25123 25133
25073 25083 25093 25103 25113 25123 25133
25163 25163 25163 25163 25163 25163 25163 25163
25173 25173 25173 25173 25173 25173 25173 25173
25173 25173 25173 25173 25173 25173 25173 25173
25173 25173 25173 25173 25173 25173 25173 25173
25183 25183 25183 25183 25183 25183 25183 25183
25183 25183 25183 25183 25183 25183 25183 25183
25183 25183 25183 25183 25183 25183 25183 25183
25193 25083 25193 25103 25193 25123 25133
25203 25203 25203 25203 25203 25203 25203 25203
25203 25203 25203 25203 25203 25203 25203 25203
25203 25203 25203 25203 25203 25203 25203 25203
25213 25213 25213 25213 25213 25213 25213 25213
25213 25213 25213 25213 25213 25213 25213 25213
25213 25213 25213 25213 25213 25213 25213 25213
25223 25083 25093 25223 25113 25123 25133
25073 25083 25093 25103 25113 25123 25133
25233 25233 25093 25103 25233 25123 25133
25073 25083 25093 25103 25113 25123 25133
25243 25243 25093 25103 25243 25123 25133
25073 25083 25093 25103 25113 25123 25133
25073 25083 25093 25103 25113 25123 25133
25073 25083 25093 25103 25113 25123 25133
25253 25083 25093 25253 25113 25123 25133
25073 25083 25093 25103 25113 25123 25133
25073 25083 25093 25103 25113 25123 25133
25263 25263 25093 25103 25263 25123 25133
25073 25083 25093 25103 25113 25123 25133
25073 25083 25093 25103 25113 25123 25133
25073 25083 25093 25103 25113 25123 25133
25073 25083 25093 25103 25113 25123 25133
