61581
61581
61581
61581
61581
61581
61581
61581
61581
61581
61581
61581
61581
61581
61581
61581
61581
61581
61581
61581
61581
61581
61581
61581
61581
61581
61581
61581
61581
61581
3332 3382 3392 3402
3332 3382 3392 3402
3332 3382 3392 3402
3332 3382 3392 3402
3332 3382 3392 3402
3332 3382 3392 3402
3332 3382 3392 3402
3332 3382 3392 3402
3332 3382 3392 3402
3332 3382 3392 3402
3332 3382 3392 3402
3332 3382 3392 3402
3332 3382 3392 3402
3332 3382 3392 3402
3332 3382 3392 3402
3332 3382 3392 3402
3332 3382 3392 3402
3332 3382 3392 3402
3332 3382 3392 3402
3332 3382 3392 3402
3332 3382 3392 3402
3332 3382 3392 3402
3332 3382 3392 3402
3332 3382 3392 3402
3332 3382 3392 3402
3332 3382 3392 3402
3332 3382 3392 3402
3332 3382 3392 3402
3332 3382 3392 3402
3332 3382 3392 3402
3332 3382 3392 3402
3332 3382 3392 3402
3332 3382 3392 3402
3332 3382 3392 3402
3332 3382 3392 3402
3332 3382 3392 3402
3332 3382 3392 3402
3332 3382 3392 3402
3342 3342 3342 3342
3352 3352 3352 3352
3332 3382 3392 3402
3362 3362 3362 3362
3362 3362 3362 3362
3332 3382 3392 3402
3332 3382 3392 3402
3372 3372 3372 3372
3332 3382 3392 3402
3332 3382 3392 3402
3332 3382 3392 3402
3332 3382 3392 3402
3673 3723 3733 3743 3753 3763 3773
3673 3723 3733 3743 3753 3763 3773
3673 3723 3733 3743 3753 3763 3773
3673 3723 3733 3743 3753 3763 3773
3673 3723 3733 3743 3753 3763 3773
3673 3723 3733 3743 3753 3763 3773
3673 3723 3733 3743 3753 3763 3773
3673 3723 3733 3743 3753 3763 3773
3673 3723 3733 3743 3753 3763 3773
3673 3723 3733 3743 3753 3763 3773
3673 3723 3733 3743 3753 3763 3773
3673 3723 3733 3743 3753 3763 3773
3673 3723 3733 3743 3753 3763 3773
3673 3723 3733 3743 3753 3763 3773
3673 3723 3733 3743 3753 3763 3773
3673 3723 3733 3743 3753 3763 3773
3673 3723 3733 3743 33173 3763 3773
3673 3723 3733 3743 33173 3763 3773
3673 3723 3733 3743 3753 3763 3773
3673 3723 3733 3743 3753 3763 3773
3673 3723 3733 3743 3753 3763 3773
3673 3723 3733 3743 3753 3763 3773
3673 3723 3733 3743 3753 3763 3773
3673 3723 3733 3743 3753 3763 3773
3673 3723 3733 3743 3753 3763 3773
3673 3723 3733 3743 3753 3763 3773
3673 3723 3733 3743 3753 3763 3773
3673 3723 3733 3743 3753 3763 3773
3673 3723 3733 3743 3753 3763 3773
3673 3723 3733 3743 3753 3763 3773
3673 3723 3733 3743 3753 3763 3773
3673 3723 3733 3743 3753 3763 3773
3673 3723 3733 3743 3753 3763 3773
3673 3723 3733 3743 3753 3763 3773
3673 3723 3733 3743 3753 3763 3773
3673 3723 3733 3743 3753 3763 3773
3673 3723 3733 3743 3753 3763 3773
3673 3723 3733 3743 3753 3763 3773
3673 3723 3733 3743 3753 3763 3773
3673 3723 3733 3743 3753 3763 3773
3673 3723 3733 3743 3753 3763 3773
3673 3723 3733 3743 3753 3763 3773
3673 3723 3733 3743 3753 3763 3773
3673 3723 3733 3743 3753 3763 3773
3673 3723 3733 3743 3753 3763 3773
3683 3683 3683 3683 3683 3683 3683
3693 3693 3693 3693 3693 3693 3693
3673 3723 3733 3743 3753 3763 3773
3703 3703 3703 3703 33173 3703 3703
3703 3703 3703 3703 3703 3703 3703
3673 3723 3733 3743 3753 3763 3773
3673 3723 3733 3743 3753 3763 3773
3673 3723 3733 3743 3753 3763 3773
3673 3723 3733 3743 3753 3763 3773
3673 3723 3733 3743 3753 3763 3773
3713 3713 3713 3713 3713 3713 3713
3713 3713 3713 3713 3713 3713 3713
3713 3713 3713 3713 3713 3713 3713
3673 3723 3733 3743 3753 3763 3773
3673 3723 3733 3743 3753 3763 3773
3673 3723 3733 3743 3753 3763 3773
3673 3723 3733 3743 3753 3763 3773
3673 3723 3733 3743 3753 3763 3773
3673 3723 3733 3743 3753 3763 3773
3673 3723 3733 3743 3753 3763 3773
3673 3723 3733 3743 3753 3763 3773
3673 3723 3733 3743 3753 3763 3773
49034
49034
49034
49034
49034
49034
49034
49034
49034
49034
49034
49034
49034
49034
49034
49034
49034
49034
49034
49034
49034
49034
49034
49034
49034
49034
49034
49034
