29361
29361
29361
29361
29361
29361
29361
29361
29361
29361
29361
29361
29361
29361
29361
29361
29361
29361
29361
29361
29361
29361
29361
29361
29361
29361
29361
29361
29361
29361
1192
1192
1192
1192
1192
1192
1192
1192
1192
1192
1192
1192
1192
1192
1192
1192
1192
1192
1192
1192
1192
1192
1192
1192
1192
1192
1192
1192
1192
1192
1192
1192
1192
1192
1192
1192
1192
1192
1192
1192
1192
1192
1192
1192
1192
1192
1192
1192
1192
1192
1273 12123 12133 12143 12153 12163 12173
1273 12123 12133 12143 12153 12163 12173
1273 12123 12133 12143 12153 12163 12173
1273 12123 12133 12143 12153 12163 12173
1273 12123 12133 12143 12153 12163 12173
1273 12123 12133 12143 12153 12163 12173
1273 12123 12133 12143 12153 12163 12173
1273 12123 12133 12143 12153 12163 12173
1273 12123 12133 12143 12153 12163 12173
1273 12123 12133 12143 12153 12163 12173
1273 12123 12133 12143 12153 12163 12173
1273 12123 12133 12143 12153 12163 12173
1273 12123 12133 12143 12153 12163 12173
1273 12123 12133 12143 12153 12163 12173
1273 12123 12133 12143 12153 12163 12173
1273 12123 12133 12143 12153 12163 12173
1273 12123 12133 12143 12153 12163 12173
1273 12123 12133 12143 12153 12163 12173
1273 12123 12133 12143 12153 12163 12173
1273 12123 12133 12143 12153 12163 12173
1273 12123 12133 12143 12153 12163 12173
1273 12123 12133 12143 12153 12163 12173
1273 12123 12133 12143 12153 12163 12173
1273 12123 12133 12143 12153 12163 12173
1273 12123 12133 12143 12153 12163 12173
1273 12123 12133 12143 12153 12163 12173
1273 12123 12133 12143 12153 12163 12173
1273 12123 12133 12143 12153 12163 12173
1273 12123 12133 12143 12153 12163 12173
1273 12123 12133 12143 12153 12163 12173
1273 12123 12133 12143 12153 12163 12173
1273 12123 12133 12143 12153 12163 12173
1273 12123 12133 12143 12153 12163 12173
1273 12123 12133 12143 12153 12163 12173
1273 12123 12133 12143 12153 12163 12173
1273 12123 12133 12143 12153 12163 12173
1273 12123 12133 12143 12153 12163 12173
1273 12123 12133 12143 12153 12163 12173
1273 12123 12133 12143 12153 12163 12173
1273 12123 12133 12143 12153 12163 12173
1273 12123 12133 12143 12153 12163 12173
1273 12123 12133 12143 12153 12163 12173
1273 12123 12133 12143 12153 12163 12173
1273 12123 12133 12143 12153 12163 12173
1273 12123 12133 12143 12153 12163 12173
1273 12123 12133 12143 12153 12163 12173
1273 12123 12133 12143 12153 12163 12173
1273 12123 12133 12143 12153 12163 12173
1273 12123 12133 12143 12153 12163 12173
1273 12123 12133 12143 12153 12163 12173
1273 12123 12133 12143 12153 12163 12173
1273 12123 12133 12143 12153 12163 12173
1273 12123 12133 12143 12153 12163 12173
1273 12123 12133 12143 12153 12163 12173
1273 12123 12133 12143 12153 12163 12173
1273 12123 12133 12143 12153 12163 12173
1273 12123 12133 12143 12153 12163 12173
1273 12123 12133 12143 12153 12163 12173
1273 12123 12133 12143 12153 12163 12173
1273 12123 12133 12143 12153 12163 12173
1273 12123 12133 12143 12153 12163 12173
1273 12123 12133 12143 12153 12163 12173
1273 12123 12133 12143 12153 12163 12173
1273 12123 12133 12143 12153 12163 12173
1273 12123 12133 12143 12153 12163 12173
1273 12123 12133 12143 12153 12163 12173
1273 12123 12133 12143 12153 12163 12173
23244
23244
23244
23244
23244
23244
23244
23244
23244
23244
23244
23244
23244
23244
23244
23244
23244
23244
23244
23244
23244
23244
23244
23244
23244
23244
23244
23244
