38781
38781
38781
38781
38781
38781
38781
38781
38781
38781
38781
38781
38781
38781
38781
38781
38781
38781
38781
38781
38781
38781
38781
38781
38781
38781
38781
38781
38781
38781
3092 12552 12562 12572 12582 12592 12602
3092 12552 12562 12572 12582 12592 12602
3092 12552 12562 12572 12582 12592 12602
3092 12552 12562 12572 12582 12592 12602
3092 12552 12562 12572 12582 12592 12602
3092 12552 12562 12572 12582 12592 12602
3092 12552 12562 12572 12582 12592 12602
3092 12552 12562 12572 12582 12592 12602
3092 12552 12562 12572 12582 12592 12602
3092 12552 12562 12572 12582 12592 12602
3092 12552 12562 12572 12582 12592 12602
3092 12552 12562 12572 12582 12592 12602
3092 12552 12562 12572 12582 12592 12602
3092 12552 12562 12572 12582 12592 12602
3092 12552 12562 12572 12582 12592 12602
3092 12552 12562 12572 12582 12592 12602
3092 12552 12562 12572 12582 12592 12602
3092 12552 12562 12572 12582 12592 12602
3092 12552 12562 12572 12582 12592 12602
3092 12552 12562 12572 12582 12592 12602
3092 12552 12562 12572 12582 12592 12602
3092 12552 12562 12572 12582 12592 12602
3092 12552 12562 12572 12582 12592 12602
3092 12552 12562 12572 12582 12592 12602
3092 12552 12562 12572 12582 12592 12602
3092 12552 12562 12572 12582 12592 12602
3092 12552 12562 12572 12582 12592 12602
3092 12552 12562 12572 12582 12592 12602
3092 12552 12562 12572 12582 12592 12602
3092 12552 12562 12572 12582 12592 12602
3092 12552 12562 12572 12582 12592 12602
3092 12552 12562 12572 12582 12592 12602
3092 12552 12562 12572 12582 12592 12602
3092 12552 12562 12572 12582 12592 12602
3092 12552 12562 12572 12582 12592 12602
3092 12552 12562 12572 12582 12592 12602
3092 12552 12562 12572 12582 12592 12602
3092 12552 12562 12572 12582 12592 12602
3092 12552 12562 12572 12582 12592 12602
3092 12552 12562 12572 12582 12592 12602
3092 12552 12562 12572 12582 12592 12602
3092 12552 12562 12572 12582 12592 12602
3092 12552 12562 12572 12582 12592 12602
3092 12552 12562 12572 12582 12592 12602
3092 12552 12562 12572 12582 12592 12602
3092 12552 12562 12572 12582 12592 12602
3092 12552 12562 12572 12582 12592 12602
3092 12552 12562 12572 12582 12592 12602
3092 12552 12562 12572 12582 12592 12602
3092 12552 12562 12572 12582 12592 12602
3092 12552 12562 12572 12582 12592 12602
3092 12552 12562 12572 12582 12592 12602
3092 12552 12562 12572 12582 12592 12602
3092 12552 12562 12572 12582 12592 12602
3092 12552 12562 12572 12582 12592 12602
3092 12552 12562 12572 12582 12592 12602
3092 12552 12562 12572 12582 12592 12602
3092 12552 12562 12572 12582 12592 12602
3092 12552 12562 12572 12582 12592 12602
3092 12552 12562 12572 12582 12592 12602
3092 12552 12562 12572 12582 12592 12602
3092 12552 12562 12572 12582 12592 12602
3092 12552 12562 12572 12582 12592 12602
3092 12552 12562 12572 12582 12592 12602
3092 12552 12562 12572 12582 12592 12602
3092 12552 12562 12572 12582 12592 12602
3092 12552 12562 12572 12582 12592 12602
16813 16823 16833 16843 16853 16863 16873 16883
16813 16823 16833 16843 16853 16863 16873 16883
16813 16823 16833 16843 16853 16863 16873 16883
16813 16823 16833 16843 16853 16863 16873 16883
16813 16823 16833 16843 16853 16863 16873 16883
16813 16823 16833 16843 16853 16863 16873 16883
16813 16823 16833 16843 16853 16863 16873 16883
16813 16823 16833 16843 16853 16863 16873 16883
16813 16823 16833 16843 16853 16863 16873 16883
16813 16823 16833 16843 16853 16863 16873 16883
16813 16823 16833 16843 16853 16863 16873 16883
16813 16823 16833 16843 16853 16863 16873 16883
16813 16823 16833 16843 16853 16863 16873 16883
16813 16823 16833 16843 16853 16863 16873 16883
16813 16823 16833 16843 16853 16863 16873 16883
16813 16823 16833 16843 16853 16863 16873 16883
16813 16823 16833 16843 16853 16863 16873 16883
16813 16823 16833 16843 16853 16863 16873 16883
16813 16823 16833 16843 16853 16863 16873 16883
16813 16823 16833 16843 16853 16863 16873 16883
16813 16823 16833 16843 16853 16863 16873 16883
16813 16823 16833 16843 16853 16863 16873 16883
16813 16823 16833 16843 16853 16863 16873 16883
16813 16823 16833 16843 16853 16863 16873 16883
16813 16823 16833 16843 16853 16863 16873 16883
16813 16823 16833 16843 16853 16863 16873 16883
16813 16823 16833 16843 16853 16863 16873 16883
16813 16823 16833 16843 16853 16863 16873 16883
16813 16823 16833 16843 16853 16863 16873 16883
16813 16823 16833 16843 16853 16863 16873 16883
16813 16823 16833 16843 16853 16863 16873 16883
16813 16823 16833 16843 16853 16863 16873 16883
16813 16823 16833 16843 16853 16863 16873 16883
16813 16823 16833 16843 16853 16863 16873 16883
16813 16823 16833 16843 16853 16863 16873 16883
16813 16823 16833 16843 16853 16863 16873 16883
16813 16823 16833 16843 16853 16863 16873 16883
16813 16823 16833 16843 16853 16863 16873 16883
16813 16823 16833 16843 16853 16863 16873 16883
16813 16823 16833 16843 16853 16863 16873 16883
16813 16823 16833 16843 16853 16863 16873 16883
16813 16823 16833 16843 16853 16863 16873 16883
16813 16823 16833 16843 16853 16863 16873 16883
16813 16823 16833 16843 16853 16863 16873 16883
16813 16823 16833 16843 16853 16863 16873 16883
16813 16823 16833 16843 16853 16863 16873 16883
16813 16823 16833 16843 16853 16863 16873 16883
16813 16823 16833 16843 16853 16863 16873 16883
16813 16823 16833 16843 16853 16863 16873 16883
16813 16823 16833 16843 16853 16863 16873 16883
16813 16823 16833 16843 16853 16863 16873 16883
16813 16823 16833 16843 16853 16863 16873 16883
16813 16823 16833 16843 16853 16863 16873 16883
16813 16823 16833 16843 16853 16863 16873 16883
16813 16823 16833 16843 16853 16863 16873 16883
16813 16823 16833 16843 16853 16863 16873 16883
16813 16823 16833 16843 16853 16863 16873 16883
16813 16823 16833 16843 16853 16863 16873 16883
16813 16823 16833 16843 16853 16863 16873 16883
16813 16823 16833 16843 16853 16863 16873 16883
16893 16823 16833 16893 16853 16863 16873 16883
16813 16823 16833 16843 16853 16863 16873 16883
16813 16823 16833 16843 16853 16863 16873 16883
16893 16823 16833 16893 16853 16863 16873 16883
16893 16823 16833 16893 16853 16863 16873 16883
16893 16823 16833 16893 16853 16863 16873 16883
16893 16823 16833 16893 16853 16863 16873 16883
16813 16823 16833 16843 16853 16863 16873 16883
16813 16823 16833 16843 16853 16863 16873 16883
16893 16823 16833 16893 16853 16863 16873 16883
16893 16823 16833 16893 16853 16863 16873 16883
16813 16823 16833 16843 16853 16863 16873 16883
16813 16823 16833 16843 16853 16863 16873 16883
16893 16823 16833 16893 16853 16863 16873 16883
16893 16823 16833 16893 16853 16863 16873 16883
16893 16823 16833 16893 16853 16863 16873 16883
16813 16823 16833 16843 16853 16863 16873 16883
16813 16823 16833 16843 16853 16863 16873 16883
16893 16823 16833 16893 16853 16863 16873 16883
16893 16823 16833 16893 16853 16863 16873 16883
16813 16823 16833 16843 16853 16863 16873 16883
16813 16823 16833 16843 16853 16863 16873 16883
16813 16823 16833 16843 16853 16863 16873 16883
16813 16823 16833 16843 16853 16863 16873 16883
16813 16823 16833 16843 16853 16863 16873 16883
16813 16823 16833 16843 16853 16863 16873 16883
16813 16823 16833 16843 16853 16863 16873 16883
16813 16823 16833 16843 16853 16863 16873 16883
16813 16823 16833 16843 16853 16863 16873 16883
16813 16823 16833 16843 16853 16863 16873 16883
