84621
84621
84621
84621
84621
84621
84621
84621
84621
84621
84621
84621
84621
84621
84621
84621
84621
84621
84621
84621
84621
84621
84621
84621
84621
84621
84621
84621
84621
84621
9902 9952 9962 9972 9982 9992 10002
9902 9952 9962 9972 9982 9992 10002
9902 9952 9962 9972 9982 9992 10002
9902 9952 9962 9972 9982 9992 10002
9902 9952 9962 9972 9982 9992 10002
9902 9952 9962 9972 9982 9992 10002
9902 9952 9962 9972 9982 9992 10002
9902 9952 9962 9972 9982 9992 10002
9902 9952 9962 9972 9982 9992 10002
9902 9952 9962 9972 9982 9992 10002
9902 9952 9962 9972 9982 9992 10002
9902 9952 9962 9972 9982 9992 10002
9902 9952 9962 9972 9982 9992 10002
9902 9952 9962 9972 9982 9992 10002
9902 9952 9962 9972 9982 9992 10002
9902 9952 9962 9972 9982 9992 10002
9902 9952 9962 9972 33262 9992 10002
9902 9952 9962 9972 33262 9992 10002
9902 9952 9962 9972 9982 9992 10002
9902 9952 9962 9972 9982 9992 10002
9902 9952 9962 9972 9982 9992 10002
9902 9952 9962 9972 9982 9992 10002
9902 9952 9962 9972 9982 9992 10002
9902 9952 9962 9972 9982 9992 10002
9902 9952 9962 9972 9982 9992 10002
9902 9952 9962 9972 9982 9992 10002
9902 9952 9962 9972 9982 9992 10002
9902 9952 9962 9972 9982 9992 10002
9902 9952 9962 9972 9982 9992 10002
9902 9952 9962 9972 9982 9992 10002
9902 9952 9962 9972 9982 9992 10002
9902 9952 9962 9972 9982 9992 10002
9902 9952 9962 9972 9982 9992 10002
9902 9952 9962 9972 9982 9992 10002
9902 9952 9962 9972 9982 9992 10002
9902 9952 9962 9972 9982 9992 10002
9902 9952 9962 9972 9982 9992 10002
9902 9952 9962 9972 9982 9992 10002
9902 9952 9962 9972 9982 9992 10002
9902 9952 9962 9972 9982 9992 10002
9902 9952 9962 9972 9982 9992 10002
9902 9952 9962 9972 9982 9992 10002
9902 9952 9962 9972 9982 9992 10002
9902 9952 9962 9972 9982 9992 10002
9902 9952 9962 9972 9982 9992 10002
9912 9912 9912 9912 9912 9912 9912
9922 9922 9922 9922 9922 9922 9922
9902 9952 9962 9972 9982 9992 10002
9932 9932 9932 9932 33262 9932 9932
9932 9932 9932 9932 9932 9932 9932
9902 9952 9962 9972 9982 9992 10002
9902 9952 9962 9972 9982 9992 10002
9902 9952 9962 9972 9982 9992 10002
9902 9952 9962 9972 9982 9992 10002
9902 9952 9962 9972 9982 9992 10002
9942 9942 9942 9942 9942 9942 9942
9942 9942 9942 9942 9942 9942 9942
9942 9942 9942 9942 9942 9942 9942
9902 9952 9962 9972 9982 9992 10002
9902 9952 9962 9972 9982 9992 10002
9902 9952 9962 9972 9982 9992 10002
9902 9952 9962 9972 9982 9992 10002
9902 9952 9962 9972 9982 9992 10002
9902 9952 9962 9972 9982 9992 10002
9902 9952 9962 9972 9982 9992 10002
9902 9952 9962 9972 9982 9992 10002
9902 9952 9962 9972 9982 9992 10002
35263 35273 35283 35293 35303 35313 35323 35333
35263 35273 35283 35293 35303 35313 35323 35333
35263 35273 35283 35293 35303 35313 35323 35333
35263 35273 35283 35293 35303 35313 35323 35333
35263 35273 35283 35293 35303 35313 35323 35333
35263 35273 35283 35293 35303 35313 35323 35333
35263 35273 35283 35293 35303 35313 35323 35333
35263 35273 35283 35293 35303 35313 35323 35333
35263 35273 35283 35293 35303 35313 35323 35333
35263 35273 35283 35293 35303 35313 35323 35333
35263 35273 35283 35293 35303 35313 35323 35333
35263 35273 35283 35293 35303 35313 35323 35333
35263 35273 35283 35293 35303 35313 35323 35333
35263 35273 35283 35293 35303 35313 35323 35333
35263 35273 35283 35293 35303 35313 35323 35333
35263 35273 35283 35293 35503 35503 35323 35333
35263 35273 35283 35293 35503 35503 35323 35333
35263 35273 35283 35293 35503 35503 35323 35333
35263 35273 35283 35293 35303 35313 35323 35333
35263 35273 35283 35293 35303 35313 35323 35333
35263 35273 35283 35293 35303 35313 35323 35333
35263 35273 35283 35293 35303 35313 35323 35333
35263 35273 35283 35293 35303 35313 35323 35333
35263 35273 35283 35293 35303 35313 35323 35333
35263 35273 35283 35293 35303 35313 35323 35333
35263 35273 35283 35293 35303 35313 35323 35333
35263 35273 35283 35293 35303 35313 35323 35333
35263 35273 35283 35293 35303 35313 35323 35333
35263 35273 35283 35293 35303 35313 35323 35333
35263 35273 35283 35293 35303 35313 35323 35333
35263 35273 35283 35293 35303 35313 35323 35333
35263 35273 35283 35293 35303 35313 35323 35333
35263 35273 35283 35293 35303 35313 35323 35333
35263 35273 35283 35293 35303 35313 35323 35333
35263 35273 35283 35293 35303 35313 35323 35333
35263 35273 35283 35293 35303 35313 35323 35333
35263 35273 35283 35293 35303 35313 35323 35333
35263 35273 35283 35293 35303 35313 35323 35333
35263 35273 35283 35293 35303 35313 35323 35333
35263 35273 35283 35293 35303 35313 35323 35333
35263 35273 35283 35293 35303 35313 35323 35333
35263 35273 35283 35293 35303 35313 35323 35333
35263 35273 35283 35293 35303 35313 35323 35333
35263 35273 35283 35293 35303 35313 35323 35333
35263 35273 35283 35293 35303 35313 35323 35333
35263 35273 35283 35293 35303 35313 35323 35333
35263 35273 35283 35293 35303 35313 35323 35333
35343 35273 35283 35343 35303 35313 35323 35343
35363 35273 35283 35363 35303 35313 35323 35363
35263 35273 35283 35293 35303 35313 35323 35333
35353 35353 35353 35353 35353 35353 35353 35353
35353 35353 35353 35353 35353 35353 35353 35353
35343 35343 35343 35343 35343 35313 35323 35333
35263 35273 35283 35293 35303 35313 35323 35333
35343 35343 35283 35343 35343 35313 35323 35333
35263 35273 35283 35293 35303 35313 35323 35333
35393 35273 35283 35393 35393 35393 35393 35393
35403 35273 35283 35403 35303 35313 35323 35403
35413 35273 35283 35293 35303 35313 35323 35413
35423 35273 35283 35423 35303 35313 35323 35333
35263 35273 35283 35293 35303 35313 35323 35333
35263 35273 35283 35293 35303 35313 35323 35333
35433 35273 35283 35433 35303 35313 35323 35333
35263 35273 35283 35293 35303 35313 35323 35333
35433 35433 35433 35433 35433 35433 35433 35433
35433 35433 35433 35433 35433 35433 35433 35433
35433 35433 35433 35433 35433 35433 35433 35433
35263 35273 35283 35293 35303 35313 35323 35333
35443 35273 35283 35443 35303 35313 35323 35333
35263 35273 35283 35293 35303 35313 35323 35333
35443 35273 35283 35293 35303 35313 35323 35443
35263 35273 35283 35293 35303 35313 35323 35333
35343 35273 35283 35343 35303 35313 35323 35333
35263 35273 35283 35293 35303 35313 35323 35333
35263 35273 35283 35293 35303 35313 35323 35333
35263 35273 35283 35293 35303 35313 35323 35333
35263 35273 35283 35293 35303 35313 35323 35333
35463 35273 35283 35463 35303 35313 35323 35333
35263 35273 35283 35293 35303 35313 35323 35333
35463 35273 35283 35463 35463 35463 35463 35463
35263 35273 35283 35293 35303 35313 35323 35333
35343 35343 35283 35343 35343 35313 35323 35333
35263 35273 35283 35293 35303 35313 35323 35333
35263 35273 35283 35293 35303 35313 35323 35333
35473 35273 35283 35473 35473 35473 35473 35473
35453 35273 35283 35453 35453 35453 35453 35453
35373 35273 35283 35293 35303 35313 35323 35333
35383 35273 35283 35293 35303 35313 35323 35333
35483 35273 35503 35483 35503 35503 35503 35503
35493 35273 35283 35293 35303 35313 35323 35333
