84591
84591
84591
84591
84591
84591
84591
84591
84591
84591
84591
84591
84591
84591
84591
84591
84591
84591
84591
84591
84591
84591
84591
84591
84591
84591
84591
84591
84591
84591
62712 62722 62732
62712 62722 62732
62712 62722 62732
62712 62722 62732
62712 62722 62732
62712 62722 62732
62712 62722 62732
62712 62722 62732
62712 62722 62732
62712 62722 62732
62712 62722 62732
62712 62722 62732
62712 62722 62732
62712 62722 62732
62712 62722 62732
62712 62722 62732
62712 62722 62732
62712 62722 62732
62712 62722 62732
62712 62722 62732
62712 62722 62732
62712 62722 62732
62712 62722 62732
62712 62722 62732
62712 62722 62732
62712 62722 62732
62712 62722 62732
62712 62722 62732
62712 62722 62732
62712 62722 62732
62712 62722 62732
62712 62722 62732
62712 62722 62732
62712 62722 62732
62712 62722 62732
62712 62722 62732
62712 62722 62732
62742 62742 62742
62752 62752 62752
62712 62722 62732
62712 62722 62732
62712 62722 62732
62712 62722 62732
62712 62722 62732
62712 62722 62732
62712 62722 62732
62712 62722 62732
62712 62722 62732
62712 62722 62732
62763 62783 62793 62803 62813
62763 62783 62793 62803 62813
62763 62783 62793 62803 62813
62763 62783 62793 62803 62813
62763 62783 62793 62803 62813
62763 62783 62793 62803 62813
62763 62783 62793 62803 62813
62763 62783 62793 62803 62813
62763 62783 62793 62803 62813
62763 62783 62793 62803 62813
62763 62783 62793 62803 62813
62763 62783 62793 62803 62813
62763 62783 62793 62803 62813
62763 62783 62793 62803 62813
62763 62783 62793 62803 62813
62763 62783 62793 62803 62883
62763 62783 62793 62803 62883
62763 62783 62793 62803 62883
62763 62783 62793 62803 62813
62763 62783 62793 62803 62813
62763 62783 62793 62803 62813
62763 62783 62793 62803 62813
62763 62783 62793 62803 62813
62763 62783 62793 62803 62813
62763 62783 62793 62803 62813
62763 62783 62793 62803 62813
62763 62783 62793 62803 62813
62763 62783 62793 62803 62813
62763 62783 62793 62803 62813
62763 62783 62793 62803 62813
62763 62783 62793 62803 62813
62763 62783 62793 62803 62813
62763 62783 62793 62803 62813
62763 62783 62793 62803 62813
62763 62783 62793 62803 62813
62763 62783 62793 62803 62813
62763 62783 62793 62803 62813
62763 62783 62793 62803 62813
62763 62783 62793 62803 62813
62763 62783 62793 62803 62813
62763 62783 62793 62803 62813
62763 62783 62793 62803 62813
62763 62783 62793 62803 62813
62763 62783 62793 62803 62813
62763 62783 62793 62803 62813
62763 62783 62793 62803 62813
62763 62783 62793 62803 62813
62773 62773 62773 62803 62813
62763 62783 62793 62803 62813
62763 62783 62793 62803 62813
62763 62783 62793 62803 62813
62763 62783 62793 62803 62813
62763 62783 62793 62803 62813
62763 62783 62793 62803 62813
62763 62783 62793 62803 62813
62763 62783 62793 62803 62813
62763 62843 62793 62803 62813
62763 62783 62793 62803 62813
62763 62783 62793 62803 62813
62853 62853 62853 62803 62813
62763 62783 62793 62803 62813
62763 62783 62793 62803 62813
62863 62863 62863 62803 62813
62873 62873 62873 62873 62873
62873 62873 62873 62873 62873
62873 62873 62873 62873 62873
62763 62783 62793 62803 62813
