38751
38751
38751
38751
38751
38751
38751
38751
38751
38751
38751
38751
38751
38751
38751
38751
38751
38751
38751
38751
38751
38751
38751
38751
38751
38751
38751
38751
38751
38751
29882
29882
29882
29882
29882
29882
29882
29882
29882
29882
29882
29882
29882
29882
29882
29882
29882
29882
29882
29882
29882
29882
29882
29882
29882
29882
29882
29882
29882
29882
29882
29882
29882
29882
29882
29882
29882
29882
29882
29882
29882
29882
29882
29882
29882
29882
29882
29882
29882
29893 29903 29913 29923 29943 29933
29893 29903 29913 29923 29943 29933
29893 29903 29913 29923 29943 29933
29893 29903 29913 29923 29943 29933
29893 29903 29913 29923 29943 29933
29893 29903 29913 29923 29943 29933
29893 29903 29913 29923 29943 29933
29893 29903 29913 29923 29943 29933
29893 29903 29913 29923 29943 29933
29893 29903 29913 29923 29943 29933
29893 29903 29913 29923 29943 29933
29893 29903 29913 29923 29943 29933
29893 29903 29913 29923 29943 29933
29893 29903 29913 29923 29943 29933
29893 29903 29913 29923 29943 29933
29893 29903 29913 29923 29943 29933
29893 29903 29913 29923 29943 29933
29893 29903 29913 29923 29943 29933
29893 29903 29913 29923 29943 29933
29893 29903 29913 29923 29943 29933
29893 29903 29913 29923 29943 29933
29893 29903 29913 29923 29943 29933
29893 29903 29913 29923 29943 29933
29893 29903 29913 29923 29943 29933
29893 29903 29913 29923 29943 29933
29893 29903 29913 29923 29943 29933
29893 29903 29913 29923 29943 29933
29893 29903 29913 29923 29943 29933
29893 29903 29913 29923 29943 29933
29893 29903 29913 29923 29943 29933
29893 29903 29913 29923 29943 29933
29893 29903 29913 29923 29943 29933
29893 29903 29913 29923 29943 29933
29893 29903 29913 29923 29943 29933
29893 29903 29913 29923 29943 29933
29893 29903 29913 29923 29943 29933
29893 29903 29913 29923 29943 29933
29893 29903 29913 29923 29943 29933
29893 29903 29913 29923 29943 29933
29893 29903 29913 29923 29943 29933
29893 29903 29913 29923 29943 29933
29893 29903 29913 29923 29943 29933
29893 29903 29913 29923 29943 29933
29893 29903 29913 29923 29943 29933
29893 29903 29913 29923 29943 29933
29893 29903 29913 29923 29943 29933
29893 29903 29913 29923 29943 29933
29893 29903 29913 29923 29943 29933
29893 29903 29913 29923 29943 29933
29893 29903 29913 29923 29943 29933
29893 29903 29913 29923 29943 29933
29893 29903 29913 29923 29943 29933
29893 29903 29913 29923 29943 29933
29893 29903 29913 29923 29943 29933
29893 29903 29913 29923 29943 29933
29893 29903 29913 29923 29943 29933
29893 29903 29913 29923 29943 29933
29893 29903 29913 29923 29943 29933
29893 29903 29913 29923 29943 29933
29893 29903 29913 29923 29943 29933
29893 29903 29913 29923 29943 29933
29893 29903 29913 29923 29943 29933
29893 29903 29913 29923 29943 29933
29893 29903 29913 29923 29943 29933
29893 29903 29913 29923 29943 29933
29893 29903 29913 29923 29943 29933
29893 29903 29913 29923 29943 29933
