100 200 300 400 500 600 700 200 300
70 70 70 60 90 70 60 70 70
40 90 95 70 90 90 70 80 80
80 80 25 60 90 90 65 60 40
100 100 100 100 100 100 100 100 100
30 10 40 20 90 70 40 15 40
50 70 30 20 90 60 30 50 20
20 80 80 30 90 60 40 70 70
50 60 50 20 90 70 30 50 5
60 60 60 80 80 80 90 60 60
10 5 15 60 60 60 90 90 50
90 90 90 70 70 70 90 90 90
80 80 80 40 40 40 90 5 5
80 90 90 90 90 90 90 90 90
90 30 20 60 60 60 90 10 90
90 90 90 70 70 70 90 90 90
10 10 10 60 60 60 90 10 10
35 35 35 35 35 35 35 35 35
