120 240 360 480 600 720 840 240 360
84 84 84 72 108 84 72 84 84
60 95 100 70 90 90 90 90 90
90 90 60 70 90 90 90 80 60
120 120 120 120 120 120 120 120 120
90 40 90 50 90 90 70 60 90
80 90 60 50 90 90 70 90 40
40 90 90 60 90 90 70 80 80
90 90 90 60 90 90 90 90 40
60 60 60 80 80 80 90 60 60
10 5 15 60 60 60 90 90 10
90 90 90 70 70 70 90 90 90
55 55 55 40 40 40 90 5 5
25 40 40 90 90 90 90 90 90
90 90 90 90 90 90 90 90 90
90 90 90 70 70 70 90 90 90
10 10 10 60 60 60 90 10 10
35 35 35 35 35 35 35 35 35
