84601
84601
84601
84601
84601
84601
84601
84601
84601
84601
84601
84601
84601
84601
84601
84601
84601
84601
84601
84601
84601
84601
84601
84601
84601
84601
84601
84601
84601
84601
10342 10392 10402 10412 10422 10432 10442
10342 10392 10402 10412 10422 10432 10442
10342 10392 10402 10412 10422 10432 10442
10342 10392 10402 10412 10422 10432 10442
10342 10392 10402 10412 10422 10432 10442
10342 10392 10402 10412 10422 10432 10442
10342 10392 10402 10412 10422 10432 10442
10342 10392 10402 10412 10422 10432 10442
10342 10392 10402 10412 10422 10432 10442
10342 10392 10402 10412 10422 10432 10442
10342 10392 10402 10412 10422 10432 10442
10342 10392 10402 10412 10422 10432 10442
10342 10392 10402 10412 10422 10432 10442
10342 10392 10402 10412 10422 10432 10442
10342 10392 10402 10412 10422 10432 10442
10342 10392 10402 10412 10422 10432 10442
10342 10392 10402 10412 33302 10432 10442
10342 10392 10402 10412 33302 10432 10442
10342 10392 10402 10412 10422 10432 10442
10342 10392 10402 10412 10422 10432 10442
10342 10392 10402 10412 10422 10432 10442
10342 10392 10402 10412 10422 10432 10442
10342 10392 10402 10412 10422 10432 10442
10342 10392 10402 10412 10422 10432 10442
10342 10392 10402 10412 10422 10432 10442
10342 10392 10402 10412 10422 10432 10442
10342 10392 10402 10412 10422 10432 10442
10342 10392 10402 10412 10422 10432 10442
10342 10392 10402 10412 10422 10432 10442
10342 10392 10402 10412 10422 10432 10442
10342 10392 10402 10412 10422 10432 10442
10342 10392 10402 10412 10422 10432 10442
10342 10392 10402 10412 10422 10432 10442
10342 10392 10402 10412 10422 10432 10442
10342 10392 10402 10412 10422 10432 10442
10342 10392 10402 10412 10422 10432 10442
10342 10392 10402 10412 10422 10432 10442
10342 10392 10402 10412 10422 10432 10442
10342 10392 10402 10412 10422 10432 10442
10342 10392 10402 10412 10422 10432 10442
10342 10392 10402 10412 10422 10432 10442
10342 10392 10402 10412 10422 10432 10442
10342 10392 10402 10412 10422 10432 10442
10342 10392 10402 10412 10422 10432 10442
10342 10392 10402 10412 10422 10432 10442
10352 10352 10352 10352 10352 10352 10352
10362 10362 10362 10362 10362 10362 10362
10342 10392 10402 10412 10422 10432 10442
10372 10372 10372 10372 33302 10372 10372
10372 10372 10372 10372 10372 10372 10372
10342 10392 10402 10412 10422 10432 10442
10342 10392 10402 10412 10422 10432 10442
10342 10392 10402 10412 10422 10432 10442
10342 10392 10402 10412 10422 10432 10442
10342 10392 10402 10412 10422 10432 10442
10382 10382 10382 10382 10382 10382 10382
10382 10382 10382 10382 10382 10382 10382
10382 10382 10382 10382 10382 10382 10382
10342 10392 10402 10412 10422 10432 10442
10342 10392 10402 10412 10422 10432 10442
10342 10392 10402 10412 10422 10432 10442
10342 10392 10402 10412 10422 10432 10442
10342 10392 10402 10412 10422 10432 10442
10342 10392 10402 10412 10422 10432 10442
10342 10392 10402 10412 10422 10432 10442
10342 10392 10402 10412 10422 10432 10442
10342 10392 10402 10412 10422 10432 10442
12843 12853 12863 12873 29713
12843 12853 12863 12873 29713
12843 12853 12863 12873 29713
12843 12853 12863 12873 29713
12843 12853 12863 12873 29713
12843 12853 12863 12873 29713
12843 12853 12863 12873 29713
12843 12853 12863 12873 29713
12843 12853 12863 12873 29713
12843 12853 12863 12873 29713
12843 12853 12863 12873 29713
12843 12853 12863 12873 29713
12843 12853 12863 12873 29713
12843 12853 12863 12873 29713
12843 12853 12863 12873 29713
12843 33923 12863 33923 29713
12843 33923 12863 33923 29713
12843 33923 12863 33923 29713
12843 12853 12863 12873 29713
12843 12853 12863 12873 29713
12843 12853 12863 12873 29713
12843 12853 12863 12873 29713
12843 12853 12863 12873 29713
12843 12853 12863 12873 29713
12843 12853 12863 12873 29713
12843 12853 12863 12873 29713
12843 12853 12863 12873 29713
12843 12853 12863 12873 29713
12843 12853 12863 12873 29713
12843 12853 12863 12873 29713
12843 12853 12863 12873 29713
12843 12853 12863 12873 29713
12843 12853 12863 12873 29713
12843 12853 12863 12873 29713
12843 12853 12863 12873 29713
12843 12853 12863 12873 29713
12843 12853 12863 12873 29713
12843 12853 12863 12873 29713
12843 12853 12863 12873 29713
12843 12853 12863 12873 29713
12843 12853 12863 12873 29713
12843 12853 12863 12873 29713
12843 12853 12863 12873 29713
12843 12853 12863 12873 29713
12843 12853 12863 12873 29713
12843 12853 12863 12873 29713
12843 12853 12863 12873 29713
12893 12893 12893 12893 12893
12843 12853 12863 12873 29713
12903 12903 12903 12903 12903
12913 12913 12913 12913 12913
12923 12923 12923 12923 12923
12923 12923 12923 12923 12923
12923 12923 12923 12923 12923
12843 12853 12863 12873 29713
12843 12853 12863 12873 29713
12843 12853 12863 12873 29713
12933 12933 12933 12933 12933
12843 12853 12863 12873 29713
12843 12853 12863 12873 29713
12843 12853 33933 12873 29713
12843 12853 33933 12873 29713
12843 12853 33933 12873 29713
12843 12853 12863 12873 29713
12843 12853 12863 12873 29713
12843 12853 12863 12873 29713
14144 14164 14174 14184 14194
14144 14164 14174 14184 14194
14144 14164 14174 14184 14194
14144 14164 14174 14184 14194
14144 14164 14174 14184 14194
14144 14164 14174 14184 14194
14144 14164 14174 14184 14194
14144 14164 14174 14184 14194
14144 14164 14174 14184 14194
14144 14164 14174 14184 14194
14144 14164 14174 14184 14194
14144 14164 14174 14184 14194
14144 14164 14174 14184 14194
14144 14164 14174 14184 14194
14144 14164 14174 14184 14194
14144 14164 14174 14184 34104
14144 14164 14174 14184 34104
14144 14164 14174 14184 34104
14144 14164 14174 14184 14194
14144 14164 14174 14184 14194
14144 14164 14174 14184 14194
14144 14164 14174 14184 14194
14144 14164 14174 14184 14194
14144 14164 14174 14184 14194
14144 14164 14174 14184 14194
14144 14164 14174 14184 14194
14144 14164 14174 14184 14194
14144 14164 14174 14184 14194
14144 14164 14174 14184 14194
14144 14164 14174 14184 14194
14144 14164 14174 14184 14194
14144 14164 14174 14184 14194
14144 14164 14174 14184 14194
14144 14164 14174 14184 14194
14144 14164 14174 14184 14194
14144 14164 14174 14184 14194
14144 14164 14174 14184 14194
14144 14164 14174 14184 14194
14144 14164 14174 14184 14194
14144 14164 14174 14184 14194
14144 14164 14174 14184 14194
14144 14164 14174 14184 14194
14144 14164 14174 14184 14194
14144 14164 14174 14184 14194
14144 14164 14174 14184 14194
14144 14164 14174 14184 14194
14144 14164 14174 14184 14194
14154 14154 14154 14184 14194
14144 14164 14174 14184 14194
14144 14164 14174 14184 14194
14144 14164 14174 14184 14194
14144 14164 14174 14184 14194
14144 14164 14174 14184 14194
14144 14164 14174 14184 14194
14144 14164 14174 14184 14194
14144 14164 14174 14184 14194
14144 14224 14174 14184 14194
14144 14164 14174 14184 14194
14144 14164 14174 14184 14194
14234 14234 14234 14184 14194
14144 14164 14174 14184 14194
14144 14164 14174 14184 14194
28724 28724 28724 14184 14194
28734 28734 28734 28734 28734
28734 28734 28734 28734 28734
28734 28734 28734 28734 28734
14144 14164 14174 14184 14194
