38761
38761
38761
38761
38761
38761
38761
38761
38761
38761
38761
38761
38761
38761
38761
38761
38761
38761
38761
38761
38761
38761
38761
38761
38761
38761
38761
38761
38761
38761
3132 12792 12802 12812 12822 12832 12842
3132 12792 12802 12812 12822 12832 12842
3132 12792 12802 12812 12822 12832 12842
3132 12792 12802 12812 12822 12832 12842
3132 12792 12802 12812 12822 12832 12842
3132 12792 12802 12812 12822 12832 12842
3132 12792 12802 12812 12822 12832 12842
3132 12792 12802 12812 12822 12832 12842
3132 12792 12802 12812 12822 12832 12842
3132 12792 12802 12812 12822 12832 12842
3132 12792 12802 12812 12822 12832 12842
3132 12792 12802 12812 12822 12832 12842
3132 12792 12802 12812 12822 12832 12842
3132 12792 12802 12812 12822 12832 12842
3132 12792 12802 12812 12822 12832 12842
3132 12792 12802 12812 12822 12832 12842
3132 12792 12802 12812 12822 12832 12842
3132 12792 12802 12812 12822 12832 12842
3132 12792 12802 12812 12822 12832 12842
3132 12792 12802 12812 12822 12832 12842
3132 12792 12802 12812 12822 12832 12842
3132 12792 12802 12812 12822 12832 12842
3132 12792 12802 12812 12822 12832 12842
3132 12792 12802 12812 12822 12832 12842
3132 12792 12802 12812 12822 12832 12842
3132 12792 12802 12812 12822 12832 12842
3132 12792 12802 12812 12822 12832 12842
3132 12792 12802 12812 12822 12832 12842
3132 12792 12802 12812 12822 12832 12842
3132 12792 12802 12812 12822 12832 12842
3132 12792 12802 12812 12822 12832 12842
3132 12792 12802 12812 12822 12832 12842
3132 12792 12802 12812 12822 12832 12842
3132 12792 12802 12812 12822 12832 12842
3132 12792 12802 12812 12822 12832 12842
3132 12792 12802 12812 12822 12832 12842
3132 12792 12802 12812 12822 12832 12842
3132 12792 12802 12812 12822 12832 12842
3132 12792 12802 12812 12822 12832 12842
3132 12792 12802 12812 12822 12832 12842
3132 12792 12802 12812 12822 12832 12842
3132 12792 12802 12812 12822 12832 12842
3132 12792 12802 12812 12822 12832 12842
3132 12792 12802 12812 12822 12832 12842
3132 12792 12802 12812 12822 12832 12842
3132 12792 12802 12812 12822 12832 12842
3132 12792 12802 12812 12822 12832 12842
3132 12792 12802 12812 12822 12832 12842
3132 12792 12802 12812 12822 12832 12842
3132 12792 12802 12812 12822 12832 12842
3132 12792 12802 12812 12822 12832 12842
3132 12792 12802 12812 12822 12832 12842
3132 12792 12802 12812 12822 12832 12842
3132 12792 12802 12812 12822 12832 12842
3132 12792 12802 12812 12822 12832 12842
3132 12792 12802 12812 12822 12832 12842
3132 12792 12802 12812 12822 12832 12842
3132 12792 12802 12812 12822 12832 12842
3132 12792 12802 12812 12822 12832 12842
3132 12792 12802 12812 12822 12832 12842
3132 12792 12802 12812 12822 12832 12842
3132 12792 12802 12812 12822 12832 12842
3132 12792 12802 12812 12822 12832 12842
3132 12792 12802 12812 12822 12832 12842
3132 12792 12802 12812 12822 12832 12842
3132 12792 12802 12812 12822 12832 12842
3132 12792 12802 12812 12822 12832 12842
4083 4073 4093 4103 4113 14003 14013
4083 4073 4093 4103 4113 14003 14013
4083 4073 4093 4103 4113 14003 14013
4083 4073 4093 4103 4113 14003 14013
4083 4073 4093 4103 4113 14003 14013
4083 4073 4093 4103 4113 14003 14013
4083 4073 4093 4103 4113 14003 14013
4083 4073 4093 4103 4113 14003 14013
4083 4073 4093 4103 4113 14003 14013
4083 4073 4093 4103 4113 14003 14013
4083 4073 4093 4103 4113 14003 14013
4083 4073 4093 4103 4113 14003 14013
4083 4073 4093 4103 4113 14003 14013
4083 4073 4093 4103 4113 14003 14013
4083 4073 4093 4103 4113 14003 14013
4083 4073 4093 4103 4113 14003 14013
4083 4073 4093 4103 4113 14003 14013
4083 4073 4093 4103 4113 14003 14013
4083 4073 4093 4103 4113 14003 14013
4083 4073 4093 4103 4113 14003 14013
4083 4073 4093 4103 4113 14003 14013
4083 4073 4093 4103 4113 14003 14013
4083 4073 4093 4103 4113 14003 14013
4083 4073 4093 4103 4113 14003 14013
4083 4073 4093 4103 4113 14003 14013
4083 4073 4093 4103 4113 14003 14013
4083 4073 4093 4103 4113 14003 14013
4083 4073 4093 4103 4113 14003 14013
4083 4073 4093 4103 4113 14003 14013
4083 4073 4093 4103 4113 14003 14013
4083 4073 4093 4103 4113 14003 14013
4083 4073 4093 4103 4113 14003 14013
4083 4073 4093 4103 4113 14003 14013
4083 4073 4093 4103 4113 14003 14013
4083 4073 4093 4103 4113 14003 14013
4083 4073 4093 4103 4113 14003 14013
4083 4073 4093 4103 4113 14003 14013
4083 4073 4093 4103 4113 14003 14013
4083 4073 4093 4103 4113 14003 14013
4083 4073 4093 4103 4113 14003 14013
4083 4073 4093 4103 4113 14003 14013
4083 4073 4093 4103 4113 14003 14013
4083 4073 4093 4103 4113 14003 14013
4083 4073 4093 4103 4113 14003 14013
4083 4073 4093 4103 4113 14003 14013
4083 4073 4093 4103 4113 14003 14013
4083 4073 4093 4103 4113 14003 14013
4083 4073 4093 4103 4113 14003 14013
4083 4073 4093 4103 4113 14003 14013
4083 4073 4093 4103 4113 14003 14013
4083 4073 4093 4103 4113 14003 14013
4083 4073 4093 4103 4113 14003 14013
4083 4073 4093 4103 4113 14003 14013
4083 4073 4093 4103 4113 14003 14013
4083 4073 4093 4103 4113 14003 14013
4083 4073 4093 4103 4113 14003 14013
4083 4073 4093 4103 4113 14003 14013
4083 4073 4093 4103 4113 14003 14013
4083 4073 4093 4103 4113 14003 14013
4083 4073 4093 4103 4113 14003 14013
4083 4073 4093 4103 4113 14003 14013
4083 4073 4093 4103 4113 14003 14013
4083 4073 4093 4103 4113 14003 14013
4083 4073 4093 4103 4113 14003 14013
4083 4073 4093 4103 4113 14003 14013
4083 4073 4093 4103 4113 14003 14013
4854 4864 4874 4884 4904 4894
4854 4864 4874 4884 4904 4894
4854 4864 4874 4884 4904 4894
4854 4864 4874 4884 4904 4894
4854 4864 4874 4884 4904 4894
4854 4864 4874 4884 4904 4894
4854 4864 4874 4884 4904 4894
4854 4864 4874 4884 4904 4894
4854 4864 4874 4884 4904 4894
4854 4864 4874 4884 4904 4894
4854 4864 4874 4884 4904 4894
4854 4864 4874 4884 4904 4894
4854 4864 4874 4884 4904 4894
4854 4864 4874 4884 4904 4894
4854 4864 4874 4884 4904 4894
4854 4864 4874 4884 4904 4894
4854 4864 4874 4884 4904 4894
4854 4864 4874 4884 4904 4894
4854 4864 4874 4884 4904 4894
4854 4864 4874 4884 4904 4894
4854 4864 4874 4884 4904 4894
4854 4864 4874 4884 4904 4894
4854 4864 4874 4884 4904 4894
4854 4864 4874 4884 4904 4894
4854 4864 4874 4884 4904 4894
4854 4864 4874 4884 4904 4894
4854 4864 4874 4884 4904 4894
4854 4864 4874 4884 4904 4894
4854 4864 4874 4884 4904 4894
4854 4864 4874 4884 4904 4894
4854 4864 4874 4884 4904 4894
4854 4864 4874 4884 4904 4894
4854 4864 4874 4884 4904 4894
4854 4864 4874 4884 4904 4894
4854 4864 4874 4884 4904 4894
4854 4864 4874 4884 4904 4894
4854 4864 4874 4884 4904 4894
4854 4864 4874 4884 4904 4894
4854 4864 4874 4884 4904 4894
4854 4864 4874 4884 4904 4894
4854 4864 4874 4884 4904 4894
4854 4864 4874 4884 4904 4894
4854 4864 4874 4884 4904 4894
4854 4864 4874 4884 4904 4894
4854 4864 4874 4884 4904 4894
4854 4864 4874 4884 4904 4894
4854 4864 4874 4884 4904 4894
4854 4864 4874 4884 4904 4894
4854 4864 4874 4884 4904 4894
4854 4864 4874 4884 4904 4894
4854 4864 4874 4884 4904 4894
4854 4864 4874 4884 4904 4894
4854 4864 4874 4884 4904 4894
4854 4864 4874 4884 4904 4894
4854 4864 4874 4884 4904 4894
4854 4864 4874 4884 4904 4894
4854 4864 4874 4884 4904 4894
4854 4864 4874 4884 4904 4894
4854 4864 4874 4884 4904 4894
4854 4864 4874 4884 4904 4894
4854 4864 4874 4884 4904 4894
4854 4864 4874 4884 4904 4894
4854 4864 4874 4884 4904 4894
4854 4864 4874 4884 4904 4894
4854 4864 4874 4884 4904 4894
4854 4864 4874 4884 4904 4894
4854 4864 4874 4884 4904 4894
