84561
84561
84561
84561
84561
84561
84561
84561
84561
84561
84561
84561
84561
84561
84561
84561
84561
84561
84561
84561
84561
84561
84561
84561
84561
84561
84561
84561
84561
84561
5712 5762 5772 5782
5712 5762 5772 5782
5712 5762 5772 5782
5712 5762 5772 5782
5712 5762 5772 5782
5712 5762 5772 5782
5712 5762 5772 5782
5712 5762 5772 5782
5712 5762 5772 5782
5712 5762 5772 5782
5712 5762 5772 5782
5712 5762 5772 5782
5712 5762 5772 5782
5712 5762 5772 5782
5712 5762 5772 5782
5712 5762 5772 5782
5712 5762 5772 5782
5712 5762 5772 5782
5712 5762 5772 5782
5712 5762 5772 5782
5712 5762 5772 5782
5712 5762 5772 5782
5712 5762 5772 5782
5712 5762 5772 5782
5712 5762 5772 5782
5712 5762 5772 5782
5712 5762 5772 5782
5712 5762 5772 5782
5712 5762 5772 5782
5712 5762 5772 5782
5712 5762 5772 5782
5712 5762 5772 5782
5712 5762 5772 5782
5712 5762 5772 5782
5712 5762 5772 5782
5712 5762 5772 5782
5712 5762 5772 5782
5712 5762 5772 5782
5722 5722 5722 5722
5732 5732 5732 5732
5712 5762 5772 5782
5742 5742 5742 5742
5742 5742 5742 5742
5712 5762 5772 5782
5712 5762 5772 5782
5752 5752 5752 5752
5712 5762 5772 5782
5712 5762 5772 5782
5712 5762 5772 5782
5712 5762 5772 5782
7793 7793 7793
7793 7793 7793
7793 7793 7793
7793 7793 7793
7793 7793 7793
7793 7793 7793
7793 7793 7793
7793 7793 7793
7793 7793 7793
7793 7793 7793
7793 7793 7793
7793 7793 7793
7793 7793 7793
7793 7793 7793
7793 7793 7793
7793 7793 7793
7793 7793 7793
7793 7793 7793
7793 7793 7793
7793 7793 7793
7793 7793 7793
7793 7793 7793
7793 7793 7793
7793 7793 7793
7793 7793 7793
7793 7793 7793
7793 7793 7793
7793 7793 7793
7793 7793 7793
7793 7793 7793
7793 7793 7793
7793 7793 7793
64264
64264
64264
64264
64264
64264
64264
64264
64264
64264
64264
64264
64264
64264
64264
64264
64264
64264
64264
64264
64264
64264
64264
64264
64264
64264
64264
64264
64264
64264
64264
64264
64264
64264
64264
64264
64264
64264
64264
64274
64274
64264
64264
64264
64465
64465
64465
64465
64465
64465
64465
64465
64465
64465
64465
64465
64465
64465
64465
64465
64465
64465
64465
64465
64465
64465
64465
64465
64465
64465
64465
64465
