38721
38721
38721
38721
38721
38721
38721
38721
38721
38721
38721
38721
38721
38721
38721
38721
38721
38721
38721
38721
38721
38721
38721
38721
38721
38721
38721
38721
38721
38721
2262
2262
2262
2262
2262
2262
2262
2262
2262
2262
2262
2262
2262
2262
2262
2262
2262
2262
2262
2262
2262
2262
2262
2262
2262
2262
2262
2262
2262
2262
2262
2262
2262
2262
2262
2262
2262
2262
2262
2262
2262
2262
2262
2262
2262
2262
2262
2262
2262
2262
2523
2523
2523
2523
2523
2523
2523
2523
2523
2523
2523
2523
2523
2523
2523
2523
2523
2523
2523
2523
2523
2523
2523
2523
2523
2523
2523
2523
2523
2523
2523
2523
30654
30654
30654
30654
30654
30654
30654
30654
30654
30654
30654
30654
30654
30654
30654
30654
30654
30654
30654
30654
30654
30654
30654
30654
30654
30654
30654
30654
30654
30654
30654
30654
30654
30654
30654
30654
30654
30654
30654
30654
30654
30654
30654
30654
30755
30755
30755
30755
30755
30755
30755
30755
30755
30755
30755
30755
30755
30755
30755
30755
30755
30755
30755
30755
30755
30755
30755
30755
30755
30755
30755
30755
