84641
84641
84641
84641
84641
84641
84641
84641
84641
84641
84641
84641
84641
84641
84641
84641
84641
84641
84641
84641
84641
84641
84641
84641
84641
84641
84641
84641
84641
84641
6912 6962 6972 6982
6912 6962 6972 6982
6912 6962 6972 6982
6912 6962 6972 6982
6912 6962 6972 6982
6912 6962 6972 6982
6912 6962 6972 6982
6912 6962 6972 6982
6912 6962 6972 6982
6912 6962 6972 6982
6912 6962 6972 6982
6912 6962 6972 6982
6912 6962 6972 6982
6912 6962 6972 6982
6912 6962 6972 6982
6912 6962 6972 6982
6912 6962 6972 6982
6912 6962 6972 6982
6912 6962 6972 6982
6912 6962 6972 6982
6912 6962 6972 6982
6912 6962 6972 6982
6912 6962 6972 6982
6912 6962 6972 6982
6912 6962 6972 6982
6912 6962 6972 6982
6912 6962 6972 6982
6912 6962 6972 6982
6912 6962 6972 6982
6912 6962 6972 6982
6912 6962 6972 6982
6912 6962 6972 6982
6912 6962 6972 6982
6912 6962 6972 6982
6912 6962 6972 6982
6912 6962 6972 6982
6912 6962 6972 6982
6912 6962 6972 6982
6922 6922 6922 6922
6932 6932 6932 6932
6912 6962 6972 6982
6942 6942 6942 6942
6942 6942 6942 6942
6912 6962 6972 6982
6912 6962 6972 6982
6952 6952 6952 6952
6912 6962 6972 6982
6912 6962 6972 6982
6912 6962 6972 6982
6912 6962 6972 6982
13243 13253 13263 13273 29753
13243 13253 13263 13273 29753
13243 13253 13263 13273 29753
13243 13253 13263 13273 29753
13243 13253 13263 13273 29753
13243 13253 13263 13273 29753
13243 13253 13263 13273 29753
13243 13253 13263 13273 29753
13243 13253 13263 13273 29753
13243 13253 13263 13273 29753
13243 13253 13263 13273 29753
13243 13253 13263 13273 29753
13243 13253 13263 13273 29753
13243 13253 13263 13273 29753
13243 13253 13263 13273 29753
13243 34003 13263 34003 29753
13243 34003 13263 34003 29753
13243 34003 13263 34003 29753
13243 13253 13263 13273 29753
13243 13253 13263 13273 29753
13243 13253 13263 13273 29753
13243 13253 13263 13273 29753
13243 13253 13263 13273 29753
13243 13253 13263 13273 29753
13243 13253 13263 13273 29753
13243 13253 13263 13273 29753
13243 13253 13263 13273 29753
13243 13253 13263 13273 29753
13243 13253 13263 13273 29753
13243 13253 13263 13273 29753
13243 13253 13263 13273 29753
13243 13253 13263 13273 29753
13243 13253 13263 13273 29753
13243 13253 13263 13273 29753
13243 13253 13263 13273 29753
13243 13253 13263 13273 29753
13243 13253 13263 13273 29753
13243 13253 13263 13273 29753
13243 13253 13263 13273 29753
13243 13253 13263 13273 29753
13243 13253 13263 13273 29753
13243 13253 13263 13273 29753
13243 13253 13263 13273 29753
13243 13253 13263 13273 29753
13243 13253 13263 13273 29753
13243 13253 13263 13273 29753
13243 13253 13263 13273 29753
13293 13293 13293 13293 13293
13243 13253 13263 13273 29753
13303 13303 13303 13303 13303
13313 13313 13313 13313 13313
13323 13323 13323 13323 13323
13323 13323 13323 13323 13323
13323 13323 13323 13323 13323
13243 13253 13263 13273 29753
13243 13253 13263 13273 29753
13243 13253 13263 13273 29753
13333 13333 13333 13333 13333
13243 13253 13263 13273 29753
13243 13253 13263 13273 29753
13243 13253 34013 13273 29753
13243 13253 34013 13273 29753
13243 13253 34013 13273 29753
13243 13253 13263 13273 29753
13243 13253 13263 13273 29753
13243 13253 13263 13273 29753
14044 14064 14074 14084 14094
14044 14064 14074 14084 14094
14044 14064 14074 14084 14094
14044 14064 14074 14084 14094
14044 14064 14074 14084 14094
14044 14064 14074 14084 14094
14044 14064 14074 14084 14094
14044 14064 14074 14084 14094
14044 14064 14074 14084 14094
14044 14064 14074 14084 14094
14044 14064 14074 14084 14094
14044 14064 14074 14084 14094
14044 14064 14074 14084 14094
14044 14064 14074 14084 14094
14044 14064 14074 14084 14094
14044 14064 14074 14084 34094
14044 14064 14074 14084 34094
14044 14064 14074 14084 34094
14044 14064 14074 14084 14094
14044 14064 14074 14084 14094
14044 14064 14074 14084 14094
14044 14064 14074 14084 14094
14044 14064 14074 14084 14094
14044 14064 14074 14084 14094
14044 14064 14074 14084 14094
14044 14064 14074 14084 14094
14044 14064 14074 14084 14094
14044 14064 14074 14084 14094
14044 14064 14074 14084 14094
14044 14064 14074 14084 14094
14044 14064 14074 14084 14094
14044 14064 14074 14084 14094
14044 14064 14074 14084 14094
14044 14064 14074 14084 14094
14044 14064 14074 14084 14094
14044 14064 14074 14084 14094
14044 14064 14074 14084 14094
14044 14064 14074 14084 14094
14044 14064 14074 14084 14094
14044 14064 14074 14084 14094
14044 14064 14074 14084 14094
14044 14064 14074 14084 14094
14044 14064 14074 14084 14094
14044 14064 14074 14084 14094
14044 14064 14074 14084 14094
14044 14064 14074 14084 14094
14044 14064 14074 14084 14094
14054 14054 14054 14084 14094
14044 14064 14074 14084 14094
14044 14064 14074 14084 14094
14044 14064 14074 14084 14094
14044 14064 14074 14084 14094
14044 14064 14074 14084 14094
14044 14064 14074 14084 14094
14044 14064 14074 14084 14094
14044 14064 14074 14084 14094
14044 14124 14074 14084 14094
14044 14064 14074 14084 14094
14044 14064 14074 14084 14094
14134 14134 14134 14084 14094
14044 14064 14074 14084 14094
14044 14064 14074 14084 14094
28704 28704 28704 14084 14094
28714 28714 28714 28714 28714
28714 28714 28714 28714 28714
28714 28714 28714 28714 28714
14044 14064 14074 14084 14094
76235 76245 76255 76265 76275 76285 76295 76305
76235 76245 76255 76265 76275 76285 76295 76305
76235 76245 76255 76265 76275 76285 76295 76305
76235 76245 76255 76265 76275 76285 76295 76305
76235 76245 76255 76265 76275 76285 76295 76305
76235 76245 76255 76265 76275 76285 76295 76305
76235 76245 76255 76265 76275 76285 76295 76305
76235 76245 76255 76265 76275 76285 76295 76305
76235 76245 76255 76265 76275 76285 76295 76305
76235 76245 76255 76265 76275 76285 76295 76305
76235 76245 76255 76265 76275 76285 76295 76305
76235 76245 76255 76265 76275 76285 76295 76305
76235 76245 76255 76265 76275 76285 76295 76305
76235 76245 76255 76265 76275 76285 76295 76305
76235 76245 76255 76265 76275 76285 76295 76305
76235 76245 76255 76265 76275 76285 76295 76305
76235 76245 76255 76265 76275 76285 76295 76305
76235 76245 76255 76265 76275 76285 76295 76305
76235 76245 76255 76265 76275 76285 76295 76305
76235 76245 76255 76265 76275 76285 76295 76305
76235 76245 76255 76265 76275 76285 76295 76305
76235 76245 76255 76265 76275 76285 76295 76305
76235 76245 76255 76265 76275 76285 76295 76305
76235 76245 76255 76265 76275 76285 76295 76305
76235 76245 76255 76265 76275 76285 76295 76305
76235 76245 76255 76265 76275 76285 76295 76305
76235 76245 76255 76265 76275 76285 76295 76305
76235 76245 76255 76265 76275 76285 76295 76305
76235 76245 76255 76265 76275 76285 76295 76305
76235 76245 76255 76265 76275 76285 76295 76305
76235 76245 76255 76265 76275 76285 76295 76305
76235 76245 76255 76265 76275 76285 76295 76305
76235 76245 76255 76265 76275 76285 76295 76305
76235 76245 76255 76265 76275 76285 76295 76305
76235 76245 76255 76265 76275 76285 76295 76305
76235 76245 76255 76265 76275 76285 76295 76305
76235 76245 76255 76265 76275 76285 76295 76305
76235 76245 76255 76265 76275 76285 76295 76305
76235 76245 76255 76265 76275 76285 76295 76305
76235 76245 76255 76265 76275 76285 76295 76305
76235 76245 76255 76265 76275 76285 76295 76305
76235 76245 76255 76265 76275 76285 76295 76305
76235 76245 76255 76265 76275 76285 76295 76305
76235 76245 76255 76265 76275 76285 76295 76305
76235 76245 76315 76315 76315 76285 76295 76305
76235 76245 76315 76315 76315 76285 76295 76305
76235 76245 76415 76265 76415 76285 76295 76305
76235 76245 76415 76265 76415 76285 76295 76305
76235 76245 76325 76265 76325 76285 76295 76305
76235 76245 76415 76265 76415 76285 76295 76305
76235 76245 76255 76265 76275 76285 76295 76305
76235 76245 76325 76265 76325 76285 76295 76305
76235 76245 76335 76335 76335 76285 76295 76305
76235 76425 76425 76265 76425 76425 76295 76305
76235 76425 76425 76265 76425 76425 76295 76305
76235 76425 76425 76265 76425 76425 76295 76305
76235 76435 76435 76265 76435 76435 76295 76305
76235 76435 76435 76265 76435 76435 76295 76305
76235 76345 76345 76265 76345 76345 76295 76305
76235 76345 76345 76265 76345 76345 76295 76305
76235 76425 76425 76265 76425 76425 76295 76305
76235 76425 76425 76265 76425 76425 76295 76305
76235 76435 76435 76265 76435 76435 76295 76305
76235 76345 76345 76265 76345 76345 76295 76305
76235 76345 76345 76265 76345 76345 76295 76305
76235 76355 76355 76265 76355 76355 76295 76305
76235 76355 76355 76265 76355 76355 76295 76305
76235 76355 76355 76265 76355 76355 76295 76305
76235 76355 76355 76265 76355 76355 76295 76305
76235 76355 76355 76265 76355 76355 76295 76305
76235 76355 76355 76265 76355 76355 76295 76305
76235 76245 76375 76265 76375 76375 76295 76305
76235 76245 76375 76265 76375 76375 76295 76305
76235 76245 76375 76265 76375 76375 76295 76305
76235 76245 76375 76265 76375 76375 76295 76305
76235 76245 76375 76265 76375 76375 76295 76305
76235 76245 76375 76265 76375 76375 76295 76305
76235 76245 76385 76265 76275 76285 76295 76305
76235 76245 76385 76265 76275 76285 76295 76305
76235 76395 76255 76265 76275 76285 76295 76305
76235 76395 76255 76265 76275 76285 76295 76305
76235 76395 76255 76265 76275 76285 76295 76305
76235 76395 76255 76265 76275 76285 76295 76305
76235 76395 76255 76265 76275 76285 76295 76305
76235 76245 76405 76405 76405 76285 76295 76305
76235 76245 76405 76405 76405 76285 76295 76305
76235 76245 76405 76405 76405 76285 76295 76305
76235 76245 76255 76265 76275 76285 76295 76305
76235 76245 76255 76265 76275 76285 76295 76305
76235 76245 76255 76265 76275 76285 76295 76305
76235 76245 76255 76265 76275 76285 76295 76305
76235 76245 76255 76265 76275 76285 76295 76305
76235 76355 76355 76265 76355 76355 76295 76305
76235 76355 76355 76265 76355 76355 76295 76305
76235 76355 76355 76265 76355 76355 76295 76305
76235 76245 76255 76265 76275 76285 76295 76305
76235 76245 76255 76265 76275 76285 76295 76305
