29361
29361
29361
29361
29361
29361
29361
29361
29361
29361
29361
29361
29361
29361
29361
29361
29361
29361
29361
29361
29361
29361
29361
29361
29361
29361
29361
29361
29361
29361
102
102
102
102
102
102
102
102
102
102
102
102
102
102
102
102
102
102
102
102
102
102
102
102
102
102
102
102
102
102
102
102
102
102
102
102
102
102
102
102
102
102
102
102
102
102
102
102
102
1253
1253
1253
1253
1253
1253
1253
1253
1253
1253
1253
1253
1253
1253
1253
1253
1253
1253
1253
1253
1253
1253
1253
1253
1253
1253
1253
1253
1253
1253
1253
1253
1253
1253
1253
1253
1253
1253
1253
1253
1253
1253
1253
1253
1253
1253
1253
1253
1253
1264
1264
1264
1264
1264
1264
1264
1264
1264
1264
1264
1264
1264
1264
1264
1264
1264
1264
1264
1264
1264
1264
1264
1264
1264
1264
1264
1264
1264
1264
1264
1264
1264
1264
1264
1264
1264
1264
1264
1264
1264
1264
1264
1264
1264
1264
1264
1264
1264
1795 1805 1815 1825 1835 1845 1855
1795 1805 1815 1825 1835 1845 1855
1795 1805 1815 1825 1835 1845 1855
1795 1805 1815 1825 1835 1845 1855
1795 1805 1815 1825 1835 1845 1855
1795 1805 1815 1825 1835 1845 1855
1795 1805 1815 1825 1835 1845 1855
1795 1805 1815 1825 1835 1845 1855
1795 1805 1815 1825 1835 1845 1855
1795 1805 1815 1825 1835 1845 1855
1795 1805 1815 1825 1835 1845 1855
1795 1805 1815 1825 1835 1845 1855
1795 1805 1815 1825 1835 1845 1855
1795 1805 1815 1825 1835 1845 1855
1795 1805 1815 1825 1835 1845 1855
1795 1805 1815 1825 1835 1845 1855
1795 1805 1815 1825 1835 1845 1855
1795 1805 1815 1825 1835 1845 1855
1795 1805 1815 1825 1835 1845 1855
1795 1805 1815 1825 1835 1845 1855
1795 1805 1815 1825 1835 1845 1855
1795 1805 1815 1825 1835 1845 1855
1795 1805 1815 1825 1835 1845 1855
1795 1805 1815 1825 1835 1845 1855
1795 1805 1815 1825 1835 1845 1855
1795 1805 1815 1825 1835 1845 1855
1795 1805 1815 1825 1835 1845 1855
1795 1805 1815 1825 1835 1845 1855
1795 1805 1815 1825 1835 1845 1855
1795 1805 1815 1825 1835 1845 1855
1795 1805 1815 1825 1835 1845 1855
1795 1805 1815 1825 1835 1845 1855
1795 1805 1815 1825 1835 1845 1855
1795 15525 1815 15525 15525 1845 1855 15525
1795 15525 1815 15525 15525 1845 1855 15525
1795 15525 1815 15525 15525 1845 1855 15525
1795 15525 1815 15525 15525 1845 1855 15525
1795 15525 1815 15525 15525 1845 1855 15525
1795 15525 1815 15525 15525 1845 1855 15525
1795 1805 1815 1825 1835 1845 1855
1795 1805 1815 1825 1835 1845 1855
1795 1805 1815 1825 1835 1845 1855
1795 1805 1815 1825 1835 1845 1855
1795 1805 1815 1825 1835 1845 1855
1795 1805 1815 1825 1835 1845 1855
1795 1805 1815 1825 1835 1845 1855
1795 1805 1815 1825 1835 1845 1855
1795 1805 1815 1825 1835 1845 1855
1795 1805 1815 1825 1835 1845 1855
1795 1805 1815 1825 1835 1845 1855
1795 1805 1815 1825 1835 1845 1855
1795 1805 1815 1825 1835 1845 1855
1795 1805 1815 1825 1835 1845 1855
1795 1805 1815 1825 1835 1845 1855
1795 1805 1815 1825 1835 1845 1855
1795 1805 1815 1825 1835 1845 1855
1795 1805 1815 1825 1835 1845 1855
1795 1805 1815 1825 1835 1845 1855
1795 1805 1815 1825 1835 1845 1855
1795 1805 1815 1825 1835 1845 1855
1795 1805 1815 1825 1835 1845 1855
1795 1805 1815 1825 1835 1845 1855
1795 1805 1815 1825 1835 1845 1855
1795 1805 1815 1825 1835 1845 1855
1795 1805 1815 1825 1835 1845 1855
1795 1805 1815 1825 1835 1845 1855
1795 1805 1815 1825 1835 1845 1855
1795 1805 1815 1825 1835 1845 1855
1795 1805 1815 1825 1835 1845 1855
1795 1805 1815 1825 1835 1845 1855
1795 1805 1815 1825 1835 1845 1855
1795 1805 1815 1825 1835 1845 1855
