61581
61581
61581
61581
61581
61581
61581
61581
61581
61581
61581
61581
61581
61581
61581
61581
61581
61581
61581
61581
61581
61581
61581
61581
61581
61581
61581
61581
61581
61581
352 862 872
352 862 872
352 862 872
352 862 872
352 862 872
352 862 872
352 862 872
352 862 872
352 862 872
352 862 872
352 862 872
352 862 872
352 862 872
352 862 872
352 862 872
352 862 872
352 862 872
352 862 872
352 862 872
352 862 872
352 862 872
352 862 872
352 862 872
352 862 872
352 862 872
352 862 872
352 862 872
352 862 872
352 862 872
352 862 872
352 862 872
352 862 872
352 862 872
352 862 872
352 862 872
352 862 872
352 862 872
882 882 882
892 892 892
352 862 872
352 862 872
352 862 872
352 862 872
352 862 872
352 862 872
352 862 872
352 862 872
352 862 872
352 862 872
3573 3583 3593
3573 3583 3593
3573 3583 3593
3573 3583 3593
3573 3583 3593
3573 3583 3593
3573 3583 3593
3573 3583 3593
3573 3583 3593
3573 3583 3593
3573 3583 3593
3573 3583 3593
3573 3583 3593
3573 3583 3593
3573 3583 3593
3573 3583 3593
3573 3583 3593
3573 3583 3593
3573 3583 3593
3573 3583 3593
3573 3583 3593
3573 3583 3593
3573 3583 3593
3573 3583 3593
3573 3583 3593
3573 3583 3593
3573 3583 3593
3573 3583 3593
3573 3583 3593
3573 3583 3593
3573 3583 3593
3573 3583 3593
3573 3583 3593
3573 3583 3593
3573 3583 3593
3573 3583 3593
3573 3583 3593
3603 3603 3603
3613 3613 3613
3573 3583 3593
3573 3583 3593
3573 3583 3593
3573 3583 3593
3573 3583 3593
3573 3583 3593
3573 3583 3593
3573 3583 3593
3573 3583 3593
3573 3583 3593
3624 3634 3644
3624 3634 3644
3624 3634 3644
3624 3634 3644
3624 3634 3644
3624 3634 3644
3624 3634 3644
3624 3634 3644
3624 3634 3644
3624 3634 3644
3624 3634 3644
3624 3634 3644
3624 3634 3644
3624 3634 3644
3624 3634 3644
3624 3634 3644
3624 3634 3644
3624 3634 3644
3624 3634 3644
3624 3634 3644
3624 3634 3644
3624 3634 3644
3624 3634 3644
3624 3634 3644
3624 3634 3644
3624 3634 3644
3624 3634 3644
3624 3634 3644
3624 3634 3644
3624 3634 3644
3624 3634 3644
3624 3634 3644
3624 3634 3644
3624 3634 3644
3624 3634 3644
3624 3634 3644
3624 3634 3644
3654 3654 3654
3664 3664 3664
3624 3634 3644
3624 3634 3644
3624 3634 3644
3624 3634 3644
3624 3634 3644
3624 3634 3644
3624 3634 3644
3624 3634 3644
3624 3634 3644
3624 3634 3644
4915 4925 4935 4945 4955
4915 4925 4935 4945 4955
4915 4925 4935 4945 4955
4915 4925 4935 4945 4955
4915 4925 4935 4945 4955
4915 4925 4935 4945 4955
4915 4925 4935 4945 4955
4915 4925 4935 4945 4955
4915 4925 4935 4945 4955
4915 4925 4935 4945 4955
4915 4925 4935 4945 4955
4915 4925 4935 4945 4955
4915 4925 4935 4945 4955
4915 4925 4935 4945 4955
4915 4925 4935 4945 4955
4915 4925 4935 4945 4955
4915 4925 4935 4945 4955
4915 4925 4935 4945 4955
4915 4925 4935 4945 4955
4915 4925 4935 4945 4955
4915 4925 4935 4945 4955
4915 4925 4935 4945 4955
4915 4925 4935 4945 4955
4915 4925 4935 4945 4955
4915 4925 4935 4945 4955
4915 4925 4935 4945 4955
4915 4925 4935 4945 4955
4915 4925 4935 4945 4955
4915 4925 4935 4945 4955
4915 4925 4935 4945 4955
4915 4925 4935 4945 4955
4915 4925 4935 4945 4955
4915 4925 4935 4945 4955
4915 4925 4935 4945 4955
4915 4925 4935 4945 4955
4915 4925 4935 4945 4955
4915 4925 4935 4945 4955
4915 4925 4935 4945 4955
4915 4925 4935 4945 4955
4915 4925 4935 4945 4955
4915 4925 4935 4945 4955
4915 4925 4935 4945 4955
4915 4925 4935 4945 4955
4915 4925 4935 4945 4955
4915 4925 4935 4945 4955
4915 4925 4935 4945 4955
4915 4925 4935 4945 4955
4915 4925 4935 4945 4955
4915 4925 4935 4945 4955
4915 4925 4965 4965 4965 4965
4915 4925 4965 4965 4965 4965
4915 4925 4965 4965 4965 4965
4915 4925 34695 34695 34695 34695
4915 4925 34695 34695 34695 34695
4915 4925 34695 34695 34695 34695
4915 4925 4975 4975 4975 4975
4915 4925 4975 4975 4975 4975
4915 4925 34705 34705 34705 34705
4915 4925 34705 34705 34705 34705
4915 4925 4935 4945 4955
4915 4925 4935 4945 4955
4915 4925 4935 4945 4955
4915 4925 4935 4945 4955
4915 4925 4935 4945 4955
4915 4925 4935 4945 4955
4915 4925 4935 4945 4955
4915 4925 4935 4945 4955
4915 4925 4935 4945 4955
4915 4925 4935 4945 4955
4915 4925 4935 4945 4955
4915 4925 4935 4945 4955
4915 4925 4935 4945 4955
