0 0 0
1 0 1
2 0 2
3 0 3
4 0 4
5 0 5
6 0 6
7 0 7
8 0 8
9 0 9
10 0 10
11 0 11
0 0 0
12 0 12
13 1 13
14 1 14
15 1 15
16 1 16
17 1 17
18 1 18
19 1 19
20 1 20
21 1 21
13 1 13
22 1 22
23 1 23
24 1 24
25 1 25
26 1 26
27 1 27
0 0 0
1 0 1
2 0 2
3 1 3
4 2 4
5 0 5
6 3 6
7 4 7
8 0 8
9 0 9
10 0 10
11 0 11
12 0 12
13 0 13
14 5 14
15 6 15
16 7 16
17 8 17
18 9 18
19 10 19
20 11 20
21 12 21
22 13 22
23 5 23
24 5 24
25 5 25
26 5 26
27 5 27
28 5 28
29 5 29
30 5 30
31 5 31
32 5 32
33 5 33
34 5 34
35 5 35
36 5 36
37 5 37
38 5 38
39 5 39
37 5 37
38 5 38
39 5 39
40 5 40
41 5 41
42 5 42
43 5 43
44 14 44
45 15 45
46 16 46
47 17 47
48 18 48
14 5 14
14 5 14
14 5 14
14 5 14
49 19 49
50 20 50
51 21 51
52 22 52
53 23 53
54 24 54
55 22 52
56 23 53
57 25 55
58 26 56
59 27 57
60 24 54
61 22 52
62 23 53
63 28 58
64 24 54
14 5 14
14 5 14
14 5 14
14 5 14
14 5 14
65 22 52
66 23 53
67 29 59
68 24 54
14 5 14
14 5 14
75 5 66
69 30 60
70 31 61
71 32 62
72 33 63
73 34 64
74 35 65
0 0 0
1 0 1
2 0 2
11 0 11
12 3 12
13 4 13
14 0 14
15 5 15
16 6 16
3 0 3
4 0 4
5 0 5
6 0 6
41 0 41
42 11 42
7 0 7
22 0 22
8 0 8
9 1 9
10 2 10
17 7 17
18 8 18
19 0 19
20 9 20
21 10 21
23 0 23
24 0 24
25 0 25
26 0 26
38 0 38
39 0 39
40 0 40
27 0 27
28 0 28
29 0 29
30 0 30
31 0 31
32 0 32
33 0 33
31 0 31
32 0 32
33 0 33
34 0 34
35 0 35
36 0 36
37 0 37
44 0 45
45 0 44
46 0 46
47 0 44
48 0 47
49 0 48
50 12 49
51 13 50
52 0 44
53 0 51
54 14 52
55 15 53
56 0 54
57 0 44
7 0 7
7 0 7
7 0 7
7 0 7
7 0 7
7 0 7
7 0 7
7 0 7
7 0 7
7 0 7
7 0 7
7 0 7
7 0 7
7 0 7
7 0 7
7 0 7
7 0 7
7 0 7
7 0 7
7 0 7
7 0 7
7 0 7
7 0 7
7 0 7
43 0 43
13 0 13
18 0 18
4 0 4
5 0 5
6 0 6
7 0 7
8 0 8
9 0 9
14 0 14
15 0 15
16 0 16
17 0 17
34 0 34
35 0 35
0 0 0
1 0 1
2 0 2
3 0 3
10 0 10
11 0 11
12 0 12
19 0 19
20 0 20
21 0 21
22 0 22
37 0 37
38 0 38
39 0 39
23 0 23
24 0 24
25 0 25
26 0 26
31 0 31
32 0 32
33 0 33
30 0 30
27 0 27
28 0 28
29 0 29
36 0 36
40 1 40
41 2 41
42 3 42
43 4 43
44 5 44
45 3 42
46 4 43
47 6 45
48 7 46
49 7 46
50 8 47
51 8 48
52 9 49
53 9 49
54 10 50
55 11 51
56 12 52
57 13 53
58 14 54
