84631
84631
84631
84631
84631
84631
84631
84631
84631
84631
84631
84631
84631
84631
84631
84631
84631
84631
84631
84631
84631
84631
84631
84631
84631
84631
84631
84631
84631
84631
35512 35522 35532 35542 35552 35562 35572 35582
35512 35522 35532 35542 35552 35562 35572 35582
35512 35522 35532 35542 35552 35562 35572 35582
35512 35522 35532 35542 35552 35562 35572 35582
35512 35522 35532 35542 35552 35562 35572 35582
35512 35522 35532 35542 35552 35562 35572 35582
35512 35522 35532 35542 35552 35562 35572 35582
35512 35522 35532 35542 35552 35562 35572 35582
35512 35522 35532 35542 35552 35562 35572 35582
35512 35522 35532 35542 35552 35562 35572 35582
35512 35522 35532 35542 35552 35562 35572 35582
35512 35522 35532 35542 35552 35562 35572 35582
35512 35522 35532 35542 35552 35562 35572 35582
35512 35522 35532 35542 35552 35562 35572 35582
35512 35522 35532 35542 35552 35562 35572 35582
35512 35522 35532 35542 35752 35752 35572 35582
35512 35522 35532 35542 35752 35752 35572 35582
35512 35522 35532 35542 35752 35752 35572 35582
35512 35522 35532 35542 35552 35562 35572 35582
35512 35522 35532 35542 35552 35562 35572 35582
35512 35522 35532 35542 35552 35562 35572 35582
35512 35522 35532 35542 35552 35562 35572 35582
35512 35522 35532 35542 35552 35562 35572 35582
35512 35522 35532 35542 35552 35562 35572 35582
35512 35522 35532 35542 35552 35562 35572 35582
35512 35522 35532 35542 35552 35562 35572 35582
35512 35522 35532 35542 35552 35562 35572 35582
35512 35522 35532 35542 35552 35562 35572 35582
35512 35522 35532 35542 35552 35562 35572 35582
35512 35522 35532 35542 35552 35562 35572 35582
35512 35522 35532 35542 35552 35562 35572 35582
35512 35522 35532 35542 35552 35562 35572 35582
35512 35522 35532 35542 35552 35562 35572 35582
35512 35522 35532 35542 35552 35562 35572 35582
35512 35522 35532 35542 35552 35562 35572 35582
35512 35522 35532 35542 35552 35562 35572 35582
35512 35522 35532 35542 35552 35562 35572 35582
35512 35522 35532 35542 35552 35562 35572 35582
35512 35522 35532 35542 35552 35562 35572 35582
35512 35522 35532 35542 35552 35562 35572 35582
35512 35522 35532 35542 35552 35562 35572 35582
35512 35522 35532 35542 35552 35562 35572 35582
35512 35522 35532 35542 35552 35562 35572 35582
35512 35522 35532 35542 35552 35562 35572 35582
35512 35522 35532 35542 35552 35562 35572 35582
35512 35522 35532 35542 35552 35562 35572 35582
35512 35522 35532 35542 35552 35562 35572 35582
35592 35522 35532 35592 35552 35562 35572 35592
35612 35522 35532 35612 35552 35562 35572 35612
35512 35522 35532 35542 35552 35562 35572 35582
35602 35602 35602 35602 35602 35602 35602 35602
35602 35602 35602 35602 35602 35602 35602 35602
35592 35592 35592 35592 35592 35562 35572 35582
35512 35522 35532 35542 35552 35562 35572 35582
35592 35592 35532 35592 35592 35562 35572 35582
35512 35522 35532 35542 35552 35562 35572 35582
35642 35522 35532 35642 35642 35642 35642 35642
35652 35522 35532 35652 35552 35562 35572 35652
35662 35522 35532 35542 35552 35562 35572 35662
35672 35522 35532 35672 35552 35562 35572 35582
35512 35522 35532 35542 35552 35562 35572 35582
35512 35522 35532 35542 35552 35562 35572 35582
35682 35522 35532 35682 35552 35562 35572 35582
35512 35522 35532 35542 35552 35562 35572 35582
35682 35682 35682 35682 35682 35682 35682 35682
35682 35682 35682 35682 35682 35682 35682 35682
35682 35682 35682 35682 35682 35682 35682 35682
35512 35522 35532 35542 35552 35562 35572 35582
35692 35522 35532 35692 35552 35562 35572 35582
35512 35522 35532 35542 35552 35562 35572 35582
35692 35522 35532 35542 35552 35562 35572 35692
35512 35522 35532 35542 35552 35562 35572 35582
35592 35522 35532 35592 35552 35562 35572 35582
35512 35522 35532 35542 35552 35562 35572 35582
35512 35522 35532 35542 35552 35562 35572 35582
35512 35522 35532 35542 35552 35562 35572 35582
35512 35522 35532 35542 35552 35562 35572 35582
35712 35522 35532 35712 35552 35562 35572 35582
35512 35522 35532 35542 35552 35562 35572 35582
35712 35522 35532 35712 35712 35712 35712 35712
35512 35522 35532 35542 35552 35562 35572 35582
35592 35592 35532 35592 35592 35562 35572 35582
35512 35522 35532 35542 35552 35562 35572 35582
35512 35522 35532 35542 35552 35562 35572 35582
35722 35522 35532 35722 35722 35722 35722 35722
35702 35522 35532 35702 35702 35702 35702 35702
35622 35522 35532 35542 35552 35562 35572 35582
35632 35522 35532 35542 35552 35562 35572 35582
35732 35522 35752 35732 35752 35752 35752 35752
35742 35522 35532 35542 35552 35562 35572 35582
52983 52993 53003 53013 53023 53033 53043 53053
52983 52993 53003 53013 53023 53033 53043 53053
52983 52993 53003 53013 53023 53033 53043 53053
52983 52993 53003 53013 53023 53033 53043 53053
52983 52993 53003 53013 53023 53033 53043 53053
52983 52993 53003 53013 53023 53033 53043 53053
52983 52993 53003 53013 53023 53033 53043 53053
52983 52993 53003 53013 53023 53033 53043 53053
52983 52993 53003 53013 53023 53033 53043 53053
52983 52993 53003 53013 53023 53033 53043 53053
52983 52993 53003 53013 53023 53033 53043 53053
52983 52993 53003 53013 53023 53033 53043 53053
52983 52993 53003 53013 53023 53033 53043 53053
52983 52993 53003 53013 53023 53033 53043 53053
52983 52993 53003 53013 53023 53033 53043 53053
52983 52993 53003 53013 53023 53033 53043 53053
52983 52993 53003 53013 53023 53033 53043 53053
52983 52993 53003 53013 53023 53033 53043 53053
52983 52993 53003 53013 53023 53033 53043 53053
52983 52993 53003 53013 53023 53033 53043 53053
52983 52993 53003 53013 53023 53033 53043 53053
52983 52993 53003 53013 53023 53033 53043 53053
52983 52993 53003 53013 53023 53033 53043 53053
52983 52993 53003 53013 53023 53033 53043 53053
52983 52993 53003 53013 53023 53033 53043 53053
52983 52993 53003 53013 53023 53033 53043 53053
52983 52993 53003 53013 53023 53033 53043 53053
52983 52993 53003 53013 53023 53033 53043 53053
52983 52993 53003 53013 53023 53033 53043 53053
52983 52993 53003 53013 53023 53033 53043 53053
52983 52993 53003 53013 53023 53033 53043 53053
52983 52993 53003 53013 53023 53033 53043 53053
52983 52993 53003 53013 53023 53033 53043 53053
52983 52993 53003 53013 53023 53033 53043 53053
52983 52993 53003 53013 53023 53033 53043 53053
52983 52993 53003 53013 53023 53033 53043 53053
52983 52993 53003 53013 53023 53033 53043 53053
52983 52993 53003 53013 53023 53033 53043 53053
52983 52993 53003 53013 53023 53033 53043 53053
52983 52993 53003 53013 53023 53033 53043 53053
52983 52993 53003 53013 53023 53033 53043 53053
52983 52993 53003 53013 53023 53033 53043 53053
52983 52993 53003 53013 53023 53033 53043 53053
52983 52993 53003 53013 53023 53033 53043 53053
52983 52993 53003 53013 53023 53033 53043 53053
52983 52993 53003 53013 53023 53033 53043 53053
52983 52993 53003 53013 53023 53033 53043 53053
52983 52993 53003 53013 53023 53033 53043 53053
52983 52993 53003 53013 53023 53033 53043 53053
52983 52993 53003 53013 53023 53033 53043 53053
52983 52993 53003 53013 53023 53033 53043 53053
52983 52993 53003 53013 53023 53033 53043 53053
52983 52993 53003 53013 53023 53033 53043 53053
52983 52993 53003 53013 53023 53033 53043 53053
52983 52993 53003 53013 53023 53033 53043 53053
52983 52993 53003 53013 53023 53033 53043 53053
52983 52993 53003 53013 53023 53033 53043 53053
52983 52993 53003 53013 53023 53033 53043 53053
52983 52993 53003 53013 53023 53033 53043 53053
52983 52993 53003 53013 53023 53033 53043 53053
52983 52993 53003 53013 53023 53033 53043 53053
52983 52993 53003 53013 53023 53033 53043 53053
52983 52993 53003 53013 53023 53033 53043 53053
52983 52993 53003 53013 53023 53033 53043 53053
52983 52993 53003 53013 53023 53033 53043 53053
52983 52993 53003 53013 53023 53033 53043 53053
52983 52993 53003 53013 53023 53033 53043 53053
52983 52993 53003 53013 53023 53033 53043 53053
52983 52993 53003 53013 53023 53033 53043 53053
52983 52993 53003 53013 53023 53033 53043 53053
52983 52993 53003 53013 53023 53033 53043 53053
52983 52993 53003 53013 53023 53033 53043 53053
52983 52993 53003 53013 53023 53033 53043 53053
52983 52993 53003 53013 53023 53033 53043 53053
52983 52993 53003 53013 53023 53033 53043 53053
52983 52993 53003 53013 53023 53033 53043 53053
52983 52993 53003 53013 53023 53033 53043 53053
52983 52993 53003 53013 53023 53033 53043 53053
52983 52993 53003 53013 53023 53033 53043 53053
52983 52993 53003 53013 53023 53033 53043 53053
52983 52993 53003 53013 53023 53033 53043 53053
52983 52993 53003 53013 53023 53033 53043 53053
52983 52993 53003 53013 53023 53033 53043 53053
52983 52993 53003 53013 53023 53033 53043 53053
52983 52993 53003 53013 53023 53033 53043 53053
66034 66044 66054 66064 66074 66084 66094
66034 66044 66054 66064 66074 66084 66094
66034 66044 66054 66064 66074 66084 66094
66034 66044 66054 66064 66074 66084 66094
66034 66044 66054 66064 66074 66084 66094
66034 66044 66054 66064 66074 66084 66094
66034 66044 66054 66064 66074 66084 66094
66034 66044 66054 66064 66074 66084 66094
66034 66044 66054 66064 66074 66084 66094
66034 66044 66054 66064 66074 66084 66094
66034 66044 66054 66064 66074 66084 66094
66034 66044 66054 66064 66074 66084 66094
66034 66044 66054 66064 66074 66084 66094
66034 66044 66054 66064 66074 66084 66094
66034 66044 66054 66064 66074 66084 66094
66034 66044 66054 66064 66074 66084 66094
66034 66044 66054 66064 66074 66084 66094
66034 66044 66054 66064 66074 66084 66094
66034 66044 66054 66064 66074 66084 66094
66034 66044 66054 66064 66074 66084 66094
66034 66044 66054 66064 66074 66084 66094
66034 66044 66054 66064 66074 66084 66094
66034 66044 66054 66064 66074 66084 66094
66034 66044 66054 66064 66074 66084 66094
66034 66044 66054 66064 66074 66084 66094
66034 66044 66054 66064 66074 66084 66094
66034 66044 66054 66064 66074 66084 66094
66034 66044 66054 66064 66074 66084 66094
66034 66044 66054 66064 66074 66084 66094
66034 66044 66054 66064 66074 66084 66094
66034 66044 66054 66064 66074 66084 66094
66034 66044 66054 66064 66074 66084 66094
66034 66044 66054 66064 66074 66084 66094
66034 66044 66054 66064 66074 66084 66094
66034 66044 66054 66064 66074 66084 66094
66034 66044 66054 66064 66074 66084 66094
66034 66044 66054 66064 66074 66084 66094
66034 66044 66054 66064 66074 66084 66094
66034 66044 66054 66064 66074 66084 66094
66034 66044 66054 66064 66074 66084 66094
66034 66104 66054 66064 66074 66084 66094
66034 66044 66054 66114 66114 66124 66094
66034 66134 66054 66064 66074 66084 66094
66034 66144 66054 66064 66074 66084 66094
66034 66154 66054 66064 66074 66084 66094
66034 66134 66054 66064 66074 66084 66094
66034 66144 66054 66064 66074 66084 66094
66034 66154 66054 66064 66074 66084 66094
66034 66044 66054 66064 66074 66084 66094
66034 66044 66054 66064 66074 66084 66094
66034 66174 66054 66064 66074 66084 66094
66034 66184 66054 66064 66074 66084 66094
66034 66044 66054 66064 66074 66084 66094
66034 66044 66054 66064 66074 66084 66094
66034 66044 66054 66064 66074 66084 66094
66034 66194 66054 66194 66194 66084 66094
66034 66224 66054 66204 66204 66084 66094
66034 66214 66054 66214 66214 66084 66094
66034 66044 66054 66064 66074 66234 66094
