38791
38791
38791
38791
38791
38791
38791
38791
38791
38791
38791
38791
38791
38791
38791
38791
38791
38791
38791
38791
38791
38791
38791
38791
38791
38791
38791
38791
38791
38791
16902 16912 16922 16932 16942 16952 16962 16972
16902 16912 16922 16932 16942 16952 16962 16972
16902 16912 16922 16932 16942 16952 16962 16972
16902 16912 16922 16932 16942 16952 16962 16972
16902 16912 16922 16932 16942 16952 16962 16972
16902 16912 16922 16932 16942 16952 16962 16972
16902 16912 16922 16932 16942 16952 16962 16972
16902 16912 16922 16932 16942 16952 16962 16972
16902 16912 16922 16932 16942 16952 16962 16972
16902 16912 16922 16932 16942 16952 16962 16972
16902 16912 16922 16932 16942 16952 16962 16972
16902 16912 16922 16932 16942 16952 16962 16972
16902 16912 16922 16932 16942 16952 16962 16972
16902 16912 16922 16932 16942 16952 16962 16972
16902 16912 16922 16932 16942 16952 16962 16972
16902 16912 16922 16932 16942 16952 16962 16972
16902 16912 16922 16932 16942 16952 16962 16972
16902 16912 16922 16932 16942 16952 16962 16972
16902 16912 16922 16932 16942 16952 16962 16972
16902 16912 16922 16932 16942 16952 16962 16972
16902 16912 16922 16932 16942 16952 16962 16972
16902 16912 16922 16932 16942 16952 16962 16972
16902 16912 16922 16932 16942 16952 16962 16972
16902 16912 16922 16932 16942 16952 16962 16972
16902 16912 16922 16932 16942 16952 16962 16972
16902 16912 16922 16932 16942 16952 16962 16972
16902 16912 16922 16932 16942 16952 16962 16972
16902 16912 16922 16932 16942 16952 16962 16972
16902 16912 16922 16932 16942 16952 16962 16972
16902 16912 16922 16932 16942 16952 16962 16972
16902 16912 16922 16932 16942 16952 16962 16972
16902 16912 16922 16932 16942 16952 16962 16972
16902 16912 16922 16932 16942 16952 16962 16972
16902 16912 16922 16932 16942 16952 16962 16972
16902 16912 16922 16932 16942 16952 16962 16972
16902 16912 16922 16932 16942 16952 16962 16972
16902 16912 16922 16932 16942 16952 16962 16972
16902 16912 16922 16932 16942 16952 16962 16972
16902 16912 16922 16932 16942 16952 16962 16972
16902 16912 16922 16932 16942 16952 16962 16972
16902 16912 16922 16932 16942 16952 16962 16972
16902 16912 16922 16932 16942 16952 16962 16972
16902 16912 16922 16932 16942 16952 16962 16972
16902 16912 16922 16932 16942 16952 16962 16972
16902 16912 16922 16932 16942 16952 16962 16972
16902 16912 16922 16932 16942 16952 16962 16972
16902 16912 16922 16932 16942 16952 16962 16972
16902 16912 16922 16932 16942 16952 16962 16972
16902 16912 16922 16932 16942 16952 16962 16972
16902 16912 16922 16932 16942 16952 16962 16972
16902 16912 16922 16932 16942 16952 16962 16972
16902 16912 16922 16932 16942 16952 16962 16972
16902 16912 16922 16932 16942 16952 16962 16972
16902 16912 16922 16932 16942 16952 16962 16972
16902 16912 16922 16932 16942 16952 16962 16972
16902 16912 16922 16932 16942 16952 16962 16972
16902 16912 16922 16932 16942 16952 16962 16972
16902 16912 16922 16932 16942 16952 16962 16972
16902 16912 16922 16932 16942 16952 16962 16972
16902 16912 16922 16932 16942 16952 16962 16972
16982 16912 16922 16982 16942 16952 16962 16972
16902 16912 16922 16932 16942 16952 16962 16972
16902 16912 16922 16932 16942 16952 16962 16972
16982 16912 16922 16982 16942 16952 16962 16972
16982 16912 16922 16982 16942 16952 16962 16972
16982 16912 16922 16982 16942 16952 16962 16972
16982 16912 16922 16982 16942 16952 16962 16972
16902 16912 16922 16932 16942 16952 16962 16972
16902 16912 16922 16932 16942 16952 16962 16972
16982 16912 16922 16982 16942 16952 16962 16972
16982 16912 16922 16982 16942 16952 16962 16972
16902 16912 16922 16932 16942 16952 16962 16972
16902 16912 16922 16932 16942 16952 16962 16972
16982 16912 16922 16982 16942 16952 16962 16972
16982 16912 16922 16982 16942 16952 16962 16972
16982 16912 16922 16982 16942 16952 16962 16972
16902 16912 16922 16932 16942 16952 16962 16972
16902 16912 16922 16932 16942 16952 16962 16972
16982 16912 16922 16982 16942 16952 16962 16972
16982 16912 16922 16982 16942 16952 16962 16972
16902 16912 16922 16932 16942 16952 16962 16972
16902 16912 16922 16932 16942 16952 16962 16972
16902 16912 16922 16932 16942 16952 16962 16972
16902 16912 16922 16932 16942 16952 16962 16972
16902 16912 16922 16932 16942 16952 16962 16972
16902 16912 16922 16932 16942 16952 16962 16972
16902 16912 16922 16932 16942 16952 16962 16972
16902 16912 16922 16932 16942 16952 16962 16972
16902 16912 16922 16932 16942 16952 16962 16972
16902 16912 16922 16932 16942 16952 16962 16972
25493 25503 25513 25523 25533 25543 25553
25493 25503 25513 25523 25533 25543 25553
25493 25503 25513 25523 25533 25543 25553
25493 25503 25513 25523 25533 25543 25553
25493 25503 25513 25523 25533 25543 25553
25493 25503 25513 25523 25533 25543 25553
25493 25503 25513 25523 25533 25543 25553
25493 25503 25513 25523 25533 25543 25553
25493 25503 25513 25523 25533 25543 25553
25493 25503 25513 25523 25533 25543 25553
25493 25503 25513 25523 25533 25543 25553
25493 25503 25513 25523 25533 25543 25553
25493 25503 25513 25523 25533 25543 25553
25493 25503 25513 25523 25533 25543 25553
25493 25503 25513 25523 25533 25543 25553
25493 25503 25513 25523 25533 25543 25553
25493 25503 25513 25523 25533 25543 25553
25493 25503 25513 25523 25533 25543 25553
25493 25503 25513 25523 25533 25543 25553
25493 25503 25513 25523 25533 25543 25553
25493 25503 25513 25523 25533 25543 25553
25493 25503 25513 25523 25533 25543 25553
25493 25503 25513 25523 25533 25543 25553
25493 25503 25513 25523 25533 25543 25553
25493 25503 25513 25523 25533 25543 25553
25493 25503 25513 25523 25533 25543 25553
25493 25503 25513 25523 25533 25543 25553
25493 25503 25513 25523 25533 25543 25553
25493 25503 25513 25523 25533 25543 25553
25493 25503 25513 25523 25533 25543 25553
25493 25503 25513 25523 25533 25543 25553
25493 25503 25513 25523 25533 25543 25553
25493 25503 25513 25523 25533 25543 25553
25493 25503 25513 25523 25533 25543 25553
25493 25503 25513 25523 25533 25543 25553
25493 25503 25513 25523 25533 25543 25553
25493 25503 25513 25523 25533 25543 25553
25493 25503 25513 25523 25533 25543 25553
25493 25503 25513 25523 25533 25543 25553
25493 25503 25513 25523 25533 25543 25553
25493 25503 25513 25523 25533 25543 25553
25493 25503 25513 25523 25533 25543 25553
25493 25503 25513 25523 25533 25543 25553
25493 25503 25513 25523 25533 25543 25553
25493 25503 25513 25523 25533 25543 25553
25493 25503 25513 25523 25533 25543 25553
25493 25503 25513 25523 25533 25543 25553
25493 25503 25513 25523 25533 25543 25553
25493 25503 25513 25523 25533 25543 25553
25493 25503 25513 25523 25533 25543 25553
25493 25503 25513 25523 25533 25543 25553
25493 25503 25513 25523 25533 25543 25553
25493 25503 25513 25523 25533 25543 25553
25493 25503 25513 25523 25533 25543 25553
25493 25503 25513 25523 25533 25543 25553
25493 25503 25513 25523 25533 25543 25553
25493 25503 25513 25523 25533 25543 25553
25493 25503 25513 25523 25533 25543 25553
25493 25503 25513 25523 25533 25543 25553
25493 25503 25513 25523 25533 25543 25553
25493 25503 25513 25523 25533 25543 25553
25493 25503 25513 25523 25533 25543 25553
25493 25503 25513 25523 25533 25543 25553
25493 25503 25513 25523 25533 25543 25553
25493 25503 25513 25523 25533 25543 25553
25493 25503 25513 25523 25533 25543 25553
25493 25503 25513 25523 25533 25543 25553
25493 25503 25513 25523 25533 25543 25553
25493 25503 25513 25523 25533 25543 25553
25493 25503 25513 25523 25533 25543 25553
25493 25503 25513 25523 25533 25543 25553
25493 25503 25513 25523 25533 25543 25553
25493 25503 25513 25523 25533 25543 25553
25493 25503 25513 25523 25533 25543 25553
25493 25503 25513 25523 25533 25543 25553
25493 25503 25513 25523 25533 25543 25553
25493 25503 25513 25523 25533 25543 25553
25493 25503 25513 25523 25533 25543 25553
25493 25503 25513 25523 25533 25543 25553
25493 25503 25513 25523 25533 25543 25553
25493 25503 25513 25523 25533 25543 25553
25493 25503 25513 25523 25533 25543 25553
25493 25503 25513 25523 25533 25543 25553
25493 25503 25513 25523 25533 25543 25553
25493 25503 25513 25523 25533 25543 25553
31274 31284 31294 31304 31314 31324
31274 31284 31294 31304 31314 31324
31274 31284 31294 31304 31314 31324
31274 31284 31294 31304 31314 31324
31274 31284 31294 31304 31314 31324
31274 31284 31294 31304 31314 31324
31274 31284 31294 31304 31314 31324
31274 31284 31294 31304 31314 31324
31274 31284 31294 31304 31314 31324
31274 31284 31294 31304 31314 31324
31274 31284 31294 31304 31314 31324
31274 31284 31294 31304 31314 31324
31274 31284 31294 31304 31314 31324
31274 31284 31294 31304 31314 31324
31274 31284 31294 31304 31314 31324
31274 31284 31294 31304 31314 31324
31274 31284 31294 31304 31314 31324
31274 31284 31294 31304 31314 31324
31274 31284 31294 31304 31314 31324
31274 31284 31294 31304 31314 31324
31274 31284 31294 31304 31314 31324
31274 31284 31294 31304 31314 31324
31274 31284 31294 31304 31314 31324
31274 31284 31294 31304 31314 31324
31274 31284 31294 31304 31314 31324
31274 31284 31294 31304 31314 31324
31274 31284 31294 31304 31314 31324
31274 31284 31294 31304 31314 31324
31274 31284 31294 31304 31314 31324
31274 31284 31294 31304 31314 31324
31274 31284 31294 31304 31314 31324
31274 31284 31294 31304 31314 31324
31274 31284 31294 31304 31314 31324
31274 31284 31294 31304 31314 31324
31274 31284 31294 31304 31314 31324
31274 31284 31294 31304 31314 31324
31274 31284 31294 31304 31314 31324
31274 31284 31294 31304 31314 31324
31274 31284 31294 31304 31314 31324
31274 31284 31294 31304 31314 31324
31274 31284 31294 31304 31314 31324
31274 31284 31294 31304 31314 31324
31274 31284 31294 31304 31314 31324
31274 31284 31294 31304 31314 31324
31274 31284 31294 31304 31314 31324
31274 31284 31294 31304 31314 31324
31274 31284 31294 31304 31314 31324
31274 31284 31294 31304 31314 31324
31274 31284 31294 31304 31314 31324
31274 31284 31294 31304 31314 31324
31274 31284 31294 31304 31314 31324
31274 31284 31294 31304 31314 31324
31274 31284 31294 31304 31314 31324
31274 31284 31294 31304 31314 31324
31274 31284 31294 31304 31314 31324
31274 31284 31294 31304 31314 31324
31274 31284 31294 31304 31314 31324
31274 31284 31294 31304 31314 31324
31274 31284 31294 31304 31314 31324
