84601
84601
84601
84601
84601
84601
84601
84601
84601
84601
84601
84601
84601
84601
84601
84601
84601
84601
84601
84601
84601
84601
84601
84601
84601
84601
84601
84601
84601
84601
8602 8612 8622
8602 8612 8622
8602 8612 8622
8602 8612 8622
8602 8612 8622
8602 8612 8622
8602 8612 8622
8602 8612 8622
8602 8612 8622
8602 8612 8622
8602 8612 8622
8602 8612 8622
8602 8612 8622
8602 8612 8622
8602 8612 8622
8602 8612 8622
8602 8612 8622
8602 8612 8622
8602 8612 8622
8602 8612 8622
8602 8612 8622
8602 8612 8622
8602 8612 8622
8602 8612 8622
8602 8612 8622
8602 8612 8622
8602 8612 8622
8602 8612 8622
8602 8612 8622
8602 8612 8622
8602 8612 8622
8602 8612 8622
8602 8612 8622
8602 8612 8622
8602 8612 8622
8602 8612 8622
8602 8612 8622
8632 8632 8632
8642 8642 8642
8602 8612 8622
8602 8612 8622
8602 8612 8622
8602 8612 8622
8602 8612 8622
8602 8612 8622
8602 8612 8622
8602 8612 8622
8602 8612 8622
8602 8612 8622
10343 10393 10403 10413 10423 10433 10443
10343 10393 10403 10413 10423 10433 10443
10343 10393 10403 10413 10423 10433 10443
10343 10393 10403 10413 10423 10433 10443
10343 10393 10403 10413 10423 10433 10443
10343 10393 10403 10413 10423 10433 10443
10343 10393 10403 10413 10423 10433 10443
10343 10393 10403 10413 10423 10433 10443
10343 10393 10403 10413 10423 10433 10443
10343 10393 10403 10413 10423 10433 10443
10343 10393 10403 10413 10423 10433 10443
10343 10393 10403 10413 10423 10433 10443
10343 10393 10403 10413 10423 10433 10443
10343 10393 10403 10413 10423 10433 10443
10343 10393 10403 10413 10423 10433 10443
10343 10393 10403 10413 10423 10433 10443
10343 10393 10403 10413 33303 10433 10443
10343 10393 10403 10413 33303 10433 10443
10343 10393 10403 10413 10423 10433 10443
10343 10393 10403 10413 10423 10433 10443
10343 10393 10403 10413 10423 10433 10443
10343 10393 10403 10413 10423 10433 10443
10343 10393 10403 10413 10423 10433 10443
10343 10393 10403 10413 10423 10433 10443
10343 10393 10403 10413 10423 10433 10443
10343 10393 10403 10413 10423 10433 10443
10343 10393 10403 10413 10423 10433 10443
10343 10393 10403 10413 10423 10433 10443
10343 10393 10403 10413 10423 10433 10443
10343 10393 10403 10413 10423 10433 10443
10343 10393 10403 10413 10423 10433 10443
10343 10393 10403 10413 10423 10433 10443
10343 10393 10403 10413 10423 10433 10443
10343 10393 10403 10413 10423 10433 10443
10343 10393 10403 10413 10423 10433 10443
10343 10393 10403 10413 10423 10433 10443
10343 10393 10403 10413 10423 10433 10443
10343 10393 10403 10413 10423 10433 10443
10343 10393 10403 10413 10423 10433 10443
10343 10393 10403 10413 10423 10433 10443
10343 10393 10403 10413 10423 10433 10443
10343 10393 10403 10413 10423 10433 10443
10343 10393 10403 10413 10423 10433 10443
10343 10393 10403 10413 10423 10433 10443
10343 10393 10403 10413 10423 10433 10443
10353 10353 10353 10353 10353 10353 10353
10363 10363 10363 10363 10363 10363 10363
10343 10393 10403 10413 10423 10433 10443
10373 10373 10373 10373 33303 10373 10373
10373 10373 10373 10373 10373 10373 10373
10343 10393 10403 10413 10423 10433 10443
10343 10393 10403 10413 10423 10433 10443
10343 10393 10403 10413 10423 10433 10443
10343 10393 10403 10413 10423 10433 10443
10343 10393 10403 10413 10423 10433 10443
10383 10383 10383 10383 10383 10383 10383
10383 10383 10383 10383 10383 10383 10383
10383 10383 10383 10383 10383 10383 10383
10343 10393 10403 10413 10423 10433 10443
10343 10393 10403 10413 10423 10433 10443
10343 10393 10403 10413 10423 10433 10443
10343 10393 10403 10413 10423 10433 10443
10343 10393 10403 10413 10423 10433 10443
10343 10393 10403 10413 10423 10433 10443
10343 10393 10403 10413 10423 10433 10443
10343 10393 10403 10413 10423 10433 10443
10343 10393 10403 10413 10423 10433 10443
67394 67404 67414 67424 67434 67444 67454 67464
67394 67404 67414 67424 67434 67444 67454 67464
67394 67404 67414 67424 67434 67444 67454 67464
67394 67404 67414 67424 67434 67444 67454 67464
67394 67404 67414 67424 67434 67444 67454 67464
67394 67404 67414 67424 67434 67444 67454 67464
67394 67404 67414 67424 67434 67444 67454 67464
67394 67404 67414 67424 67434 67444 67454 67464
67394 67404 67414 67424 67434 67444 67454 67464
67394 67404 67414 67424 67434 67444 67454 67464
67394 67404 67414 67424 67434 67444 67454 67464
67394 67404 67414 67424 67434 67444 67454 67464
67394 67404 67414 67424 67434 67444 67454 67464
67394 67404 67414 67424 67434 67444 67454 67464
67394 67404 67414 67424 67434 67444 67454 67464
67394 67404 67414 67424 67434 67444 67454 67464
67394 67404 67414 67424 67434 67444 67454 67464
67394 67404 67414 67424 67434 67444 67454 67464
67394 67404 67414 67424 67434 67444 67454 67464
67394 67404 67414 67424 67434 67444 67454 67464
67394 67404 67414 67424 67434 67444 67454 67464
67394 67404 67414 67424 67434 67444 67454 67464
67394 67404 67414 67424 67434 67444 67454 67464
67394 67404 67414 67424 67434 67444 67454 67464
67394 67404 67414 67424 67434 67444 67454 67464
67394 67404 67414 67424 67434 67444 67454 67464
67394 67404 67414 67424 67434 67444 67454 67464
67394 67404 67414 67424 67434 67444 67454 67464
67394 67404 67414 67424 67434 67444 67454 67464
67394 67404 67414 67424 67434 67444 67454 67464
67394 67404 67414 67424 67434 67444 67454 67464
67394 67404 67414 67424 67434 67444 67454 67464
67394 67404 67414 67424 67434 67444 67454 67464
67394 67404 67414 67424 67434 67444 67454 67464
67394 67404 67414 67424 67434 67444 67454 67464
67394 67404 67414 67424 67434 67444 67454 67464
67394 67404 67414 67424 67434 67444 67454 67464
67394 67404 67414 67424 67434 67444 67454 67464
67394 67404 67414 67424 67434 67444 67454 67464
67394 67404 67414 67424 67434 67444 67454 67464
67394 67404 67414 67424 67434 67444 67454 67464
67394 67404 67414 67424 67434 67444 67454 67464
67394 67404 67414 67424 67434 67444 67454 67464
67394 67404 67414 67424 67434 67444 67454 67464
67394 67404 67474 67424 67474 67444 67454 67464
67394 67404 67474 67424 67474 67444 67454 67464
67394 67404 67574 67424 67434 67444 67454 67464
67394 67404 67574 67424 67434 67444 67454 67464
67394 67404 67484 67424 67484 67444 67454 67464
67394 67404 67574 67424 67434 67444 67454 67464
67394 67404 67414 67424 67434 67444 67454 67464
67394 67404 67484 67424 67484 67444 67454 67464
67394 67404 67494 67424 67494 67444 67454 67464
67394 67584 67584 67424 67434 67584 67454 67464
67394 67584 67584 67424 67434 67584 67454 67464
67394 67584 67584 67424 67434 67584 67454 67464
67394 67594 67594 67424 67434 67594 67454 67464
67394 67594 67594 67424 67434 67594 67454 67464
67394 67504 67504 67424 67434 67504 67454 67464
67394 67504 67504 67424 67434 67504 67454 67464
67394 67584 67584 67424 67434 67584 67454 67464
67394 67584 67584 67424 67434 67584 67454 67464
67394 67594 67594 67424 67434 67594 67454 67464
67394 67504 67504 67424 67434 67504 67454 67464
67394 67504 67504 67424 67434 67504 67454 67464
67394 67514 67514 67424 67434 67514 67454 67464
67394 67514 67514 67424 67434 67514 67454 67464
67394 67514 67514 67424 67434 67514 67454 67464
67394 67514 67514 67424 67434 67514 67454 67464
67394 67514 67514 67424 67434 67514 67454 67464
67394 67514 67514 67424 67434 67514 67454 67464
67394 67404 67534 67424 67434 67594 67454 67464
67394 67404 67534 67424 67434 67594 67454 67464
67394 67404 67534 67424 67434 67594 67454 67464
67394 67404 67534 67424 67434 67594 67454 67464
67394 67404 67534 67424 67434 67594 67454 67464
67394 67404 67534 67424 67434 67594 67454 67464
67394 67404 67544 67424 67434 67444 67454 67464
67394 67404 67544 67424 67434 67444 67454 67464
67394 67554 67414 67424 67434 67444 67454 67464
67394 67554 67414 67424 67434 67444 67454 67464
67394 67554 67414 67424 67434 67444 67454 67464
67394 67554 67414 67424 67434 67444 67454 67464
67394 67554 67414 67424 67434 67444 67454 67464
67394 67404 67564 67424 67564 67444 67454 67464
67394 67404 67564 67424 67564 67444 67454 67464
67394 67404 67564 67424 67564 67444 67454 67464
67394 67404 67414 67424 67434 67444 67454 67464
67394 67404 67414 67424 67434 67444 67454 67464
