38761
38761
38761
38761
38761
38761
38761
38761
38761
38761
38761
38761
38761
38761
38761
38761
38761
38761
38761
38761
38761
38761
38761
38761
38761
38761
38761
38761
38761
38761
2892
2892
2892
2892
2892
2892
2892
2892
2892
2892
2892
2892
2892
2892
2892
2892
2892
2892
2892
2892
2892
2892
2892
2892
2892
2892
2892
2892
2892
2892
2892
2892
2892
2892
2892
2892
2892
2892
2892
2892
2892
2892
2892
2892
2892
2892
2892
2892
2892
3133 12793 12803 12813 12823 12833 12843
3133 12793 12803 12813 12823 12833 12843
3133 12793 12803 12813 12823 12833 12843
3133 12793 12803 12813 12823 12833 12843
3133 12793 12803 12813 12823 12833 12843
3133 12793 12803 12813 12823 12833 12843
3133 12793 12803 12813 12823 12833 12843
3133 12793 12803 12813 12823 12833 12843
3133 12793 12803 12813 12823 12833 12843
3133 12793 12803 12813 12823 12833 12843
3133 12793 12803 12813 12823 12833 12843
3133 12793 12803 12813 12823 12833 12843
3133 12793 12803 12813 12823 12833 12843
3133 12793 12803 12813 12823 12833 12843
3133 12793 12803 12813 12823 12833 12843
3133 12793 12803 12813 12823 12833 12843
3133 12793 12803 12813 12823 12833 12843
3133 12793 12803 12813 12823 12833 12843
3133 12793 12803 12813 12823 12833 12843
3133 12793 12803 12813 12823 12833 12843
3133 12793 12803 12813 12823 12833 12843
3133 12793 12803 12813 12823 12833 12843
3133 12793 12803 12813 12823 12833 12843
3133 12793 12803 12813 12823 12833 12843
3133 12793 12803 12813 12823 12833 12843
3133 12793 12803 12813 12823 12833 12843
3133 12793 12803 12813 12823 12833 12843
3133 12793 12803 12813 12823 12833 12843
3133 12793 12803 12813 12823 12833 12843
3133 12793 12803 12813 12823 12833 12843
3133 12793 12803 12813 12823 12833 12843
3133 12793 12803 12813 12823 12833 12843
3133 12793 12803 12813 12823 12833 12843
3133 12793 12803 12813 12823 12833 12843
3133 12793 12803 12813 12823 12833 12843
3133 12793 12803 12813 12823 12833 12843
3133 12793 12803 12813 12823 12833 12843
3133 12793 12803 12813 12823 12833 12843
3133 12793 12803 12813 12823 12833 12843
3133 12793 12803 12813 12823 12833 12843
3133 12793 12803 12813 12823 12833 12843
3133 12793 12803 12813 12823 12833 12843
3133 12793 12803 12813 12823 12833 12843
3133 12793 12803 12813 12823 12833 12843
3133 12793 12803 12813 12823 12833 12843
3133 12793 12803 12813 12823 12833 12843
3133 12793 12803 12813 12823 12833 12843
3133 12793 12803 12813 12823 12833 12843
3133 12793 12803 12813 12823 12833 12843
3133 12793 12803 12813 12823 12833 12843
3133 12793 12803 12813 12823 12833 12843
3133 12793 12803 12813 12823 12833 12843
3133 12793 12803 12813 12823 12833 12843
3133 12793 12803 12813 12823 12833 12843
3133 12793 12803 12813 12823 12833 12843
3133 12793 12803 12813 12823 12833 12843
3133 12793 12803 12813 12823 12833 12843
3133 12793 12803 12813 12823 12833 12843
3133 12793 12803 12813 12823 12833 12843
3133 12793 12803 12813 12823 12833 12843
3133 12793 12803 12813 12823 12833 12843
3133 12793 12803 12813 12823 12833 12843
3133 12793 12803 12813 12823 12833 12843
3133 12793 12803 12813 12823 12833 12843
3133 12793 12803 12813 12823 12833 12843
3133 12793 12803 12813 12823 12833 12843
3133 12793 12803 12813 12823 12833 12843
31804 31814 31824 31834 31844 31854 31864
31804 31814 31824 31834 31844 31854 31864
31804 31814 31824 31834 31844 31854 31864
31804 31814 31824 31834 31844 31854 31864
31804 31814 31824 31834 31844 31854 31864
31804 31814 31824 31834 31844 31854 31864
31804 31814 31824 31834 31844 31854 31864
31804 31814 31824 31834 31844 31854 31864
31804 31814 31824 31834 31844 31854 31864
31804 31814 31824 31834 31844 31854 31864
31804 31814 31824 31834 31844 31854 31864
31804 31814 31824 31834 31844 31854 31864
31804 31814 31824 31834 31844 31854 31864
31804 31814 31824 31834 31844 31854 31864
31804 31814 31824 31834 31844 31854 31864
31804 31814 31824 31834 31844 31854 31864
31804 31814 31824 31834 31844 31854 31864
31804 31814 31824 31834 31844 31854 31864
31804 31814 31824 31834 31844 31854 31864
31804 31814 31824 31834 31844 31854 31864
31804 31814 31824 31834 31844 31854 31864
31804 31814 31824 31834 31844 31854 31864
31804 31814 31824 31834 31844 31854 31864
31804 31814 31824 31834 31844 31854 31864
31804 31814 31824 31834 31844 31854 31864
31804 31814 31824 31834 31844 31854 31864
31804 31814 31824 31834 31844 31854 31864
31804 31814 31824 31834 31844 31854 31864
31804 31814 31824 31834 31844 31854 31864
31804 31814 31824 31834 31844 31854 31864
31804 31814 31824 31834 31844 31854 31864
31804 31814 31824 31834 31844 31854 31864
31804 31814 31824 31834 31844 31854 31864
31804 31814 31824 31834 31844 31854 31864
31804 31814 31824 31834 31844 31854 31864
31804 31814 31824 31834 31844 31854 31864
31804 31814 31824 31834 31844 31854 31864
31804 31814 31824 31834 31844 31854 31864
31804 31814 31824 31834 31844 31854 31864
31804 31814 31824 31834 31844 31854 31864
31804 31814 31824 31834 31844 31854 31864
31804 31814 31824 31834 31844 31854 31864
31804 31814 31824 31834 31844 31854 31864
31804 31814 31824 31834 31844 31854 31864
31804 31814 31824 31834 31844 31854 31864
31804 31814 31824 31834 31844 31854 31864
31804 31814 31824 31834 31844 31854 31864
31804 31814 31824 31834 31844 31854 31864
31804 31814 31824 31834 31844 31854 31864
31804 31814 31824 31834 31844 31854 31864
31804 31814 31824 31834 31844 31854 31864
31804 31814 31824 31834 31844 31854 31864
31804 31814 31824 31834 31844 31854 31864
31804 31814 31824 31834 31844 31854 31864
31804 31814 31824 31834 31844 31854 31864
31804 31814 31824 31834 31844 31854 31864
31804 31814 31824 31834 31844 31854 31864
31804 31814 31824 31834 31844 31854 31864
31804 31814 31824 31834 31844 31854 31864
31804 31814 31824 31834 31844 31854 31864
31804 31814 31824 31834 31844 31854 31864
31804 31814 31824 31834 31844 31854 31864
31804 31814 31824 31834 31844 31854 31864
31804 31814 31824 31834 31844 31854 31864
31804 31814 31824 31834 31844 31854 31864
31804 31814 31824 31834 31844 31854 31864
31804 31814 31824 31834 31844 31854 31864
31804 31814 31824 31834 31844 31854 31864
31804 31814 31824 31834 31844 31854 31864
31804 31814 31824 31834 31844 31854 31864
31804 31814 31824 31834 31844 31854 31864
31804 31814 31824 31834 31844 31854 31864
31804 31814 31824 31834 31844 31854 31864
31804 31814 31824 31834 31844 31854 31864
31804 31814 31824 31834 31844 31854 31864
31804 31814 31824 31834 31844 31854 31864
31804 31814 31824 31834 31844 31854 31864
31804 31814 31824 31834 31844 31854 31864
31804 31814 31824 31834 31844 31854 31864
31804 31814 31824 31834 31844 31854 31864
31804 31814 31824 31834 31844 31854 31864
31804 31814 31824 31834 31844 31854 31864
31804 31814 31824 31834 31844 31854 31864
31804 31814 31824 31834 31844 31854 31864
31804 31814 31824 31834 31844 31854 31864
31804 31814 31824 31834 31844 31854 31864
31804 31814 31824 31834 31844 31854 31864
31804 31814 31824 31834 31844 31854 31864
31804 31814 31824 31834 31844 31854 31864
