80 80 80 80 80 80 40 60 60
10 5 15 90 90 90 60 90 10
90 90 90 90 90 90 70 90 90
55 55 55 90 90 90 40 5 5
25 40 40 90 90 90 90 90 90
90 90 90 90 90 90 90 90 90
50 60 60 90 90 90 70 90 90
20 20 20 80 80 80 60 20 20
90 90 90 90 90 90 90 90 90
55 45 55 90 90 70 80 90 90
80 80 80 90 90 75 95 90 90
70 80 70 90 90 70 90 90 90
90 90 90 90 90 90 90 90 80
90 90 90 90 90 90 90 90 90
80 80 80 90 90 80 85 80 90
90 90 90 90 90 90 90 90 60
90 90 90 90 90 90 90 90 90
60 60 60 90 90 60 65 60 70
50 60 50 90 90 50 70 90 90
60 60 60 90 90 55 75 90 90
35 25 35 90 90 50 60 70 90
35 35 35 35 35 35 35 35 35
