80 80 80 80 80 80 40 60 60
10 5 15 80 80 80 60 90 50
90 90 90 90 90 90 70 90 90
80 80 80 80 80 80 40 5 5
80 90 90 90 90 90 90 90 90
90 30 20 90 90 90 60 10 90
50 60 60 90 90 90 70 90 90
20 20 20 80 80 80 60 20 20
90 90 90 90 90 90 90 90 90
40 30 40 90 90 60 80 80 90
65 55 65 90 90 70 85 90 90
60 65 60 90 90 60 85 90 90
85 85 85 90 90 90 90 90 90
85 85 85 90 90 90 90 90 90
65 50 65 90 90 70 85 65 75
65 65 65 90 90 90 90 90 90
65 65 65 80 80 70 75 80 80
45 30 45 90 90 50 65 45 55
40 45 40 90 90 40 65 80 80
45 35 45 90 90 50 65 75 90
20 10 20 90 90 40 60 60 70
35 35 35 35 35 35 35 35 35
