80 80 80 80 80 80 40 60 60
10 5 15 80 80 80 60 90 90
90 90 90 90 90 90 70 90 90
80 80 80 80 80 80 40 5 5
80 90 90 90 90 90 90 90 90
90 30 90 90 90 90 60 10 90
50 60 60 90 90 90 70 90 90
20 20 20 80 80 80 60 20 20
90 90 90 90 90 90 90 90 90
55 45 55 90 90 70 80 90 90
65 55 65 90 90 70 85 90 90
65 70 65 90 90 70 85 90 90
85 85 85 90 90 90 90 90 90
85 85 85 90 90 90 90 90 90
70 55 70 90 90 80 85 70 80
65 65 65 90 90 90 90 90 90
65 65 65 80 80 70 75 80 80
50 35 50 90 90 60 65 50 60
45 50 45 90 90 50 65 90 90
45 35 45 90 90 50 65 75 90
35 25 35 90 90 50 60 70 90
35 35 35 35 35 35 35 35 35
