80 80 80 80 80 80 40 60 60
10 5 15 90 90 90 60 90 10
90 90 90 90 90 90 70 90 90
55 55 55 90 90 90 40 5 5
25 40 40 90 90 90 90 90 90
90 90 90 90 90 90 90 90 90
50 60 60 90 90 90 70 90 90
20 20 20 80 80 80 60 20 20
90 90 90 90 90 90 90 90 90
30 25 30 90 90 55 80 75 85
80 80 80 90 90 75 95 90 90
55 60 55 90 90 55 80 90 90
90 90 90 90 90 90 90 90 80
90 90 90 90 90 90 90 90 90
60 45 60 90 90 60 85 65 75
90 90 90 90 90 90 90 90 60
90 90 90 90 90 90 90 90 90
40 25 40 90 90 40 65 45 55
35 40 35 90 90 35 60 75 75
60 60 60 90 90 55 75 90 90
10 5 10 90 90 35 60 55 65
35 35 35 35 35 35 35 35 35
