84601
84601
84601
84601
84601
84601
84601
84601
84601
84601
84601
84601
84601
84601
84601
84601
84601
84601
84601
84601
84601
84601
84601
84601
84601
84601
84601
84601
84601
84601
6592 6642 6652 6662
6592 6642 6652 6662
6592 6642 6652 6662
6592 6642 6652 6662
6592 6642 6652 6662
6592 6642 6652 6662
6592 6642 6652 6662
6592 6642 6652 6662
6592 6642 6652 6662
6592 6642 6652 6662
6592 6642 6652 6662
6592 6642 6652 6662
6592 6642 6652 6662
6592 6642 6652 6662
6592 6642 6652 6662
6592 6642 6652 6662
6592 6642 6652 6662
6592 6642 6652 6662
6592 6642 6652 6662
6592 6642 6652 6662
6592 6642 6652 6662
6592 6642 6652 6662
6592 6642 6652 6662
6592 6642 6652 6662
6592 6642 6652 6662
6592 6642 6652 6662
6592 6642 6652 6662
6592 6642 6652 6662
6592 6642 6652 6662
6592 6642 6652 6662
6592 6642 6652 6662
6592 6642 6652 6662
6592 6642 6652 6662
6592 6642 6652 6662
6592 6642 6652 6662
6592 6642 6652 6662
6592 6642 6652 6662
6592 6642 6652 6662
6602 6602 6602 6602
6612 6612 6612 6612
6592 6642 6652 6662
6622 6622 6622 6622
6622 6622 6622 6622
6592 6642 6652 6662
6592 6642 6652 6662
6632 6632 6632 6632
6592 6642 6652 6662
6592 6642 6652 6662
6592 6642 6652 6662
6592 6642 6652 6662
7953 7953 7953
7953 7953 7953
7953 7953 7953
7953 7953 7953
7953 7953 7953
7953 7953 7953
7953 7953 7953
7953 7953 7953
7953 7953 7953
7953 7953 7953
7953 7953 7953
7953 7953 7953
7953 7953 7953
7953 7953 7953
7953 7953 7953
7953 7953 7953
7953 7953 7953
7953 7953 7953
7953 7953 7953
7953 7953 7953
7953 7953 7953
7953 7953 7953
7953 7953 7953
7953 7953 7953
7953 7953 7953
7953 7953 7953
7953 7953 7953
7953 7953 7953
7953 7953 7953
7953 7953 7953
7953 7953 7953
7953 7953 7953
10344 10394 10404 10414 10424 10434 10444
10344 10394 10404 10414 10424 10434 10444
10344 10394 10404 10414 10424 10434 10444
10344 10394 10404 10414 10424 10434 10444
10344 10394 10404 10414 10424 10434 10444
10344 10394 10404 10414 10424 10434 10444
10344 10394 10404 10414 10424 10434 10444
10344 10394 10404 10414 10424 10434 10444
10344 10394 10404 10414 10424 10434 10444
10344 10394 10404 10414 10424 10434 10444
10344 10394 10404 10414 10424 10434 10444
10344 10394 10404 10414 10424 10434 10444
10344 10394 10404 10414 10424 10434 10444
10344 10394 10404 10414 10424 10434 10444
10344 10394 10404 10414 10424 10434 10444
10344 10394 10404 10414 10424 10434 10444
10344 10394 10404 10414 33304 10434 10444
10344 10394 10404 10414 33304 10434 10444
10344 10394 10404 10414 10424 10434 10444
10344 10394 10404 10414 10424 10434 10444
10344 10394 10404 10414 10424 10434 10444
10344 10394 10404 10414 10424 10434 10444
10344 10394 10404 10414 10424 10434 10444
10344 10394 10404 10414 10424 10434 10444
10344 10394 10404 10414 10424 10434 10444
10344 10394 10404 10414 10424 10434 10444
10344 10394 10404 10414 10424 10434 10444
10344 10394 10404 10414 10424 10434 10444
10344 10394 10404 10414 10424 10434 10444
10344 10394 10404 10414 10424 10434 10444
10344 10394 10404 10414 10424 10434 10444
10344 10394 10404 10414 10424 10434 10444
10344 10394 10404 10414 10424 10434 10444
10344 10394 10404 10414 10424 10434 10444
10344 10394 10404 10414 10424 10434 10444
10344 10394 10404 10414 10424 10434 10444
10344 10394 10404 10414 10424 10434 10444
10344 10394 10404 10414 10424 10434 10444
10344 10394 10404 10414 10424 10434 10444
10344 10394 10404 10414 10424 10434 10444
10344 10394 10404 10414 10424 10434 10444
10344 10394 10404 10414 10424 10434 10444
10344 10394 10404 10414 10424 10434 10444
10344 10394 10404 10414 10424 10434 10444
10344 10394 10404 10414 10424 10434 10444
10354 10354 10354 10354 10354 10354 10354
10364 10364 10364 10364 10364 10364 10364
10344 10394 10404 10414 10424 10434 10444
10374 10374 10374 10374 33304 10374 10374
10374 10374 10374 10374 10374 10374 10374
10344 10394 10404 10414 10424 10434 10444
10344 10394 10404 10414 10424 10434 10444
10344 10394 10404 10414 10424 10434 10444
10344 10394 10404 10414 10424 10434 10444
10344 10394 10404 10414 10424 10434 10444
10384 10384 10384 10384 10384 10384 10384
10384 10384 10384 10384 10384 10384 10384
10384 10384 10384 10384 10384 10384 10384
10344 10394 10404 10414 10424 10434 10444
10344 10394 10404 10414 10424 10434 10444
10344 10394 10404 10414 10424 10434 10444
10344 10394 10404 10414 10424 10434 10444
10344 10394 10404 10414 10424 10434 10444
10344 10394 10404 10414 10424 10434 10444
10344 10394 10404 10414 10424 10434 10444
10344 10394 10404 10414 10424 10434 10444
10344 10394 10404 10414 10424 10434 10444
