38761
38761
38761
38761
38761
38761
38761
38761
38761
38761
38761
38761
38761
38761
38761
38761
38761
38761
38761
38761
38761
38761
38761
38761
38761
38761
38761
38761
38761
38761
2372
2372
2372
2372
2372
2372
2372
2372
2372
2372
2372
2372
2372
2372
2372
2372
2372
2372
2372
2372
2372
2372
2372
2372
2372
2372
2372
2372
2372
2372
2372
2372
2372
2372
2372
2372
2372
2372
2372
2372
2372
2372
2372
2372
2372
2372
2372
2372
2372
2372
2683
2683
2683
2683
2683
2683
2683
2683
2683
2683
2683
2683
2683
2683
2683
2683
2683
2683
2683
2683
2683
2683
2683
2683
2683
2683
2683
2683
2683
2683
2683
2683
3134 12794 12804 12814 12824 12834 12844
3134 12794 12804 12814 12824 12834 12844
3134 12794 12804 12814 12824 12834 12844
3134 12794 12804 12814 12824 12834 12844
3134 12794 12804 12814 12824 12834 12844
3134 12794 12804 12814 12824 12834 12844
3134 12794 12804 12814 12824 12834 12844
3134 12794 12804 12814 12824 12834 12844
3134 12794 12804 12814 12824 12834 12844
3134 12794 12804 12814 12824 12834 12844
3134 12794 12804 12814 12824 12834 12844
3134 12794 12804 12814 12824 12834 12844
3134 12794 12804 12814 12824 12834 12844
3134 12794 12804 12814 12824 12834 12844
3134 12794 12804 12814 12824 12834 12844
3134 12794 12804 12814 12824 12834 12844
3134 12794 12804 12814 12824 12834 12844
3134 12794 12804 12814 12824 12834 12844
3134 12794 12804 12814 12824 12834 12844
3134 12794 12804 12814 12824 12834 12844
3134 12794 12804 12814 12824 12834 12844
3134 12794 12804 12814 12824 12834 12844
3134 12794 12804 12814 12824 12834 12844
3134 12794 12804 12814 12824 12834 12844
3134 12794 12804 12814 12824 12834 12844
3134 12794 12804 12814 12824 12834 12844
3134 12794 12804 12814 12824 12834 12844
3134 12794 12804 12814 12824 12834 12844
3134 12794 12804 12814 12824 12834 12844
3134 12794 12804 12814 12824 12834 12844
3134 12794 12804 12814 12824 12834 12844
3134 12794 12804 12814 12824 12834 12844
3134 12794 12804 12814 12824 12834 12844
3134 12794 12804 12814 12824 12834 12844
3134 12794 12804 12814 12824 12834 12844
3134 12794 12804 12814 12824 12834 12844
3134 12794 12804 12814 12824 12834 12844
3134 12794 12804 12814 12824 12834 12844
3134 12794 12804 12814 12824 12834 12844
3134 12794 12804 12814 12824 12834 12844
3134 12794 12804 12814 12824 12834 12844
3134 12794 12804 12814 12824 12834 12844
3134 12794 12804 12814 12824 12834 12844
3134 12794 12804 12814 12824 12834 12844
3134 12794 12804 12814 12824 12834 12844
3134 12794 12804 12814 12824 12834 12844
3134 12794 12804 12814 12824 12834 12844
3134 12794 12804 12814 12824 12834 12844
3134 12794 12804 12814 12824 12834 12844
3134 12794 12804 12814 12824 12834 12844
3134 12794 12804 12814 12824 12834 12844
3134 12794 12804 12814 12824 12834 12844
3134 12794 12804 12814 12824 12834 12844
3134 12794 12804 12814 12824 12834 12844
3134 12794 12804 12814 12824 12834 12844
3134 12794 12804 12814 12824 12834 12844
3134 12794 12804 12814 12824 12834 12844
3134 12794 12804 12814 12824 12834 12844
3134 12794 12804 12814 12824 12834 12844
3134 12794 12804 12814 12824 12834 12844
3134 12794 12804 12814 12824 12834 12844
3134 12794 12804 12814 12824 12834 12844
3134 12794 12804 12814 12824 12834 12844
3134 12794 12804 12814 12824 12834 12844
3134 12794 12804 12814 12824 12834 12844
3134 12794 12804 12814 12824 12834 12844
3134 12794 12804 12814 12824 12834 12844
