38751
38751
38751
38751
38751
38751
38751
38751
38751
38751
38751
38751
38751
38751
38751
38751
38751
38751
38751
38751
38751
38751
38751
38751
38751
38751
38751
38751
38751
38751
3062 12372 12382 12392 12402 12412 12422
3062 12372 12382 12392 12402 12412 12422
3062 12372 12382 12392 12402 12412 12422
3062 12372 12382 12392 12402 12412 12422
3062 12372 12382 12392 12402 12412 12422
3062 12372 12382 12392 12402 12412 12422
3062 12372 12382 12392 12402 12412 12422
3062 12372 12382 12392 12402 12412 12422
3062 12372 12382 12392 12402 12412 12422
3062 12372 12382 12392 12402 12412 12422
3062 12372 12382 12392 12402 12412 12422
3062 12372 12382 12392 12402 12412 12422
3062 12372 12382 12392 12402 12412 12422
3062 12372 12382 12392 12402 12412 12422
3062 12372 12382 12392 12402 12412 12422
3062 12372 12382 12392 12402 12412 12422
3062 12372 12382 12392 12402 12412 12422
3062 12372 12382 12392 12402 12412 12422
3062 12372 12382 12392 12402 12412 12422
3062 12372 12382 12392 12402 12412 12422
3062 12372 12382 12392 12402 12412 12422
3062 12372 12382 12392 12402 12412 12422
3062 12372 12382 12392 12402 12412 12422
3062 12372 12382 12392 12402 12412 12422
3062 12372 12382 12392 12402 12412 12422
3062 12372 12382 12392 12402 12412 12422
3062 12372 12382 12392 12402 12412 12422
3062 12372 12382 12392 12402 12412 12422
3062 12372 12382 12392 12402 12412 12422
3062 12372 12382 12392 12402 12412 12422
3062 12372 12382 12392 12402 12412 12422
3062 12372 12382 12392 12402 12412 12422
3062 12372 12382 12392 12402 12412 12422
3062 12372 12382 12392 12402 12412 12422
3062 12372 12382 12392 12402 12412 12422
3062 12372 12382 12392 12402 12412 12422
3062 12372 12382 12392 12402 12412 12422
3062 12372 12382 12392 12402 12412 12422
3062 12372 12382 12392 12402 12412 12422
3062 12372 12382 12392 12402 12412 12422
3062 12372 12382 12392 12402 12412 12422
3062 12372 12382 12392 12402 12412 12422
3062 12372 12382 12392 12402 12412 12422
3062 12372 12382 12392 12402 12412 12422
3062 12372 12382 12392 12402 12412 12422
3062 12372 12382 12392 12402 12412 12422
3062 12372 12382 12392 12402 12412 12422
3062 12372 12382 12392 12402 12412 12422
3062 12372 12382 12392 12402 12412 12422
3062 12372 12382 12392 12402 12412 12422
3062 12372 12382 12392 12402 12412 12422
3062 12372 12382 12392 12402 12412 12422
3062 12372 12382 12392 12402 12412 12422
3062 12372 12382 12392 12402 12412 12422
3062 12372 12382 12392 12402 12412 12422
3062 12372 12382 12392 12402 12412 12422
3062 12372 12382 12392 12402 12412 12422
3062 12372 12382 12392 12402 12412 12422
3062 12372 12382 12392 12402 12412 12422
3062 12372 12382 12392 12402 12412 12422
3062 12372 12382 12392 12402 12412 12422
3062 12372 12382 12392 12402 12412 12422
3062 12372 12382 12392 12402 12412 12422
3062 12372 12382 12392 12402 12412 12422
3062 12372 12382 12392 12402 12412 12422
3062 12372 12382 12392 12402 12412 12422
3062 12372 12382 12392 12402 12412 12422
31033 31043 31053 31063 31073 31083
31033 31043 31053 31063 31073 31083
31033 31043 31053 31063 31073 31083
31033 31043 31053 31063 31073 31083
31033 31043 31053 31063 31073 31083
31033 31043 31053 31063 31073 31083
31033 31043 31053 31063 31073 31083
31033 31043 31053 31063 31073 31083
31033 31043 31053 31063 31073 31083
31033 31043 31053 31063 31073 31083
31033 31043 31053 31063 31073 31083
31033 31043 31053 31063 31073 31083
31033 31043 31053 31063 31073 31083
31033 31043 31053 31063 31073 31083
31033 31043 31053 31063 31073 31083
31033 31043 31053 31063 31073 31083
31033 31043 31053 31063 31073 31083
31033 31043 31053 31063 31073 31083
31033 31043 31053 31063 31073 31083
31033 31043 31053 31063 31073 31083
31033 31043 31053 31063 31073 31083
31033 31043 31053 31063 31073 31083
31033 31043 31053 31063 31073 31083
31033 31043 31053 31063 31073 31083
31033 31043 31053 31063 31073 31083
31033 31043 31053 31063 31073 31083
31033 31043 31053 31063 31073 31083
31033 31043 31053 31063 31073 31083
31033 31043 31053 31063 31073 31083
31033 31043 31053 31063 31073 31083
31033 31043 31053 31063 31073 31083
31033 31043 31053 31063 31073 31083
31033 31043 31053 31063 31073 31083
31033 31043 31053 31063 31073 31083
31033 31043 31053 31063 31073 31083
31033 31043 31053 31063 31073 31083
31033 31043 31053 31063 31073 31083
31033 31043 31053 31063 31073 31083
31033 31043 31053 31063 31073 31083
31033 31043 31053 31063 31073 31083
31033 31043 31053 31063 31073 31083
31033 31043 31053 31063 31073 31083
31033 31043 31053 31063 31073 31083
31033 31043 31053 31063 31073 31083
31033 31043 31053 31063 31073 31083
31033 31043 31053 31063 31073 31083
31033 31043 31053 31063 31073 31083
31033 31043 31053 31063 31073 31083
31033 31043 31053 31063 31073 31083
31033 31043 31053 31063 31073 31083
31033 31043 31053 31063 31073 31083
31033 31043 31053 31063 31073 31083
31033 31043 31053 31063 31073 31083
31033 31043 31053 31063 31073 31083
31033 31043 31053 31063 31073 31083
31033 31043 31053 31063 31073 31083
31033 31043 31053 31063 31073 31083
31033 31043 31053 31063 31073 31083
31033 31043 31053 31063 31073 31083
