84591
84591
84591
84591
84591
84591
84591
84591
84591
84591
84591
84591
84591
84591
84591
84591
84591
84591
84591
84591
84591
84591
84591
84591
84591
84591
84591
84591
84591
84591
9572 9622 9632 9642 9652 9662 9672
9572 9622 9632 9642 9652 9662 9672
9572 9622 9632 9642 9652 9662 9672
9572 9622 9632 9642 9652 9662 9672
9572 9622 9632 9642 9652 9662 9672
9572 9622 9632 9642 9652 9662 9672
9572 9622 9632 9642 9652 9662 9672
9572 9622 9632 9642 9652 9662 9672
9572 9622 9632 9642 9652 9662 9672
9572 9622 9632 9642 9652 9662 9672
9572 9622 9632 9642 9652 9662 9672
9572 9622 9632 9642 9652 9662 9672
9572 9622 9632 9642 9652 9662 9672
9572 9622 9632 9642 9652 9662 9672
9572 9622 9632 9642 9652 9662 9672
9572 9622 9632 9642 9652 9662 9672
9572 9622 9632 9642 33232 9662 9672
9572 9622 9632 9642 33232 9662 9672
9572 9622 9632 9642 9652 9662 9672
9572 9622 9632 9642 9652 9662 9672
9572 9622 9632 9642 9652 9662 9672
9572 9622 9632 9642 9652 9662 9672
9572 9622 9632 9642 9652 9662 9672
9572 9622 9632 9642 9652 9662 9672
9572 9622 9632 9642 9652 9662 9672
9572 9622 9632 9642 9652 9662 9672
9572 9622 9632 9642 9652 9662 9672
9572 9622 9632 9642 9652 9662 9672
9572 9622 9632 9642 9652 9662 9672
9572 9622 9632 9642 9652 9662 9672
9572 9622 9632 9642 9652 9662 9672
9572 9622 9632 9642 9652 9662 9672
9572 9622 9632 9642 9652 9662 9672
9572 9622 9632 9642 9652 9662 9672
9572 9622 9632 9642 9652 9662 9672
9572 9622 9632 9642 9652 9662 9672
9572 9622 9632 9642 9652 9662 9672
9572 9622 9632 9642 9652 9662 9672
9572 9622 9632 9642 9652 9662 9672
9572 9622 9632 9642 9652 9662 9672
9572 9622 9632 9642 9652 9662 9672
9572 9622 9632 9642 9652 9662 9672
9572 9622 9632 9642 9652 9662 9672
9572 9622 9632 9642 9652 9662 9672
9572 9622 9632 9642 9652 9662 9672
9582 9582 9582 9582 9582 9582 9582
9592 9592 9592 9592 9592 9592 9592
9572 9622 9632 9642 9652 9662 9672
9602 9602 9602 9602 33232 9602 9602
9602 9602 9602 9602 9602 9602 9602
9572 9622 9632 9642 9652 9662 9672
9572 9622 9632 9642 9652 9662 9672
9572 9622 9632 9642 9652 9662 9672
9572 9622 9632 9642 9652 9662 9672
9572 9622 9632 9642 9652 9662 9672
9612 9612 9612 9612 9612 9612 9612
9612 9612 9612 9612 9612 9612 9612
9612 9612 9612 9612 9612 9612 9612
9572 9622 9632 9642 9652 9662 9672
9572 9622 9632 9642 9652 9662 9672
9572 9622 9632 9642 9652 9662 9672
9572 9622 9632 9642 9652 9662 9672
9572 9622 9632 9642 9652 9662 9672
9572 9622 9632 9642 9652 9662 9672
9572 9622 9632 9642 9652 9662 9672
9572 9622 9632 9642 9652 9662 9672
9572 9622 9632 9642 9652 9662 9672
65193 65203 65213 65223 65233 65243 65253
65193 65203 65213 65223 65233 65243 65253
65193 65203 65213 65223 65233 65243 65253
65193 65203 65213 65223 65233 65243 65253
65193 65203 65213 65223 65233 65243 65253
65193 65203 65213 65223 65233 65243 65253
65193 65203 65213 65223 65233 65243 65253
65193 65203 65213 65223 65233 65243 65253
65193 65203 65213 65223 65233 65243 65253
65193 65203 65213 65223 65233 65243 65253
65193 65203 65213 65223 65233 65243 65253
65193 65203 65213 65223 65233 65243 65253
65193 65203 65213 65223 65233 65243 65253
65193 65203 65213 65223 65233 65243 65253
65193 65203 65213 65223 65233 65243 65253
65193 65203 65213 65223 65233 65243 65253
65193 65203 65213 65223 65233 65243 65253
65193 65203 65213 65223 65233 65243 65253
65193 65203 65213 65223 65233 65243 65253
65193 65203 65213 65223 65233 65243 65253
65193 65203 65213 65223 65233 65243 65253
65193 65203 65213 65223 65233 65243 65253
65193 65203 65213 65223 65233 65243 65253
65193 65203 65213 65223 65233 65243 65253
65193 65203 65213 65223 65233 65243 65253
65193 65203 65213 65223 65233 65243 65253
65193 65203 65213 65223 65233 65243 65253
65193 65203 65213 65223 65233 65243 65253
65193 65203 65213 65223 65233 65243 65253
65193 65203 65213 65223 65233 65243 65253
65193 65203 65213 65223 65233 65243 65253
65193 65203 65213 65223 65233 65243 65253
65193 65203 65213 65223 65233 65243 65253
65193 65203 65213 65223 65233 65243 65253
65193 65203 65213 65223 65233 65243 65253
65193 65203 65213 65223 65233 65243 65253
65193 65203 65213 65223 65233 65243 65253
65193 65203 65213 65223 65233 65243 65253
65193 65203 65213 65223 65233 65243 65253
65193 65203 65213 65223 65233 65243 65253
65193 65263 65213 65223 65233 65243 65253
65193 65203 65213 65273 65273 65283 65253
65193 65293 65213 65223 65233 65243 65253
65193 65303 65213 65223 65233 65243 65253
65193 65313 65213 65223 65233 65243 65253
65193 65293 65213 65223 65233 65243 65253
65193 65303 65213 65223 65233 65243 65253
65193 65313 65213 65223 65233 65243 65253
65193 65203 65213 65223 65233 65243 65253
65193 65203 65213 65223 65233 65243 65253
65193 65333 65213 65223 65233 65243 65253
65193 65343 65213 65223 65233 65243 65253
65193 65203 65213 65223 65233 65243 65253
65193 65203 65213 65223 65233 65243 65253
65193 65203 65213 65223 65233 65243 65253
65193 65353 65213 65353 65353 65243 65253
65193 65383 65213 65363 65363 65243 65253
65193 65373 65213 65373 65373 65243 65253
65193 65203 65213 65223 65233 65393 65253
