38791
38791
38791
38791
38791
38791
38791
38791
38791
38791
38791
38791
38791
38791
38791
38791
38791
38791
38791
38791
38791
38791
38791
38791
38791
38791
38791
38791
38791
38791
2502
2502
2502
2502
2502
2502
2502
2502
2502
2502
2502
2502
2502
2502
2502
2502
2502
2502
2502
2502
2502
2502
2502
2502
2502
2502
2502
2502
2502
2502
2502
2502
2502
2502
2502
2502
2502
2502
2502
2502
2502
2502
2502
2502
2502
2502
2502
2502
2502
2502
3023
3023
3023
3023
3023
3023
3023
3023
3023
3023
3023
3023
3023
3023
3023
3023
3023
3023
3023
3023
3023
3023
3023
3023
3023
3023
3023
3023
3023
3023
3023
3023
3023
3023
3023
3023
3023
3023
3023
3023
3023
3023
3023
3023
3023
3023
3023
3023
3023
24474 24484 24494 24504 24514 24524 24534
24474 24484 24494 24504 24514 24524 24534
24474 24484 24494 24504 24514 24524 24534
24474 24484 24494 24504 24514 24524 24534
24474 24484 24494 24504 24514 24524 24534
24474 24484 24494 24504 24514 24524 24534
24474 24484 24494 24504 24514 24524 24534
24474 24484 24494 24504 24514 24524 24534
24474 24484 24494 24504 24514 24524 24534
24474 24484 24494 24504 24514 24524 24534
24474 24484 24494 24504 24514 24524 24534
24474 24484 24494 24504 24514 24524 24534
24474 24484 24494 24504 24514 24524 24534
24474 24484 24494 24504 24514 24524 24534
24474 24484 24494 24504 24514 24524 24534
24474 24484 24494 24504 24514 24524 24534
24474 24484 24494 24504 24514 24524 24534
24474 24484 24494 24504 24514 24524 24534
24474 24484 24494 24504 24514 24524 24534
24474 24484 24494 24504 24514 24524 24534
24474 24484 24494 24504 24514 24524 24534
24474 24484 24494 24504 24514 24524 24534
24474 24484 24494 24504 24514 24524 24534
24474 24484 24494 24504 24514 24524 24534
24474 24484 24494 24504 24514 24524 24534
24474 24484 24494 24504 24514 24524 24534
24474 24484 24494 24504 24514 24524 24534
24474 24484 24494 24504 24514 24524 24534
24474 24484 24494 24504 24514 24524 24534
24474 24484 24494 24504 24514 24524 24534
24474 24484 24494 24504 24514 24524 24534
24474 24484 24494 24504 24514 24524 24534
24474 24484 24494 24504 24514 24524 24534
24474 24484 24494 24504 24514 24524 24534
24474 24484 24494 24504 24514 24524 24534
24474 24484 24494 24504 24514 24524 24534
24474 24484 24494 24504 24514 24524 24534
24474 24484 24494 24504 24514 24524 24534
24474 24484 24494 24504 24514 24524 24534
24474 24484 24494 24504 24514 24524 24534
24474 24484 24494 24504 24514 24524 24534
24474 24484 24494 24504 24514 24524 24534
24474 24484 24494 24504 24514 24524 24534
24474 24484 24494 24504 24514 24524 24534
24474 24484 24494 24504 24514 24524 24534
24474 24484 24494 24504 24514 24524 24534
24474 24484 24494 24504 24514 24524 24534
24474 24484 24494 24504 24514 24524 24534
24474 24484 24494 24504 24514 24524 24534
24474 24484 24494 24504 24514 24524 24534
24474 24484 24494 24504 24514 24524 24534
24474 24484 24494 24504 24514 24524 24534
24474 24484 24494 24504 24514 24524 24534
24474 24484 24494 24504 24514 24524 24534
24474 24484 24494 24504 24514 24524 24534
24474 24484 24494 24504 24514 24524 24534
24474 24484 24494 24504 24514 24524 24534
24474 24484 24494 24504 24514 24524 24534
24474 24484 24494 24504 24514 24524 24534
24474 24484 24494 24504 24514 24524 24534
24474 24484 24494 24504 24514 24524 24534
24474 24484 24494 24504 24514 24524 24534
24474 24484 24494 24504 24514 24524 24534
24474 24484 24494 24504 24514 24524 24534
24474 24484 24494 24504 24514 24524 24534
24474 24484 24494 24504 24514 24524 24534
24474 24484 24494 24504 24514 24524 24534
24474 24484 24494 24504 24514 24524 24534
24474 24484 24494 24504 24514 24524 24534
24474 24484 24494 24504 24514 24524 24534
24474 24484 24494 24504 24514 24524 24534
24474 24484 24494 24504 24514 24524 24534
24474 24484 24494 24504 24514 24524 24534
24474 24484 24494 24504 24514 24524 24534
24474 24484 24494 24504 24514 24524 24534
24474 24484 24494 24504 24514 24524 24534
24474 24484 24494 24504 24514 24524 24534
24474 24484 24494 24504 24514 24524 24534
24474 24484 24494 24504 24514 24524 24534
24474 24484 24494 24504 24514 24524 24534
24474 24484 24494 24504 24514 24524 24534
24474 24484 24494 24504 24514 24524 24534
24474 24484 24494 24504 24514 24524 24534
24474 24484 24494 24504 24514 24524 24534
24474 24484 24494 24504 24514 24524 24534
24474 24484 24494 24504 24514 24524 24534
24474 24484 24494 24504 24514 24524 24534
24474 24484 24494 24504 24514 24524 24534
24474 24484 24494 24504 24514 24524 24534
24474 24484 24494 24504 24514 24524 24534
24474 24484 24494 24504 24514 24524 24534
24474 24484 24494 24504 24514 24524 24534
24474 24484 24494 24504 24514 24524 24534
24474 24484 24494 24504 24514 24524 24534
24474 24484 24494 24504 24514 24524 24534
24474 24544 24544 24544 24544 24544 24554
24474 24544 24544 24544 24544 24544 24554
24474 24544 24544 24544 24544 24544 24554
24474 24484 24494 24504 24514 24524 24534
24474 24484 24494 24504 24514 24524 24534
24474 24484 24494 24504 24514 24524 24534
24474 24484 24494 24504 24514 24524 24534
24474 24484 24494 24504 24514 24524 24534
24474 24484 24494 24504 24514 24524 24534
24474 24484 24494 24504 24514 24524 24534
33995 34005 34015 34025 34035 34045 34055 34065 34075
33995 34005 34015 34025 34035 34045 34055 34065 34075
33995 34005 34015 34025 34035 34045 34055 34065 34075
33995 34005 34015 34025 34035 34045 34055 34065 34075
33995 34005 34015 34025 34035 34045 34055 34065 34075
33995 34005 34015 34025 34035 34045 34055 34065 34075
33995 34005 34015 34025 34035 34045 34055 34065 34075
33995 34005 34015 34025 34035 34045 34055 34065 34075
33995 34005 34015 34025 34035 34045 34055 34065 34075
33995 34005 34015 34025 34035 34045 34055 34065 34075
33995 34005 34015 34025 34035 34045 34055 34065 34075
33995 34005 34015 34025 34035 34045 34055 34065 34075
33995 34005 34015 34025 34035 34045 34055 34065 34075
33995 34005 34015 34025 34035 34045 34055 34065 34075
33995 34005 34015 34025 34035 34045 34055 34065 34075
33995 34005 34015 34025 34035 34045 34055 34065 34075
33995 34005 34015 34025 34035 34045 34055 34065 34075
33995 34005 34015 34025 34035 34045 34055 34065 34075
33995 34005 34015 34025 34035 34045 34055 34065 34075
33995 34005 34015 34025 34035 34045 34055 34065 34075
33995 34005 34015 34025 34035 34045 34055 34065 34075
33995 34005 34015 34025 34035 34045 34055 34065 34075
33995 34005 34015 34025 34035 34045 34055 34065 34075
33995 34005 34015 34025 34035 34045 34055 34065 34075
33995 34005 34015 34025 34035 34045 34055 34065 34075
33995 34005 34015 34025 34035 34045 34055 34065 34075
33995 34005 34015 34025 34035 34045 34055 34065 34075
33995 34005 34015 34025 34035 34045 34055 34065 34075
33995 34005 34015 34025 34035 34045 34055 34065 34075
33995 34005 34015 34025 34035 34045 34055 34065 34075
33995 34005 34015 34025 34035 34045 34055 34065 34075
33995 34005 34015 34025 34035 34045 34055 34065 34075
33995 34005 34015 34025 34035 34045 34055 34065 34075
33995 34005 34015 34025 34035 34045 34055 34065 34075
33995 34005 34015 34025 34035 34045 34055 34065 34075
33995 34005 34015 34025 34035 34045 34055 34065 34075
33995 34005 34015 34025 34035 34045 34055 34065 34075
33995 34005 34015 34025 34035 34045 34055 34065 34075
33995 34005 34015 34025 34035 34045 34055 34065 34075
33995 34005 34015 34025 34035 34045 34055 34065 34075
33995 34005 34015 34025 34035 34045 34055 34065 34075
33995 34005 34015 34025 34035 34045 34055 34065 34075
33995 34005 34015 34025 34035 34045 34055 34065 34075
33995 34005 34015 34025 34035 34045 34055 34065 34075
33995 34005 34015 34025 34035 34045 34055 34065 34075
33995 34005 34015 34025 34035 34045 34055 34065 34075
33995 34005 34015 34025 34035 34045 34055 34065 34075
33995 34005 34015 34025 34035 34045 34055 34065 34075
33995 34005 34015 34025 34035 34045 34055 34065 34075
33995 34005 34015 34025 34035 34045 34055 34065 34075
33995 34005 34015 34025 34035 34045 34055 34065 34075
33995 34005 34015 34025 34035 34045 34055 34065 34075
33995 34005 34015 34025 34035 34045 34055 34065 34075
33995 34005 34015 34025 34035 34045 34055 34065 34075
33995 34005 34015 34025 34035 34045 34055 34065 34075
33995 34005 34015 34025 34035 34045 34055 34065 34075
33995 34005 34015 34025 34035 34045 34055 34065 34075
33995 34005 34015 34025 34035 34045 34055 34065 34075
33995 34005 34015 34025 34035 34045 34055 34065 34075
