84631
84631
84631
84631
84631
84631
84631
84631
84631
84631
84631
84631
84631
84631
84631
84631
84631
84631
84631
84631
84631
84631
84631
84631
84631
84631
84631
84631
84631
84631
7632 7682 7692 7702
7632 7682 7692 7702
7632 7682 7692 7702
7632 7682 7692 7702
7632 7682 7692 7702
7632 7682 7692 7702
7632 7682 7692 7702
7632 7682 7692 7702
7632 7682 7692 7702
7632 7682 7692 7702
7632 7682 7692 7702
7632 7682 7692 7702
7632 7682 7692 7702
7632 7682 7692 7702
7632 7682 7692 7702
7632 7682 7692 7702
7632 7682 7692 7702
7632 7682 7692 7702
7632 7682 7692 7702
7632 7682 7692 7702
7632 7682 7692 7702
7632 7682 7692 7702
7632 7682 7692 7702
7632 7682 7692 7702
7632 7682 7692 7702
7632 7682 7692 7702
7632 7682 7692 7702
7632 7682 7692 7702
7632 7682 7692 7702
7632 7682 7692 7702
7632 7682 7692 7702
7632 7682 7692 7702
7632 7682 7692 7702
7632 7682 7692 7702
7632 7682 7692 7702
7632 7682 7692 7702
7632 7682 7692 7702
7632 7682 7692 7702
7642 7642 7642 7642
7652 7652 7652 7652
7632 7682 7692 7702
7662 7662 7662 7662
7662 7662 7662 7662
7632 7682 7692 7702
7632 7682 7692 7702
7672 7672 7672 7672
7632 7682 7692 7702
7632 7682 7692 7702
7632 7682 7692 7702
7632 7682 7692 7702
9253 9263 9273
9253 9263 9273
9253 9263 9273
9253 9263 9273
9253 9263 9273
9253 9263 9273
9253 9263 9273
9253 9263 9273
9253 9263 9273
9253 9263 9273
9253 9263 9273
9253 9263 9273
9253 9263 9273
9253 9263 9273
9253 9263 9273
9253 9263 9273
9253 9263 9273
9253 9263 9273
9253 9263 9273
9253 9263 9273
9253 9263 9273
9253 9263 9273
9253 9263 9273
9253 9263 9273
9253 9263 9273
9253 9263 9273
9253 9263 9273
9253 9263 9273
9253 9263 9273
9253 9263 9273
9253 9263 9273
9253 9263 9273
9253 9263 9273
9253 9263 9273
9253 9263 9273
9253 9263 9273
9253 9263 9273
9283 9283 9283
9293 9293 9293
9253 9263 9273
9253 9263 9273
9253 9263 9273
9253 9263 9273
9253 9263 9273
9253 9263 9273
9253 9263 9273
9253 9263 9273
9253 9263 9273
9253 9263 9273
51164 51174 51184 51194 51204 51214 51224 51234
51164 51174 51184 51194 51204 51214 51224 51234
51164 51174 51184 51194 51204 51214 51224 51234
51164 51174 51184 51194 51204 51214 51224 51234
51164 51174 51184 51194 51204 51214 51224 51234
51164 51174 51184 51194 51204 51214 51224 51234
51164 51174 51184 51194 51204 51214 51224 51234
51164 51174 51184 51194 51204 51214 51224 51234
51164 51174 51184 51194 51204 51214 51224 51234
51164 51174 51184 51194 51204 51214 51224 51234
51164 51174 51184 51194 51204 51214 51224 51234
51164 51174 51184 51194 51204 51214 51224 51234
51164 51174 51184 51194 51204 51214 51224 51234
51164 51174 51184 51194 51204 51214 51224 51234
51164 51174 51184 51194 51204 51214 51224 51234
51164 51174 51184 51194 51204 51214 51224 51234
51164 51174 51184 51194 51204 51214 51224 51234
51164 51174 51184 51194 51204 51214 51224 51234
51164 51174 51184 51194 51204 51214 51224 51234
51164 51174 51184 51194 51204 51214 51224 51234
51164 51174 51184 51194 51204 51214 51224 51234
51164 51174 51184 51194 51204 51214 51224 51234
51164 51174 51184 51194 51204 51214 51224 51234
51164 51174 51184 51194 51204 51214 51224 51234
51164 51174 51184 51194 51204 51214 51224 51234
51164 51174 51184 51194 51204 51214 51224 51234
51164 51174 51184 51194 51204 51214 51224 51234
51164 51174 51184 51194 51204 51214 51224 51234
51164 51174 51184 51194 51204 51214 51224 51234
51164 51174 51184 51194 51204 51214 51224 51234
51164 51174 51184 51194 51204 51214 51224 51234
51164 51174 51184 51194 51204 51214 51224 51234
51164 51174 51184 51194 51204 51214 51224 51234
51164 51174 51184 51194 51204 51214 51224 51234
51164 51174 51184 51194 51204 51214 51224 51234
51164 51174 51184 51194 51204 51214 51224 51234
51164 51174 51184 51194 51204 51214 51224 51234
51164 51174 51184 51194 51204 51214 51224 51234
51164 51174 51184 51194 51204 51214 51224 51234
51164 51174 51184 51194 51204 51214 51224 51234
51164 51174 51184 51194 51204 51214 51224 51234
51164 51174 51184 51194 51204 51214 51224 51234
51164 51174 51184 51194 51204 51214 51224 51234
51164 51174 51184 51194 51204 51214 51224 51234
51164 51174 51184 51194 51204 51214 51224 51234
51164 51174 51184 51194 51204 51214 51224 51234
51164 51174 51184 51194 51204 51214 51224 51234
51164 51174 51184 51194 51204 51214 51224 51234
51164 51174 51184 51194 51204 51214 51224 51234
51164 51174 51184 51194 51204 51214 51224 51234
51164 51174 51184 51194 51204 51214 51224 51234
51164 51174 51184 51194 51204 51214 51224 51234
51164 51174 51184 51194 51204 51214 51224 51234
51164 51174 51184 51194 51204 51214 51224 51234
51164 51244 51244 51194 51204 51214 51224 51244
51164 51244 51244 51194 51204 51214 51224 51244
51164 51294 51294 51294 51294 51214 51224 51234
51164 51294 51294 51294 51294 51214 51224 51234
51164 51174 51184 51194 51204 51214 51224 51234
51164 51254 51254 51254 51254 51254 51254 51234
51164 51254 51254 51254 51254 51254 51254 51234
51164 51174 51184 51194 51204 51214 51224 51234
51164 51264 51264 51264 51264 51264 51264 51234
51164 51254 51254 51254 51254 51254 51254 51234
51164 51254 51254 51254 51254 51254 51254 51234
51164 51174 51184 51194 51204 51214 51224 51234
51164 51264 51264 51264 51264 51264 51264 51234
51164 51254 51254 51254 51254 51254 51254 51234
51164 51274 51274 51274 51274 51274 51274 51234
51164 51174 51184 51194 51204 51214 51224 51234
51164 51254 51254 51254 51254 51254 51254 51234
51164 51274 51274 51274 51274 51274 51274 51234
51164 51254 51254 51254 51254 51254 51254 51234
51164 51254 51254 51254 51254 51254 51254 51234
51164 51174 51184 51194 51204 51214 51224 51234
51164 51174 51184 51194 51204 51214 51224 51234
51164 51174 51184 51194 51204 51214 51224 51234
51164 51174 51184 51194 51204 51214 51224 51234
51164 51174 51184 51194 51204 51214 51224 51234
51164 51174 51184 51194 51204 51214 51224 51234
51164 51174 51184 51194 51204 51214 51224 51234
51164 51174 51184 51194 51204 51214 51224 51234
51164 51174 51184 51194 51204 51214 51224 51234
51164 51174 51184 51194 51204 51214 51224 51234
51164 51174 51184 51194 51204 51214 51224 51234
51164 51174 51184 51194 51204 51214 51224 51234
51164 51174 51184 51194 51204 51214 51224 51234
51164 51174 51184 51194 51204 51214 51224 51234
51164 51174 51184 51194 51204 51214 51224 51234
51164 51174 51184 51194 51204 51214 51224 51234
51164 51174 51184 51194 51204 51214 51224 51234
51164 51174 51184 51194 51204 51214 51224 51234
51164 51294 51294 51294 51294 51214 51224 51234
51164 51294 51294 51294 51294 51214 51224 51234
51164 51294 51294 51294 51294 51214 51224 51234
51164 51174 51184 51194 51204 51214 51224 51234
51164 51174 51184 51194 51204 51284 51224 51284
51164 51174 51184 51194 51204 51214 51224 51234
51164 51294 51294 51294 51294 51214 51224 51234
51164 51294 51294 51294 51294 51214 51224 51234
51164 51294 51294 51294 51294 51214 51224 51234
51164 51294 51294 51294 51294 51214 51224 51234
51164 51294 51294 51294 51294 51214 51224 51234
51164 51294 51294 51294 51294 51214 51224 51234
51164 51174 51184 51194 51204 51214 51224 51234
73305 73315 73325 73335 73345 73355 73365 73375 73385 73395
73305 73315 73325 73335 73345 73355 73365 73375 73385 73395
73305 73315 73325 73335 73345 73355 73365 73375 73385 73395
73305 73315 73325 73335 73345 73355 73365 73375 73385 73395
73305 73315 73325 73335 73345 73355 73365 73375 73385 73395
73305 73315 73325 73335 73345 73355 73365 73375 73385 73395
73305 73315 73325 73335 73345 73355 73365 73375 73385 73395
73305 73315 73325 73335 73345 73355 73365 73375 73385 73395
73305 73315 73325 73335 73345 73355 73365 73375 73385 73395
73305 73315 73325 73465 73465 73355 73365 73375 73465 73395
73305 73315 73325 73335 73345 73355 73365 73375 73385 73395
73305 73315 73325 73335 73345 73355 73365 73375 73385 73395
73305 73315 73325 73335 73345 73355 73365 73375 73385 73395
73305 73315 73325 73335 73345 73355 73365 73375 73385 73395
73305 73315 73325 73335 73345 73355 73365 73375 73385 73395
73305 73315 73325 73335 73345 73355 73365 73375 73385 73395
73305 73315 73325 73335 73345 73355 73365 73375 73385 73395
73305 73315 73325 73335 73345 73355 73365 73375 73385 73395
73305 73315 73325 73335 73345 73355 73365 73375 73385 73395
73305 73315 73325 73335 73345 73355 73365 73375 73385 73395
73305 73315 73325 73335 73345 73355 73365 73375 73385 73395
73305 73315 73325 73335 73345 73355 73365 73375 73385 73395
73305 73315 73325 73335 73345 73355 73365 73375 73385 73395
73305 73315 73325 73335 73345 73355 73365 73375 73385 73395
73305 73315 73325 73335 73345 73355 73365 73375 73385 73395
73305 73315 73325 73335 73345 73355 73365 73375 73385 73395
73305 73315 73325 73335 73345 73355 73365 73375 73385 73395
73305 73315 73325 73335 73345 73355 73365 73375 73385 73395
73305 73315 73325 73335 73345 73355 73365 73375 73385 73395
73305 73315 73325 73335 73345 73355 73365 73375 73385 73395
73305 73315 73325 73335 73345 73355 73365 73375 73385 73395
73305 73315 73325 73335 73345 73355 73365 73375 73385 73395
73305 73315 73325 73335 73345 73355 73365 73375 73385 73395
73305 73315 73325 73335 73345 73355 73365 73375 73385 73395
73305 73315 73325 73335 73345 73355 73365 73375 73385 73395
73305 73315 73325 73405 73345 73405 73405 73375 73385 73395
73305 73315 73325 73405 73345 73405 73405 73375 73385 73395
73305 73315 73325 73335 73345 73355 73365 73375 73385 73395
73305 73315 73325 73415 73345 73415 73415 73375 73385 73395
73305 73315 73325 73335 73345 73355 73365 73375 73385 73395
73305 73315 73325 73335 73345 73355 73365 73375 73385 73395
73305 73315 73325 73415 73345 73415 73415 73375 73385 73395
73305 73315 73325 73335 73345 73355 73365 73375 73385 73395
73305 73315 73325 73335 73345 73355 73365 73375 73385 73395
73305 73315 73325 73335 73345 73355 73365 73375 73385 73395
73305 73315 73325 73335 73345 73355 73365 73375 73385 73395
73305 73315 73325 73335 73345 73355 73365 73375 73385 73395
73305 73425 73425 73425 73425 73425 73425 73425 73425 73395
73305 73425 73425 73425 73425 73425 73425 73425 73425 73395
73305 73425 73425 73425 73425 73425 73425 73425 73425 73395
73305 73315 73325 73335 73435 73435 73435 73375 73385 73395
73305 73445 73445 73445 73445 73445 73445 73445 73445 73395
73305 73445 73445 73445 73445 73445 73445 73445 73445 73395
73305 73445 73445 73445 73445 73445 73445 73445 73445 73395
73305 73445 73445 73445 73445 73445 73445 73445 73445 73395
73305 73315 73325 73335 73345 73355 73365 73375 73385 73395
73305 73315 73325 73335 73345 73355 73365 73375 73455 73395
73305 73315 73325 73335 73345 73355 73365 73375 73385 73395
73305 73315 73325 73335 73345 73355 73365 73375 73385 73395
