84601
84601
84601
84601
84601
84601
84601
84601
84601
84601
84601
84601
84601
84601
84601
84601
84601
84601
84601
84601
84601
84601
84601
84601
84601
84601
84601
84601
84601
84601
15412 15422 15432 15442 15452 15462 15472 15482
15412 15422 15432 15442 15452 15462 15472 15482
15412 15422 15432 15442 15452 15462 15472 15482
15412 15422 15432 15442 15452 15462 15472 15482
15412 15422 15432 15442 15452 15462 15472 15482
15412 15422 15432 15442 15452 15462 15472 15482
15412 15422 15432 15442 15452 15462 15472 15482
15412 15422 15432 15442 15452 15462 15472 15482
15412 15422 15432 15442 15452 15462 15472 15482
15412 15422 15432 15442 15452 15462 15472 15482
15412 15422 15432 15442 15452 15462 15472 15482
15412 15422 15432 15442 15452 15462 15472 15482
15412 15422 15432 15442 15452 15462 15472 15482
15412 15422 15432 15442 15452 15462 15472 15482
15412 15422 15432 15442 15452 15462 15472 15482
15412 15422 15432 15442 15452 15462 15472 15482
15412 15422 15432 15442 15452 15462 15472 15482
15412 15422 15432 15442 15452 15462 15472 15482
15412 15422 15432 15442 15452 15462 15472 15482
15412 15422 15432 15442 15452 15462 15472 15482
15412 15422 15432 15442 15452 15462 15472 15482
15412 15422 15432 15442 15452 15462 15472 15482
15412 15422 15432 15442 15452 15462 15472 15482
15412 15422 15432 15442 15452 15462 15472 15482
15412 15422 15432 15442 15452 15462 15472 15482
15412 15422 15432 15442 15452 15462 15472 15482
15412 15422 15432 15442 15452 15462 15472 15482
15412 15422 15432 15442 15452 15462 15472 15482
15412 15422 15432 15442 15452 15462 15472 15482
15412 15422 15432 15442 15452 15462 15472 15482
15412 15422 15432 15442 15452 15462 15472 15482
15412 15422 15432 15442 15452 15462 15472 15482
15412 15422 15432 15442 15452 15462 15472 15482
15412 15422 15432 15442 15452 15462 15472 15482
15412 15422 15432 15442 15452 15462 15472 15482
15412 15422 15432 15442 15452 15462 15472 15482
15412 15422 15432 15442 15452 15462 15472 15482
15412 15422 15432 15442 15452 15462 15472 15482
15412 15422 15432 15442 15452 15462 15472 15482
15412 15422 15432 15442 15452 15462 15472 15482
15412 15422 15432 15442 15452 15462 15472 15482
15412 15422 15432 15442 15452 15462 15472 15482
15412 15422 15432 15442 15452 15462 15472 15482
15412 15422 15432 15442 15452 15462 15472 15482
15412 15422 15432 15442 15452 15462 15472 15482
15412 15422 15432 15442 15452 15462 15472 15482
15412 15422 15432 15442 15452 15462 15472 15482
15412 15422 15432 15442 15452 15462 15472 15482
15412 15422 15432 15442 15452 15462 15472 15482
15412 15422 15432 15442 15452 15462 15472 15482
15412 15422 15432 15442 15452 15462 15472 15482
15412 15502 15432 15442 15452 15462 15472 15482
15412 15492 15432 15442 15452 15462 15472 15482
15412 15422 15432 15512 15452 15462 15472 15482
15412 15422 15432 15442 15452 15462 15472 15482
15412 15522 15522 15522 15522 15462 15522 15482
15412 15522 15522 15522 15522 15462 15522 15482
15412 15522 15522 15522 15522 15462 15522 15482
15412 15522 15522 15522 15522 15462 15522 15482
15412 15532 15532 15532 15532 15462 15532 15482
15412 15532 15532 15532 15532 15462 15532 15482
15412 15522 15522 15522 15522 15462 15522 15482
15412 15522 15522 15522 15522 15462 15522 15482
15412 15542 15542 15542 15542 15462 15542 15482
15412 15542 15542 15542 15542 15462 15542 15482
15412 15522 15522 15522 15522 15462 15522 15482
15412 15522 15522 15522 15522 15462 15522 15482
15412 15552 15552 15552 15552 15462 15552 15482
15412 15552 15552 15552 15552 15462 15552 15482
15412 15422 15432 15442 15452 15462 15472 15482
15412 15422 15432 15442 15452 15462 15472 15482
15412 15562 15562 15562 15562 15562 15562 15562
15412 15572 15572 15572 15572 15572 15572 15572
15412 15422 15432 15442 15452 15462 15472 15482
15412 15422 15432 15442 15452 15462 15472 15482
15412 15422 15432 15442 15452 15462 15472 15482
15412 15422 15432 15442 15452 15462 15472 15482
15412 15422 15432 15442 15452 15462 15472 15482
15412 15422 15432 15442 15452 15462 15472 15482
15412 15422 15432 15442 15452 15462 15472 15482
15412 15422 15432 15442 15452 15462 15472 15482
15412 15422 15432 15442 15452 15462 15472 15482
15412 15422 15432 15442 15452 15462 15472 15482
15412 15422 15432 15442 15452 15462 15472 15482
15412 15422 15432 15442 15452 15462 15472 15482
15412 15422 15432 15442 15452 15462 15472 15482
15412 15422 15432 15442 15452 15462 15472 15482
15412 15422 15432 15442 15452 15462 15472 15482
15412 15422 15432 15442 15452 15462 15472 15482
15412 15422 15432 15442 15452 15462 15472 15482
15412 15422 15432 15442 15452 15462 15472 15482
81363 81373 81383 81393 81403 81413 81423 81433 81443
81363 81373 81383 81393 81403 81413 81423 81433 81443
81363 81373 81383 81393 81403 81413 81423 81433 81443
81363 81373 81383 81393 81403 81413 81423 81433 81443
81363 81373 81383 81393 81403 81413 81423 81433 81443
81363 81373 81383 81393 81403 81413 81423 81433 81443
81363 81373 81383 81393 81403 81413 81423 81433 81443
81363 81373 81383 81393 81403 81413 81423 81433 81443
81363 81373 81383 81393 81403 81413 81423 81433 81443
81363 81373 81383 81393 81403 81413 81423 81433 81443
81363 81373 81383 81393 81403 81413 81423 81433 81443
81363 81373 81383 81393 81403 81413 81423 81433 81443
81363 81373 81383 81393 81403 81413 81423 81433 81443
81363 81373 81383 81393 81403 81413 81423 81433 81443
81363 81373 81383 81393 81403 81413 81423 81433 81443
81363 81373 81383 81393 81403 81413 81423 81433 81443
81363 81373 81383 81393 81403 81413 81423 81433 81443
81363 81373 81383 81393 81403 81413 81423 81433 81443
81363 81373 81383 81393 81403 81413 81423 81433 81443
81363 81373 81383 81393 81403 81413 81423 81433 81443
81363 81373 81383 81393 81403 81413 81423 81433 81443
81363 81373 81383 81393 81403 81413 81423 81433 81443
81363 81373 81383 81393 81403 81413 81423 81433 81443
81363 81373 81383 81393 81403 81413 81423 81433 81443
81363 81373 81383 81393 81403 81413 81423 81433 81443
81363 81373 81383 81393 81403 81413 81423 81433 81443
81363 81373 81383 81393 81403 81413 81423 81433 81443
81363 81373 81383 81393 81403 81413 81423 81433 81443
81363 81373 81383 81393 81403 81413 81423 81433 81443
81363 81373 81383 81393 81403 81413 81423 81433 81443
81363 81373 81383 81393 81403 81413 81423 81433 81443
81363 81373 81383 81393 81403 81413 81423 81433 81443
81363 81373 81383 81393 81403 81413 81423 81433 81443
81363 81373 81383 81393 81403 81413 81423 81433 81443
81363 81373 81383 81393 81403 81413 81423 81433 81443
81363 81373 81383 81393 81403 81413 81423 81433 81443
81363 81373 81383 81393 81403 81413 81423 81433 81443
81363 81373 81383 81393 81403 81413 81423 81433 81443
81363 81373 81383 81393 81403 81413 81423 81433 81443
81363 81373 81383 81393 81403 81413 81423 81433 81443
81363 81373 81383 81393 81403 81413 81423 81433 81443
81363 81373 81383 81393 81403 81413 81423 81433 81443
81363 81373 81383 81393 81403 81413 81423 81433 81443
81363 81373 81383 81393 81403 81413 81423 81433 81443
81363 81373 81383 81393 81403 81413 81423 81433 81443
81363 81373 81383 81393 81403 81413 81423 81433 81443
81363 81373 81383 81393 81403 81413 81423 81433 81443
81363 81373 81383 81393 81403 81413 81423 81453 81443
81363 81373 81383 81393 81403 81413 81423 81453 81443
81363 81373 81383 81393 81403 81413 81423 81433 81443
81363 81373 81473 81393 81473 81473 81473 81473 81443
81363 81373 81473 81393 81473 81473 81473 81473 81443
81363 81373 81383 81393 81403 81413 81423 81433 81443
81363 81373 81383 81393 81403 81413 81423 81433 81443
81363 81373 81383 81393 81403 81413 81423 81483 81443
81363 81373 81383 81393 81403 81413 81493 81433 81443
81363 81373 81383 81393 81403 81413 81493 81433 81443
81363 81373 81383 81393 81403 81413 81423 81433 81443
81363 81373 81383 81393 81403 81413 81423 81433 81443
81363 81373 81383 81393 81403 81413 81423 81503 81443
81363 81373 81383 81393 81403 81413 81423 81433 81443
81363 81373 81383 81393 81403 81413 81423 81513 81443
81363 81373 81383 81393 81403 81413 81423 81523 81443
81363 81373 81383 81393 81403 81413 81423 81553 81443
81363 81373 81383 81393 81403 81413 81423 81563 81443
81363 81373 81383 81393 81403 81413 81423 81573 81443
81363 81373 81383 81393 81403 81413 81423 81583 81443
82744 82754 82764 82774 82784 82794 82804 82814 82824
82744 82754 82764 82774 82784 82794 82804 82814 82824
82744 82754 82764 82774 82784 82794 82804 82814 82824
82744 82754 82764 82774 82784 82794 82804 82814 82824
82744 82754 82764 82774 82784 82794 82804 82814 82824
82744 82754 82764 82774 82784 82794 82804 82814 82824
82744 82754 82764 82774 82784 82794 82804 82814 82824
82744 82754 82764 82774 82784 82794 82804 82814 82824
82744 82754 82764 82774 82784 82794 82804 82814 82824
82744 82754 82764 82774 82784 82794 82804 82814 82824
82744 82754 82764 82774 82784 82794 82804 82814 82824
82744 82754 82764 82774 82784 82794 82804 82814 82824
82744 82754 82764 82774 82784 82794 82804 82814 82824
82744 82754 82764 82774 82784 82794 82804 82814 82824
82744 82754 82764 82774 82784 82794 82804 82814 82824
82744 82754 82764 82774 82784 82794 82804 82814 82824
82744 82754 82764 82774 82784 82794 82804 82814 82824
82744 82754 82764 82774 82784 82794 82804 82814 82824
82744 82754 82764 82774 82784 82794 82804 82814 82824
82744 82754 82764 82774 82784 82794 82804 82814 82824
82744 82754 82764 82774 82784 82794 82804 82814 82824
82744 82754 82764 82774 82784 82794 82804 82814 82824
82744 82754 82764 82774 82784 82794 82804 82814 82824
82744 82754 82764 82774 82784 82794 82804 82814 82824
82744 82754 82764 82774 82784 82794 82804 82814 82824
82744 82754 82764 82774 82784 82794 82804 82814 82824
82744 82754 82764 82774 82784 82794 82804 82814 82824
82744 82754 82764 82774 82784 82794 82804 82814 82824
82744 82754 82764 82774 82784 82794 82804 82814 82824
82744 82754 82764 82774 82784 82794 82804 82814 82824
82744 82754 82764 82774 82784 82794 82804 82814 82824
82744 82754 82764 82774 82784 82794 82804 82814 82824
82744 82754 82764 82774 82784 82794 82804 82814 82824
82744 82754 82764 82774 82784 82794 82804 82814 82824
82744 82754 82764 82774 82784 82794 82804 82814 82824
82744 82754 82764 82774 82784 82794 82804 82814 82824
82744 82754 82764 82774 82784 82794 82804 82814 82824
82744 82754 82764 82774 82784 82794 82804 82814 82824
82744 82754 82764 82774 82784 82794 82804 82814 82824
82744 82754 82764 82774 82784 82794 82804 82814 82824
82744 82754 82764 82774 82784 82794 82804 82814 82824
82744 82754 82764 82774 82784 82794 82804 82814 82824
82744 82754 82764 82774 82784 82794 82804 82814 82824
82744 82754 82764 82774 82784 82794 82804 82814 82824
82744 82754 82764 82774 82784 82794 82804 82814 82824
82744 82754 82764 82774 82784 82794 82804 82814 82824
82744 82754 82764 82774 82784 82794 82804 82814 82824
82744 82754 82764 82774 82784 82794 82804 82834 82824
82744 82754 82764 82774 82784 82794 82804 82834 82824
82744 82754 82764 82774 82784 82794 82804 82814 82824
82744 82754 82854 82774 82854 82854 82854 82854 82824
82744 82754 82854 82774 82854 82854 82854 82854 82824
82744 82754 82764 82774 82784 82794 82804 82814 82824
82744 82754 82764 82774 82784 82794 82804 82814 82824
82744 82754 82764 82774 82784 82794 82804 82864 82824
82744 82754 82764 82774 82784 82794 82874 82814 82824
82744 82754 82764 82774 82784 82794 82874 82814 82824
82744 82754 82764 82774 82784 82794 82804 82814 82824
82744 82754 82764 82774 82784 82794 82804 82814 82824
82744 82754 82764 82774 82784 82794 82804 82814 82824
82744 82754 82764 82774 82784 82794 82804 82814 82824
82744 82754 82764 82774 82914 82794 82804 82884 82824
82744 82754 82764 82774 82784 82794 82804 82814 82824
82744 82754 82764 82774 82914 82794 82804 82894 82824
82744 82754 82764 82774 82784 82794 82804 82814 82824
82744 82754 82764 82774 82914 82794 82804 82904 82824
82744 82754 82764 82774 82784 82794 82804 82814 82824
82744 82754 82924 82924 82784 82924 82804 82924 82824
82744 82754 82764 82774 82784 82794 82804 82934 82824
82744 82754 82924 82924 82784 82924 82804 82924 82824
82744 82754 82764 82774 82784 82794 82804 82934 82824
82744 82754 82764 82774 82784 82794 82804 82964 82824
82744 82754 82764 82774 82784 82794 82804 82974 82824
82744 82754 82764 82774 82784 82794 82804 82984 82824
82744 82754 82764 82774 82784 82794 82804 82994 82824
82744 82754 82764 82774 82784 82794 82804 83004 82824
