0 0 0
1 0 1
2 0 2
3 0 3
4 0 4
5 0 5
6 0 6
7 0 7
8 0 8
9 0 9
10 0 10
11 0 11
0 0 0
12 0 12
13 1 13
14 1 14
15 1 15
16 1 16
17 1 17
18 1 18
19 1 19
20 1 20
21 1 21
13 1 13
22 1 22
23 1 23
24 1 24
25 1 25
26 1 26
27 1 27
0 0 0
1 0 1
1 0 1
2 0 2
3 1 3
4 0 4
5 0 5
6 2 6
7 0 7
8 0 8
9 0 9
10 0 10
11 0 11
12 0 12
13 0 13
14 3 14
15 3 15
16 4 16
17 5 17
18 6 18
19 7 19
20 3 20
21 8 21
22 9 22
23 3 23
24 3 24
25 3 25
26 3 26
27 10 27
28 11 28
29 12 29
30 3 30
31 3 31
32 3 32
33 3 33
34 3 34
35 3 35
36 3 36
37 3 37
38 3 38
39 3 39
37 3 37
38 3 38
39 3 39
40 3 40
31 3 41
32 3 32
33 3 33
41 3 42
42 3 43
43 3 44
44 13 45
45 14 46
46 15 47
47 3 48
48 16 49
49 17 50
50 3 15
51 4 16
52 18 51
53 17 50
54 3 15
55 4 16
56 18 51
61 19 52
58 3 15
59 4 16
60 18 51
62 20 53
63 21 54
64 22 55
65 23 56
66 24 57
67 3 64
68 10 27
69 25 58
70 26 59
71 25 58
72 27 60
73 25 58
74 28 61
75 3 64
76 10 27
77 3 62
78 29 63
79 3 64
80 25 58
81 22 55
86 3 65
87 3 33
14 3 14
16 0 16
21 0 21
22 0 22
4 0 4
5 0 5
6 0 6
7 0 7
8 0 8
9 0 9
17 0 17
18 0 18
19 0 19
20 0 20
41 0 41
42 0 42
0 0 0
15 0 15
1 0 1
2 0 2
3 0 3
10 0 10
11 0 11
12 0 12
13 0 13
14 0 14
23 0 23
24 0 24
25 0 25
26 0 26
44 0 44
45 0 45
46 0 46
27 0 27
28 0 28
29 0 29
30 0 30
31 0 31
32 0 32
33 0 33
38 0 38
39 0 39
40 0 40
37 0 37
34 0 34
35 0 35
36 0 36
43 0 43
47 1 47
48 1 47
49 2 48
50 3 49
51 4 50
52 5 51
53 6 52
54 7 53
55 8 54
56 9 55
57 10 56
58 11 57
59 12 58
60 13 59
61 14 60
62 15 61
63 16 62
64 17 63
65 16 62
66 17 63
16 0 16
21 0 21
22 0 22
4 0 4
5 0 5
6 0 6
7 0 7
8 0 8
9 0 9
17 0 17
18 0 18
19 0 19
20 0 20
41 0 41
42 0 42
0 0 0
15 0 15
1 0 1
2 0 2
3 0 3
10 0 10
11 0 11
12 0 12
13 0 13
14 0 14
23 0 23
24 0 24
25 0 25
26 0 26
44 0 44
45 0 45
46 0 46
27 0 27
28 0 28
29 0 29
30 0 30
31 0 31
32 0 32
33 0 33
38 0 38
39 0 39
40 0 40
37 0 37
34 0 34
35 0 35
36 0 36
43 0 43
47 1 47
48 1 47
49 2 48
50 3 49
51 4 50
52 5 51
53 6 52
54 7 53
55 8 54
56 9 55
57 10 56
58 11 57
59 12 58
60 13 59
61 14 60
62 13 59
63 14 60
64 13 59
65 14 60
66 15 61
67 16 62
68 17 63
69 16 62
70 17 63
71 18 64
72 19 65
73 20 66
74 21 67
75 22 68
