60 60 60 30 30 90 90 60 60
60 60 60 100 30 90 90 60 60
90 90 10 20 20 90 90 10 5
20 25 30 50 50 90 90 90 90
45 45 90 40 40 90 90 80 80
55 55 55 60 60 90 90 30 90
15 20 40 40 40 90 90 90 20
80 90 15 100 20 90 90 70 10
15 20 30 100 50 90 90 90 90
80 80 80 100 30 90 90 80 80
90 90 90 100 10 90 90 40 90
90 90 90 100 60 90 90 80 80
75 75 75 90 75 75 90 75 75
10 10 10 90 25 25 90 20 20
75 75 75 90 75 75 90 75 75
50 50 50 90 75 75 90 70 70
35 20 40 90 55 55 90 10 65
75 75 75 90 75 75 90 75 75
90 90 90 90 20 20 90 90 20
50 75 75 90 75 75 90 70 70
75 75 75 90 75 75 90 75 75
35 35 35 35 35 35 35 35 35
