84581
84581
84581
84581
84581
84581
84581
84581
84581
84581
84581
84581
84581
84581
84581
84581
84581
84581
84581
84581
84581
84581
84581
84581
84581
84581
84581
84581
84581
84581
49572 49582 49592
49572 49582 49592
49572 49582 49592
49572 49582 49592
49572 49582 49592
49572 49582 49592
49572 49582 49592
49572 49582 49592
49572 49582 49592
49572 49582 49592
49572 49582 49592
49572 49582 49592
49572 49582 49592
49572 49582 49592
49572 49582 49592
49572 49582 49592
49572 49582 49592
49572 49582 49592
49572 49582 49592
49572 49582 49592
49572 49582 49592
49572 49582 49592
49572 49582 49592
49572 49582 49592
49572 49582 49592
49572 49582 49592
49572 49582 49592
49572 49582 49592
49572 49582 49592
49572 49582 49592
49572 49582 49592
49572 49582 49592
49572 49582 49592
49572 49582 49592
49572 49582 49592
49572 49582 49592
49572 49582 49592
49602 49602 49602
49612 49612 49612
49572 49582 49592
49572 49582 49592
49572 49582 49592
49572 49582 49592
49572 49582 49592
49572 49582 49592
49572 49582 49592
49572 49582 49592
49572 49582 49592
49572 49582 49592
63723 63733 63743 63753 63763
63723 63733 63743 63753 63763
63723 63733 63743 63753 63763
63723 63733 63743 63753 63763
63723 63733 63743 63753 63763
63723 63733 63743 63753 63763
63723 63733 63743 63753 63763
63723 63733 63743 63753 63763
63723 63733 63743 63753 63763
63723 63733 63743 63753 63763
63723 63733 63743 63753 63763
63723 63733 63743 63753 63763
63723 63733 63743 63753 63763
63723 63733 63743 63753 63763
63723 63733 63743 63753 63763
63723 63733 63743 63753 63763
63723 63733 63743 63753 63763
63723 63733 63743 63753 63763
63723 63733 63743 63753 63763
63723 63733 63743 63753 63763
63723 63733 63743 63753 63763
63723 63733 63743 63753 63763
63723 63733 63743 63753 63763
63723 63733 63743 63753 63763
63723 63733 63743 63753 63763
63723 63733 63743 63753 63763
63723 63733 63743 63753 63763
63723 63733 63743 63753 63763
63723 63733 63743 63753 63763
63723 63733 63743 63753 63763
63723 63733 63743 63753 63763
63723 63733 63743 63753 63763
63723 63733 63743 63753 63763
63723 63733 63743 63753 63763
63723 63733 63743 63753 63763
63723 63733 63743 63753 63763
63723 63733 63743 63753 63763
63723 63733 63743 63753 63763
63723 63733 63743 63753 63763
63723 63733 63743 63753 63763
63723 63733 63743 63753 63763
63723 63733 63743 63753 63763
63723 63733 63743 63753 63763
63723 63733 63743 63753 63763
63723 63733 63743 63753 63763
63723 63733 63743 63753 63763
63723 63733 63743 63753 63763
63723 63733 63743 63753 63763
63723 63733 63743 63753 63763
63723 63733 63773 63773 63773 63773
63723 63733 63773 63773 63773 63773
63723 63733 63773 63773 63773 63773
63723 63733 63793 63793 63793 63793
63723 63733 63793 63793 63793 63793
63723 63733 63793 63793 63793 63793
63723 63733 63783 63783 63783 63783
63723 63733 63783 63783 63783 63783
63723 63733 63803 63803 63803 63803
63723 63733 63803 63803 63803 63803
63723 63733 63743 63753 63763
63723 63733 63743 63753 63763
63723 63733 63743 63753 63763
63723 63733 63743 63753 63763
63723 63733 63743 63753 63763
63723 63733 63743 63753 63763
63723 63733 63743 63753 63763
63723 63733 63743 63753 63763
63723 63733 63743 63753 63763
63723 63733 63743 63753 63763
63723 63733 63743 63753 63763
63723 63733 63743 63753 63763
63723 63733 63743 63753 63763
64304
64304
64304
64304
64304
64304
64304
64304
64304
64304
64304
64304
64304
64304
64304
64304
64304
64304
64304
64304
64304
64304
64304
64304
64304
64304
64304
64304
64304
64304
64304
64304
64304
64304
64304
64304
64304
64304
64304
64314
64314
64304
64304
64304
64985 64995 65005 65015 65025 65035 65045
64985 64995 65005 65015 65025 65035 65045
64985 64995 65005 65015 65025 65035 65045
64985 64995 65005 65015 65025 65035 65045
64985 64995 65005 65015 65025 65035 65045
64985 64995 65005 65015 65025 65035 65045
64985 64995 65005 65015 65025 65035 65045
64985 64995 65005 65015 65025 65035 65045
64985 64995 65005 65015 65025 65035 65045
64985 64995 65005 65015 65025 65035 65045
64985 64995 65005 65015 65025 65035 65045
64985 64995 65005 65015 65025 65035 65045
64985 64995 65005 65015 65025 65035 65045
64985 64995 65005 65015 65025 65035 65045
64985 64995 65005 65015 65025 65035 65045
64985 64995 65005 65015 65025 65035 65045
64985 64995 65005 65015 65025 65035 65045
64985 64995 65005 65015 65025 65035 65045
64985 64995 65005 65015 65025 65035 65045
64985 64995 65005 65015 65025 65035 65045
64985 64995 65005 65015 65025 65035 65045
64985 64995 65005 65015 65025 65035 65045
64985 64995 65005 65015 65025 65035 65045
64985 64995 65005 65015 65025 65035 65045
64985 64995 65005 65015 65025 65035 65045
64985 64995 65005 65015 65025 65035 65045
64985 64995 65005 65015 65025 65035 65045
64985 64995 65005 65015 65025 65035 65045
64985 64995 65005 65015 65025 65035 65045
64985 64995 65005 65015 65025 65035 65045
64985 64995 65005 65015 65025 65035 65045
64985 64995 65005 65015 65025 65035 65045
64985 64995 65005 65015 65025 65035 65045
64985 64995 65005 65015 65025 65035 65045
64985 64995 65005 65015 65025 65035 65045
64985 64995 65005 65015 65025 65035 65045
64985 64995 65005 65015 65025 65035 65045
64985 64995 65005 65015 65025 65035 65045
64985 64995 65005 65015 65025 65035 65045
64985 64995 65005 65015 65025 65035 65045
64985 65055 65005 65015 65025 65035 65045
64985 64995 65005 65065 65065 65075 65045
64985 65085 65005 65015 65025 65035 65045
64985 65095 65005 65015 65025 65035 65045
64985 65105 65005 65015 65025 65035 65045
64985 65085 65005 65015 65025 65035 65045
64985 65095 65005 65015 65025 65035 65045
64985 65105 65005 65015 65025 65035 65045
64985 64995 65005 65015 65025 65035 65045
64985 64995 65005 65015 65025 65035 65045
64985 65125 65005 65015 65025 65035 65045
64985 65135 65005 65015 65025 65035 65045
64985 64995 65005 65015 65025 65035 65045
64985 64995 65005 65015 65025 65035 65045
64985 64995 65005 65015 65025 65035 65045
64985 65145 65005 65145 65145 65035 65045
64985 65175 65005 65155 65155 65035 65045
64985 65165 65005 65165 65165 65035 65045
64985 64995 65005 65015 65025 65185 65045
