38741
38741
38741
38741
38741
38741
38741
38741
38741
38741
38741
38741
38741
38741
38741
38741
38741
38741
38741
38741
38741
38741
38741
38741
38741
38741
38741
38741
38741
38741
23652
23652
23652
23652
23652
23652
23652
23652
23652
23652
23652
23652
23652
23652
23652
23652
23652
23652
23652
23652
23652
23652
23652
23652
23652
23652
23652
23652
23652
23652
23652
23652
23652
23652
23652
23652
23652
23652
23652
23652
23652
23652
23652
23652
23652
23652
23652
23652
23652
30403 30413 30423 30433 30443 30453 30463
30403 30413 30423 30433 30443 30453 30463
30403 30413 30423 30433 30443 30453 30463
30403 30413 30423 30433 30443 30453 30463
30403 30413 30423 30433 30443 30453 30463
30403 30413 30423 30433 30443 30453 30463
30403 30413 30423 30433 30443 30453 30463
30403 30413 30423 30433 30443 30453 30463
30403 30413 30423 30433 30443 30453 30463
30403 30413 30423 30433 30443 30453 30463
30403 30413 30423 30433 30443 30453 30463
30403 30413 30423 30433 30443 30453 30463
30403 30413 30423 30433 30443 30453 30463
30403 30413 30423 30433 30443 30453 30463
30403 30413 30423 30433 30443 30453 30463
30403 30413 30423 30433 30443 30453 30463
30403 30413 30423 30433 30443 30453 30463
30403 30413 30423 30433 30443 30453 30463
30403 30413 30423 30433 30443 30453 30463
30403 30413 30423 30433 30443 30453 30463
30403 30413 30423 30433 30443 30453 30463
30403 30413 30423 30433 30443 30453 30463
30403 30413 30423 30433 30443 30453 30463
30403 30413 30423 30433 30443 30453 30463
30403 30413 30423 30433 30443 30453 30463
30403 30413 30423 30433 30443 30453 30463
30403 30413 30423 30433 30443 30453 30463
30403 30413 30423 30433 30443 30453 30463
30403 30413 30423 30433 30443 30453 30463
30403 30413 30423 30433 30443 30453 30463
30403 30413 30423 30433 30443 30453 30463
30403 30413 30423 30433 30443 30453 30463
30403 30413 30423 30433 30443 30453 30463
30403 30473 30423 30473 30473 30453 30463 30473
30403 30473 30423 30473 30473 30453 30463 30473
30403 30473 30423 30473 30473 30453 30463 30473
30403 30473 30423 30473 30473 30453 30463 30473
30403 30473 30423 30473 30473 30453 30463 30473
30403 30473 30423 30473 30473 30453 30463 30473
30403 30413 30423 30433 30443 30453 30463
30403 30413 30423 30433 30443 30453 30463
30403 30413 30423 30433 30443 30453 30463
30403 30413 30423 30433 30443 30453 30463
30403 30413 30423 30433 30443 30453 30463
30403 30413 30423 30433 30443 30453 30463
30403 30413 30423 30433 30443 30453 30463
30403 30413 30423 30433 30443 30453 30463
30403 30413 30423 30433 30443 30453 30463
30403 30413 30423 30433 30443 30453 30463
30403 30413 30423 30433 30443 30453 30463
30403 30413 30423 30433 30443 30453 30463
30403 30413 30423 30433 30443 30453 30463
30403 30413 30423 30433 30443 30453 30463
30403 30413 30423 30433 30443 30453 30463
30403 30413 30423 30433 30443 30453 30463
30403 30413 30423 30433 30443 30453 30463
30403 30413 30423 30433 30443 30453 30463
30403 30413 30423 30433 30443 30453 30463
30403 30413 30423 30433 30443 30453 30463
30403 30413 30423 30433 30443 30453 30463
30403 30413 30423 30433 30443 30453 30463
30403 30413 30423 30433 30443 30453 30463
30403 30413 30423 30433 30443 30453 30463
30403 30413 30423 30433 30443 30453 30463
30403 30413 30423 30433 30443 30453 30463
30403 30413 30423 30433 30443 30453 30463
30403 30413 30423 30433 30443 30453 30463
30403 30413 30423 30433 30443 30453 30463
30403 30413 30423 30433 30443 30453 30463
30403 30413 30423 30433 30443 30453 30463
30403 30413 30423 30433 30443 30453 30463
30403 30413 30423 30433 30443 30453 30463
30674
30674
30674
30674
30674
30674
30674
30674
30674
30674
30674
30674
30674
30674
30674
30674
30674
30674
30674
30674
30674
30674
30674
30674
30674
30674
30674
30674
30674
30674
30674
30674
30674
30674
30674
30674
30674
30674
30674
30674
30674
30674
30674
30674
30975 30985 30995 31005 31015 31025
30975 30985 30995 31005 31015 31025
30975 30985 30995 31005 31015 31025
30975 30985 30995 31005 31015 31025
30975 30985 30995 31005 31015 31025
30975 30985 30995 31005 31015 31025
30975 30985 30995 31005 31015 31025
30975 30985 30995 31005 31015 31025
30975 30985 30995 31005 31015 31025
30975 30985 30995 31005 31015 31025
30975 30985 30995 31005 31015 31025
30975 30985 30995 31005 31015 31025
30975 30985 30995 31005 31015 31025
30975 30985 30995 31005 31015 31025
30975 30985 30995 31005 31015 31025
30975 30985 30995 31005 31015 31025
30975 30985 30995 31005 31015 31025
30975 30985 30995 31005 31015 31025
30975 30985 30995 31005 31015 31025
30975 30985 30995 31005 31015 31025
30975 30985 30995 31005 31015 31025
30975 30985 30995 31005 31015 31025
30975 30985 30995 31005 31015 31025
30975 30985 30995 31005 31015 31025
30975 30985 30995 31005 31015 31025
30975 30985 30995 31005 31015 31025
30975 30985 30995 31005 31015 31025
30975 30985 30995 31005 31015 31025
30975 30985 30995 31005 31015 31025
30975 30985 30995 31005 31015 31025
30975 30985 30995 31005 31015 31025
30975 30985 30995 31005 31015 31025
30975 30985 30995 31005 31015 31025
30975 30985 30995 31005 31015 31025
30975 30985 30995 31005 31015 31025
30975 30985 30995 31005 31015 31025
30975 30985 30995 31005 31015 31025
30975 30985 30995 31005 31015 31025
30975 30985 30995 31005 31015 31025
30975 30985 30995 31005 31015 31025
30975 30985 30995 31005 31015 31025
30975 30985 30995 31005 31015 31025
30975 30985 30995 31005 31015 31025
30975 30985 30995 31005 31015 31025
30975 30985 30995 31005 31015 31025
30975 30985 30995 31005 31015 31025
30975 30985 30995 31005 31015 31025
30975 30985 30995 31005 31015 31025
30975 30985 30995 31005 31015 31025
30975 30985 30995 31005 31015 31025
30975 30985 30995 31005 31015 31025
30975 30985 30995 31005 31015 31025
30975 30985 30995 31005 31015 31025
30975 30985 30995 31005 31015 31025
30975 30985 30995 31005 31015 31025
30975 30985 30995 31005 31015 31025
30975 30985 30995 31005 31015 31025
30975 30985 30995 31005 31015 31025
30975 30985 30995 31005 31015 31025
