84591
84591
84591
84591
84591
84591
84591
84591
84591
84591
84591
84591
84591
84591
84591
84591
84591
84591
84591
84591
84591
84591
84591
84591
84591
84591
84591
84591
84591
84591
11642 11652 11662 11672 11682
11642 11652 11662 11672 11682
11642 11652 11662 11672 11682
11642 11652 11662 11672 11682
11642 11652 11662 11672 11682
11642 11652 11662 11672 11682
11642 11652 11662 11672 11682
11642 11652 11662 11672 11682
11642 11652 11662 11672 11682
11642 11652 11662 11672 11682
11642 11652 11662 11672 11682
11642 11652 11662 11672 11682
11642 11652 11662 11672 11682
11642 11652 11662 11672 11682
11642 11652 11662 11672 11682
33682 33682 11662 33682 11682
33682 33682 11662 33682 11682
33682 33682 11662 33682 11682
11642 11652 11662 11672 11682
11642 11652 11662 11672 11682
11642 11652 11662 11672 11682
11642 11652 11662 11672 11682
11642 11652 11662 11672 11682
11642 11652 11662 11672 11682
11642 11652 11662 11672 11682
11642 11652 11662 11672 11682
11642 11652 11662 11672 11682
11642 11652 11662 11672 11682
11642 11652 11662 11672 11682
11642 11652 11662 11672 11682
11642 11652 11662 11672 11682
11642 11652 11662 11672 11682
11642 11652 11662 11672 11682
11642 11652 11662 11672 11682
11642 11652 11662 11672 11682
11642 11652 11662 11672 11682
11642 11652 11662 11672 11682
11642 11652 11662 11672 11682
11642 11652 11662 11672 11682
11642 11652 11662 11672 11682
11642 11652 11662 11672 11682
11642 11652 11662 11672 11682
11642 11652 11662 11672 11682
11642 11652 11662 11672 11682
11642 11652 11662 11672 11682
11642 11652 11662 11672 11682
11642 11652 11662 11672 11682
11692 11692 11692 11692 11692
11642 11652 11662 11672 11682
11702 11702 11702 11702 11702
11712 11712 11712 11712 11712
11722 11722 11722 11722 11722
11722 11722 11722 11722 11722
11722 11722 11722 11722 11722
11642 11652 11662 11672 11682
11642 11652 11662 11672 11682
11642 11652 11662 11672 11682
11732 11732 11732 11732 11732
11642 11652 11662 11672 11682
11642 11652 11662 11672 11682
11642 11652 33692 11672 11682
11642 11652 33692 11672 11682
11642 11652 33692 11672 11682
11642 11652 11662 11672 11682
11642 11652 11662 11672 11682
11642 11652 11662 11672 11682
31883 31933 31943 31953 31963 31973 31983
31883 31933 31943 31953 31963 31973 31983
31883 31933 31943 31953 31963 31973 31983
31883 31933 31943 31953 31963 31973 31983
31883 31933 31943 31953 31963 31973 31983
31883 31933 31943 31953 31963 31973 31983
31883 31933 31943 31953 31963 31973 31983
31883 31933 31943 31953 31963 31973 31983
31883 31933 31943 31953 31963 31973 31983
31883 31933 31943 31953 31963 31973 31983
31883 31933 31943 31953 31963 31973 31983
31883 31933 31943 31953 31963 31973 31983
31883 31933 31943 31953 31963 31973 31983
31883 31933 31943 31953 31963 31973 31983
31883 31933 31943 31953 31963 31973 31983
31883 31933 31943 31953 31963 31973 31983
31883 31933 31943 31953 33203 31973 31983
31883 31933 31943 31953 33203 31973 31983
31883 31933 31943 31953 31963 31973 31983
31883 31933 31943 31953 31963 31973 31983
31883 31933 31943 31953 31963 31973 31983
31883 31933 31943 31953 31963 31973 31983
31883 31933 31943 31953 31963 31973 31983
31883 31933 31943 31953 31963 31973 31983
31883 31933 31943 31953 31963 31973 31983
31883 31933 31943 31953 31963 31973 31983
31883 31933 31943 31953 31963 31973 31983
31883 31933 31943 31953 31963 31973 31983
31883 31933 31943 31953 31963 31973 31983
31883 31933 31943 31953 31963 31973 31983
31883 31933 31943 31953 31963 31973 31983
31883 31933 31943 31953 31963 31973 31983
31883 31933 31943 31953 31963 31973 31983
31883 31933 31943 31953 31963 31973 31983
31883 31933 31943 31953 31963 31973 31983
31883 31933 31943 31953 31963 31973 31983
31883 31933 31943 31953 31963 31973 31983
31883 31933 31943 31953 31963 31973 31983
31883 31933 31943 31953 31963 31973 31983
31883 31933 31943 31953 31963 31973 31983
31883 31933 31943 31953 31963 31973 31983
31883 31933 31943 31953 31963 31973 31983
31883 31933 31943 31953 31963 31973 31983
31883 31933 31943 31953 31963 31973 31983
31883 31933 31943 31953 31963 31973 31983
31893 31893 31893 31893 31893 31893 31893
31903 31903 31903 31903 31903 31903 31903
31883 31933 31943 31953 31963 31973 31983
31913 31913 31913 31913 33203 31913 31913
31913 31913 31913 31913 31913 31913 31913
31883 31933 31943 31953 31963 31973 31983
31883 31933 31943 31953 31963 31973 31983
31883 31933 31943 31953 31963 31973 31983
31883 31933 31943 31953 31963 31973 31983
31883 31933 31943 31953 31963 31973 31983
31923 31923 31923 31923 31923 31923 31923
31923 31923 31923 31923 31923 31923 31923
31923 31923 31923 31923 31923 31923 31923
31883 31933 31943 31953 31963 31973 31983
31883 31933 31943 31953 31963 31973 31983
31883 31933 31943 31953 31963 31973 31983
31883 31933 31943 31953 31963 31973 31983
31883 31933 31943 31953 31963 31973 31983
31883 31933 31943 31953 31963 31973 31983
31883 31933 31943 31953 31963 31973 31983
31883 31933 31943 31953 31963 31973 31983
31883 31933 31943 31953 31963 31973 31983
62714 62724 62734
62714 62724 62734
62714 62724 62734
62714 62724 62734
62714 62724 62734
62714 62724 62734
62714 62724 62734
62714 62724 62734
62714 62724 62734
62714 62724 62734
62714 62724 62734
62714 62724 62734
62714 62724 62734
62714 62724 62734
62714 62724 62734
62714 62724 62734
62714 62724 62734
62714 62724 62734
62714 62724 62734
62714 62724 62734
62714 62724 62734
62714 62724 62734
62714 62724 62734
62714 62724 62734
62714 62724 62734
62714 62724 62734
62714 62724 62734
62714 62724 62734
62714 62724 62734
62714 62724 62734
62714 62724 62734
62714 62724 62734
62714 62724 62734
62714 62724 62734
62714 62724 62734
62714 62724 62734
62714 62724 62734
62744 62744 62744
62754 62754 62754
62714 62724 62734
62714 62724 62734
62714 62724 62734
62714 62724 62734
62714 62724 62734
62714 62724 62734
62714 62724 62734
62714 62724 62734
62714 62724 62734
62714 62724 62734
