38751
38751
38751
38751
38751
38751
38751
38751
38751
38751
38751
38751
38751
38751
38751
38751
38751
38751
38751
38751
38751
38751
38751
38751
38751
38751
38751
38751
38751
38751
3362 3352 3372 3382 3392 3402
3362 3352 3372 3382 3392 3402
3362 3352 3372 3382 3392 3402
3362 3352 3372 3382 3392 3402
3362 3352 3372 3382 3392 3402
3362 3352 3372 3382 3392 3402
3362 3352 3372 3382 3392 3402
3362 3352 3372 3382 3392 3402
3362 3352 3372 3382 3392 3402
3362 3352 3372 3382 3392 3402
3362 3352 3372 3382 3392 3402
3362 3352 3372 3382 3392 3402
3362 3352 3372 3382 3392 3402
3362 3352 3372 3382 3392 3402
3362 3352 3372 3382 3392 3402
3362 3352 3372 3382 3392 3402
3362 3352 3372 3382 3392 3402
3362 3352 3372 3382 3392 3402
3362 3352 3372 3382 3392 3402
3362 3352 3372 3382 3392 3402
3362 3352 3372 3382 3392 3402
3362 3352 3372 3382 3392 3402
3362 3352 3372 3382 3392 3402
3362 3352 3372 3382 3392 3402
3362 3352 3372 3382 3392 3402
3362 3352 3372 3382 3392 3402
3362 3352 3372 3382 3392 3402
3362 3352 3372 3382 3392 3402
3362 3352 3372 3382 3392 3402
3362 3352 3372 3382 3392 3402
3362 3352 3372 3382 3392 3402
3362 3352 3372 3382 3392 3402
3362 3352 3372 3382 3392 3402
3362 3352 3372 3382 3392 3402
3362 3352 3372 3382 3392 3402
3362 3352 3372 3382 3392 3402
3362 3352 3372 3382 3392 3402
3362 3352 3372 3382 3392 3402
3362 3352 3372 3382 3392 3402
3362 3352 3372 3382 3392 3402
3362 3352 3372 3382 3392 3402
3362 3352 3372 3382 3392 3402
3362 3352 3372 3382 3392 3402
3362 3352 3372 3382 3392 3402
3362 3352 3372 3382 3392 3402
3362 3352 3372 3382 3392 3402
3362 3352 3372 3382 3392 3402
3362 3352 3372 3382 3392 3402
3362 3352 3372 3382 3392 3402
3362 3352 3372 3382 3392 3402
3362 3352 3372 3382 3392 3402
3362 3352 3372 3382 3392 3402
3362 3352 3372 3382 3392 3402
3362 3352 3372 3382 3392 3402
3362 3352 3372 3382 3392 3402
3362 3352 3372 3382 3392 3402
3362 3352 3372 3382 3392 3402
3362 3352 3372 3382 3392 3402
3362 3352 3372 3382 3392 3402
3362 3352 3372 3382 3392 3402
3362 3352 3372 3382 3392 3402
3362 3352 3372 3382 3392 3402
3362 3352 3372 3382 3392 3402
3362 3352 3372 3382 3392 3402
3362 3352 3372 3382 3392 3402
3362 3352 3372 3382 3392 3402
16123 16133 16143 16153 16163 16173 16183
16123 16133 16143 16153 16163 16173 16183
16123 16133 16143 16153 16163 16173 16183
16123 16133 16143 16153 16163 16173 16183
16123 16133 16143 16153 16163 16173 16183
16123 16133 16143 16153 16163 16173 16183
16123 16133 16143 16153 16163 16173 16183
16123 16133 16143 16153 16163 16173 16183
16123 16133 16143 16153 16163 16173 16183
16123 16133 16143 16153 16163 16173 16183
16123 16133 16143 16153 16163 16173 16183
16123 16133 16143 16153 16163 16173 16183
16123 16133 16143 16153 16163 16173 16183
16123 16133 16143 16153 16163 16173 16183
16123 16133 16143 16153 16163 16173 16183
16123 16133 16143 16153 16163 16173 16183
16123 16133 16143 16153 16163 16173 16183
16123 16133 16143 16153 16163 16173 16183
16123 16133 16143 16153 16163 16173 16183
16123 16133 16143 16153 16163 16173 16183
16123 16133 16143 16153 16163 16173 16183
16123 16133 16143 16153 16163 16173 16183
16123 16133 16143 16153 16163 16173 16183
16123 16133 16143 16153 16163 16173 16183
16123 16133 16143 16153 16163 16173 16183
16123 16133 16143 16153 16163 16173 16183
16123 16133 16143 16153 16163 16173 16183
16123 16133 16143 16153 16163 16173 16183
16123 16133 16143 16153 16163 16173 16183
16123 16133 16143 16153 16163 16173 16183
16123 16133 16143 16153 16163 16173 16183
16123 16133 16143 16153 16163 16173 16183
16123 16133 16143 16153 16163 16173 16183
16123 16133 16143 16153 16163 16173 16183
16123 16133 16143 16153 16163 16173 16183
16123 16133 16143 16153 16163 16173 16183
16123 16133 16143 16153 16163 16173 16183
16123 16133 16143 16153 16163 16173 16183
16123 16133 16143 16153 16163 16173 16183
16123 16133 16143 16153 16163 16173 16183
16123 16133 16143 16153 16163 16173 16183
16123 16133 16143 16153 16163 16173 16183
16123 16133 16143 16153 16163 16173 16183
16123 16133 16143 16153 16163 16173 16183
16123 16133 16143 16153 16163 16173 16183
16123 16133 16143 16153 16163 16173 16183
16123 16133 16143 16153 16163 16173 16183
16123 16133 16143 16153 16163 16173 16183
16123 16133 16143 16153 16163 16173 16183
16123 16133 16143 16153 16163 16173 16183
16123 16133 16143 16153 16163 16173 16183
16123 16133 16143 16153 16163 16173 16183
16123 16133 16143 16153 16163 16173 16183
16123 16133 16143 16153 16163 16173 16183
16123 16133 16143 16153 16163 16173 16183
16123 16133 16143 16153 16163 16173 16183
16123 16133 16143 16153 16163 16173 16183
16123 16133 16143 16153 16163 16173 16183
16123 16133 16143 16153 16163 16173 16183
16123 16133 16143 16153 16163 16173 16183
16123 16133 16143 16153 16163 16173 16183
16123 16133 16143 16153 16163 16173 16183
16123 16133 16143 16153 16163 16173 16183
16123 16133 16143 16153 16163 16173 16183
16123 16133 16143 16153 16163 16173 16183
16123 16133 16143 16153 16163 16173 16183
16123 16133 16143 16153 16163 16173 16183
29884
29884
29884
29884
29884
29884
29884
29884
29884
29884
29884
29884
29884
29884
29884
29884
29884
29884
29884
29884
29884
29884
29884
29884
29884
29884
29884
29884
29884
29884
29884
29884
29884
29884
29884
29884
29884
29884
29884
29884
29884
29884
29884
29884
29884
29884
29884
29884
29884
