84641
84641
84641
84641
84641
84641
84641
84641
84641
84641
84641
84641
84641
84641
84641
84641
84641
84641
84641
84641
84641
84641
84641
84641
84641
84641
84641
84641
84641
84641
10122 10172 10182 10192 10202 10212 10222
10122 10172 10182 10192 10202 10212 10222
10122 10172 10182 10192 10202 10212 10222
10122 10172 10182 10192 10202 10212 10222
10122 10172 10182 10192 10202 10212 10222
10122 10172 10182 10192 10202 10212 10222
10122 10172 10182 10192 10202 10212 10222
10122 10172 10182 10192 10202 10212 10222
10122 10172 10182 10192 10202 10212 10222
10122 10172 10182 10192 10202 10212 10222
10122 10172 10182 10192 10202 10212 10222
10122 10172 10182 10192 10202 10212 10222
10122 10172 10182 10192 10202 10212 10222
10122 10172 10182 10192 10202 10212 10222
10122 10172 10182 10192 10202 10212 10222
10122 10172 10182 10192 10202 10212 10222
10122 10172 10182 10192 33282 10212 10222
10122 10172 10182 10192 33282 10212 10222
10122 10172 10182 10192 10202 10212 10222
10122 10172 10182 10192 10202 10212 10222
10122 10172 10182 10192 10202 10212 10222
10122 10172 10182 10192 10202 10212 10222
10122 10172 10182 10192 10202 10212 10222
10122 10172 10182 10192 10202 10212 10222
10122 10172 10182 10192 10202 10212 10222
10122 10172 10182 10192 10202 10212 10222
10122 10172 10182 10192 10202 10212 10222
10122 10172 10182 10192 10202 10212 10222
10122 10172 10182 10192 10202 10212 10222
10122 10172 10182 10192 10202 10212 10222
10122 10172 10182 10192 10202 10212 10222
10122 10172 10182 10192 10202 10212 10222
10122 10172 10182 10192 10202 10212 10222
10122 10172 10182 10192 10202 10212 10222
10122 10172 10182 10192 10202 10212 10222
10122 10172 10182 10192 10202 10212 10222
10122 10172 10182 10192 10202 10212 10222
10122 10172 10182 10192 10202 10212 10222
10122 10172 10182 10192 10202 10212 10222
10122 10172 10182 10192 10202 10212 10222
10122 10172 10182 10192 10202 10212 10222
10122 10172 10182 10192 10202 10212 10222
10122 10172 10182 10192 10202 10212 10222
10122 10172 10182 10192 10202 10212 10222
10122 10172 10182 10192 10202 10212 10222
10132 10132 10132 10132 10132 10132 10132
10142 10142 10142 10142 10142 10142 10142
10122 10172 10182 10192 10202 10212 10222
10152 10152 10152 10152 33282 10152 10152
10152 10152 10152 10152 10152 10152 10152
10122 10172 10182 10192 10202 10212 10222
10122 10172 10182 10192 10202 10212 10222
10122 10172 10182 10192 10202 10212 10222
10122 10172 10182 10192 10202 10212 10222
10122 10172 10182 10192 10202 10212 10222
10162 10162 10162 10162 10162 10162 10162
10162 10162 10162 10162 10162 10162 10162
10162 10162 10162 10162 10162 10162 10162
10122 10172 10182 10192 10202 10212 10222
10122 10172 10182 10192 10202 10212 10222
10122 10172 10182 10192 10202 10212 10222
10122 10172 10182 10192 10202 10212 10222
10122 10172 10182 10192 10202 10212 10222
10122 10172 10182 10192 10202 10212 10222
10122 10172 10182 10192 10202 10212 10222
10122 10172 10182 10192 10202 10212 10222
10122 10172 10182 10192 10202 10212 10222
10783 10833 10843 10853 10863 10873 10883
10783 10833 10843 10853 10863 10873 10883
10783 10833 10843 10853 10863 10873 10883
10783 10833 10843 10853 10863 10873 10883
10783 10833 10843 10853 10863 10873 10883
10783 10833 10843 10853 10863 10873 10883
10783 10833 10843 10853 10863 10873 10883
10783 10833 10843 10853 10863 10873 10883
10783 10833 10843 10853 10863 10873 10883
10783 10833 10843 10853 10863 10873 10883
10783 10833 10843 10853 10863 10873 10883
10783 10833 10843 10853 10863 10873 10883
10783 10833 10843 10853 10863 10873 10883
10783 10833 10843 10853 10863 10873 10883
10783 10833 10843 10853 10863 10873 10883
10783 10833 10843 10853 10863 10873 10883
10783 10833 10843 10853 33343 10873 10883
10783 10833 10843 10853 33343 10873 10883
10783 10833 10843 10853 10863 10873 10883
10783 10833 10843 10853 10863 10873 10883
10783 10833 10843 10853 10863 10873 10883
10783 10833 10843 10853 10863 10873 10883
10783 10833 10843 10853 10863 10873 10883
10783 10833 10843 10853 10863 10873 10883
10783 10833 10843 10853 10863 10873 10883
10783 10833 10843 10853 10863 10873 10883
10783 10833 10843 10853 10863 10873 10883
10783 10833 10843 10853 10863 10873 10883
10783 10833 10843 10853 10863 10873 10883
10783 10833 10843 10853 10863 10873 10883
10783 10833 10843 10853 10863 10873 10883
10783 10833 10843 10853 10863 10873 10883
10783 10833 10843 10853 10863 10873 10883
10783 10833 10843 10853 10863 10873 10883
10783 10833 10843 10853 10863 10873 10883
10783 10833 10843 10853 10863 10873 10883
10783 10833 10843 10853 10863 10873 10883
10783 10833 10843 10853 10863 10873 10883
10783 10833 10843 10853 10863 10873 10883
10783 10833 10843 10853 10863 10873 10883
10783 10833 10843 10853 10863 10873 10883
10783 10833 10843 10853 10863 10873 10883
10783 10833 10843 10853 10863 10873 10883
10783 10833 10843 10853 10863 10873 10883
10783 10833 10843 10853 10863 10873 10883
10793 10793 10793 10793 10793 10793 10793
10803 10803 10803 10803 10803 10803 10803
10783 10833 10843 10853 10863 10873 10883
10813 10813 10813 10813 33343 10813 10813
10813 10813 10813 10813 10813 10813 10813
10783 10833 10843 10853 10863 10873 10883
10783 10833 10843 10853 10863 10873 10883
10783 10833 10843 10853 10863 10873 10883
10783 10833 10843 10853 10863 10873 10883
10783 10833 10843 10853 10863 10873 10883
10823 10823 10823 10823 10823 10823 10823
10823 10823 10823 10823 10823 10823 10823
10823 10823 10823 10823 10823 10823 10823
10783 10833 10843 10853 10863 10873 10883
10783 10833 10843 10853 10863 10873 10883
10783 10833 10843 10853 10863 10873 10883
10783 10833 10843 10853 10863 10873 10883
10783 10833 10843 10853 10863 10873 10883
10783 10833 10843 10853 10863 10873 10883
10783 10833 10843 10853 10863 10873 10883
10783 10833 10843 10853 10863 10873 10883
10783 10833 10843 10853 10863 10873 10883
26074 26084 26094 26104 26114 26124 26134
26074 26084 26094 26104 26114 26124 26134
26074 26084 26094 26104 26114 26124 26134
26074 26084 26094 26104 26114 26124 26134
26074 26084 26094 26104 26114 26124 26134
26074 26084 26094 26104 26114 26124 26134
26074 26084 26094 26104 26114 26124 26134
26074 26084 26094 26104 26114 26124 26134
26074 26084 26094 26104 26114 26124 26134
26074 26084 26094 26104 26114 26124 26134
26074 26084 26094 26104 26114 26124 26134
26074 26084 26094 26104 26114 26124 26134
26074 26084 26094 26104 26114 26124 26134
26074 26084 26094 26104 26114 26124 26134
26074 26084 26094 26104 26114 26124 26134
34464 34464 34464 34464 34464 34464 34464
34464 34464 34464 34464 34464 34464 34464
34464 34464 34464 34464 34464 34464 34464
26074 26084 26094 26104 26114 26124 26134
26074 26084 26094 26104 26114 26124 26134
26074 26084 26094 26104 26114 26124 26134
26074 26084 26094 26104 26114 26124 26134
26074 26084 26094 26104 26114 26124 26134
26074 26084 26094 26104 26114 26124 26134
26074 26084 26094 26104 26114 26124 26134
26074 26084 26094 26104 26114 26124 26134
26074 26084 26094 26104 26114 26124 26134
26074 26084 26094 26104 26114 26124 26134
26074 26084 26094 26104 26114 26124 26134
26074 26084 26094 26104 26114 26124 26134
26074 26084 26094 26104 26114 26124 26134
26074 26084 26094 26104 26114 26124 26134
26074 26084 26094 26104 26114 26124 26134
26074 26084 26094 26104 26114 26124 26134
26074 26084 26094 26104 26114 26124 26134
26074 26084 26094 26104 26114 26124 26134
26074 26084 26094 26104 26114 26124 26134
26074 26084 26094 26104 26114 26124 26134
26074 26084 26094 26104 26114 26124 26134
26074 26084 26094 26104 26114 26124 26134
26074 26084 26094 26104 26114 26124 26134
26074 26084 26094 26104 26114 26124 26134
26074 26084 26094 26104 26114 26124 26134
26074 26084 26094 26104 26114 26124 26134
26074 26084 26094 26104 26114 26124 26134
26074 26084 26094 26104 26114 26124 26134
26074 26084 26094 26104 26114 26124 26134
26144 26144 26144 26144 26144 26144 26144 26144
26154 26154 26154 26154 26154 26154 26154 26154
26074 26084 26094 26104 26114 26124 26134
26074 26084 26094 26104 26114 26124 26134
26074 26084 26094 26104 26114 26124 26134
26074 26084 26094 26104 26114 26124 26134
26164 26164 26164 26164 26164 26164 26164 26164
26174 26174 26174 26174 26174 26174 26174 26174
26174 26174 26174 26174 26174 26174 26174 26174
26174 26174 26174 26174 26174 26174 26174 26174
26184 26184 26184 26184 26184 26184 26184 26184
26184 26184 26184 26184 26184 26184 26184 26184
26184 26184 26184 26184 26184 26184 26184 26184
26194 26084 26194 26104 26194 26124 26134
26204 26204 26204 26204 26204 26204 26204 26204
26204 26204 26204 26204 26204 26204 26204 26204
26204 26204 26204 26204 26204 26204 26204 26204
26214 26214 26214 26214 26214 26214 26214 26214
26214 26214 26214 26214 26214 26214 26214 26214
26214 26214 26214 26214 26214 26214 26214 26214
26224 26084 26094 26224 26114 26124 26134
26074 26084 26094 26104 26114 26124 26134
26234 26234 26094 26104 26234 26124 26134
26074 26084 26094 26104 26114 26124 26134
26244 26244 26094 26104 26244 26124 26134
26074 26084 26094 26104 26114 26124 26134
26074 26084 26094 26104 26114 26124 26134
26074 26084 26094 26104 26114 26124 26134
26254 26084 26094 26254 26114 26124 26134
26074 26084 26094 26104 26114 26124 26134
26074 26084 26094 26104 26114 26124 26134
26264 26264 26094 26104 26264 26124 26134
26074 26084 26094 26104 26114 26124 26134
26074 26084 26094 26104 26114 26124 26134
26074 26084 26094 26104 26114 26124 26134
26074 26084 26094 26104 26114 26124 26134
