38801
38801
38801
38801
38801
38801
38801
38801
38801
38801
38801
38801
38801
38801
38801
38801
38801
38801
38801
38801
38801
38801
38801
38801
38801
38801
38801
38801
38801
38801
3112 12672 12682 12692 12702 12712 12722
3112 12672 12682 12692 12702 12712 12722
3112 12672 12682 12692 12702 12712 12722
3112 12672 12682 12692 12702 12712 12722
3112 12672 12682 12692 12702 12712 12722
3112 12672 12682 12692 12702 12712 12722
3112 12672 12682 12692 12702 12712 12722
3112 12672 12682 12692 12702 12712 12722
3112 12672 12682 12692 12702 12712 12722
3112 12672 12682 12692 12702 12712 12722
3112 12672 12682 12692 12702 12712 12722
3112 12672 12682 12692 12702 12712 12722
3112 12672 12682 12692 12702 12712 12722
3112 12672 12682 12692 12702 12712 12722
3112 12672 12682 12692 12702 12712 12722
3112 12672 12682 12692 12702 12712 12722
3112 12672 12682 12692 12702 12712 12722
3112 12672 12682 12692 12702 12712 12722
3112 12672 12682 12692 12702 12712 12722
3112 12672 12682 12692 12702 12712 12722
3112 12672 12682 12692 12702 12712 12722
3112 12672 12682 12692 12702 12712 12722
3112 12672 12682 12692 12702 12712 12722
3112 12672 12682 12692 12702 12712 12722
3112 12672 12682 12692 12702 12712 12722
3112 12672 12682 12692 12702 12712 12722
3112 12672 12682 12692 12702 12712 12722
3112 12672 12682 12692 12702 12712 12722
3112 12672 12682 12692 12702 12712 12722
3112 12672 12682 12692 12702 12712 12722
3112 12672 12682 12692 12702 12712 12722
3112 12672 12682 12692 12702 12712 12722
3112 12672 12682 12692 12702 12712 12722
3112 12672 12682 12692 12702 12712 12722
3112 12672 12682 12692 12702 12712 12722
3112 12672 12682 12692 12702 12712 12722
3112 12672 12682 12692 12702 12712 12722
3112 12672 12682 12692 12702 12712 12722
3112 12672 12682 12692 12702 12712 12722
3112 12672 12682 12692 12702 12712 12722
3112 12672 12682 12692 12702 12712 12722
3112 12672 12682 12692 12702 12712 12722
3112 12672 12682 12692 12702 12712 12722
3112 12672 12682 12692 12702 12712 12722
3112 12672 12682 12692 12702 12712 12722
3112 12672 12682 12692 12702 12712 12722
3112 12672 12682 12692 12702 12712 12722
3112 12672 12682 12692 12702 12712 12722
3112 12672 12682 12692 12702 12712 12722
3112 12672 12682 12692 12702 12712 12722
3112 12672 12682 12692 12702 12712 12722
3112 12672 12682 12692 12702 12712 12722
3112 12672 12682 12692 12702 12712 12722
3112 12672 12682 12692 12702 12712 12722
3112 12672 12682 12692 12702 12712 12722
3112 12672 12682 12692 12702 12712 12722
3112 12672 12682 12692 12702 12712 12722
3112 12672 12682 12692 12702 12712 12722
3112 12672 12682 12692 12702 12712 12722
3112 12672 12682 12692 12702 12712 12722
3112 12672 12682 12692 12702 12712 12722
3112 12672 12682 12692 12702 12712 12722
3112 12672 12682 12692 12702 12712 12722
3112 12672 12682 12692 12702 12712 12722
3112 12672 12682 12692 12702 12712 12722
3112 12672 12682 12692 12702 12712 12722
3112 12672 12682 12692 12702 12712 12722
3173 13033 13043 13053 13063 13073 13083
3173 13033 13043 13053 13063 13073 13083
3173 13033 13043 13053 13063 13073 13083
3173 13033 13043 13053 13063 13073 13083
3173 13033 13043 13053 13063 13073 13083
3173 13033 13043 13053 13063 13073 13083
3173 13033 13043 13053 13063 13073 13083
3173 13033 13043 13053 13063 13073 13083
3173 13033 13043 13053 13063 13073 13083
3173 13033 13043 13053 13063 13073 13083
3173 13033 13043 13053 13063 13073 13083
3173 13033 13043 13053 13063 13073 13083
3173 13033 13043 13053 13063 13073 13083
3173 13033 13043 13053 13063 13073 13083
3173 13033 13043 13053 13063 13073 13083
3173 13033 13043 13053 13063 13073 13083
3173 13033 13043 13053 13063 13073 13083
3173 13033 13043 13053 13063 13073 13083
3173 13033 13043 13053 13063 13073 13083
3173 13033 13043 13053 13063 13073 13083
3173 13033 13043 13053 13063 13073 13083
3173 13033 13043 13053 13063 13073 13083
3173 13033 13043 13053 13063 13073 13083
3173 13033 13043 13053 13063 13073 13083
3173 13033 13043 13053 13063 13073 13083
3173 13033 13043 13053 13063 13073 13083
3173 13033 13043 13053 13063 13073 13083
3173 13033 13043 13053 13063 13073 13083
3173 13033 13043 13053 13063 13073 13083
3173 13033 13043 13053 13063 13073 13083
3173 13033 13043 13053 13063 13073 13083
3173 13033 13043 13053 13063 13073 13083
3173 13033 13043 13053 13063 13073 13083
3173 13033 13043 13053 13063 13073 13083
3173 13033 13043 13053 13063 13073 13083
3173 13033 13043 13053 13063 13073 13083
3173 13033 13043 13053 13063 13073 13083
3173 13033 13043 13053 13063 13073 13083
3173 13033 13043 13053 13063 13073 13083
3173 13033 13043 13053 13063 13073 13083
3173 13033 13043 13053 13063 13073 13083
3173 13033 13043 13053 13063 13073 13083
3173 13033 13043 13053 13063 13073 13083
3173 13033 13043 13053 13063 13073 13083
3173 13033 13043 13053 13063 13073 13083
3173 13033 13043 13053 13063 13073 13083
3173 13033 13043 13053 13063 13073 13083
3173 13033 13043 13053 13063 13073 13083
3173 13033 13043 13053 13063 13073 13083
3173 13033 13043 13053 13063 13073 13083
3173 13033 13043 13053 13063 13073 13083
3173 13033 13043 13053 13063 13073 13083
3173 13033 13043 13053 13063 13073 13083
3173 13033 13043 13053 13063 13073 13083
3173 13033 13043 13053 13063 13073 13083
3173 13033 13043 13053 13063 13073 13083
3173 13033 13043 13053 13063 13073 13083
3173 13033 13043 13053 13063 13073 13083
3173 13033 13043 13053 13063 13073 13083
3173 13033 13043 13053 13063 13073 13083
3173 13033 13043 13053 13063 13073 13083
3173 13033 13043 13053 13063 13073 13083
3173 13033 13043 13053 13063 13073 13083
3173 13033 13043 13053 13063 13073 13083
3173 13033 13043 13053 13063 13073 13083
3173 13033 13043 13053 13063 13073 13083
3173 13033 13043 13053 13063 13073 13083
10824 10834 10844 10854 10864 10874 10884 10894 10904 14224
10824 10834 10844 10854 10864 10874 10884 10894 10904 14224
10824 10834 10844 10854 10864 10874 10884 10894 10904 14224
10824 10834 10844 10854 10864 10874 10884 10894 10904 14224
10824 10834 10844 10854 10864 10874 10884 10894 10904 14224
10824 10834 10844 10854 10864 10874 10884 10894 10904 14224
10824 10834 10844 10854 10864 10874 10884 10894 10904 14224
10824 10834 10844 10854 10864 10874 10884 10894 10904 14224
10824 10834 10844 10854 10864 10874 10884 10894 10904 14224
10824 10834 10844 10854 10864 10874 10884 10894 10904 14224
10824 10834 10844 10854 10864 10874 10884 10894 10904 14224
10824 10834 10844 10854 10864 10874 10884 10894 10904 14224
10824 10834 10844 10854 10864 10874 10884 10894 10904 14224
10824 10834 10844 10854 10864 10874 10884 10894 10904 14224
10824 10834 10844 10854 10864 10874 10884 10894 10904 14224
10824 10834 10844 10854 10864 10874 10884 10894 10904 14224
10824 10834 10844 10854 10864 10874 10884 10894 10904 14224
10824 10834 10844 10854 10864 10874 10884 10894 10904 14224
10824 10834 10844 10854 10864 10874 10884 10894 10904 14224
10824 10834 10844 10854 10864 10874 10884 10894 10904 14224
10824 10834 10844 10854 10864 10874 10884 10894 10904 14224
10824 10834 10844 10854 10864 10874 10884 10894 10904 14224
10824 10834 10844 10854 10864 10874 10884 10894 10904 14224
10824 10834 10844 10854 10864 10874 10884 10894 10904 14224
10824 10834 10844 10854 10864 10874 10884 10894 10904 14224
10824 10834 10844 10854 10864 10874 10884 10894 10904 14224
10824 10834 10844 10854 10864 10874 10884 10894 10904 14224
10824 10834 10844 10854 10864 10874 10884 10894 10904 14224
10824 10834 10844 10854 10864 10874 10884 10894 10904 14224
10824 10834 10844 10854 10864 10874 10884 10894 10904 14224
10824 10834 10844 10854 10864 10874 10884 10894 10904 14224
10824 10834 10844 14514 10864 10874 10884 14964 10904 14224
10824 10834 10844 14514 10864 10874 10884 14964 10904 14224
10824 10834 10844 14514 10864 10874 10884 14964 10904 14224
10824 10834 10844 10854 10864 10874 10884 10894 10904 14224
10824 10834 10844 10854 10864 10874 10884 10894 10904 14224
10824 10834 10844 10854 10864 10874 10884 10894 10904 14224
10824 10834 10844 10854 10864 10874 10884 10894 10904 14224
10824 10834 10844 10854 10864 10874 10884 10894 10904 14224
10824 10834 10844 10854 10864 10874 10884 10894 10904 14224
10824 10834 10844 10854 10864 10874 10884 10894 10904 14224
10824 10834 10844 10854 10864 10874 10884 10894 10904 14224
10824 10834 10844 10854 10864 10874 10884 10894 10904 14224
10824 10834 10844 10854 10864 10874 10884 10894 10904 14224
10824 10834 10844 10854 10864 10874 10884 10894 10904 14224
10824 10834 10844 10854 10864 10874 10884 10894 10904 14224
10824 10834 10844 10854 10864 10874 10884 10894 10904 14224
10824 10834 10844 10854 10864 10874 10884 10894 10904 14224
10824 10834 10844 10854 10864 10874 10884 10894 10904 14224
10824 10834 10844 10854 10864 10874 10884 10894 10904 14224
10824 10834 10844 10854 10864 10874 10884 10894 10904 14224
10824 10834 10844 10854 10864 10874 10884 10894 10904 14224
10824 10834 10844 10854 10864 10874 10884 10894 10904 14224
10824 10834 10844 10854 10864 10874 10884 10894 10904 14224
10824 10834 10844 10854 10864 10874 10884 10894 10904 14224
10824 10834 10844 10854 10864 10874 10884 10894 10904 14224
10824 10834 10844 10854 10864 10874 10884 10894 10904 14224
10824 10834 10844 10854 10864 10874 10884 10894 10904 14224
10824 10834 10844 10854 10864 10874 10884 10894 10904 14224
10824 10834 10844 10854 10864 10874 10884 10894 10904 14224
10824 10834 10844 10854 10864 10874 10884 10894 10904 14224
10824 10834 10844 10854 10864 10874 10884 10894 10904 14224
10824 10834 10844 10854 10864 10874 10884 10894 10904 14224
10824 10834 10844 10854 10864 10874 10884 10894 10904 14224
10824 10834 10844 10854 10864 10874 10884 10894 10904 14224
10824 10834 10844 10854 10864 10874 10884 10894 10904 14224
10824 10834 10844 10854 10864 10874 10884 10894 10904 14224
10824 10834 10844 14514 10864 10874 10884 14964 10904 14224
10824 10834 10844 14514 10864 10874 10884 14964 10904 14224
10824 10834 10844 10854 10864 10874 10884 10894 10904 14224
10824 10834 10844 10854 10864 10874 10884 10894 10904 14224
10824 10834 10844 10854 10864 10874 10884 10894 10904 14224
10824 10834 10844 10854 10864 10874 10884 10894 10904 14224
10824 10834 10844 10854 10864 10874 10884 10894 10904 14224
10824 10834 10844 10854 10864 10874 10884 10894 10904 14224
10824 10834 10844 14514 10864 10874 10884 14964 10904 14224
10824 10834 10844 14514 10864 10874 10884 14964 10904 14224
10824 10834 10844 10854 10864 10874 10884 10894 10904 14224
10824 10834 10844 10854 10864 10874 10884 10894 10904 14224
10824 10834 10844 10854 10864 10874 10884 10894 10904 14224
10824 10834 10844 10854 10864 10874 10884 10894 10904 14224
10824 10834 10844 10854 10864 10874 10884 10894 10904 14224
10824 10834 10844 10854 10864 10874 10884 10894 10904 14224
