29361
29361
29361
29361
29361
29361
29361
29361
29361
29361
29361
29361
29361
29361
29361
29361
29361
29361
29361
29361
29361
29361
29361
29361
29361
29361
29361
29361
29361
29361
1212
1212
1212
1212
1212
1212
1212
1212
1212
1212
1212
1212
1212
1212
1212
1212
1212
1212
1212
1212
1212
1212
1212
1212
1212
1212
1212
1212
1212
1212
1212
1212
1213
1213
1213
1213
1213
1213
1213
1213
1213
1213
1213
1213
1213
1213
1213
1213
1213
1213
1213
1213
1213
1213
1213
1213
1213
1213
1213
1213
1213
1213
1213
1213
1274 12124 12134 12144 12154 12164 12174
1274 12124 12134 12144 12154 12164 12174
1274 12124 12134 12144 12154 12164 12174
1274 12124 12134 12144 12154 12164 12174
1274 12124 12134 12144 12154 12164 12174
1274 12124 12134 12144 12154 12164 12174
1274 12124 12134 12144 12154 12164 12174
1274 12124 12134 12144 12154 12164 12174
1274 12124 12134 12144 12154 12164 12174
1274 12124 12134 12144 12154 12164 12174
1274 12124 12134 12144 12154 12164 12174
1274 12124 12134 12144 12154 12164 12174
1274 12124 12134 12144 12154 12164 12174
1274 12124 12134 12144 12154 12164 12174
1274 12124 12134 12144 12154 12164 12174
1274 12124 12134 12144 12154 12164 12174
1274 12124 12134 12144 12154 12164 12174
1274 12124 12134 12144 12154 12164 12174
1274 12124 12134 12144 12154 12164 12174
1274 12124 12134 12144 12154 12164 12174
1274 12124 12134 12144 12154 12164 12174
1274 12124 12134 12144 12154 12164 12174
1274 12124 12134 12144 12154 12164 12174
1274 12124 12134 12144 12154 12164 12174
1274 12124 12134 12144 12154 12164 12174
1274 12124 12134 12144 12154 12164 12174
1274 12124 12134 12144 12154 12164 12174
1274 12124 12134 12144 12154 12164 12174
1274 12124 12134 12144 12154 12164 12174
1274 12124 12134 12144 12154 12164 12174
1274 12124 12134 12144 12154 12164 12174
1274 12124 12134 12144 12154 12164 12174
1274 12124 12134 12144 12154 12164 12174
1274 12124 12134 12144 12154 12164 12174
1274 12124 12134 12144 12154 12164 12174
1274 12124 12134 12144 12154 12164 12174
1274 12124 12134 12144 12154 12164 12174
1274 12124 12134 12144 12154 12164 12174
1274 12124 12134 12144 12154 12164 12174
1274 12124 12134 12144 12154 12164 12174
1274 12124 12134 12144 12154 12164 12174
1274 12124 12134 12144 12154 12164 12174
1274 12124 12134 12144 12154 12164 12174
1274 12124 12134 12144 12154 12164 12174
1274 12124 12134 12144 12154 12164 12174
1274 12124 12134 12144 12154 12164 12174
1274 12124 12134 12144 12154 12164 12174
1274 12124 12134 12144 12154 12164 12174
1274 12124 12134 12144 12154 12164 12174
1274 12124 12134 12144 12154 12164 12174
1274 12124 12134 12144 12154 12164 12174
1274 12124 12134 12144 12154 12164 12174
1274 12124 12134 12144 12154 12164 12174
1274 12124 12134 12144 12154 12164 12174
1274 12124 12134 12144 12154 12164 12174
1274 12124 12134 12144 12154 12164 12174
1274 12124 12134 12144 12154 12164 12174
1274 12124 12134 12144 12154 12164 12174
1274 12124 12134 12144 12154 12164 12174
1274 12124 12134 12144 12154 12164 12174
1274 12124 12134 12144 12154 12164 12174
1274 12124 12134 12144 12154 12164 12174
1274 12124 12134 12144 12154 12164 12174
1274 12124 12134 12144 12154 12164 12174
1274 12124 12134 12144 12154 12164 12174
1274 12124 12134 12144 12154 12164 12174
1274 12124 12134 12144 12154 12164 12174
23245
23245
23245
23245
23245
23245
23245
23245
23245
23245
23245
23245
23245
23245
23245
23245
23245
23245
23245
23245
23245
23245
23245
23245
23245
23245
23245
23245
23246
23246
23246
23246
23246
23246
23246
23246
23246
23246
23246
23246
23246
23246
23246
23246
23246
23246
23246
23246
23246
23246
23246
23246
23246
23246
23246
23246
