61581
61581
61581
61581
61581
61581
61581
61581
61581
61581
61581
61581
61581
61581
61581
61581
61581
61581
61581
61581
61581
61581
61581
61581
61581
61581
61581
61581
61581
61581
3492 3492 3492
3492 3492 3492
3492 3492 3492
3492 3492 3492
3492 3492 3492
3492 3492 3492
3492 3492 3492
3492 3492 3492
3492 3492 3492
3492 3492 3492
3492 3492 3492
3492 3492 3492
3492 3492 3492
3492 3492 3492
3492 3492 3492
3492 3492 3492
3492 3492 3492
3492 3492 3492
3492 3492 3492
3492 3492 3492
3492 3492 3492
3492 3492 3492
3492 3492 3492
3492 3492 3492
3492 3492 3492
3492 3492 3492
3492 3492 3492
3492 3492 3492
3492 3492 3492
3492 3492 3492
3492 3492 3492
3492 3492 3492
3493 3493 3493
3493 3493 3493
3493 3493 3493
3493 3493 3493
3493 3493 3493
3493 3493 3493
3493 3493 3493
3493 3493 3493
3493 3493 3493
3493 3493 3493
3493 3493 3493
3493 3493 3493
3493 3493 3493
3493 3493 3493
3493 3493 3493
3493 3493 3493
3493 3493 3493
3493 3493 3493
3493 3493 3493
3493 3493 3493
3493 3493 3493
3493 3493 3493
3493 3493 3493
3493 3493 3493
3493 3493 3493
3493 3493 3493
3493 3493 3493
3493 3493 3493
3493 3493 3493
3493 3493 3493
3493 3493 3493
3493 3493 3493
3674 3724 3734 3744 3754 3764 3774
3674 3724 3734 3744 3754 3764 3774
3674 3724 3734 3744 3754 3764 3774
3674 3724 3734 3744 3754 3764 3774
3674 3724 3734 3744 3754 3764 3774
3674 3724 3734 3744 3754 3764 3774
3674 3724 3734 3744 3754 3764 3774
3674 3724 3734 3744 3754 3764 3774
3674 3724 3734 3744 3754 3764 3774
3674 3724 3734 3744 3754 3764 3774
3674 3724 3734 3744 3754 3764 3774
3674 3724 3734 3744 3754 3764 3774
3674 3724 3734 3744 3754 3764 3774
3674 3724 3734 3744 3754 3764 3774
3674 3724 3734 3744 3754 3764 3774
3674 3724 3734 3744 3754 3764 3774
3674 3724 3734 3744 33174 3764 3774
3674 3724 3734 3744 33174 3764 3774
3674 3724 3734 3744 3754 3764 3774
3674 3724 3734 3744 3754 3764 3774
3674 3724 3734 3744 3754 3764 3774
3674 3724 3734 3744 3754 3764 3774
3674 3724 3734 3744 3754 3764 3774
3674 3724 3734 3744 3754 3764 3774
3674 3724 3734 3744 3754 3764 3774
3674 3724 3734 3744 3754 3764 3774
3674 3724 3734 3744 3754 3764 3774
3674 3724 3734 3744 3754 3764 3774
3674 3724 3734 3744 3754 3764 3774
3674 3724 3734 3744 3754 3764 3774
3674 3724 3734 3744 3754 3764 3774
3674 3724 3734 3744 3754 3764 3774
3674 3724 3734 3744 3754 3764 3774
3674 3724 3734 3744 3754 3764 3774
3674 3724 3734 3744 3754 3764 3774
3674 3724 3734 3744 3754 3764 3774
3674 3724 3734 3744 3754 3764 3774
3674 3724 3734 3744 3754 3764 3774
3674 3724 3734 3744 3754 3764 3774
3674 3724 3734 3744 3754 3764 3774
3674 3724 3734 3744 3754 3764 3774
3674 3724 3734 3744 3754 3764 3774
3674 3724 3734 3744 3754 3764 3774
3674 3724 3734 3744 3754 3764 3774
3674 3724 3734 3744 3754 3764 3774
3684 3684 3684 3684 3684 3684 3684
3694 3694 3694 3694 3694 3694 3694
3674 3724 3734 3744 3754 3764 3774
3704 3704 3704 3704 33174 3704 3704
3704 3704 3704 3704 3704 3704 3704
3674 3724 3734 3744 3754 3764 3774
3674 3724 3734 3744 3754 3764 3774
3674 3724 3734 3744 3754 3764 3774
3674 3724 3734 3744 3754 3764 3774
3674 3724 3734 3744 3754 3764 3774
3714 3714 3714 3714 3714 3714 3714
3714 3714 3714 3714 3714 3714 3714
3714 3714 3714 3714 3714 3714 3714
3674 3724 3734 3744 3754 3764 3774
3674 3724 3734 3744 3754 3764 3774
3674 3724 3734 3744 3754 3764 3774
3674 3724 3734 3744 3754 3764 3774
3674 3724 3734 3744 3754 3764 3774
3674 3724 3734 3744 3754 3764 3774
3674 3724 3734 3744 3754 3764 3774
3674 3724 3734 3744 3754 3764 3774
3674 3724 3734 3744 3754 3764 3774
49035
49035
49035
49035
49035
49035
49035
49035
49035
49035
49035
49035
49035
49035
49035
49035
49035
49035
49035
49035
49035
49035
49035
49035
49035
49035
49035
49035
49036
49036
49036
49036
49036
49036
49036
49036
49036
49036
49036
49036
49036
49036
49036
49036
49036
49036
49036
49036
49036
49036
49036
49036
49036
49036
49036
49036
