38771
38771
38771
38771
38771
38771
38771
38771
38771
38771
38771
38771
38771
38771
38771
38771
38771
38771
38771
38771
38771
38771
38771
38771
38771
38771
38771
38771
38771
38771
2642
2642
2642
2642
2642
2642
2642
2642
2642
2642
2642
2642
2642
2642
2642
2642
2642
2642
2642
2642
2642
2642
2642
2642
2642
2642
2642
2642
2642
2642
2642
2642
5153 5163 5173 5183 5203 5193
5153 5163 5173 5183 5203 5193
5153 5163 5173 5183 5203 5193
5153 5163 5173 5183 5203 5193
5153 5163 5173 5183 5203 5193
5153 5163 5173 5183 5203 5193
5153 5163 5173 5183 5203 5193
5153 5163 5173 5183 5203 5193
5153 5163 5173 5183 5203 5193
5153 5163 5173 5183 5203 5193
5153 5163 5173 5183 5203 5193
5153 5163 5173 5183 5203 5193
5153 5163 5173 5183 5203 5193
5153 5163 5173 5183 5203 5193
5153 5163 5173 5183 5203 5193
5153 5163 5173 5183 5203 5193
5153 5163 5173 5183 5203 5193
5153 5163 5173 5183 5203 5193
5153 5163 5173 5183 5203 5193
5153 5163 5173 5183 5203 5193
5153 5163 5173 5183 5203 5193
5153 5163 5173 5183 5203 5193
5153 5163 5173 5183 5203 5193
5153 5163 5173 5183 5203 5193
5153 5163 5173 5183 5203 5193
5153 5163 5173 5183 5203 5193
5153 5163 5173 5183 5203 5193
5153 5163 5173 5183 5203 5193
5153 5163 5173 5183 5203 5193
5153 5163 5173 5183 5203 5193
5153 5163 5173 5183 5203 5193
5153 5163 5173 5183 5203 5193
5153 5163 5173 5183 5203 5193
5153 5163 5173 5183 5203 5193
5153 5163 5173 5183 5203 5193
5153 5163 5173 5183 5203 5193
5153 5163 5173 5183 5203 5193
5153 5163 5173 5183 5203 5193
5153 5163 5173 5183 5203 5193
5153 5163 5173 5183 5203 5193
5153 5163 5173 5183 5203 5193
5153 5163 5173 5183 5203 5193
5153 5163 5173 5183 5203 5193
5153 5163 5173 5183 5203 5193
5153 5163 5173 5183 5203 5193
5153 5163 5173 5183 5203 5193
5153 5163 5173 5183 5203 5193
5153 5163 5173 5183 5203 5193
5153 5163 5173 5183 5203 5193
5153 5163 5173 5183 5203 5193
5153 5163 5173 5183 5203 5193
5153 5163 5173 5183 5203 5193
5153 5163 5173 5183 5203 5193
5153 5163 5173 5183 5203 5193
5153 5163 5173 5183 5203 5193
5153 5163 5173 5183 5203 5193
5153 5163 5173 5183 5203 5193
5153 5163 5173 5183 5203 5193
5153 5163 5173 5183 5203 5193
5153 5163 5173 5183 5203 5193
5153 5163 5173 5183 5203 5193
5153 5163 5173 5183 5203 5193
5153 5163 5173 5183 5203 5193
5153 5163 5173 5183 5203 5193
5153 5163 5173 5183 5203 5193
5153 5163 5173 5183 5203 5193
5153 5163 5173 5183 5203 5193
6054 6064 6074 6084 6094 6104 6114 6124
6054 6064 6074 6084 6094 6104 6114 6124
6054 6064 6074 6084 6094 6104 6114 6124
6054 6064 6074 6084 6094 6104 6114 6124
6054 6064 6074 6084 6094 6104 6114 6124
6054 6064 6074 6084 6094 6104 6114 6124
6054 6064 6074 6084 6094 6104 6114 6124
6054 6064 6074 6084 6094 6104 6114 6124
6054 6064 6074 6084 6094 6104 6114 6124
6054 6064 6074 6084 6094 6104 6114 6124
6054 6064 6074 6084 6094 6104 6114 6124
6054 6064 6074 6084 6094 6104 6114 6124
6054 6064 6074 6084 6094 6104 6114 6124
6054 6064 6074 6084 6094 6104 6114 6124
6054 6064 6074 6084 6094 6104 6114 6124
6054 6064 6074 6084 6094 6104 6114 6124
6054 6064 6074 6084 6094 6104 6114 6124
6054 6064 6074 6084 6094 6104 6114 6124
6054 6064 6074 6084 6094 6104 6114 6124
6054 6064 6074 6084 6094 6104 6114 6124
6054 6064 6074 6084 6094 6104 6114 6124
6054 6064 6074 6084 6094 6104 6114 6124
6054 6064 6074 6084 6094 6104 6114 6124
6054 6064 6074 6084 6094 6104 6114 6124
6054 6064 6074 6084 6094 6104 6114 6124
6054 6064 6074 6084 6094 6104 6114 6124
6054 6064 6074 6084 6094 6104 6114 6124
6054 6064 6074 6084 6094 6104 6114 6124
6054 6064 6074 6084 6094 6104 6114 6124
6054 6064 6074 6084 6094 6104 6114 6124
6054 6064 6074 6084 6094 6104 6114 6124
6054 6064 6074 6084 6094 6104 6114 6124
6054 6064 6074 6084 6094 6104 6114 6124
6054 6064 6074 6084 6094 6104 6114 6124
6054 6064 6074 6084 6094 6104 6114 6124
6054 6064 6074 6084 6094 6104 6114 6124
6054 6064 6074 6084 6094 6104 6114 6124
6054 6064 6074 6084 6094 6104 6114 6124
6054 6064 6074 6084 6094 6104 6114 6124
6054 6064 6074 6084 6094 6104 6114 6124
6054 6064 6074 6084 6094 6104 6114 6124
6054 6064 6074 6084 6094 6104 6114 6124
6054 6064 6074 6084 6094 6104 6114 6124
6054 6064 6074 6084 6094 6104 6114 6124
6054 6064 6074 6084 6094 6104 6114 6124
6054 6064 6074 6084 6094 6104 6114 6124
6054 6064 6074 6084 6094 6104 6114 6124
6054 6064 6074 6084 6094 6104 6114 6124
6054 6064 6074 6084 6094 6104 6114 6124
6054 6064 6074 6084 6094 6104 6114 6124
6054 6064 6074 6084 6094 6104 6114 6124
6054 6064 6074 6084 6094 6104 6114 6124
6054 6064 6074 6084 6094 6104 6114 6124
6054 6064 6074 6084 6094 6104 6114 6124
6054 6064 6074 6084 6094 6104 6114 6124
6054 6064 6074 6084 6094 6104 6114 6124
6054 6064 6074 6084 6094 6104 6114 6124
6054 6064 6074 6084 6094 6104 6114 6124
6054 6064 6074 6084 6094 6104 6114 6124
6054 6064 6074 6084 6094 6104 6114 6124
6054 6064 6074 6084 6094 6104 6114 6124
6054 6064 6074 6084 6094 6104 6114 6124
6054 6064 6074 6084 6094 6104 6114 6124
6054 6064 6074 6084 6094 6104 6114 6124
6054 6064 6074 6084 6094 6104 6114 6124
6054 6064 6074 6084 6094 6104 6114 6124
6054 6064 6074 6084 6094 6104 6114 6124
6054 6064 6074 6084 6094 6104 6114 6124
6054 6064 6074 6084 6094 6104 6114 6124
6054 6064 6074 6084 6094 6104 6114 6124
6054 6064 6074 6084 6094 6104 6114 6124
6054 6064 6074 6084 6094 6104 6114 6124
6054 6064 6074 6084 6094 6104 6114 6124
6054 6064 6074 6084 6094 6104 6114 6124
6054 6064 6074 6084 6094 6104 6114 6124
6054 6064 6074 6084 6094 6104 6114 6124
6054 6064 6074 6084 6094 6104 6114 6124
6054 6064 6074 6084 6094 6104 6114 6124
6054 6064 6074 6084 6094 6104 6114 6124
6054 6064 6074 6084 6094 6104 6114 6124
6054 6064 6074 6084 6094 6104 6114 6124
6054 6064 6074 6084 6094 6104 6114 6124
6054 6064 6074 6084 6094 6104 6114 6124
6054 6064 6074 6084 6094 6104 6114 6124
6054 6064 6074 6084 6094 6104 6114 6124
6054 6064 6074 6084 6094 6104 6114 6124
6054 6064 6074 6084 6094 6104 6114 6124
6054 6064 6074 6084 6094 6104 6114 6124
6054 6064 6074 6084 6094 6104 6114 6124
6054 6064 6074 6084 6094 6104 6114 6124
6054 6064 6074 6084 6094 6104 6114 6124
