84611
84611
84611
84611
84611
84611
84611
84611
84611
84611
84611
84611
84611
84611
84611
84611
84611
84611
84611
84611
84611
84611
84611
84611
84611
84611
84611
84611
84611
84611
7912 7912 7912
7912 7912 7912
7912 7912 7912
7912 7912 7912
7912 7912 7912
7912 7912 7912
7912 7912 7912
7912 7912 7912
7912 7912 7912
7912 7912 7912
7912 7912 7912
7912 7912 7912
7912 7912 7912
7912 7912 7912
7912 7912 7912
7912 7912 7912
7912 7912 7912
7912 7912 7912
7912 7912 7912
7912 7912 7912
7912 7912 7912
7912 7912 7912
7912 7912 7912
7912 7912 7912
7912 7912 7912
7912 7912 7912
7912 7912 7912
7912 7912 7912
7912 7912 7912
7912 7912 7912
7912 7912 7912
7912 7912 7912
14643 14663 14673 14683 14693
14643 14663 14673 14683 14693
14643 14663 14673 14683 14693
14643 14663 14673 14683 14693
14643 14663 14673 14683 14693
14643 14663 14673 14683 14693
14643 14663 14673 14683 14693
14643 14663 14673 14683 14693
14643 14663 14673 14683 14693
14643 14663 14673 14683 14693
14643 14663 14673 14683 14693
14643 14663 14673 14683 14693
14643 14663 14673 14683 14693
14643 14663 14673 14683 14693
14643 14663 14673 14683 14693
14643 14663 14673 14683 34153
14643 14663 14673 14683 34153
14643 14663 14673 14683 34153
14643 14663 14673 14683 14693
14643 14663 14673 14683 14693
14643 14663 14673 14683 14693
14643 14663 14673 14683 14693
14643 14663 14673 14683 14693
14643 14663 14673 14683 14693
14643 14663 14673 14683 14693
14643 14663 14673 14683 14693
14643 14663 14673 14683 14693
14643 14663 14673 14683 14693
14643 14663 14673 14683 14693
14643 14663 14673 14683 14693
14643 14663 14673 14683 14693
14643 14663 14673 14683 14693
14643 14663 14673 14683 14693
14643 14663 14673 14683 14693
14643 14663 14673 14683 14693
14643 14663 14673 14683 14693
14643 14663 14673 14683 14693
14643 14663 14673 14683 14693
14643 14663 14673 14683 14693
14643 14663 14673 14683 14693
14643 14663 14673 14683 14693
14643 14663 14673 14683 14693
14643 14663 14673 14683 14693
14643 14663 14673 14683 14693
14643 14663 14673 14683 14693
14643 14663 14673 14683 14693
14643 14663 14673 14683 14693
14653 14653 14653 14683 14693
14643 14663 14673 14683 14693
14643 14663 14673 14683 14693
14643 14663 14673 14683 14693
14643 14663 14673 14683 14693
14643 14663 14673 14683 14693
14643 14663 14673 14683 14693
14643 14663 14673 14683 14693
14643 14663 14673 14683 14693
14643 14723 14673 14683 14693
14643 14663 14673 14683 14693
14643 14663 14673 14683 14693
14733 14733 14733 14683 14693
14643 14663 14673 14683 14693
14643 14663 14673 14683 14693
28823 28823 28823 14683 14693
28833 28833 28833 28833 28833
28833 28833 28833 28833 28833
28833 28833 28833 28833 28833
14643 14663 14673 14683 14693
16494 16504 16514 16524 16534 16544 16554 16564
16494 16504 16514 16524 16534 16544 16554 16564
16494 16504 16514 16524 16534 16544 16554 16564
16494 16504 16514 16524 16534 16544 16554 16564
16494 16504 16514 16524 16534 16544 16554 16564
16494 16504 16514 16524 16534 16544 16554 16564
16494 16504 16514 16524 16534 16544 16554 16564
16494 16504 16514 16524 16534 16544 16554 16564
16494 16504 16514 16524 16534 16544 16554 16564
16494 16504 16514 16524 16534 16544 16554 16564
16494 16504 16514 16524 16534 16544 16554 16564
16494 16504 16514 16524 16534 16544 16554 16564
16494 16504 16514 16524 16534 16544 16554 16564
16494 16504 16514 16524 16534 16544 16554 16564
16494 16504 16514 16524 16534 16544 16554 16564
16494 16504 16514 16524 16534 16544 16554 16564
16494 16504 16514 16524 16534 16544 16554 16564
16494 16504 16514 16524 16534 16544 16554 16564
16494 16504 16514 16524 16534 16544 16554 16564
16494 16504 16514 16524 16534 16544 16554 16564
16494 16504 16514 16524 16534 16544 16554 16564
16494 16504 16514 16524 16534 16544 16554 16564
16494 16504 16514 16524 16534 16544 16554 16564
16494 16504 16514 16524 16534 16544 16554 16564
16494 16504 16514 16524 16534 16544 16554 16564
16494 16504 16514 16524 16534 16544 16554 16564
16494 16504 16514 16524 16534 16544 16554 16564
16494 16504 16514 16524 16534 16544 16554 16564
16494 16504 16514 16524 16534 16544 16554 16564
16494 16504 16514 16524 16534 16544 16554 16564
16494 16504 16514 16524 16534 16544 16554 16564
16494 16504 16514 16524 16534 16544 16554 16564
16494 16504 16514 16524 16534 16544 16554 16564
16494 16504 16514 16524 16534 16544 16554 16564
16494 16504 16514 16524 16534 16544 16554 16564
16494 16504 16514 16524 16534 16544 16554 16564
16494 16504 16514 16524 16534 16544 16554 16564
16494 16504 16514 16524 16534 16544 16554 16564
16494 16504 16514 16524 16534 16544 16554 16564
16494 16504 16514 16524 16534 16544 16554 16564
16494 16504 16514 16524 16534 16544 16554 16564
16494 16504 16514 16524 16534 16544 16554 16564
16494 16504 16514 16524 16534 16544 16554 16564
16494 16504 16514 16524 16534 16544 16554 16564
16494 16504 16514 16524 16534 16544 16554 16564
16494 16504 16514 16524 16534 16544 16554 16564
16494 16504 16514 16524 16534 16544 16554 16564
16494 16504 16514 16524 16534 16544 16554 16564
16494 16504 16514 16524 16534 16544 16554 16564
16494 16504 16514 16524 16534 16544 16554 16564
16494 16504 16514 16524 16534 16544 16554 16564
16494 16584 16514 16524 16534 16544 16554 16564
16494 16574 16514 16524 16534 16544 16554 16564
16494 16504 16514 16594 16534 16544 16554 16564
16494 16504 16514 16524 16534 16544 16554 16564
16494 16604 16604 16604 16604 16544 16604 16564
16494 16604 16604 16604 16604 16544 16604 16564
16494 16604 16604 16604 16604 16544 16604 16564
16494 16604 16604 16604 16604 16544 16604 16564
16494 16614 16614 16614 16614 16544 16614 16564
16494 16614 16614 16614 16614 16544 16614 16564
16494 16604 16604 16604 16604 16544 16604 16564
16494 16604 16604 16604 16604 16544 16604 16564
16494 16624 16624 16624 16624 16544 16624 16564
16494 16624 16624 16624 16624 16544 16624 16564
16494 16604 16604 16604 16604 16544 16604 16564
16494 16604 16604 16604 16604 16544 16604 16564
16494 16634 16634 16634 16634 16544 16634 16564
16494 16634 16634 16634 16634 16544 16634 16564
16494 16504 16514 16524 16534 16544 16554 16564
16494 16504 16514 16524 16534 16544 16554 16564
16494 16644 16644 16644 16644 16644 16644 16644
16494 16654 16654 16654 16654 16654 16654 16654
16494 16654 16654 16654 16654 16654 16654 16654
16494 16504 16514 16524 16534 16544 16554 16564
16494 16504 16514 16524 16534 16544 16554 16564
16494 16504 16514 16524 16534 16544 16554 16564
16494 16504 16514 16524 16534 16544 16554 16564
16494 16504 16514 16524 16534 16544 16554 16564
16494 16504 16514 16524 16534 16544 16554 16564
16494 16504 16514 16524 16534 16544 16554 16564
16494 16504 16514 16524 16534 16544 16554 16564
16494 16504 16514 16524 16534 16544 16554 16564
16494 16504 16514 16524 16534 16544 16554 16564
16494 16504 16514 16524 16534 16544 16554 16564
16494 16504 16514 16524 16534 16544 16554 16564
16494 16504 16514 16524 16534 16544 16554 16564
16494 16504 16514 16524 16534 16544 16554 16564
16494 16504 16514 16524 16534 16544 16554 16564
16494 16504 16514 16524 16534 16544 16554 16564
16494 16504 16514 16524 16534 16544 16554 16564
