60 97 60 105 90 135 30 52 52
60 60 30 60 45 135 135 60 30
96 84 108 108 108 108 42 48 108
80 80 80 90 90 90 40 80 80
65 90 90 90 90 90 30 90 90
90 80 90 90 90 90 40 90 90
20 20 20 90 90 90 30 90 10
120 45 37 75 135 60 135 45 37
90 90 90 80 50 60 50 90 90
90 90 90 90 50 80 50 50 90
90 90 90 80 70 90 70 90 90
90 15 90 90 30 60 30 90 90
90 90 90 90 70 80 70 90 90
90 90 35 80 10 40 10 90 10
90 5 90 80 10 40 10 90 10
90 30 20 80 10 40 10 90 90
30 90 90 80 10 40 10 90 40
96 96 84 108 108 108 36 48 108
96 108 66 108 108 108 42 48 36
5 20 90 90 10 70 10 30 30
5 30 20 80 10 40 10 30 30
35 35 35 35 35 35 35 35 35
