38741
38741
38741
38741
38741
38741
38741
38741
38741
38741
38741
38741
38741
38741
38741
38741
38741
38741
38741
38741
38741
38741
38741
38741
38741
38741
38741
38741
38741
38741
2802
2802
2802
2802
2802
2802
2802
2802
2802
2802
2802
2802
2802
2802
2802
2802
2802
2802
2802
2802
2802
2802
2802
2802
2802
2802
2802
2802
2802
2802
2802
2802
2802
2802
2802
2802
2802
2802
2802
2802
2802
2802
2802
2802
2802
2802
2802
2802
2802
23653
23653
23653
23653
23653
23653
23653
23653
23653
23653
23653
23653
23653
23653
23653
23653
23653
23653
23653
23653
23653
23653
23653
23653
23653
23653
23653
23653
23653
23653
23653
23653
23653
23653
23653
23653
23653
23653
23653
23653
23653
23653
23653
23653
23653
23653
23653
23653
23653
31664 31674 31684 31694 31704 31714 31724
31664 31674 31684 31694 31704 31714 31724
31664 31674 31684 31694 31704 31714 31724
31664 31674 31684 31694 31704 31714 31724
31664 31674 31684 31694 31704 31714 31724
31664 31674 31684 31694 31704 31714 31724
31664 31674 31684 31694 31704 31714 31724
31664 31674 31684 31694 31704 31714 31724
31664 31674 31684 31694 31704 31714 31724
31664 31674 31684 31694 31704 31714 31724
31664 31674 31684 31694 31704 31714 31724
31664 31674 31684 31694 31704 31714 31724
31664 31674 31684 31694 31704 31714 31724
31664 31674 31684 31694 31704 31714 31724
31664 31674 31684 31694 31704 31714 31724
31664 31674 31684 31694 31704 31714 31724
31664 31674 31684 31694 31704 31714 31724
31664 31674 31684 31694 31704 31714 31724
31664 31674 31684 31694 31704 31714 31724
31664 31674 31684 31694 31704 31714 31724
31664 31674 31684 31694 31704 31714 31724
31664 31674 31684 31694 31704 31714 31724
31664 31674 31684 31694 31704 31714 31724
31664 31674 31684 31694 31704 31714 31724
31664 31674 31684 31694 31704 31714 31724
31664 31674 31684 31694 31704 31714 31724
31664 31674 31684 31694 31704 31714 31724
31664 31674 31684 31694 31704 31714 31724
31664 31674 31684 31694 31704 31714 31724
31664 31674 31684 31694 31704 31714 31724
31664 31674 31684 31694 31704 31714 31724
31664 31674 31684 31694 31704 31714 31724
31664 31674 31684 31694 31704 31714 31724
31664 31674 31684 31694 31704 31714 31724
31664 31674 31684 31694 31704 31714 31724
31664 31674 31684 31694 31704 31714 31724
31664 31674 31684 31694 31704 31714 31724
31664 31674 31684 31694 31704 31714 31724
31664 31674 31684 31694 31704 31714 31724
31664 31674 31684 31694 31704 31714 31724
31664 31674 31684 31694 31704 31714 31724
31664 31674 31684 31694 31704 31714 31724
31664 31674 31684 31694 31704 31714 31724
31664 31674 31684 31694 31704 31714 31724
31664 31674 31684 31694 31704 31714 31724
31664 31674 31684 31694 31704 31714 31724
31664 31674 31684 31694 31704 31714 31724
31664 31674 31684 31694 31704 31714 31724
31664 31674 31684 31694 31704 31714 31724
31664 31674 31684 31694 31704 31714 31724
31664 31674 31684 31694 31704 31714 31724
31664 31674 31684 31694 31704 31714 31724
31664 31674 31684 31694 31704 31714 31724
31664 31674 31684 31694 31704 31714 31724
31664 31674 31684 31694 31704 31714 31724
31664 31674 31684 31694 31704 31714 31724
31664 31674 31684 31694 31704 31714 31724
31664 31674 31684 31694 31704 31714 31724
31664 31674 31684 31694 31704 31714 31724
31664 31674 31684 31694 31704 31714 31724
31664 31674 31684 31694 31704 31714 31724
31664 31674 31684 31694 31704 31714 31724
31664 31674 31684 31694 31704 31714 31724
31664 31674 31684 31694 31704 31714 31724
31664 31674 31684 31694 31704 31714 31724
31664 31674 31684 31694 31704 31714 31724
31664 31674 31684 31694 31704 31714 31724
31664 31674 31684 31694 31704 31714 31724
31664 31674 31684 31694 31704 31714 31724
31664 31674 31684 31694 31704 31714 31724
31664 31674 31684 31694 31704 31714 31724
31664 31674 31684 31694 31704 31714 31724
31664 31674 31684 31694 31704 31714 31724
31664 31674 31684 31694 31704 31714 31724
31664 31674 31684 31694 31704 31714 31724
31664 31674 31684 31694 31704 31714 31724
31664 31674 31684 31694 31704 31714 31724
31664 31674 31684 31694 31704 31714 31724
31664 31674 31684 31694 31704 31714 31724
31664 31674 31684 31694 31704 31714 31724
31664 31674 31684 31694 31704 31714 31724
31664 31674 31684 31694 31704 31714 31724
31664 31674 31684 31694 31704 31714 31724
31664 31674 31684 31694 31704 31714 31724
31664 31674 31684 31694 31704 31714 31724
31664 31674 31684 31694 31704 31714 31724
31664 31674 31684 31694 31704 31714 31724
31664 31674 31684 31694 31704 31714 31724
31664 31674 31684 31694 31704 31714 31724
