80 35 40 60 90 30 90 80 80
30 30 30 20 80 10 80 30 40
90 80 30 60 90 30 90 25 25
80 70 15 40 90 20 90 25 30
55 15 40 20 90 10 90 10 10
10 90 90 40 90 30 90 90 90
100 200 300 400 500 600 700 200 300
70 70 70 70 70 90 60 70 70
15 80 85 60 60 90 60 50 50
80 80 25 70 70 90 65 60 40
100 100 100 100 100 100 100 100 100
30 10 30 40 40 90 20 10 40
60 80 20 30 30 90 20 90 15
10 60 20 30 30 90 20 40 40
80 80 80 80 80 80 80 80 80
30 30 30 60 60 60 60 30 30
80 80 80 80 80 80 80 80 80
30 30 30 60 60 60 60 30 30
40 50 30 60 60 60 60 40 40
30 50 50 80 80 80 80 80 80
70 40 80 60 60 60 60 80 80
100 100 100 100 100 100 100 100 100
35 35 35 35 35 35 35 35 35
