84611
84611
84611
84611
84611
84611
84611
84611
84611
84611
84611
84611
84611
84611
84611
84611
84611
84611
84611
84611
84611
84611
84611
84611
84611
84611
84611
84611
84611
84611
20742 20752 20762 20772 20782 20792 20802 20812
20742 20752 20762 20772 20782 20792 20802 20812
20742 20752 20762 20772 20782 20792 20802 20812
20742 20752 20762 20772 20782 20792 20802 20812
20742 20752 20762 20772 20782 20792 20802 20812
20742 20752 20762 20772 20782 20792 20802 20812
20742 20752 20762 20772 20782 20792 20802 20812
20742 20752 20762 20772 20782 20792 20802 20812
20742 20752 20762 20772 20782 20792 20802 20812
20742 20752 20762 20772 20782 20792 20802 20812
20742 20752 20762 20772 20782 20792 20802 20812
20742 20752 20762 20772 20782 20792 20802 20812
20742 20752 20762 20772 20782 20792 20802 20812
20742 20752 20762 20772 20782 20792 20802 20812
20742 20752 20762 20772 20782 20792 20802 20812
20742 20752 20762 34252 34252 34252 20802 20812
20742 20752 20762 34252 34252 34252 20802 20812
20742 20752 20762 34252 34252 34252 20802 20812
20742 20752 20762 20772 20782 20792 20802 20812
20742 20752 20762 20772 20782 20792 20802 20812
20742 20752 20762 20772 20782 20792 20802 20812
20742 20752 20762 20772 20782 20792 20802 20812
20742 20752 20762 20772 20782 20792 20802 20812
20742 20752 20762 20772 20782 20792 20802 20812
20742 20752 20762 20772 20782 20792 20802 20812
20742 20752 20762 20772 20782 20792 20802 20812
20742 20752 20762 20772 20782 20792 20802 20812
20742 20752 20762 20772 20782 20792 20802 20812
20742 20752 20762 20772 20782 20792 20802 20812
20742 20752 20762 20772 20782 20792 20802 20812
20742 20752 20762 20772 20782 20792 20802 20812
20742 20752 20762 20772 20782 20792 20802 20812
20742 20752 20762 20772 20782 20792 20802 20812
20742 20752 20762 20772 20782 20792 20802 20812
20742 20752 20762 20772 20782 20792 20802 20812
20742 20752 20762 20772 20782 20792 20802 20812
20742 20752 20762 20772 20782 20792 20802 20812
20742 20752 20762 20772 20782 20792 20802 20812
20742 20752 20762 20772 20782 20792 20802 20812
20742 20752 20762 20772 20782 20792 20802 20812
20742 20752 20762 20772 20782 20792 20802 20812
20742 20752 20762 20772 20782 20792 20802 20812
20742 20752 20762 20772 20782 20792 20802 20812
20742 20752 20762 20772 20782 20792 20802 20812
20742 20752 20762 20772 20782 20792 20802 20812
20742 20752 20762 20772 20782 20792 20802 20812
20742 20752 20762 20772 20782 20792 20802 20812
20822 20752 20762 20822 20782 20792 20802 20822
20842 20752 20762 20842 20782 20792 20802 20842
20742 20752 20762 20772 20782 20792 20802 20812
20832 20832 20832 20832 20832 20832 20832 20832
20832 20832 20832 20832 20832 20832 20832 20832
20852 20852 20852 20852 20852 20792 20802 20812
20742 20752 20762 20772 20782 20792 20802 20812
20862 20862 20762 20862 20862 20792 20802 20812
20742 20752 20762 20772 20782 20792 20802 20812
20872 20752 20762 20872 20872 20872 20872 20872
20882 20752 20762 20882 20782 20792 20802 20882
20892 20752 20762 20772 20782 20792 20802 20892
20902 20752 20762 20902 20782 20792 20802 20812
20742 20752 20762 20772 20782 20792 20802 20812
20742 20752 20762 20772 20782 20792 20802 20812
20912 20752 20762 20912 20782 20792 20802 20812
20742 20752 20762 20772 20782 20792 20802 20812
20912 20912 20912 20912 20912 20912 20912 20912
20912 20912 20912 20912 20912 20912 20912 20912
20912 20912 20912 20912 20912 20912 20912 20912
20742 20752 20762 20772 20782 20792 20802 20812
20922 20752 20762 20922 20782 20792 20802 20812
20742 20752 20762 20772 20782 20792 20802 20812
20922 20752 20762 20772 20782 20792 20802 20922
20742 20752 20762 20772 20782 20792 20802 20812
20932 20752 20762 20932 20782 20792 20802 20812
20742 20752 20762 20772 20782 20792 20802 20812
20742 20752 20762 20772 20782 20792 20802 20812
20742 20752 20762 20772 20782 20792 20802 20812
20742 20752 20762 20772 20782 20792 20802 20812
20942 20752 20762 20942 20782 20792 20802 20812
20742 20752 20762 20772 20782 20792 20802 20812
20942 20752 20762 20942 20942 20942 20942 20942
20742 20752 20762 20772 20782 20792 20802 20812
20952 20952 20762 20952 20952 20792 20802 20812
20742 20752 20762 20772 20782 20792 20802 20812
20742 20752 20762 20772 20782 20792 20802 20812
32653 32663 32673 32683 32693 32703 32713 32723
32653 32663 32673 32683 32693 32703 32713 32723
32653 32663 32673 32683 32693 32703 32713 32723
32653 32663 32673 32683 32693 32703 32713 32723
32653 32663 32673 32683 32693 32703 32713 32723
32653 32663 32673 32683 32693 32703 32713 32723
32653 32663 32673 32683 32693 32703 32713 32723
32653 32663 32673 32683 32693 32703 32713 32723
32653 32663 32673 32683 32693 32703 32713 32723
32653 32663 32673 32683 32693 32703 32713 32723
32653 32663 32673 32683 32693 32703 32713 32723
32653 32663 32673 32683 32693 32703 32713 32723
32653 32663 32673 32683 32693 32703 32713 32723
32653 32663 32673 32683 32693 32703 32713 32723
32653 32663 32673 32683 32693 32703 32713 32723
32653 32663 32673 32683 34643 34643 32713 32723
32653 32663 32673 32683 34643 34643 32713 32723
32653 32663 32673 32683 34643 34643 32713 32723
32653 32663 32673 32683 32693 32703 32713 32723
32653 32663 32673 32683 32693 32703 32713 32723
32653 32663 32673 32683 32693 32703 32713 32723
32653 32663 32673 32683 32693 32703 32713 32723
32653 32663 32673 32683 32693 32703 32713 32723
32653 32663 32673 32683 32693 32703 32713 32723
32653 32663 32673 32683 32693 32703 32713 32723
32653 32663 32673 32683 32693 32703 32713 32723
32653 32663 32673 32683 32693 32703 32713 32723
32653 32663 32673 32683 32693 32703 32713 32723
32653 32663 32673 32683 32693 32703 32713 32723
32653 32663 32673 32683 32693 32703 32713 32723
32653 32663 32673 32683 32693 32703 32713 32723
32653 32663 32673 32683 32693 32703 32713 32723
32653 32663 32673 32683 32693 32703 32713 32723
32653 32663 32673 32683 32693 32703 32713 32723
32653 32663 32673 32683 32693 32703 32713 32723
32653 32663 32673 32683 32693 32703 32713 32723
32653 32663 32673 32683 32693 32703 32713 32723
32653 32663 32673 32683 32693 32703 32713 32723
32653 32663 32673 32683 32693 32703 32713 32723
32653 32663 32673 32683 32693 32703 32713 32723
32653 32663 32673 32683 32693 32703 32713 32723
32653 32663 32673 32683 32693 32703 32713 32723
32653 32663 32673 32683 32693 32703 32713 32723
32653 32663 32673 32683 32693 32703 32713 32723
32653 32663 32673 32683 32693 32703 32713 32723
32653 32663 32673 32683 32693 32703 32713 32723
32653 32663 32673 32683 32693 32703 32713 32723
32733 32663 32673 32733 32693 32703 32713 32733
32753 32663 32673 32753 32693 32703 32713 32753
32653 32663 32673 32683 32693 32703 32713 32723
32743 32743 32743 32743 32743 32743 32743 32743
32743 32743 32743 32743 32743 32743 32743 32743
32733 32733 32733 32733 32733 32703 32713 32723
32653 32663 32673 32683 32693 32703 32713 32723
32733 32733 32673 32733 32733 32703 32713 32723
32653 32663 32673 32683 32693 32703 32713 32723
32783 32663 32673 32783 32783 32783 32783 32783
32793 32663 32673 32793 32693 32703 32713 32793
32803 32663 32673 32683 32693 32703 32713 32803
32813 32663 32673 32813 32693 32703 32713 32723
32653 32663 32673 32683 32693 32703 32713 32723
32653 32663 32673 32683 32693 32703 32713 32723
32823 32663 32673 32823 32693 32703 32713 32723
32653 32663 32673 32683 32693 32703 32713 32723
32823 32823 32823 32823 32823 32823 32823 32823
32823 32823 32823 32823 32823 32823 32823 32823
32823 32823 32823 32823 32823 32823 32823 32823
32653 32663 32673 32683 32693 32703 32713 32723
32833 32663 32673 32833 32693 32703 32713 32723
32653 32663 32673 32683 32693 32703 32713 32723
32833 32663 32673 32683 32693 32703 32713 32833
32653 32663 32673 32683 32693 32703 32713 32723
32733 32663 32673 32733 32693 32703 32713 32723
32653 32663 32673 32683 32693 32703 32713 32723
32653 32663 32673 32683 32693 32703 32713 32723
32653 32663 32673 32683 32693 32703 32713 32723
32653 32663 32673 32683 32693 32703 32713 32723
32853 32663 32673 32853 32693 32703 32713 32723
32653 32663 32673 32683 32693 32703 32713 32723
32853 32663 32673 32853 32853 32853 32853 32853
32653 32663 32673 32683 32693 32703 32713 32723
32733 32733 32673 32733 32733 32703 32713 32723
32653 32663 32673 32683 32693 32703 32713 32723
32653 32663 32673 32683 32693 32703 32713 32723
32863 32663 32673 32863 32863 32863 32863 32863
32843 32663 32673 32843 32843 32843 32843 32843
32763 32663 32673 32683 32693 32703 32713 32723
32773 32663 32673 32683 32693 32703 32713 32723
32873 32663 34643 32873 34643 34643 34643 34643
32883 32663 32673 32683 32693 32703 32713 32723
