38771
38771
38771
38771
38771
38771
38771
38771
38771
38771
38771
38771
38771
38771
38771
38771
38771
38771
38771
38771
38771
38771
38771
38771
38771
38771
38771
38771
38771
38771
7882 7892 7902 7912 7922 7932 7942 7952
7882 7892 7902 7912 7922 7932 7942 7952
7882 7892 7902 7912 7922 7932 7942 7952
7882 7892 7902 7912 7922 7932 7942 7952
7882 7892 7902 7912 7922 7932 7942 7952
7882 7892 7902 7912 7922 7932 7942 7952
7882 7892 7902 7912 7922 7932 7942 7952
7882 7892 7902 7912 7922 7932 7942 7952
7882 7892 7902 7912 7922 7932 7942 7952
7882 7892 7902 7912 7922 7932 7942 7952
7882 7892 7902 7912 7922 7932 7942 7952
7882 7892 7902 7912 7922 7932 7942 7952
7882 7892 7902 7912 7922 7932 7942 7952
7882 7892 7902 7912 7922 7932 7942 7952
7882 7892 7902 7912 7922 7932 7942 7952
7882 7892 7902 7912 7922 7932 7942 7952
7882 7892 7902 7912 7922 7932 7942 7952
7882 7892 7902 7912 7922 7932 7942 7952
7882 7892 7902 7912 7922 7932 7942 7952
7882 7892 7902 7912 7922 7932 7942 7952
7882 7892 7902 7912 7922 7932 7942 7952
7882 7892 7902 7912 7922 7932 7942 7952
7882 7892 7902 7912 7922 7932 7942 7952
7882 7892 7902 7912 7922 7932 7942 7952
7882 7892 7902 7912 7922 7932 7942 7952
7882 7892 7902 7912 7922 7932 7942 7952
7882 7892 7902 7912 7922 7932 7942 7952
7882 7892 7902 7912 7922 7932 7942 7952
7882 7892 7902 7912 7922 7932 7942 7952
7882 7892 7902 7912 7922 7932 7942 7952
7882 7892 7902 7912 7922 7932 7942 7952
7882 7892 7902 7912 7922 7932 7942 7952
7882 7892 7902 7912 7922 7932 7942 7952
7882 7892 7902 7912 7922 7932 7942 7952
7882 7892 7902 7912 7922 7932 7942 7952
7882 7892 7902 7912 7922 7932 7942 7952
7882 7892 7902 7912 7922 7932 7942 7952
7882 7892 7902 7912 7922 7932 7942 7952
7882 7892 7902 7912 7922 7932 7942 7952
7882 7892 7902 7912 7922 7932 7942 7952
7882 7892 7902 7912 7922 7932 7942 7952
7882 7892 7902 7912 7922 7932 7942 7952
7882 7892 7902 7912 7922 7932 7942 7952
7882 7892 7902 7912 7922 7932 7942 7952
7882 7892 7902 7912 7922 7932 7942 7952
7882 7892 7902 7912 7922 7932 7942 7952
7882 7892 7902 7912 7922 7932 7942 7952
7882 7892 7902 7912 7922 7932 7942 7952
7882 7892 7902 7912 7922 7932 7942 7952
7882 7892 7902 7912 7922 7932 7942 7952
7882 7892 7902 7912 7922 7932 7942 7952
7882 7892 7902 7912 7922 7932 7942 7952
7882 7892 7902 7912 7922 7932 7942 7952
7882 7892 7902 7912 7922 7932 7942 7952
7882 7892 7902 7912 7922 7932 7942 7952
7882 7892 7902 7912 7922 7932 7942 7952
7882 7892 7902 7912 7922 7932 7942 7952
7882 7892 7902 7912 7922 7932 7942 7952
7882 7892 7902 7912 7922 7932 7942 7952
7882 7892 7902 7912 7922 7932 7942 7952
7962 7892 7902 7962 7922 7932 7942 7952
7882 7892 7902 7912 7922 7932 7942 7952
7882 7892 7902 7912 7922 7932 7942 7952
7962 7892 7902 7962 7922 7932 7942 7952
7962 7892 7902 7962 7922 7932 7942 7952
7962 7892 7902 7962 7922 7932 7942 7952
7962 7892 7902 7962 7922 7932 7942 7952
7882 7892 7902 7912 7922 7932 7942 7952
7882 7892 7902 7912 7922 7932 7942 7952
7962 7892 7902 7962 7922 7932 7942 7952
7962 7892 7902 7962 7922 7932 7942 7952
7882 7892 7902 7912 7922 7932 7942 7952
7882 7892 7902 7912 7922 7932 7942 7952
7962 7892 7902 7962 7922 7932 7942 7952
7962 7892 7902 7962 7922 7932 7942 7952
7962 7892 7902 7962 7922 7932 7942 7952
7882 7892 7902 7912 7922 7932 7942 7952
7882 7892 7902 7912 7922 7932 7942 7952
7962 7892 7902 7962 7922 7932 7942 7952
7962 7892 7902 7962 7922 7932 7942 7952
7882 7892 7902 7912 7922 7932 7942 7952
7882 7892 7902 7912 7922 7932 7942 7952
7882 7892 7902 7912 7922 7932 7942 7952
7882 7892 7902 7912 7922 7932 7942 7952
16613 16623 16633 16643 16653 16663 16673 16683
16613 16623 16633 16643 16653 16663 16673 16683
16613 16623 16633 16643 16653 16663 16673 16683
16613 16623 16633 16643 16653 16663 16673 16683
16613 16623 16633 16643 16653 16663 16673 16683
16613 16623 16633 16643 16653 16663 16673 16683
16613 16623 16633 16643 16653 16663 16673 16683
16613 16623 16633 16643 16653 16663 16673 16683
16613 16623 16633 16643 16653 16663 16673 16683
16613 16623 16633 16643 16653 16663 16673 16683
16613 16623 16633 16643 16653 16663 16673 16683
16613 16623 16633 16643 16653 16663 16673 16683
16613 16623 16633 16643 16653 16663 16673 16683
16613 16623 16633 16643 16653 16663 16673 16683
16613 16623 16633 16643 16653 16663 16673 16683
16613 16623 16633 16643 16653 16663 16673 16683
16613 16623 16633 16643 16653 16663 16673 16683
16613 16623 16633 16643 16653 16663 16673 16683
16613 16623 16633 16643 16653 16663 16673 16683
16613 16623 16633 16643 16653 16663 16673 16683
16613 16623 16633 16643 16653 16663 16673 16683
16613 16623 16633 16643 16653 16663 16673 16683
16613 16623 16633 16643 16653 16663 16673 16683
16613 16623 16633 16643 16653 16663 16673 16683
16613 16623 16633 16643 16653 16663 16673 16683
16613 16623 16633 16643 16653 16663 16673 16683
16613 16623 16633 16643 16653 16663 16673 16683
16613 16623 16633 16643 16653 16663 16673 16683
16613 16623 16633 16643 16653 16663 16673 16683
16613 16623 16633 16643 16653 16663 16673 16683
16613 16623 16633 16643 16653 16663 16673 16683
16613 16623 16633 16643 16653 16663 16673 16683
16613 16623 16633 16643 16653 16663 16673 16683
16613 16623 16633 16643 16653 16663 16673 16683
16613 16623 16633 16643 16653 16663 16673 16683
16613 16623 16633 16643 16653 16663 16673 16683
16613 16623 16633 16643 16653 16663 16673 16683
16613 16623 16633 16643 16653 16663 16673 16683
16613 16623 16633 16643 16653 16663 16673 16683
16613 16623 16633 16643 16653 16663 16673 16683
16613 16623 16633 16643 16653 16663 16673 16683
16613 16623 16633 16643 16653 16663 16673 16683
16613 16623 16633 16643 16653 16663 16673 16683
16613 16623 16633 16643 16653 16663 16673 16683
16613 16623 16633 16643 16653 16663 16673 16683
16613 16623 16633 16643 16653 16663 16673 16683
16613 16623 16633 16643 16653 16663 16673 16683
16613 16623 16633 16643 16653 16663 16673 16683
16613 16623 16633 16643 16653 16663 16673 16683
16613 16623 16633 16643 16653 16663 16673 16683
16613 16623 16633 16643 16653 16663 16673 16683
16613 16623 16633 16643 16653 16663 16673 16683
16613 16623 16633 16643 16653 16663 16673 16683
16613 16623 16633 16643 16653 16663 16673 16683
16613 16623 16633 16643 16653 16663 16673 16683
16613 16623 16633 16643 16653 16663 16673 16683
16613 16623 16633 16643 16653 16663 16673 16683
16613 16623 16633 16643 16653 16663 16673 16683
16613 16623 16633 16643 16653 16663 16673 16683
16613 16623 16633 16643 16653 16663 16673 16683
16693 16623 16633 16693 16653 16663 16673 16683
16613 16623 16633 16643 16653 16663 16673 16683
16613 16623 16633 16643 16653 16663 16673 16683
16693 16623 16633 16693 16653 16663 16673 16683
16693 16623 16633 16693 16653 16663 16673 16683
16693 16623 16633 16693 16653 16663 16673 16683
16693 16623 16633 16693 16653 16663 16673 16683
16613 16623 16633 16643 16653 16663 16673 16683
16613 16623 16633 16643 16653 16663 16673 16683
16693 16623 16633 16693 16653 16663 16673 16683
16693 16623 16633 16693 16653 16663 16673 16683
16613 16623 16633 16643 16653 16663 16673 16683
16613 16623 16633 16643 16653 16663 16673 16683
16693 16623 16633 16693 16653 16663 16673 16683
16693 16623 16633 16693 16653 16663 16673 16683
16693 16623 16633 16693 16653 16663 16673 16683
16613 16623 16633 16643 16653 16663 16673 16683
16613 16623 16633 16643 16653 16663 16673 16683
16693 16623 16633 16693 16653 16663 16673 16683
16693 16623 16633 16693 16653 16663 16673 16683
16613 16623 16633 16643 16653 16663 16673 16683
16613 16623 16633 16643 16653 16663 16673 16683
16613 16623 16633 16643 16653 16663 16673 16683
16613 16623 16633 16643 16653 16663 16673 16683
16613 16623 16633 16643 16653 16663 16673 16683
16613 16623 16633 16643 16653 16663 16673 16683
16613 16623 16633 16643 16653 16663 16673 16683
16613 16623 16633 16643 16653 16663 16673 16683
16613 16623 16633 16643 16653 16663 16673 16683
16613 16623 16633 16643 16653 16663 16673 16683
