38801
38801
38801
38801
38801
38801
38801
38801
38801
38801
38801
38801
38801
38801
38801
38801
38801
38801
38801
38801
38801
38801
38801
38801
38801
38801
38801
38801
38801
38801
2602
2602
2602
2602
2602
2602
2602
2602
2602
2602
2602
2602
2602
2602
2602
2602
2602
2602
2602
2602
2602
2602
2602
2602
2602
2602
2602
2602
2602
2602
2602
2602
2723
2723
2723
2723
2723
2723
2723
2723
2723
2723
2723
2723
2723
2723
2723
2723
2723
2723
2723
2723
2723
2723
2723
2723
2723
2723
2723
2723
2723
2723
2723
2723
3664 3654 3674 3684 3694 3704
3664 3654 3674 3684 3694 3704
3664 3654 3674 3684 3694 3704
3664 3654 3674 3684 3694 3704
3664 3654 3674 3684 3694 3704
3664 3654 3674 3684 3694 3704
3664 3654 3674 3684 3694 3704
3664 3654 3674 3684 3694 3704
3664 3654 3674 3684 3694 3704
3664 3654 3674 3684 3694 3704
3664 3654 3674 3684 3694 3704
3664 3654 3674 3684 3694 3704
3664 3654 3674 3684 3694 3704
3664 3654 3674 3684 3694 3704
3664 3654 3674 3684 3694 3704
3664 3654 3674 3684 3694 3704
3664 3654 3674 3684 3694 3704
3664 3654 3674 3684 3694 3704
3664 3654 3674 3684 3694 3704
3664 3654 3674 3684 3694 3704
3664 3654 3674 3684 3694 3704
3664 3654 3674 3684 3694 3704
3664 3654 3674 3684 3694 3704
3664 3654 3674 3684 3694 3704
3664 3654 3674 3684 3694 3704
3664 3654 3674 3684 3694 3704
3664 3654 3674 3684 3694 3704
3664 3654 3674 3684 3694 3704
3664 3654 3674 3684 3694 3704
3664 3654 3674 3684 3694 3704
3664 3654 3674 3684 3694 3704
3664 3654 3674 3684 3694 3704
3664 3654 3674 3684 3694 3704
3664 3654 3674 3684 3694 3704
3664 3654 3674 3684 3694 3704
3664 3654 3674 3684 3694 3704
3664 3654 3674 3684 3694 3704
3664 3654 3674 3684 3694 3704
3664 3654 3674 3684 3694 3704
3664 3654 3674 3684 3694 3704
3664 3654 3674 3684 3694 3704
3664 3654 3674 3684 3694 3704
3664 3654 3674 3684 3694 3704
3664 3654 3674 3684 3694 3704
3664 3654 3674 3684 3694 3704
3664 3654 3674 3684 3694 3704
3664 3654 3674 3684 3694 3704
3664 3654 3674 3684 3694 3704
3664 3654 3674 3684 3694 3704
3664 3654 3674 3684 3694 3704
3664 3654 3674 3684 3694 3704
3664 3654 3674 3684 3694 3704
3664 3654 3674 3684 3694 3704
3664 3654 3674 3684 3694 3704
3664 3654 3674 3684 3694 3704
3664 3654 3674 3684 3694 3704
3664 3654 3674 3684 3694 3704
3664 3654 3674 3684 3694 3704
3664 3654 3674 3684 3694 3704
3664 3654 3674 3684 3694 3704
3664 3654 3674 3684 3694 3704
3664 3654 3674 3684 3694 3704
3664 3654 3674 3684 3694 3704
3664 3654 3674 3684 3694 3704
3664 3654 3674 3684 3694 3704
3664 3654 3674 3684 3694 3704
4795 4805 4815 4825 4845 4835
4795 4805 4815 4825 4845 4835
4795 4805 4815 4825 4845 4835
4795 4805 4815 4825 4845 4835
4795 4805 4815 4825 4845 4835
4795 4805 4815 4825 4845 4835
4795 4805 4815 4825 4845 4835
4795 4805 4815 4825 4845 4835
4795 4805 4815 4825 4845 4835
4795 4805 4815 4825 4845 4835
4795 4805 4815 4825 4845 4835
4795 4805 4815 4825 4845 4835
4795 4805 4815 4825 4845 4835
4795 4805 4815 4825 4845 4835
4795 4805 4815 4825 4845 4835
4795 4805 4815 4825 4845 4835
4795 4805 4815 4825 4845 4835
4795 4805 4815 4825 4845 4835
4795 4805 4815 4825 4845 4835
4795 4805 4815 4825 4845 4835
4795 4805 4815 4825 4845 4835
4795 4805 4815 4825 4845 4835
4795 4805 4815 4825 4845 4835
4795 4805 4815 4825 4845 4835
4795 4805 4815 4825 4845 4835
4795 4805 4815 4825 4845 4835
4795 4805 4815 4825 4845 4835
4795 4805 4815 4825 4845 4835
4795 4805 4815 4825 4845 4835
4795 4805 4815 4825 4845 4835
4795 4805 4815 4825 4845 4835
4795 4805 4815 4825 4845 4835
4795 4805 4815 4825 4845 4835
4795 4805 4815 4825 4845 4835
4795 4805 4815 4825 4845 4835
4795 4805 4815 4825 4845 4835
4795 4805 4815 4825 4845 4835
4795 4805 4815 4825 4845 4835
4795 4805 4815 4825 4845 4835
4795 4805 4815 4825 4845 4835
4795 4805 4815 4825 4845 4835
4795 4805 4815 4825 4845 4835
4795 4805 4815 4825 4845 4835
4795 4805 4815 4825 4845 4835
4795 4805 4815 4825 4845 4835
4795 4805 4815 4825 4845 4835
4795 4805 4815 4825 4845 4835
4795 4805 4815 4825 4845 4835
4795 4805 4815 4825 4845 4835
4795 4805 4815 4825 4845 4835
4795 4805 4815 4825 4845 4835
4795 4805 4815 4825 4845 4835
4795 4805 4815 4825 4845 4835
4795 4805 4815 4825 4845 4835
4795 4805 4815 4825 4845 4835
4795 4805 4815 4825 4845 4835
4795 4805 4815 4825 4845 4835
4795 4805 4815 4825 4845 4835
4795 4805 4815 4825 4845 4835
4795 4805 4815 4825 4845 4835
4795 4805 4815 4825 4845 4835
4795 4805 4815 4825 4845 4835
4795 4805 4815 4825 4845 4835
4795 4805 4815 4825 4845 4835
4795 4805 4815 4825 4845 4835
4795 4805 4815 4825 4845 4835
4795 4805 4815 4825 4845 4835
25986 25996 26006 26016 26026 26036 26046
25986 25996 26006 26016 26026 26036 26046
25986 25996 26006 26016 26026 26036 26046
25986 25996 26006 26016 26026 26036 26046
25986 25996 26006 26016 26026 26036 26046
25986 25996 26006 26016 26026 26036 26046
25986 25996 26006 26016 26026 26036 26046
25986 25996 26006 26016 26026 26036 26046
25986 25996 26006 26016 26026 26036 26046
25986 25996 26006 26016 26026 26036 26046
25986 25996 26006 26016 26026 26036 26046
25986 25996 26006 26016 26026 26036 26046
25986 25996 26006 26016 26026 26036 26046
25986 25996 26006 26016 26026 26036 26046
25986 25996 26006 26016 26026 26036 26046
25986 25996 26006 26016 26026 26036 26046
25986 25996 26006 26016 26026 26036 26046
25986 25996 26006 26016 26026 26036 26046
25986 25996 26006 26016 26026 26036 26046
25986 25996 26006 26016 26026 26036 26046
25986 25996 26006 26016 26026 26036 26046
25986 25996 26006 26016 26026 26036 26046
25986 25996 26006 26016 26026 26036 26046
25986 25996 26006 26016 26026 26036 26046
25986 25996 26006 26016 26026 26036 26046
25986 25996 26006 26016 26026 26036 26046
25986 25996 26006 26016 26026 26036 26046
25986 25996 26006 26016 26026 26036 26046
25986 25996 26006 26016 26026 26036 26046
25986 25996 26006 26016 26026 26036 26046
25986 25996 26006 26016 26026 26036 26046
25986 25996 26006 26016 26026 26036 26046
25986 25996 26006 26016 26026 26036 26046
25986 25996 26006 26016 26026 26036 26046
25986 25996 26006 26016 26026 26036 26046
25986 25996 26006 26016 26026 26036 26046
25986 25996 26006 26016 26026 26036 26046
25986 25996 26006 26016 26026 26036 26046
25986 25996 26006 26016 26026 26036 26046
25986 25996 26006 26016 26026 26036 26046
25986 25996 26006 26016 26026 26036 26046
25986 25996 26006 26016 26026 26036 26046
25986 25996 26006 26016 26026 26036 26046
25986 25996 26006 26016 26026 26036 26046
25986 25996 26006 26016 26026 26036 26046
25986 25996 26006 26016 26026 26036 26046
25986 25996 26006 26016 26026 26036 26046
25986 25996 26006 26016 26026 26036 26046
25986 25996 26006 26016 26026 26036 26046
25986 25996 26006 26016 26026 26036 26046
25986 25996 26006 26016 26026 26036 26046
25986 25996 26006 26016 26026 26036 26046
25986 25996 26006 26016 26026 26036 26046
25986 25996 26006 26016 26026 26036 26046
25986 25996 26006 26016 26026 26036 26046
25986 25996 26006 26016 26026 26036 26046
25986 25996 26006 26016 26026 26036 26046
25986 25996 26006 26016 26026 26036 26046
25986 25996 26006 26016 26026 26036 26046
25986 25996 26006 26016 26026 26036 26046
25986 25996 26006 26016 26026 26036 26046
25986 25996 26006 26016 26026 26036 26046
25986 25996 26006 26016 26026 26036 26046
25986 25996 26006 26016 26026 26036 26046
25986 25996 26006 26016 26026 26036 26046
25986 25996 26006 26016 26026 26036 26046
25986 25996 26006 26016 26026 26036 26046
25986 25996 26006 26016 26026 26036 26046
25986 25996 26006 26016 26026 26036 26046
25986 25996 26006 26016 26026 26036 26046
25986 25996 26006 26016 26026 26036 26046
25986 25996 26006 26016 26026 26036 26046
25986 25996 26006 26016 26026 26036 26046
25986 25996 26006 26016 26026 26036 26046
25986 25996 26006 26016 26026 26036 26046
25986 25996 26006 26016 26026 26036 26046
25986 25996 26006 26016 26026 26036 26046
25986 25996 26006 26016 26026 26036 26046
25986 25996 26006 26016 26026 26036 26046
25986 25996 26006 26016 26026 26036 26046
25986 25996 26006 26016 26026 26036 26046
25986 25996 26006 26016 26026 26036 26046
25986 25996 26006 26016 26026 26036 26046
25986 25996 26006 26016 26026 26036 26046
25986 25996 26006 26016 26026 26036 26046
