84641
84641
84641
84641
84641
84641
84641
84641
84641
84641
84641
84641
84641
84641
84641
84641
84641
84641
84641
84641
84641
84641
84641
84641
84641
84641
84641
84641
84641
84641
7872 7872 7872
7872 7872 7872
7872 7872 7872
7872 7872 7872
7872 7872 7872
7872 7872 7872
7872 7872 7872
7872 7872 7872
7872 7872 7872
7872 7872 7872
7872 7872 7872
7872 7872 7872
7872 7872 7872
7872 7872 7872
7872 7872 7872
7872 7872 7872
7872 7872 7872
7872 7872 7872
7872 7872 7872
7872 7872 7872
7872 7872 7872
7872 7872 7872
7872 7872 7872
7872 7872 7872
7872 7872 7872
7872 7872 7872
7872 7872 7872
7872 7872 7872
7872 7872 7872
7872 7872 7872
7872 7872 7872
7872 7872 7872
7993 7993 7993
7993 7993 7993
7993 7993 7993
7993 7993 7993
7993 7993 7993
7993 7993 7993
7993 7993 7993
7993 7993 7993
7993 7993 7993
7993 7993 7993
7993 7993 7993
7993 7993 7993
7993 7993 7993
7993 7993 7993
7993 7993 7993
7993 7993 7993
7993 7993 7993
7993 7993 7993
7993 7993 7993
7993 7993 7993
7993 7993 7993
7993 7993 7993
7993 7993 7993
7993 7993 7993
7993 7993 7993
7993 7993 7993
7993 7993 7993
7993 7993 7993
7993 7993 7993
7993 7993 7993
7993 7993 7993
7993 7993 7993
12144 12154 12164 12174 12184
12144 12154 12164 12174 12184
12144 12154 12164 12174 12184
12144 12154 12164 12174 12184
12144 12154 12164 12174 12184
12144 12154 12164 12174 12184
12144 12154 12164 12174 12184
12144 12154 12164 12174 12184
12144 12154 12164 12174 12184
12144 12154 12164 12174 12184
12144 12154 12164 12174 12184
12144 12154 12164 12174 12184
12144 12154 12164 12174 12184
12144 12154 12164 12174 12184
12144 12154 12164 12174 12184
33784 33784 12164 33784 12184
33784 33784 12164 33784 12184
33784 33784 12164 33784 12184
12144 12154 12164 12174 12184
12144 12154 12164 12174 12184
12144 12154 12164 12174 12184
12144 12154 12164 12174 12184
12144 12154 12164 12174 12184
12144 12154 12164 12174 12184
12144 12154 12164 12174 12184
12144 12154 12164 12174 12184
12144 12154 12164 12174 12184
12144 12154 12164 12174 12184
12144 12154 12164 12174 12184
12144 12154 12164 12174 12184
12144 12154 12164 12174 12184
12144 12154 12164 12174 12184
12144 12154 12164 12174 12184
12144 12154 12164 12174 12184
12144 12154 12164 12174 12184
12144 12154 12164 12174 12184
12144 12154 12164 12174 12184
12144 12154 12164 12174 12184
12144 12154 12164 12174 12184
12144 12154 12164 12174 12184
12144 12154 12164 12174 12184
12144 12154 12164 12174 12184
12144 12154 12164 12174 12184
12144 12154 12164 12174 12184
12144 12154 12164 12174 12184
12144 12154 12164 12174 12184
12144 12154 12164 12174 12184
12194 12194 12194 12194 12194
12144 12154 12164 12174 12184
12204 12204 12204 12204 12204
12214 12214 12214 12214 12214
12224 12224 12224 12224 12224
12224 12224 12224 12224 12224
12224 12224 12224 12224 12224
12144 12154 12164 12174 12184
12144 12154 12164 12174 12184
12144 12154 12164 12174 12184
12234 12234 12234 12234 12234
12144 12154 12164 12174 12184
12144 12154 12164 12174 12184
12144 12154 33794 12174 12184
12144 12154 33794 12174 12184
12144 12154 33794 12174 12184
12144 12154 12164 12174 12184
12144 12154 12164 12174 12184
12144 12154 12164 12174 12184
14045 14065 14075 14085 14095
14045 14065 14075 14085 14095
14045 14065 14075 14085 14095
14045 14065 14075 14085 14095
14045 14065 14075 14085 14095
14045 14065 14075 14085 14095
14045 14065 14075 14085 14095
14045 14065 14075 14085 14095
14045 14065 14075 14085 14095
14045 14065 14075 14085 14095
14045 14065 14075 14085 14095
14045 14065 14075 14085 14095
14045 14065 14075 14085 14095
14045 14065 14075 14085 14095
14045 14065 14075 14085 14095
14045 14065 14075 14085 34095
14045 14065 14075 14085 34095
14045 14065 14075 14085 34095
14045 14065 14075 14085 14095
14045 14065 14075 14085 14095
14045 14065 14075 14085 14095
14045 14065 14075 14085 14095
14045 14065 14075 14085 14095
14045 14065 14075 14085 14095
14045 14065 14075 14085 14095
14045 14065 14075 14085 14095
14045 14065 14075 14085 14095
14045 14065 14075 14085 14095
14045 14065 14075 14085 14095
14045 14065 14075 14085 14095
14045 14065 14075 14085 14095
14045 14065 14075 14085 14095
14045 14065 14075 14085 14095
14045 14065 14075 14085 14095
14045 14065 14075 14085 14095
14045 14065 14075 14085 14095
14045 14065 14075 14085 14095
14045 14065 14075 14085 14095
14045 14065 14075 14085 14095
14045 14065 14075 14085 14095
14045 14065 14075 14085 14095
14045 14065 14075 14085 14095
14045 14065 14075 14085 14095
14045 14065 14075 14085 14095
14045 14065 14075 14085 14095
14045 14065 14075 14085 14095
14045 14065 14075 14085 14095
14055 14055 14055 14085 14095
14045 14065 14075 14085 14095
14045 14065 14075 14085 14095
14045 14065 14075 14085 14095
14045 14065 14075 14085 14095
14045 14065 14075 14085 14095
14045 14065 14075 14085 14095
14045 14065 14075 14085 14095
14045 14065 14075 14085 14095
14045 14125 14075 14085 14095
14045 14065 14075 14085 14095
14045 14065 14075 14085 14095
14135 14135 14135 14085 14095
14045 14065 14075 14085 14095
14045 14065 14075 14085 14095
28705 28705 28705 14085 14095
28715 28715 28715 28715 28715
28715 28715 28715 28715 28715
28715 28715 28715 28715 28715
14045 14065 14075 14085 14095
53896 53906 53916 53926 53936 53946 53956 53966
53896 53906 53916 53926 53936 53946 53956 53966
53896 53906 53916 53926 53936 53946 53956 53966
53896 53906 53916 53926 53936 53946 53956 53966
53896 53906 53916 53926 53936 53946 53956 53966
53896 53906 53916 53926 53936 53946 53956 53966
53896 53906 53916 53926 53936 53946 53956 53966
53896 53906 53916 53926 53936 53946 53956 53966
53896 53906 53916 53926 53936 53946 53956 53966
53896 53906 53916 53926 53936 53946 53956 53966
53896 53906 53916 53926 53936 53946 53956 53966
53896 53906 53916 53926 53936 53946 53956 53966
53896 53906 53916 53926 53936 53946 53956 53966
53896 53906 53916 53926 53936 53946 53956 53966
53896 53906 53916 53926 53936 53946 53956 53966
53896 53906 53916 53926 53936 53946 53956 53966
53896 53906 53916 53926 53936 53946 53956 53966
53896 53906 53916 53926 53936 53946 53956 53966
53896 53906 53916 53926 53936 53946 53956 53966
53896 53906 53916 53926 53936 53946 53956 53966
53896 53906 53916 53926 53936 53946 53956 53966
53896 53906 53916 53926 53936 53946 53956 53966
53896 53906 53916 53926 53936 53946 53956 53966
53896 53906 53916 53926 53936 53946 53956 53966
53896 53906 53916 53926 53936 53946 53956 53966
53896 53906 53916 53926 53936 53946 53956 53966
53896 53906 53916 53926 53936 53946 53956 53966
53896 53906 53916 53926 53936 53946 53956 53966
53896 53906 53916 53926 53936 53946 53956 53966
53896 53906 53916 53926 53936 53946 53956 53966
53896 53906 53916 53926 53936 53946 53956 53966
53896 53906 53916 53926 53936 53946 53956 53966
53896 53906 53916 53926 53936 53946 53956 53966
53896 53906 53916 53926 53936 53946 53956 53966
53896 53906 53916 53926 53936 53946 53956 53966
53896 53906 53916 53926 53936 53946 53956 53966
53896 53906 53916 53926 53936 53946 53956 53966
53896 53906 53916 53926 53936 53946 53956 53966
53896 53906 53916 53926 53936 53946 53956 53966
53896 53906 53916 53926 53936 53946 53956 53966
53896 53906 53916 53926 53936 53946 53956 53966
53896 53906 53916 53926 53936 53946 53956 53966
53896 53906 53916 53926 53936 53946 53956 53966
53896 53906 53916 53926 53936 53946 53956 53966
53896 53906 53916 53926 53936 53946 53956 53966
53896 53906 53916 53926 53936 53946 53956 53966
53896 53906 53916 53926 53936 53946 53956 53966
53896 53906 53916 53926 53936 53946 53956 53966
53896 53906 53916 53926 53936 53946 53956 53966
53896 53906 53916 53926 53936 53946 53956 53966
53896 53906 53916 53926 53936 53946 53956 53966
53896 53906 53916 53926 53936 53946 53956 53966
53896 53906 53916 53926 53936 53946 53956 53966
53896 53906 53916 53926 53936 53946 53956 53966
53896 53906 53916 53926 53936 53946 53956 53966
53896 53906 53916 53926 53936 53946 53956 53966
53896 53906 53916 53926 53936 53946 53956 53966
53896 53906 53916 53926 53936 53946 53956 53966
53896 53906 53916 53926 53936 53946 53956 53966
53896 53906 53916 53926 53936 53946 53956 53966
53896 53986 53986 53976 53986 53986 53986 53976
53896 53996 53996 53996 53996 53996 53996 53996
53896 53996 53996 53996 53996 53996 53996 53996
53896 53996 53996 53996 53996 53996 53996 53996
53896 54016 54016 54006 54016 54016 54016 54006
53896 54016 54016 54006 54016 54016 54016 54006
53896 54016 54016 54006 54016 54016 54016 54006
53896 54016 54016 54006 54016 54016 54016 54006
53896 54016 54016 54006 54016 54016 54016 54006
53896 54016 54016 54006 54016 54016 54016 54006
53896 53906 53916 53926 53936 53946 53956 53966
53896 53906 53916 53926 53936 53946 53956 53966
53896 53996 53996 53996 53996 53996 53996 53966
53896 53996 53996 53976 53996 53996 53996 53976
53896 54016 54016 54006 54016 54016 54016 54006
53896 54016 54016 54006 54016 54016 54016 54006
53896 54016 54016 54006 54016 54016 54016 54006
53896 53906 53916 53926 53936 53946 53956 53966
53896 53906 53916 53926 53936 53946 53956 53966
53896 53906 53916 53926 53936 53946 53956 53966
53896 54026 54026 54026 54026 54026 54026 54026
53896 53906 53916 53926 53936 53946 53956 53966
53896 54036 54036 54036 54036 54036 54036 54036
53896 54036 54036 54036 54036 54036 54036 54036
53896 53906 53916 53926 53936 53946 53956 53966
