38761
38761
38761
38761
38761
38761
38761
38761
38761
38761
38761
38761
38761
38761
38761
38761
38761
38761
38761
38761
38761
38761
38761
38761
38761
38761
38761
38761
38761
38761
2422
2422
2422
2422
2422
2422
2422
2422
2422
2422
2422
2422
2422
2422
2422
2422
2422
2422
2422
2422
2422
2422
2422
2422
2422
2422
2422
2422
2422
2422
2422
2422
2422
2422
2422
2422
2422
2422
2422
2422
2422
2422
2422
2422
2422
2422
2422
2422
2422
2422
23933 23943 23953 23963 23973 23983 23993 24003 24013
23933 23943 23953 23963 23973 23983 23993 24003 24013
23933 23943 23953 23963 23973 23983 23993 24003 24013
23933 23943 23953 23963 23973 23983 23993 24003 24013
23933 23943 23953 23963 23973 23983 23993 24003 24013
23933 23943 23953 23963 23973 23983 23993 24003 24013
23933 23943 23953 23963 23973 23983 23993 24003 24013
23933 23943 23953 23963 23973 23983 23993 24003 24013
23933 23943 23953 23963 23973 23983 23993 24003 24013
23933 23943 23953 23963 23973 23983 23993 24003 24013
23933 23943 23953 23963 23973 23983 23993 24003 24013
23933 23943 23953 23963 23973 23983 23993 24003 24013
23933 23943 23953 23963 23973 23983 23993 24003 24013
23933 23943 23953 23963 23973 23983 23993 24003 24013
23933 23943 23953 23963 23973 23983 23993 24003 24013
23933 23943 23953 23963 23973 23983 23993 24003 24013
23933 23943 23953 23963 23973 23983 23993 24003 24013
23933 23943 23953 23963 23973 23983 23993 24003 24013
23933 23943 23953 23963 23973 23983 23993 24003 24013
23933 23943 23953 23963 23973 23983 23993 24003 24013
23933 23943 23953 23963 23973 23983 23993 24003 24013
23933 23943 23953 23963 23973 23983 23993 24003 24013
23933 23943 23953 23963 23973 23983 23993 24003 24013
23933 23943 23953 23963 23973 23983 23993 24003 24013
23933 23943 23953 23963 23973 23983 23993 24003 24013
23933 23943 23953 23963 23973 23983 23993 24003 24013
23933 23943 23953 23963 23973 23983 23993 24003 24013
23933 23943 23953 23963 23973 23983 23993 24003 24013
23933 23943 23953 23963 23973 23983 23993 24003 24013
23933 23943 23953 23963 23973 23983 23993 24003 24013
23933 23943 23953 23963 23973 23983 23993 24003 24013
23933 23943 23953 23963 23973 23983 23993 24003 24013
23933 23943 23953 23963 23973 23983 23993 24003 24013
23933 23943 23953 23963 23973 23983 23993 24003 24013
23933 23943 23953 23963 23973 23983 23993 24003 24013
23933 23943 23953 23963 23973 23983 23993 24003 24013
23933 23943 23953 23963 23973 23983 23993 24003 24013
23933 23943 23953 23963 23973 23983 23993 24003 24013
23933 23943 23953 23963 23973 23983 23993 24003 24013
23933 23943 23953 23963 23973 23983 23993 24003 24013
23933 23943 23953 23963 23973 23983 23993 24003 24013
23933 23943 23953 23963 23973 23983 23993 24003 24013
23933 23943 23953 23963 23973 23983 23993 24003 24013
23933 23943 23953 23963 23973 23983 23993 24003 24013
23933 23943 23953 23963 23973 23983 23993 24003 24013
23933 23943 23953 23963 23973 23983 23993 24003 24013
23933 23943 23953 23963 23973 23983 23993 24003 24013
23933 23943 23953 23963 23973 23983 23993 24003 24013
23933 23943 23953 23963 23973 23983 23993 24003 24013
23933 23943 23953 23963 23973 23983 23993 24003 24013
23933 23943 23953 23963 23973 23983 23993 24003 24013
23933 23943 23953 23963 23973 23983 23993 24003 24013
23933 23943 23953 23963 23973 23983 23993 24003 24013
23933 23943 23953 23963 23973 23983 23993 24003 24013
23933 23943 23953 23963 23973 23983 23993 24003 24013
23933 23943 23953 23963 23973 23983 23993 24003 24013
23933 23943 23953 23963 23973 23983 23993 24003 24013
23933 23943 23953 23963 23973 23983 23993 24003 24013
23933 23943 23953 23963 23973 23983 23993 24003 24013
23933 23943 23953 23963 23973 23983 23993 24003 24013
23933 23943 23953 23963 23973 23983 23993 24003 24013
23933 23943 23953 23963 23973 23983 23993 24003 24013
23933 23943 23953 23963 23973 23983 23993 24003 24013
23933 23943 23953 23963 23973 23983 23993 24003 24013
23933 23943 23953 23963 23973 23983 23993 24003 24013
23933 23943 23953 23963 23973 23983 23993 24003 24013
23933 23943 23953 23963 23973 23983 23993 24003 24013
23933 23943 23953 23963 23973 23983 23993 24003 24013
23933 23943 23953 23963 23973 23983 23993 24003 24013
23933 23943 23953 23963 23973 23983 23993 24003 24013
23933 23943 23953 23963 23973 23983 23993 24003 24013
23933 23943 23953 23963 23973 23983 23993 24003 24013
23933 23943 23953 23963 23973 23983 23993 24003 24013
23933 23943 23953 23963 23973 23983 23993 24003 24013
23933 23943 23953 23963 23973 23983 23993 24003 24013
23933 23943 23953 23963 23973 23983 23993 24003 24013
23933 23943 23953 23963 23973 23983 23993 24003 24013
23933 23943 23953 23963 23973 23983 23993 24003 24013
23933 23943 23953 23963 23973 23983 23993 24003 24013
23933 23943 23953 23963 23973 23983 23993 24003 24013
23933 23943 23953 23963 23973 23983 23993 24003 24013
23933 23943 23953 23963 23973 23983 23993 24003 24013
23933 23943 23953 23963 23973 23983 23993 24003 24013
23933 23943 23953 23963 23973 23983 23993 24003 24013
23933 23943 23953 23963 23973 23983 23993 24003 24013
23933 23943 23953 23963 23973 23983 23993 24003 24013
23933 23943 23953 23963 23973 23983 23993 24003 24013
23933 23943 23953 23963 23973 23983 23993 24003 24013
30794
30794
30794
30794
30794
30794
30794
30794
30794
30794
30794
30794
30794
30794
30794
30794
30794
30794
30794
30794
30794
30794
30794
30794
30794
30794
30794
30794
