0 0 0
1 0 1
2 0 2
3 0 3
4 0 4
5 0 5
6 0 6
7 0 7
8 0 8
9 0 9
10 0 10
11 0 11
0 0 0
12 0 12
13 1 13
14 1 14
15 1 15
16 1 16
17 1 17
18 1 18
19 1 19
20 1 20
21 1 21
13 1 13
22 1 22
23 1 23
24 1 24
25 1 25
26 1 26
27 1 27
0 0 0
1 0 1
2 0 2
3 1 3
4 2 4
5 0 5
6 3 6
7 4 7
8 0 8
9 0 9
10 0 10
11 0 11
12 0 12
13 0 13
14 5 14
15 5 15
16 6 16
17 7 17
18 5 18
19 5 19
20 5 20
21 5 21
22 5 22
23 5 23
24 5 24
25 5 25
26 5 26
27 5 27
28 5 28
29 5 29
30 5 30
28 5 28
29 5 29
30 5 30
31 5 31
32 5 32
33 5 33
34 5 34
35 8 35
36 9 36
37 5 37
38 10 38
39 11 39
40 5 40
41 12 41
42 13 42
43 5 43
44 14 44
45 15 45
50 5 46
0 0 0
1 0 1
2 0 2
3 0 3
4 1 4
5 0 5
6 0 6
7 2 7
8 0 8
9 0 9
10 0 10
11 0 11
12 0 12
13 0 13
14 3 14
15 3 15
16 4 16
17 3 17
18 3 18
19 5 19
20 3 20
21 3 21
22 6 22
23 3 23
24 3 24
25 3 25
26 3 26
27 3 27
28 3 28
29 3 29
30 3 30
31 3 31
32 3 32
33 3 33
34 3 34
35 3 35
36 3 36
37 3 37
38 3 38
39 3 39
37 3 37
38 3 38
39 3 39
40 3 40
41 3 41
42 3 42
43 3 43
44 7 44
45 7 44
46 8 45
47 9 46
48 8 45
49 9 46
50 10 47
51 11 48
52 12 49
53 13 50
54 14 51
55 15 52
56 16 53
57 17 54
58 18 55
59 19 56
60 20 57
61 21 58
62 22 59
63 23 60
64 24 61
65 25 62
66 26 63
67 24 61
68 25 62
69 26 63
70 27 64
71 27 64
72 28 65
73 29 66
74 30 67
75 31 68
76 32 69
77 33 70
78 34 71
79 35 72
80 36 73
81 37 74
82 38 75
83 39 76
84 40 77
1 0 1
2 0 2
3 0 3
4 0 4
5 0 5
21 0 21
0 0 0
6 0 6
7 0 7
8 0 8
9 0 9
22 0 22
23 0 23
10 0 10
11 0 11
12 0 12
13 0 13
18 0 18
19 0 19
20 0 20
18 0 18
19 0 19
20 0 20
17 0 17
14 0 14
15 0 15
16 0 16
24 1 24
