84601
84601
84601
84601
84601
84601
84601
84601
84601
84601
84601
84601
84601
84601
84601
84601
84601
84601
84601
84601
84601
84601
84601
84601
84601
84601
84601
84601
84601
84601
6992 7042 7052 7062
6992 7042 7052 7062
6992 7042 7052 7062
6992 7042 7052 7062
6992 7042 7052 7062
6992 7042 7052 7062
6992 7042 7052 7062
6992 7042 7052 7062
6992 7042 7052 7062
6992 7042 7052 7062
6992 7042 7052 7062
6992 7042 7052 7062
6992 7042 7052 7062
6992 7042 7052 7062
6992 7042 7052 7062
6992 7042 7052 7062
6992 7042 7052 7062
6992 7042 7052 7062
6992 7042 7052 7062
6992 7042 7052 7062
6992 7042 7052 7062
6992 7042 7052 7062
6992 7042 7052 7062
6992 7042 7052 7062
6992 7042 7052 7062
6992 7042 7052 7062
6992 7042 7052 7062
6992 7042 7052 7062
6992 7042 7052 7062
6992 7042 7052 7062
6992 7042 7052 7062
6992 7042 7052 7062
6992 7042 7052 7062
6992 7042 7052 7062
6992 7042 7052 7062
6992 7042 7052 7062
6992 7042 7052 7062
6992 7042 7052 7062
7002 7002 7002 7002
7012 7012 7012 7012
6992 7042 7052 7062
7022 7022 7022 7022
7022 7022 7022 7022
6992 7042 7052 7062
6992 7042 7052 7062
7032 7032 7032 7032
6992 7042 7052 7062
6992 7042 7052 7062
6992 7042 7052 7062
6992 7042 7052 7062
49993 50003 50013 50023 50033 50043 50053 50063 50073 50223
49993 50003 50013 50023 50033 50043 50053 50063 50073 50223
49993 50003 50013 50023 50033 50043 50053 50063 50073 50223
49993 50003 50013 50023 50033 50043 50053 50063 50073 50223
49993 50003 50013 50203 50033 50043 50053 50203 50073 50223
49993 50003 50013 50023 50033 50043 50053 50063 50073 50223
49993 50003 50013 50023 50033 50043 50053 50063 50073 50223
49993 50003 50013 50203 50033 50043 50053 50203 50073 50223
49993 50003 50013 50023 50033 50043 50053 50063 50073 50223
49993 50003 50013 50023 50033 50043 50053 50063 50073 50223
49993 50003 50013 50023 50033 50043 50053 50063 50073 50223
49993 50003 50013 50023 50033 50043 50053 50063 50073 50223
49993 50003 50013 50023 50033 50043 50053 50063 50073 50223
49993 50003 50013 50023 50033 50043 50053 50063 50073 50223
49993 50003 50013 50023 50033 50043 50053 50063 50073 50223
49993 50003 50013 50023 50033 50043 50053 50063 50073 50223
49993 50203 50203 50203 50203 50203 50053 50203 50073 50223
49993 50003 50013 50023 50033 50043 50053 50063 50073 50223
49993 50003 50013 50023 50033 50043 50053 50063 50073 50223
49993 50003 50013 50203 50203 50043 50053 50203 50073 50223
49993 50003 50013 50023 50033 50043 50053 50063 50073 50223
49993 50003 50013 50023 50033 50043 50053 50063 50073 50223
49993 50003 50013 50203 50033 50043 50053 50203 50073 50223
49993 50003 50013 50023 50033 50043 50053 50063 50073 50223
49993 50003 50013 50023 50033 50043 50053 50063 50073 50223
49993 50003 50013 50023 50033 50043 50053 50063 50073 50223
49993 50003 50013 50023 50033 50043 50053 50063 50073 50223
49993 50003 50013 50023 50033 50043 50053 50063 50073 50223
49993 50003 50013 50023 50033 50043 50053 50063 50073 50223
49993 50003 50013 50023 50033 50043 50053 50063 50073 50223
49993 50003 50013 50023 50033 50043 50053 50063 50073 50223
49993 50003 50013 50023 50033 50043 50053 50063 50073 50223
49993 50003 50013 50023 50033 50043 50053 50063 50073 50223
49993 50003 50013 50023 50033 50043 50053 50063 50073 50223
49993 50003 50013 50023 50033 50043 50053 50063 50073 50223
49993 50003 50013 50023 50033 50043 50053 50063 50073 50223
49993 50003 50013 50023 50033 50043 50053 50063 50073 50223
49993 50003 50013 50023 50033 50043 50053 50063 50073 50223
49993 50003 50013 50023 50033 50043 50053 50063 50073 50223
49993 50003 50013 50023 50033 50043 50053 50063 50073 50223
49993 50003 50013 50023 50033 50043 50053 50063 50073 50223
49993 50003 50013 50023 50033 50043 50053 50063 50073 50223
49993 50003 50013 50023 50033 50043 50053 50063 50073 50223
49993 50003 50013 50023 50033 50043 50053 50063 50073 50223
49993 50003 50013 50023 50033 50043 50053 50063 50073 50223
49993 50003 50013 50023 50033 50043 50053 50063 50073 50223
49993 50003 50013 50023 50033 50043 50053 50063 50073 50223
49993 50003 50013 50023 50083 50043 50053 50063 50073 50083
49993 50003 50013 50023 50083 50043 50053 50063 50073 50083
49993 50003 50013 50093 50093 50103 50053 50103 50073 50093
49993 50003 50013 50093 50093 50103 50053 50103 50073 50093
49993 50003 50013 50093 50093 50103 50053 50103 50073 50093
49993 50003 50013 50093 50093 50103 50053 50103 50073 50093
49993 50003 50013 50023 50033 50043 50053 50063 50073 50223
49993 50003 50013 50113 50033 50043 50053 50063 50073 50223
49993 50003 50013 50113 50033 50143 50053 50143 50073 50223
49993 50003 50013 50023 50033 50043 50053 50063 50073 50223
49993 50003 50013 50023 50033 50043 50053 50063 50073 50223
49993 50003 50013 50023 50033 50143 50053 50143 50073 50223
49993 50123 50123 50123 50123 50123 50053 50123 50073 50223
49993 50123 50123 50123 50123 50123 50053 50123 50073 50223
49993 50213 50213 50213 50213 50213 50053 50213 50073 50223
49993 50213 50213 50213 50213 50213 50053 50213 50073 50223
49993 50003 50013 50023 50033 50043 50053 50063 50073 50223
49993 50133 50133 50133 50133 50133 50053 50133 50133 50133
49993 50003 50013 50023 50033 50043 50053 50063 50073 50223
49993 50003 50013 50023 50033 50043 50053 50063 50073 50223
49993 50003 50013 50023 50033 50043 50053 50063 50073 50223
49993 50003 50013 50143 50143 50043 50053 50143 50073 50223
49993 50003 50013 50143 50143 50043 50053 50143 50073 50223
49993 50003 50013 50023 50033 50043 50053 50063 50073 50223
49993 50003 50013 50143 50143 50043 50053 50143 50073 50223
49993 50003 50013 50143 50143 50043 50053 50143 50073 50223
49993 50003 50013 50023 50033 50043 50053 50153 50073 50223
49993 50003 50013 50023 50033 50043 50053 50153 50073 50223
49993 50003 50013 50163 50163 50173 50053 50173 50073 50163
49993 50003 50013 50163 50163 50173 50053 50173 50073 50163
49993 50003 50013 50163 50163 50173 50053 50173 50073 50163
49993 50003 50013 50163 50163 50173 50053 50173 50073 50163
49993 50003 50013 50163 50163 50173 50053 50173 50073 50163
49993 50003 50013 50023 50033 50043 50053 50063 50073 50223
49993 50003 50013 50023 50033 50043 50053 50063 50073 50223
49993 50003 50013 50023 50033 50043 50053 50063 50073 50223
49993 50003 50013 50023 50033 50043 50053 50063 50073 50223
49993 50003 50013 50023 50033 50043 50053 50063 50073 50223
49993 50003 50013 50183 50033 50183 50053 50183 50073 50223
49993 50003 50013 50183 50033 50183 50053 50183 50073 50223
49993 50003 50013 50023 50193 50043 50053 50063 50073 50223
64504
64504
64504
64504
64504
64504
64504
64504
64504
64504
64504
64504
64504
64504
64504
64504
64504
64504
64504
64504
64504
64504
64504
64504
64504
64504
64504
64504
