40 60 30 90 20 50 90 30 30
60 60 60 80 80 80 90 60 60
10 5 15 60 60 60 90 90 90
90 90 90 70 70 70 90 90 90
80 80 80 40 40 40 90 5 5
80 90 90 90 90 90 90 90 90
90 30 90 60 60 60 90 10 90
90 90 90 70 70 70 90 90 90
10 10 10 60 60 60 90 10 10
75 75 75 90 75 75 90 75 75
40 40 40 90 55 55 90 45 45
75 75 75 90 75 75 90 75 75
50 50 50 90 75 75 90 70 70
75 45 75 90 65 65 90 45 90
75 75 75 90 75 75 90 75 75
40 45 20 90 25 25 90 25 25
50 75 75 90 75 75 90 70 70
75 75 75 90 75 75 90 75 75
35 35 35 35 35 35 35 35 35
