38781
38781
38781
38781
38781
38781
38781
38781
38781
38781
38781
38781
38781
38781
38781
38781
38781
38781
38781
38781
38781
38781
38781
38781
38781
38781
38781
38781
38781
38781
10642 10652 10662 10672 10682 10692 10702 10712 10722 14202
10642 10652 10662 10672 10682 10692 10702 10712 10722 14202
10642 10652 10662 10672 10682 10692 10702 10712 10722 14202
10642 10652 10662 10672 10682 10692 10702 10712 10722 14202
10642 10652 10662 10672 10682 10692 10702 10712 10722 14202
10642 10652 10662 10672 10682 10692 10702 10712 10722 14202
10642 10652 10662 10672 10682 10692 10702 10712 10722 14202
10642 10652 10662 10672 10682 10692 10702 10712 10722 14202
10642 10652 10662 10672 10682 10692 10702 10712 10722 14202
10642 10652 10662 10672 10682 10692 10702 10712 10722 14202
10642 10652 10662 10672 10682 10692 10702 10712 10722 14202
10642 10652 10662 10672 10682 10692 10702 10712 10722 14202
10642 10652 10662 10672 10682 10692 10702 10712 10722 14202
10642 10652 10662 10672 10682 10692 10702 10712 10722 14202
10642 10652 10662 10672 10682 10692 10702 10712 10722 14202
10642 10652 10662 10672 10682 10692 10702 10712 10722 14202
10642 10652 10662 10672 10682 10692 10702 10712 10722 14202
10642 10652 10662 10672 10682 10692 10702 10712 10722 14202
10642 10652 10662 10672 10682 10692 10702 10712 10722 14202
10642 10652 10662 10672 10682 10692 10702 10712 10722 14202
10642 10652 10662 10672 10682 10692 10702 10712 10722 14202
10642 10652 10662 10672 10682 10692 10702 10712 10722 14202
10642 10652 10662 10672 10682 10692 10702 10712 10722 14202
10642 10652 10662 10672 10682 10692 10702 10712 10722 14202
10642 10652 10662 10672 10682 10692 10702 10712 10722 14202
10642 10652 10662 10672 10682 10692 10702 10712 10722 14202
10642 10652 10662 10672 10682 10692 10702 10712 10722 14202
10642 10652 10662 10672 10682 10692 10702 10712 10722 14202
10642 10652 10662 10672 10682 10692 10702 10712 10722 14202
10642 10652 10662 10672 10682 10692 10702 10712 10722 14202
10642 10652 10662 10672 10682 10692 10702 10712 10722 14202
10642 10652 10662 14492 10682 10692 10702 14942 10722 14202
10642 10652 10662 14492 10682 10692 10702 14942 10722 14202
10642 10652 10662 14492 10682 10692 10702 14942 10722 14202
10642 10652 10662 10672 10682 10692 10702 10712 10722 14202
10642 10652 10662 10672 10682 10692 10702 10712 10722 14202
10642 10652 10662 10672 10682 10692 10702 10712 10722 14202
10642 10652 10662 10672 10682 10692 10702 10712 10722 14202
10642 10652 10662 10672 10682 10692 10702 10712 10722 14202
10642 10652 10662 10672 10682 10692 10702 10712 10722 14202
10642 10652 10662 10672 10682 10692 10702 10712 10722 14202
10642 10652 10662 10672 10682 10692 10702 10712 10722 14202
10642 10652 10662 10672 10682 10692 10702 10712 10722 14202
10642 10652 10662 10672 10682 10692 10702 10712 10722 14202
10642 10652 10662 10672 10682 10692 10702 10712 10722 14202
10642 10652 10662 10672 10682 10692 10702 10712 10722 14202
10642 10652 10662 10672 10682 10692 10702 10712 10722 14202
10642 10652 10662 10672 10682 10692 10702 10712 10722 14202
10642 10652 10662 10672 10682 10692 10702 10712 10722 14202
10642 10652 10662 10672 10682 10692 10702 10712 10722 14202
10642 10652 10662 10672 10682 10692 10702 10712 10722 14202
10642 10652 10662 10672 10682 10692 10702 10712 10722 14202
10642 10652 10662 10672 10682 10692 10702 10712 10722 14202
10642 10652 10662 10672 10682 10692 10702 10712 10722 14202
10642 10652 10662 10672 10682 10692 10702 10712 10722 14202
10642 10652 10662 10672 10682 10692 10702 10712 10722 14202
10642 10652 10662 10672 10682 10692 10702 10712 10722 14202
10642 10652 10662 10672 10682 10692 10702 10712 10722 14202
10642 10652 10662 10672 10682 10692 10702 10712 10722 14202
10642 10652 10662 10672 10682 10692 10702 10712 10722 14202
10642 10652 10662 10672 10682 10692 10702 10712 10722 14202
10642 10652 10662 10672 10682 10692 10702 10712 10722 14202
10642 10652 10662 10672 10682 10692 10702 10712 10722 14202
10642 10652 10662 10672 10682 10692 10702 10712 10722 14202
10642 10652 10662 10672 10682 10692 10702 10712 10722 14202
10642 10652 10662 10672 10682 10692 10702 10712 10722 14202
10642 10652 10662 10672 10682 10692 10702 10712 10722 14202
10642 10652 10662 14492 10682 10692 10702 14942 10722 14202
10642 10652 10662 14492 10682 10692 10702 14942 10722 14202
10642 10652 10662 10672 10682 10692 10702 10712 10722 14202
10642 10652 10662 10672 10682 10692 10702 10712 10722 14202
10642 10652 10662 10672 10682 10692 10702 10712 10722 14202
10642 10652 10662 10672 10682 10692 10702 10712 10722 14202
10642 10652 10662 10672 10682 10692 10702 10712 10722 14202
10642 10652 10662 10672 10682 10692 10702 10712 10722 14202
10642 10652 10662 14492 10682 10692 10702 14942 10722 14202
10642 10652 10662 14492 10682 10692 10702 14942 10722 14202
10642 10652 10662 10672 10682 10692 10702 10712 10722 14202
10642 10652 10662 10672 10682 10692 10702 10712 10722 14202
10642 10652 10662 10672 10682 10692 10702 10712 10722 14202
10642 10652 10662 10672 10682 10692 10702 10712 10722 14202
10642 10652 10662 10672 10682 10692 10702 10712 10722 14202
10642 10652 10662 10672 10682 10692 10702 10712 10722 14202
25843 25853 25863 25873 25883 25893 25903
25843 25853 25863 25873 25883 25893 25903
25843 25853 25863 25873 25883 25893 25903
25843 25853 25863 25873 25883 25893 25903
25843 25853 25863 25873 25883 25893 25903
25843 25853 25863 25873 25883 25893 25903
25843 25853 25863 25873 25883 25893 25903
25843 25853 25863 25873 25883 25893 25903
25843 25853 25863 25873 25883 25893 25903
25843 25853 25863 25873 25883 25893 25903
25843 25853 25863 25873 25883 25893 25903
25843 25853 25863 25873 25883 25893 25903
25843 25853 25863 25873 25883 25893 25903
25843 25853 25863 25873 25883 25893 25903
25843 25853 25863 25873 25883 25893 25903
25843 25853 25863 25873 25883 25893 25903
25843 25853 25863 25873 25883 25893 25903
25843 25853 25863 25873 25883 25893 25903
25843 25853 25863 25873 25883 25893 25903
25843 25853 25863 25873 25883 25893 25903
25843 25853 25863 25873 25883 25893 25903
25843 25853 25863 25873 25883 25893 25903
25843 25853 25863 25873 25883 25893 25903
25843 25853 25863 25873 25883 25893 25903
25843 25853 25863 25873 25883 25893 25903
25843 25853 25863 25873 25883 25893 25903
25843 25853 25863 25873 25883 25893 25903
25843 25853 25863 25873 25883 25893 25903
25843 25853 25863 25873 25883 25893 25903
25843 25853 25863 25873 25883 25893 25903
25843 25853 25863 25873 25883 25893 25903
25843 25853 25863 25873 25883 25893 25903
25843 25853 25863 25873 25883 25893 25903
25843 25853 25863 25873 25883 25893 25903
25843 25853 25863 25873 25883 25893 25903
25843 25853 25863 25873 25883 25893 25903
25843 25853 25863 25873 25883 25893 25903
25843 25853 25863 25873 25883 25893 25903
25843 25853 25863 25873 25883 25893 25903
25843 25853 25863 25873 25883 25893 25903
25843 25853 25863 25873 25883 25893 25903
25843 25853 25863 25873 25883 25893 25903
25843 25853 25863 25873 25883 25893 25903
25843 25853 25863 25873 25883 25893 25903
25843 25853 25863 25873 25883 25893 25903
25843 25853 25863 25873 25883 25893 25903
25843 25853 25863 25873 25883 25893 25903
25843 25853 25863 25873 25883 25893 25903
25843 25853 25863 25873 25883 25893 25903
25843 25853 25863 25873 25883 25893 25903
25843 25853 25863 25873 25883 25893 25903
25843 25853 25863 25873 25883 25893 25903
25843 25853 25863 25873 25883 25893 25903
25843 25853 25863 25873 25883 25893 25903
25843 25853 25863 25873 25883 25893 25903
25843 25853 25863 25873 25883 25893 25903
25843 25853 25863 25873 25883 25893 25903
25843 25853 25863 25873 25883 25893 25903
25843 25853 25863 25873 25883 25893 25903
25843 25853 25863 25873 25883 25893 25903
25843 25853 25863 25873 25883 25893 25903
25843 25853 25863 25873 25883 25893 25903
25843 25853 25863 25873 25883 25893 25903
25843 25853 25863 25873 25883 25893 25903
25843 25853 25863 25873 25883 25893 25903
25843 25853 25863 25873 25883 25893 25903
25843 25853 25863 25873 25883 25893 25903
25843 25853 25863 25873 25883 25893 25903
25843 25853 25863 25873 25883 25893 25903
25843 25853 25863 25873 25883 25893 25903
25843 25853 25863 25873 25883 25893 25903
25843 25853 25863 25873 25883 25893 25903
25843 25853 25863 25873 25883 25893 25903
25843 25853 25863 25873 25883 25893 25903
25843 25853 25863 25873 25883 25893 25903
25843 25853 25863 25873 25883 25893 25903
25843 25853 25863 25873 25883 25893 25903
25843 25853 25863 25873 25883 25893 25903
25843 25853 25863 25873 25883 25893 25903
25843 25853 25863 25873 25883 25893 25903
25843 25853 25863 25873 25883 25893 25903
25843 25853 25863 25873 25883 25893 25903
25843 25853 25863 25873 25883 25893 25903
25843 25853 25863 25873 25883 25893 25903
25843 25853 25863 25873 25883 25893 25903
30714
30714
30714
30714
30714
30714
30714
30714
30714
30714
30714
30714
30714
30714
30714
30714
30714
30714
30714
30714
30714
30714
30714
30714
30714
30714
30714
30714
30714
30714
30714
30714
30714
30714
30714
30714
30714
30714
30714
30714
30714
30714
30714
30714
