84621
84621
84621
84621
84621
84621
84621
84621
84621
84621
84621
84621
84621
84621
84621
84621
84621
84621
84621
84621
84621
84621
84621
84621
84621
84621
84621
84621
84621
84621
25672 25682 25692 25702 25712 25722 25732
25672 25682 25692 25702 25712 25722 25732
25672 25682 25692 25702 25712 25722 25732
25672 25682 25692 25702 25712 25722 25732
25672 25682 25692 25702 25712 25722 25732
25672 25682 25692 25702 25712 25722 25732
25672 25682 25692 25702 25712 25722 25732
25672 25682 25692 25702 25712 25722 25732
25672 25682 25692 25702 25712 25722 25732
25672 25682 25692 25702 25712 25722 25732
25672 25682 25692 25702 25712 25722 25732
25672 25682 25692 25702 25712 25722 25732
25672 25682 25692 25702 25712 25722 25732
25672 25682 25692 25702 25712 25722 25732
25672 25682 25692 25702 25712 25722 25732
34442 34442 34442 34442 34442 34442 34442
34442 34442 34442 34442 34442 34442 34442
34442 34442 34442 34442 34442 34442 34442
25672 25682 25692 25702 25712 25722 25732
25672 25682 25692 25702 25712 25722 25732
25672 25682 25692 25702 25712 25722 25732
25672 25682 25692 25702 25712 25722 25732
25672 25682 25692 25702 25712 25722 25732
25672 25682 25692 25702 25712 25722 25732
25672 25682 25692 25702 25712 25722 25732
25672 25682 25692 25702 25712 25722 25732
25672 25682 25692 25702 25712 25722 25732
25672 25682 25692 25702 25712 25722 25732
25672 25682 25692 25702 25712 25722 25732
25672 25682 25692 25702 25712 25722 25732
25672 25682 25692 25702 25712 25722 25732
25672 25682 25692 25702 25712 25722 25732
25672 25682 25692 25702 25712 25722 25732
25672 25682 25692 25702 25712 25722 25732
25672 25682 25692 25702 25712 25722 25732
25672 25682 25692 25702 25712 25722 25732
25672 25682 25692 25702 25712 25722 25732
25672 25682 25692 25702 25712 25722 25732
25672 25682 25692 25702 25712 25722 25732
25672 25682 25692 25702 25712 25722 25732
25672 25682 25692 25702 25712 25722 25732
25672 25682 25692 25702 25712 25722 25732
25672 25682 25692 25702 25712 25722 25732
25672 25682 25692 25702 25712 25722 25732
25672 25682 25692 25702 25712 25722 25732
25672 25682 25692 25702 25712 25722 25732
25672 25682 25692 25702 25712 25722 25732
25742 25742 25742 25742 25742 25742 25742 25742
25752 25752 25752 25752 25752 25752 25752 25752
25672 25682 25692 25702 25712 25722 25732
25672 25682 25692 25702 25712 25722 25732
25672 25682 25692 25702 25712 25722 25732
25672 25682 25692 25702 25712 25722 25732
25762 25762 25762 25762 25762 25762 25762 25762
25772 25772 25772 25772 25772 25772 25772 25772
25772 25772 25772 25772 25772 25772 25772 25772
25772 25772 25772 25772 25772 25772 25772 25772
25782 25782 25782 25782 25782 25782 25782 25782
25782 25782 25782 25782 25782 25782 25782 25782
25782 25782 25782 25782 25782 25782 25782 25782
25792 25682 25792 25702 25792 25722 25732
25802 25802 25802 25802 25802 25802 25802 25802
25802 25802 25802 25802 25802 25802 25802 25802
25802 25802 25802 25802 25802 25802 25802 25802
25812 25812 25812 25812 25812 25812 25812 25812
25812 25812 25812 25812 25812 25812 25812 25812
25812 25812 25812 25812 25812 25812 25812 25812
25822 25682 25692 25822 25712 25722 25732
25672 25682 25692 25702 25712 25722 25732
25832 25832 25692 25702 25832 25722 25732
25672 25682 25692 25702 25712 25722 25732
25842 25842 25692 25702 25842 25722 25732
25672 25682 25692 25702 25712 25722 25732
25672 25682 25692 25702 25712 25722 25732
25672 25682 25692 25702 25712 25722 25732
25852 25682 25692 25852 25712 25722 25732
25672 25682 25692 25702 25712 25722 25732
25672 25682 25692 25702 25712 25722 25732
25862 25862 25692 25702 25862 25722 25732
25672 25682 25692 25702 25712 25722 25732
25672 25682 25692 25702 25712 25722 25732
25672 25682 25692 25702 25712 25722 25732
25672 25682 25692 25702 25712 25722 25732
53593 53603 53613 53623 53633 53643 53653 53663
53593 53603 53613 53623 53633 53643 53653 53663
53593 53603 53613 53623 53633 53643 53653 53663
53593 53603 53613 53623 53633 53643 53653 53663
53593 53603 53613 53623 53633 53643 53653 53663
53593 53603 53613 53623 53633 53643 53653 53663
53593 53603 53613 53623 53633 53643 53653 53663
53593 53603 53613 53623 53633 53643 53653 53663
53593 53603 53613 53623 53633 53643 53653 53663
53593 53603 53613 53623 53633 53643 53653 53663
53593 53603 53613 53623 53633 53643 53653 53663
53593 53603 53613 53623 53633 53643 53653 53663
53593 53603 53613 53623 53633 53643 53653 53663
53593 53603 53613 53623 53633 53643 53653 53663
53593 53603 53613 53623 53633 53643 53653 53663
53593 53603 53613 53623 53633 53643 53653 53663
53593 53603 53613 53623 53633 53643 53653 53663
53593 53603 53613 53623 53633 53643 53653 53663
53593 53603 53613 53623 53633 53643 53653 53663
53593 53603 53613 53623 53633 53643 53653 53663
53593 53603 53613 53623 53633 53643 53653 53663
53593 53603 53613 53623 53633 53643 53653 53663
53593 53603 53613 53623 53633 53643 53653 53663
53593 53603 53613 53623 53633 53643 53653 53663
53593 53603 53613 53623 53633 53643 53653 53663
53593 53603 53613 53623 53633 53643 53653 53663
53593 53603 53613 53623 53633 53643 53653 53663
53593 53603 53613 53623 53633 53643 53653 53663
53593 53603 53613 53623 53633 53643 53653 53663
53593 53603 53613 53623 53633 53643 53653 53663
53593 53603 53613 53623 53633 53643 53653 53663
53593 53603 53613 53623 53633 53643 53653 53663
53593 53603 53613 53623 53633 53643 53653 53663
53593 53603 53613 53623 53633 53643 53653 53663
53593 53603 53613 53623 53633 53643 53653 53663
53593 53603 53613 53623 53633 53643 53653 53663
53593 53603 53613 53623 53633 53643 53653 53663
53593 53603 53613 53623 53633 53643 53653 53663
53593 53603 53613 53623 53633 53643 53653 53663
53593 53603 53613 53623 53633 53643 53653 53663
53593 53603 53613 53623 53633 53643 53653 53663
53593 53603 53613 53623 53633 53643 53653 53663
53593 53603 53613 53623 53633 53643 53653 53663
53593 53603 53613 53623 53633 53643 53653 53663
53593 53603 53613 53623 53633 53643 53653 53663
53593 53603 53613 53623 53633 53643 53653 53663
53593 53603 53613 53623 53633 53643 53653 53663
53593 53603 53613 53623 53633 53643 53653 53663
53593 53603 53613 53623 53633 53643 53653 53663
53593 53603 53613 53623 53633 53643 53653 53663
53593 53603 53613 53623 53633 53643 53653 53663
53593 53603 53613 53623 53633 53643 53653 53663
53593 53603 53613 53623 53633 53643 53653 53663
53593 53603 53613 53623 53633 53643 53653 53663
53593 53603 53613 53623 53633 53643 53653 53663
53593 53603 53613 53623 53633 53643 53653 53663
53593 53603 53613 53623 53633 53643 53653 53663
53593 53603 53613 53623 53633 53643 53653 53663
53593 53603 53613 53623 53633 53643 53653 53663
53593 53603 53613 53623 53633 53643 53653 53663
53593 53683 53683 53673 53683 53683 53683 53673
53593 53693 53693 53693 53693 53693 53693 53693
53593 53693 53693 53693 53693 53693 53693 53693
53593 53693 53693 53693 53693 53693 53693 53693
53593 53713 53713 53703 53713 53713 53713 53703
53593 53713 53713 53703 53713 53713 53713 53703
53593 53713 53713 53703 53713 53713 53713 53703
53593 53713 53713 53703 53713 53713 53713 53703
53593 53713 53713 53703 53713 53713 53713 53703
53593 53713 53713 53703 53713 53713 53713 53703
53593 53603 53613 53623 53633 53643 53653 53663
53593 53603 53613 53623 53633 53643 53653 53663
53593 53693 53693 53693 53693 53693 53693 53663
53593 53693 53693 53673 53693 53693 53693 53673
53593 53713 53713 53703 53713 53713 53713 53703
53593 53713 53713 53703 53713 53713 53713 53703
53593 53713 53713 53703 53713 53713 53713 53703
53593 53603 53613 53623 53633 53643 53653 53663
53593 53603 53613 53623 53633 53643 53653 53663
53593 53603 53613 53623 53633 53643 53653 53663
53593 53723 53723 53723 53723 53723 53723 53723
53593 53603 53613 53623 53633 53643 53653 53663
53593 53733 53733 53733 53733 53733 53733 53733
53593 53733 53733 53733 53733 53733 53733 53733
53593 53603 53613 53623 53633 53643 53653 53663
64384
64384
64384
64384
64384
64384
64384
64384
64384
64384
64384
64384
64384
64384
64384
64384
64384
64384
64384
64384
64384
64384
64384
64384
64384
64384
64384
64384
64384
64384
64384
64384
64384
64384
64384
64384
64384
64384
64384
64394
64394
64384
64384
64384
