84611
84611
84611
84611
84611
84611
84611
84611
84611
84611
84611
84611
84611
84611
84611
84611
84611
84611
84611
84611
84611
84611
84611
84611
84611
84611
84611
84611
84611
84611
7072 7122 7132 7142
7072 7122 7132 7142
7072 7122 7132 7142
7072 7122 7132 7142
7072 7122 7132 7142
7072 7122 7132 7142
7072 7122 7132 7142
7072 7122 7132 7142
7072 7122 7132 7142
7072 7122 7132 7142
7072 7122 7132 7142
7072 7122 7132 7142
7072 7122 7132 7142
7072 7122 7132 7142
7072 7122 7132 7142
7072 7122 7132 7142
7072 7122 7132 7142
7072 7122 7132 7142
7072 7122 7132 7142
7072 7122 7132 7142
7072 7122 7132 7142
7072 7122 7132 7142
7072 7122 7132 7142
7072 7122 7132 7142
7072 7122 7132 7142
7072 7122 7132 7142
7072 7122 7132 7142
7072 7122 7132 7142
7072 7122 7132 7142
7072 7122 7132 7142
7072 7122 7132 7142
7072 7122 7132 7142
7072 7122 7132 7142
7072 7122 7132 7142
7072 7122 7132 7142
7072 7122 7132 7142
7072 7122 7132 7142
7072 7122 7132 7142
7082 7082 7082 7082
7092 7092 7092 7092
7072 7122 7132 7142
7102 7102 7102 7102
7102 7102 7102 7102
7072 7122 7132 7142
7072 7122 7132 7142
7112 7112 7112 7112
7072 7122 7132 7142
7072 7122 7132 7142
7072 7122 7132 7142
7072 7122 7132 7142
11843 11853 11863 11873 11883
11843 11853 11863 11873 11883
11843 11853 11863 11873 11883
11843 11853 11863 11873 11883
11843 11853 11863 11873 11883
11843 11853 11863 11873 11883
11843 11853 11863 11873 11883
11843 11853 11863 11873 11883
11843 11853 11863 11873 11883
11843 11853 11863 11873 11883
11843 11853 11863 11873 11883
11843 11853 11863 11873 11883
11843 11853 11863 11873 11883
11843 11853 11863 11873 11883
11843 11853 11863 11873 11883
33723 33723 11863 33723 11883
33723 33723 11863 33723 11883
33723 33723 11863 33723 11883
11843 11853 11863 11873 11883
11843 11853 11863 11873 11883
11843 11853 11863 11873 11883
11843 11853 11863 11873 11883
11843 11853 11863 11873 11883
11843 11853 11863 11873 11883
11843 11853 11863 11873 11883
11843 11853 11863 11873 11883
11843 11853 11863 11873 11883
11843 11853 11863 11873 11883
11843 11853 11863 11873 11883
11843 11853 11863 11873 11883
11843 11853 11863 11873 11883
11843 11853 11863 11873 11883
11843 11853 11863 11873 11883
11843 11853 11863 11873 11883
11843 11853 11863 11873 11883
11843 11853 11863 11873 11883
11843 11853 11863 11873 11883
11843 11853 11863 11873 11883
11843 11853 11863 11873 11883
11843 11853 11863 11873 11883
11843 11853 11863 11873 11883
11843 11853 11863 11873 11883
11843 11853 11863 11873 11883
11843 11853 11863 11873 11883
11843 11853 11863 11873 11883
11843 11853 11863 11873 11883
11843 11853 11863 11873 11883
11893 11893 11893 11893 11893
11843 11853 11863 11873 11883
11903 11903 11903 11903 11903
11913 11913 11913 11913 11913
11923 11923 11923 11923 11923
11923 11923 11923 11923 11923
11923 11923 11923 11923 11923
11843 11853 11863 11873 11883
11843 11853 11863 11873 11883
11843 11853 11863 11873 11883
11933 11933 11933 11933 11933
11843 11853 11863 11873 11883
11843 11853 11863 11873 11883
11843 11853 33733 11873 11883
11843 11853 33733 11873 11883
11843 11853 33733 11873 11883
11843 11853 11863 11873 11883
11843 11853 11863 11873 11883
11843 11853 11863 11873 11883
12444 12454 12464 12474 12484 29674
12444 12454 12464 12474 12484 29674
12444 12454 12464 12474 12484 29674
12444 12454 12464 12474 12484 29674
12444 12454 12464 12474 12484 29674
12444 12454 12464 12474 12484 29674
12444 12454 12464 12474 12484 29674
12444 12454 12464 12474 12484 29674
12444 12454 12464 12474 12484 29674
12444 12454 12464 12474 12484 29674
12444 12454 12464 12474 12484 29674
12444 12454 12464 12474 12484 29674
12444 12454 12464 12474 12484 29674
12444 12454 12464 12474 12484 29674
12444 12454 12464 12474 12484 29674
12444 33844 12464 33844 12484 29674
12444 33844 12464 33844 12484 29674
12444 33844 12464 33844 12484 29674
12444 12454 12464 12474 12484 29674
12444 12454 12464 12474 12484 29674
12444 12454 12464 12474 12484 29674
12444 12454 12464 12474 12484 29674
12444 12454 12464 12474 12484 29674
12444 12454 12464 12474 12484 29674
12444 12454 12464 12474 12484 29674
12444 12454 12464 12474 12484 29674
12444 12454 12464 12474 12484 29674
12444 12454 12464 12474 12484 29674
12444 12454 12464 12474 12484 29674
12444 12454 12464 12474 12484 29674
12444 12454 12464 12474 12484 29674
12444 12454 12464 12474 12484 29674
12444 12454 12464 12474 12484 29674
12444 12454 12464 12474 12484 29674
12444 12454 12464 12474 12484 29674
12444 12454 12464 12474 12484 29674
12444 12454 12464 12474 12484 29674
12444 12454 12464 12474 12484 29674
12444 12454 12464 12474 12484 29674
12444 12454 12464 12474 12484 29674
12444 12454 12464 12474 12484 29674
12444 12454 12464 12474 12484 29674
12444 12454 12464 12474 12484 29674
12444 12454 12464 12474 12484 29674
12444 12454 12464 12474 12484 29674
12444 12454 12464 12474 12484 29674
12444 12454 12464 12474 12484 29674
12494 12494 12494 12494 12494 29674
12444 12454 12464 12474 12484 29674
12504 12504 12504 12504 12504 29674
12514 12514 12514 12514 12514 29674
12524 12524 12524 12524 12524 29674
12524 12524 12524 12524 12524 29674
12524 12524 12524 12524 12524 29674
12444 12454 12464 12474 12484 29674
12444 12454 12464 12474 12484 29674
12444 12454 12464 12474 12484 29674
12534 12534 12534 12534 12534 29674
12444 12454 12464 12474 12484 29674
12444 12454 12464 12474 12484 29674
12444 12454 33854 12474 12484 29674
12444 12454 33854 12474 12484 29674
12444 12454 33854 12474 12484 29674
12444 12454 12464 12474 12484 29674
12444 12454 12464 12474 12484 29674
12444 12454 12464 12474 12484 29674
