38771
38771
38771
38771
38771
38771
38771
38771
38771
38771
38771
38771
38771
38771
38771
38771
38771
38771
38771
38771
38771
38771
38771
38771
38771
38771
38771
38771
38771
38771
2432
2432
2432
2432
2432
2432
2432
2432
2432
2432
2432
2432
2432
2432
2432
2432
2432
2432
2432
2432
2432
2432
2432
2432
2432
2432
2432
2432
2432
2432
2432
2432
2432
2432
2432
2432
2432
2432
2432
2432
2432
2432
2432
2432
2432
2432
2432
2432
2432
2432
3483 3473 3493 3503 3513 3523
3483 3473 3493 3503 3513 3523
3483 3473 3493 3503 3513 3523
3483 3473 3493 3503 3513 3523
3483 3473 3493 3503 3513 3523
3483 3473 3493 3503 3513 3523
3483 3473 3493 3503 3513 3523
3483 3473 3493 3503 3513 3523
3483 3473 3493 3503 3513 3523
3483 3473 3493 3503 3513 3523
3483 3473 3493 3503 3513 3523
3483 3473 3493 3503 3513 3523
3483 3473 3493 3503 3513 3523
3483 3473 3493 3503 3513 3523
3483 3473 3493 3503 3513 3523
3483 3473 3493 3503 3513 3523
3483 3473 3493 3503 3513 3523
3483 3473 3493 3503 3513 3523
3483 3473 3493 3503 3513 3523
3483 3473 3493 3503 3513 3523
3483 3473 3493 3503 3513 3523
3483 3473 3493 3503 3513 3523
3483 3473 3493 3503 3513 3523
3483 3473 3493 3503 3513 3523
3483 3473 3493 3503 3513 3523
3483 3473 3493 3503 3513 3523
3483 3473 3493 3503 3513 3523
3483 3473 3493 3503 3513 3523
3483 3473 3493 3503 3513 3523
3483 3473 3493 3503 3513 3523
3483 3473 3493 3503 3513 3523
3483 3473 3493 3503 3513 3523
3483 3473 3493 3503 3513 3523
3483 3473 3493 3503 3513 3523
3483 3473 3493 3503 3513 3523
3483 3473 3493 3503 3513 3523
3483 3473 3493 3503 3513 3523
3483 3473 3493 3503 3513 3523
3483 3473 3493 3503 3513 3523
3483 3473 3493 3503 3513 3523
3483 3473 3493 3503 3513 3523
3483 3473 3493 3503 3513 3523
3483 3473 3493 3503 3513 3523
3483 3473 3493 3503 3513 3523
3483 3473 3493 3503 3513 3523
3483 3473 3493 3503 3513 3523
3483 3473 3493 3503 3513 3523
3483 3473 3493 3503 3513 3523
3483 3473 3493 3503 3513 3523
3483 3473 3493 3503 3513 3523
3483 3473 3493 3503 3513 3523
3483 3473 3493 3503 3513 3523
3483 3473 3493 3503 3513 3523
3483 3473 3493 3503 3513 3523
3483 3473 3493 3503 3513 3523
3483 3473 3493 3503 3513 3523
3483 3473 3493 3503 3513 3523
3483 3473 3493 3503 3513 3523
3483 3473 3493 3503 3513 3523
3483 3473 3493 3503 3513 3523
3483 3473 3493 3503 3513 3523
3483 3473 3493 3503 3513 3523
3483 3473 3493 3503 3513 3523
3483 3473 3493 3503 3513 3523
3483 3473 3493 3503 3513 3523
3483 3473 3493 3503 3513 3523
3844 3834 3854 3864 3874 3884 13964
3844 3834 3854 3864 3874 3884 13964
3844 3834 3854 3864 3874 3884 13964
3844 3834 3854 3864 3874 3884 13964
3844 3834 3854 3864 3874 3884 13964
3844 3834 3854 3864 3874 3884 13964
3844 3834 3854 3864 3874 3884 13964
3844 3834 3854 3864 3874 3884 13964
3844 3834 3854 3864 3874 3884 13964
3844 3834 3854 3864 3874 3884 13964
3844 3834 3854 3864 3874 3884 13964
3844 3834 3854 3864 3874 3884 13964
3844 3834 3854 3864 3874 3884 13964
3844 3834 3854 3864 3874 3884 13964
3844 3834 3854 3864 3874 3884 13964
3844 3834 3854 3864 3874 3884 13964
3844 3834 3854 3864 3874 3884 13964
3844 3834 3854 3864 3874 3884 13964
3844 3834 3854 3864 3874 3884 13964
3844 3834 3854 3864 3874 3884 13964
3844 3834 3854 3864 3874 3884 13964
3844 3834 3854 3864 3874 3884 13964
3844 3834 3854 3864 3874 3884 13964
3844 3834 3854 3864 3874 3884 13964
3844 3834 3854 3864 3874 3884 13964
3844 3834 3854 3864 3874 3884 13964
3844 3834 3854 3864 3874 3884 13964
3844 3834 3854 3864 3874 3884 13964
3844 3834 3854 3864 3874 3884 13964
3844 3834 3854 3864 3874 3884 13964
3844 3834 3854 3864 3874 3884 13964
3844 3834 3854 3864 3874 3884 13964
3844 3834 3854 3864 3874 3884 13964
3844 3834 3854 3864 3874 3884 13964
3844 3834 3854 3864 3874 3884 13964
3844 3834 3854 3864 3874 3884 13964
3844 3834 3854 3864 3874 3884 13964
3844 3834 3854 3864 3874 3884 13964
3844 3834 3854 3864 3874 3884 13964
3844 3834 3854 3864 3874 3884 13964
3844 3834 3854 3864 3874 3884 13964
3844 3834 3854 3864 3874 3884 13964
3844 3834 3854 3864 3874 3884 13964
3844 3834 3854 3864 3874 3884 13964
3844 3834 3854 3864 3874 3884 13964
3844 3834 3854 3864 3874 3884 13964
3844 3834 3854 3864 3874 3884 13964
3844 3834 3854 3864 3874 3884 13964
3844 3834 3854 3864 3874 3884 13964
3844 3834 3854 3864 3874 3884 13964
3844 3834 3854 3864 3874 3884 13964
3844 3834 3854 3864 3874 3884 13964
3844 3834 3854 3864 3874 3884 13964
3844 3834 3854 3864 3874 3884 13964
3844 3834 3854 3864 3874 3884 13964
3844 3834 3854 3864 3874 3884 13964
3844 3834 3854 3864 3874 3884 13964
3844 3834 3854 3864 3874 3884 13964
3844 3834 3854 3864 3874 3884 13964
3844 3834 3854 3864 3874 3884 13964
3844 3834 3854 3864 3874 3884 13964
3844 3834 3854 3864 3874 3884 13964
3844 3834 3854 3864 3874 3884 13964
3844 3834 3854 3864 3874 3884 13964
3844 3834 3854 3864 3874 3884 13964
3844 3834 3854 3864 3874 3884 13964
