38791
38791
38791
38791
38791
38791
38791
38791
38791
38791
38791
38791
38791
38791
38791
38791
38791
38791
38791
38791
38791
38791
38791
38791
38791
38791
38791
38791
38791
38791
24652 24662 24672 24682 24692 24702 24712 24722 24732
24652 24662 24672 24682 24692 24702 24712 24722 24732
24652 24662 24672 24682 24692 24702 24712 24722 24732
24652 24662 24672 24682 24692 24702 24712 24722 24732
24652 24662 24672 24682 24692 24702 24712 24722 24732
24652 24662 24672 24682 24692 24702 24712 24722 24732
24652 24662 24672 24682 24692 24702 24712 24722 24732
24652 24662 24672 24682 24692 24702 24712 24722 24732
24652 24662 24672 24682 24692 24702 24712 24722 24732
24652 24662 24672 24682 24692 24702 24712 24722 24732
24652 24662 24672 24682 24692 24702 24712 24722 24732
24652 24662 24672 24682 24692 24702 24712 24722 24732
24652 24662 24672 24682 24692 24702 24712 24722 24732
24652 24662 24672 24682 24692 24702 24712 24722 24732
24652 24662 24672 24682 24692 24702 24712 24722 24732
24652 24662 24672 24682 24692 24702 24712 24722 24732
24652 24662 24672 24682 24692 24702 24712 24722 24732
24652 24662 24672 24682 24692 24702 24712 24722 24732
24652 24662 24672 24682 24692 24702 24712 24722 24732
24652 24662 24672 24682 24692 24702 24712 24722 24732
24652 24662 24672 24682 24692 24702 24712 24722 24732
24652 24662 24672 24682 24692 24702 24712 24722 24732
24652 24662 24672 24682 24692 24702 24712 24722 24732
24652 24662 24672 24682 24692 24702 24712 24722 24732
24652 24662 24672 24682 24692 24702 24712 24722 24732
24652 24662 24672 24682 24692 24702 24712 24722 24732
24652 24662 24672 24682 24692 24702 24712 24722 24732
24652 24662 24672 24682 24692 24702 24712 24722 24732
24652 24662 24672 24682 24692 24702 24712 24722 24732
24652 24662 24672 24682 24692 24702 24712 24722 24732
24652 24662 24672 24682 24692 24702 24712 24722 24732
24652 24662 24672 24682 24692 24702 24712 24722 24732
24652 24662 24672 24682 24692 24702 24712 24722 24732
24652 24662 24672 24682 24692 24702 24712 24722 24732
24652 24662 24672 24682 24692 24702 24712 24722 24732
24652 24662 24672 24682 24692 24702 24712 24722 24732
24652 24662 24672 24682 24692 24702 24712 24722 24732
24652 24662 24672 24682 24692 24702 24712 24722 24732
24652 24662 24672 24682 24692 24702 24712 24722 24732
24652 24662 24672 24682 24692 24702 24712 24722 24732
24652 24662 24672 24682 24692 24702 24712 24722 24732
24652 24662 24672 24682 24692 24702 24712 24722 24732
24652 24662 24672 24682 24692 24702 24712 24722 24732
24652 24662 24672 24682 24692 24702 24712 24722 24732
24652 24662 24672 24682 24692 24702 24712 24722 24732
24652 24662 24672 24682 24692 24702 24712 24722 24732
24652 24662 24672 24682 24692 24702 24712 24722 24732
24652 24662 24672 24682 24692 24702 24712 24722 24732
24652 24662 24672 24682 24692 24702 24712 24722 24732
24652 24662 24672 24682 24692 24702 24712 24722 24732
24652 24662 24672 24682 24692 24702 24712 24722 24732
24652 24662 24672 24682 24692 24702 24712 24722 24732
24652 24662 24672 24682 24692 24702 24712 24722 24732
24652 24662 24672 24682 24692 24702 24712 24722 24732
24652 24662 24672 24682 24692 24702 24712 24722 24732
24652 24662 24672 24682 24692 24702 24712 24722 24732
24652 24662 24672 24682 24692 24702 24712 24722 24732
24652 24662 24672 24682 24692 24702 24712 24722 24732
24652 24662 24672 24682 24692 24702 24712 24722 24732
24652 24662 24672 24682 24692 24702 24712 24722 24732
24652 24662 24672 24682 24692 24702 24712 24722 24732
24652 24662 24672 24682 24692 24702 24712 24722 24732
24652 24662 24672 24682 24692 24702 24712 24722 24732
24652 24662 24672 24682 24692 24702 24712 24722 24732
24652 24662 24672 24682 24692 24702 24712 24722 24732
24652 24662 24672 24682 24692 24702 24712 24722 24732
24652 24662 24672 24682 24692 24702 24712 24722 24732
24652 24662 24672 24682 24692 24702 24712 24722 24732
24652 24662 24672 24682 24692 24702 24712 24722 24732
24652 24662 24672 24682 24692 24702 24712 24722 24732
24652 24662 24672 24682 24692 24702 24712 24722 24732
24652 24662 24672 24682 24692 24702 24712 24722 24732
24652 24662 24672 24682 24692 24702 24712 24722 24732
24652 24662 24672 24682 24692 24702 24712 24722 24732
24652 24662 24672 24682 24692 24702 24712 24722 24732
24652 24662 24672 24682 24692 24702 24712 24722 24732
24652 24662 24672 24682 24692 24702 24712 24722 24732
24652 24662 24672 24682 24692 24702 24712 24722 24732
24652 24662 24672 24682 24692 24702 24712 24722 24732
24652 24662 24672 24682 24692 24702 24712 24722 24732
24652 24662 24672 24682 24692 24702 24712 24722 24732
24652 24662 24672 24682 24692 24702 24712 24722 24732
24652 24662 24672 24682 24692 24702 24712 24722 24732
24652 24662 24672 24682 24692 24702 24712 24722 24732
24652 24662 24672 24682 24692 24702 24712 24722 24732
24652 24662 24672 24682 24692 24702 24712 24722 24732
24652 24662 24672 24682 24692 24702 24712 24722 24732
24652 24662 24672 24682 24692 24702 24712 24722 24732
24652 24662 24672 24682 24692 24702 24712 24722 24732
24652 24662 24672 24682 24692 24702 24712 24722 24732
24652 24662 24672 24682 24692 24702 24712 24722 24732
24652 24662 24672 24682 24692 24702 24712 24722 24732
24652 24662 24672 24682 24692 24702 24712 24722 24732
24652 24662 24672 24682 24692 24702 24712 24722 24732
24652 24662 24672 24682 24692 24702 24712 24722 24732
24652 24662 24672 24682 24692 24702 24712 24722 24732
24652 24662 24672 24682 24692 24702 24712 24722 24732
24652 24662 24672 24682 24692 24702 24712 24722 24732
24652 24662 24672 24682 24692 24702 24712 24722 24732
24652 24662 24672 24682 24692 24702 24712 24722 24732
24652 24662 24672 24682 24692 24702 24712 24722 24732
24652 24662 24672 24682 24692 24702 24712 24722 24732
24652 24662 24672 24682 24692 24702 24712 24722 24732
24652 24662 24672 24682 24692 24702 24712 24722 24732
24652 24662 24672 24682 24692 24702 24712 24722 24732
24652 24662 24672 24682 24692 24702 24712 24722 24732
24652 24662 24672 24682 24692 24702 24712 24722 24732
24652 24662 24672 24682 24692 24702 24712 24722 24732
24652 24662 24672 24682 24692 24702 24712 24722 24732
24652 24662 24672 24682 24692 24702 24712 24722 24732
24652 24662 24672 24682 24692 24702 24712 24722 24732
24652 24662 24672 24682 24692 24702 24712 24722 24732
24652 24662 24672 24682 24692 24702 24712 24722 24732
24652 24662 24672 24682 24692 24702 24712 24722 24732
24652 24662 24672 24682 24692 24702 24712 24722 24732
24652 24662 24672 24682 24692 24702 24712 24722 24732
24652 24662 24672 24682 24692 24702 24712 24722 24732
