84631
84631
84631
84631
84631
84631
84631
84631
84631
84631
84631
84631
84631
84631
84631
84631
84631
84631
84631
84631
84631
84631
84631
84631
84631
84631
84631
84631
84631
84631
51462 51472 51482 51492 51502 51512 51522 51532 51542 51662
51462 51472 51482 51492 51502 51512 51522 51532 51542 51662
51462 51472 51482 51492 51502 51512 51522 51532 51542 51662
51462 51472 51482 51492 51502 51512 51522 51532 51542 51662
51462 51472 51482 51652 51502 51512 51522 51652 51542 51662
51462 51472 51482 51492 51502 51512 51522 51532 51542 51662
51462 51472 51482 51492 51502 51512 51522 51532 51542 51662
51462 51472 51482 51652 51502 51512 51522 51652 51542 51662
51462 51472 51482 51492 51502 51512 51522 51532 51542 51662
51462 51472 51482 51492 51502 51512 51522 51532 51542 51662
51462 51472 51482 51492 51502 51512 51522 51532 51542 51662
51462 51472 51482 51492 51502 51512 51522 51532 51542 51662
51462 51472 51482 51492 51502 51512 51522 51532 51542 51662
51462 51472 51482 51492 51502 51512 51522 51532 51542 51662
51462 51472 51482 51492 51502 51512 51522 51532 51542 51662
51462 51472 51482 51492 51502 51512 51522 51532 51542 51662
51462 51652 51652 51652 51652 51652 51522 51652 51542 51662
51462 51472 51482 51492 51502 51512 51522 51532 51542 51662
51462 51472 51482 51492 51502 51512 51522 51532 51542 51662
51462 51472 51482 51652 51652 51512 51522 51652 51542 51662
51462 51472 51482 51492 51502 51512 51522 51532 51542 51662
51462 51472 51482 51492 51502 51512 51522 51532 51542 51662
51462 51472 51482 51652 51502 51512 51522 51652 51542 51662
51462 51472 51482 51492 51502 51512 51522 51532 51542 51662
51462 51472 51482 51492 51502 51512 51522 51532 51542 51662
51462 51472 51482 51492 51502 51512 51522 51532 51542 51662
51462 51472 51482 51492 51502 51512 51522 51532 51542 51662
51462 51472 51482 51492 51502 51512 51522 51532 51542 51662
51462 51472 51482 51492 51502 51512 51522 51532 51542 51662
51462 51472 51482 51492 51502 51512 51522 51532 51542 51662
51462 51472 51482 51492 51502 51512 51522 51532 51542 51662
51462 51472 51482 51492 51502 51512 51522 51532 51542 51662
51462 51472 51482 51492 51502 51512 51522 51532 51542 51662
51462 51472 51482 51492 51502 51512 51522 51532 51542 51662
51462 51472 51482 51492 51502 51512 51522 51532 51542 51662
51462 51472 51482 51492 51502 51512 51522 51532 51542 51662
51462 51472 51482 51492 51502 51512 51522 51532 51542 51662
51462 51472 51482 51492 51502 51512 51522 51532 51542 51662
51462 51472 51482 51492 51502 51512 51522 51532 51542 51662
51462 51472 51482 51492 51502 51512 51522 51532 51542 51662
51462 51472 51482 51492 51502 51512 51522 51532 51542 51662
51462 51472 51482 51492 51502 51512 51522 51532 51542 51662
51462 51472 51482 51492 51502 51512 51522 51532 51542 51662
51462 51472 51482 51492 51502 51512 51522 51532 51542 51662
51462 51472 51482 51492 51502 51512 51522 51532 51542 51662
51462 51472 51482 51492 51502 51512 51522 51532 51542 51662
51462 51472 51482 51492 51502 51512 51522 51532 51542 51662
51462 51472 51482 51492 51552 51512 51522 51532 51542 51552
51462 51472 51482 51492 51552 51512 51522 51532 51542 51552
51462 51472 51482 51562 51562 51572 51522 51572 51542 51562
51462 51472 51482 51562 51562 51572 51522 51572 51542 51562
51462 51472 51482 51562 51562 51572 51522 51572 51542 51562
51462 51472 51482 51562 51562 51572 51522 51572 51542 51562
51462 51472 51482 51562 51562 51572 51522 51572 51542 51562
51462 51472 51482 51562 51562 51572 51522 51572 51542 51562
51462 51472 51482 51562 51562 51572 51522 51572 51542 51562
51462 51472 51482 51562 51562 51572 51522 51572 51542 51562
51462 51472 51482 51562 51562 51572 51522 51572 51542 51562
51462 51472 51482 51562 51562 51572 51522 51572 51542 51562
51462 51472 51482 51562 51562 51572 51522 51572 51542 51562
51462 51472 51482 51562 51562 51572 51522 51572 51542 51562
51462 51472 51482 51562 51562 51572 51522 51572 51542 51562
51462 51472 51482 51562 51562 51572 51522 51572 51542 51562
51462 51472 51482 51562 51562 51572 51522 51572 51542 51562
51462 51472 51482 51562 51562 51572 51522 51572 51542 51562
51462 51472 51482 51492 51502 51512 51522 51532 51542 51662
51462 51472 51482 51582 51502 51512 51522 51532 51542 51662
51462 51472 51482 51582 51502 51612 51522 51612 51542 51662
51462 51592 51592 51592 51592 51592 51522 51592 51542 51592
51462 51592 51592 51592 51592 51592 51522 51592 51542 51592
51462 51672 51672 51672 51672 51672 51522 51672 51542 51672
51462 51672 51672 51672 51672 51672 51522 51672 51542 51672
51462 51592 51592 51592 51592 51592 51522 51592 51542 51592
51462 51592 51592 51592 51592 51592 51522 51592 51542 51592
51462 51672 51672 51672 51672 51672 51522 51672 51542 51672
51462 51672 51672 51672 51672 51672 51522 51672 51542 51672
51462 51592 51592 51592 51592 51592 51522 51592 51542 51592
51462 51592 51592 51592 51592 51592 51522 51592 51542 51592
51462 51672 51672 51672 51672 51672 51522 51672 51542 51672
51462 51672 51672 51672 51672 51672 51522 51672 51542 51672
51462 51592 51592 51592 51592 51592 51522 51592 51542 51592
51462 51592 51592 51592 51592 51592 51522 51592 51542 51592
51462 51672 51672 51672 51672 51672 51522 51672 51542 51672
51462 51672 51672 51672 51672 51672 51522 51672 51542 51672
51462 51472 51482 51492 51502 51512 51522 51532 51542 51662
51462 51602 51602 51602 51602 51602 51522 51602 51602 51602
51462 51472 51482 51492 51502 51512 51522 51532 51542 51662
51462 51472 51482 51492 51502 51512 51522 51532 51542 51662
51462 51472 51482 51492 51502 51512 51522 51532 51542 51662
51462 51472 51482 51612 51612 51512 51522 51612 51542 51662
51462 51472 51482 51612 51612 51512 51522 51612 51542 51662
51462 51472 51482 51492 51502 51512 51522 51532 51542 51662
51462 51472 51482 51612 51612 51512 51522 51612 51542 51662
51462 51472 51482 51612 51612 51512 51522 51612 51542 51662
51462 51472 51482 51492 51502 51512 51522 51622 51542 51662
51462 51472 51482 51492 51502 51512 51522 51622 51542 51662
51462 51472 51482 51492 51502 51512 51522 51532 51542 51662
51462 51682 51682 51682 51682 51682 51522 51682 51542 51682
51462 51682 51682 51682 51692 51682 51522 51682 51542 51692
51462 51472 51482 51492 51502 51512 51522 51532 51542 51662
51462 51682 51682 51682 51682 51682 51522 51682 51542 51682
51462 51682 51682 51682 51692 51682 51522 51682 51542 51692
51462 51472 51482 51492 51502 51512 51522 51532 51542 51662
51462 51702 51702 51702 51702 51702 51522 51702 51542 51702
51462 51702 51702 51702 51702 51702 51522 51702 51542 51702
51462 51572 51572 51572 51712 51572 51522 51572 51542 51712
51462 51472 51482 51492 51502 51512 51522 51532 51542 51662
51462 51702 51702 51702 51702 51702 51522 51702 51542 51702
51462 51702 51702 51702 51702 51702 51522 51702 51542 51702
51462 51572 51572 51572 51712 51572 51522 51572 51542 51712
51462 51472 51482 51492 51502 51512 51522 51532 51542 51662
51462 51472 51482 51492 51502 51512 51522 51532 51542 51662
51462 51472 51482 51632 51502 51632 51522 51632 51542 51662
51462 51472 51482 51632 51502 51632 51522 51632 51542 51662
51462 51472 51482 51492 51642 51512 51522 51532 51542 51662
51462 51472 51482 51492 51502 51512 51522 51532 51542 51662
51462 51472 51482 51492 51502 51512 51522 51532 51542 51662
