84601
84601
84601
84601
84601
84601
84601
84601
84601
84601
84601
84601
84601
84601
84601
84601
84601
84601
84601
84601
84601
84601
84601
84601
84601
84601
84601
84601
84601
84601
12842 12852 12862 12872 29712
12842 12852 12862 12872 29712
12842 12852 12862 12872 29712
12842 12852 12862 12872 29712
12842 12852 12862 12872 29712
12842 12852 12862 12872 29712
12842 12852 12862 12872 29712
12842 12852 12862 12872 29712
12842 12852 12862 12872 29712
12842 12852 12862 12872 29712
12842 12852 12862 12872 29712
12842 12852 12862 12872 29712
12842 12852 12862 12872 29712
12842 12852 12862 12872 29712
12842 12852 12862 12872 29712
12842 33922 12862 33922 29712
12842 33922 12862 33922 29712
12842 33922 12862 33922 29712
12842 12852 12862 12872 29712
12842 12852 12862 12872 29712
12842 12852 12862 12872 29712
12842 12852 12862 12872 29712
12842 12852 12862 12872 29712
12842 12852 12862 12872 29712
12842 12852 12862 12872 29712
12842 12852 12862 12872 29712
12842 12852 12862 12872 29712
12842 12852 12862 12872 29712
12842 12852 12862 12872 29712
12842 12852 12862 12872 29712
12842 12852 12862 12872 29712
12842 12852 12862 12872 29712
12842 12852 12862 12872 29712
12842 12852 12862 12872 29712
12842 12852 12862 12872 29712
12842 12852 12862 12872 29712
12842 12852 12862 12872 29712
12842 12852 12862 12872 29712
12842 12852 12862 12872 29712
12842 12852 12862 12872 29712
12842 12852 12862 12872 29712
12842 12852 12862 12872 29712
12842 12852 12862 12872 29712
12842 12852 12862 12872 29712
12842 12852 12862 12872 29712
12842 12852 12862 12872 29712
12842 12852 12862 12872 29712
12892 12892 12892 12892 12892
12842 12852 12862 12872 29712
12902 12902 12902 12902 12902
12912 12912 12912 12912 12912
12922 12922 12922 12922 12922
12922 12922 12922 12922 12922
12922 12922 12922 12922 12922
12842 12852 12862 12872 29712
12842 12852 12862 12872 29712
12842 12852 12862 12872 29712
12932 12932 12932 12932 12932
12842 12852 12862 12872 29712
12842 12852 12862 12872 29712
12842 12852 33932 12872 29712
12842 12852 33932 12872 29712
12842 12852 33932 12872 29712
12842 12852 12862 12872 29712
12842 12852 12862 12872 29712
12842 12852 12862 12872 29712
20523 20533 20543 20553 20563 20573 20583 20593
20523 20533 20543 20553 20563 20573 20583 20593
20523 20533 20543 20553 20563 20573 20583 20593
20523 20533 20543 20553 20563 20573 20583 20593
20523 20533 20543 20553 20563 20573 20583 20593
20523 20533 20543 20553 20563 20573 20583 20593
20523 20533 20543 20553 20563 20573 20583 20593
20523 20533 20543 20553 20563 20573 20583 20593
20523 20533 20543 20553 20563 20573 20583 20593
20523 20533 20543 20553 20563 20573 20583 20593
20523 20533 20543 20553 20563 20573 20583 20593
20523 20533 20543 20553 20563 20573 20583 20593
20523 20533 20543 20553 20563 20573 20583 20593
20523 20533 20543 20553 20563 20573 20583 20593
20523 20533 20543 20553 20563 20573 20583 20593
20523 20533 20543 34243 34243 34243 20583 20593
20523 20533 20543 34243 34243 34243 20583 20593
20523 20533 20543 34243 34243 34243 20583 20593
20523 20533 20543 20553 20563 20573 20583 20593
20523 20533 20543 20553 20563 20573 20583 20593
20523 20533 20543 20553 20563 20573 20583 20593
20523 20533 20543 20553 20563 20573 20583 20593
20523 20533 20543 20553 20563 20573 20583 20593
20523 20533 20543 20553 20563 20573 20583 20593
20523 20533 20543 20553 20563 20573 20583 20593
20523 20533 20543 20553 20563 20573 20583 20593
20523 20533 20543 20553 20563 20573 20583 20593
20523 20533 20543 20553 20563 20573 20583 20593
20523 20533 20543 20553 20563 20573 20583 20593
20523 20533 20543 20553 20563 20573 20583 20593
20523 20533 20543 20553 20563 20573 20583 20593
20523 20533 20543 20553 20563 20573 20583 20593
20523 20533 20543 20553 20563 20573 20583 20593
20523 20533 20543 20553 20563 20573 20583 20593
20523 20533 20543 20553 20563 20573 20583 20593
20523 20533 20543 20553 20563 20573 20583 20593
20523 20533 20543 20553 20563 20573 20583 20593
20523 20533 20543 20553 20563 20573 20583 20593
20523 20533 20543 20553 20563 20573 20583 20593
20523 20533 20543 20553 20563 20573 20583 20593
20523 20533 20543 20553 20563 20573 20583 20593
20523 20533 20543 20553 20563 20573 20583 20593
20523 20533 20543 20553 20563 20573 20583 20593
20523 20533 20543 20553 20563 20573 20583 20593
20523 20533 20543 20553 20563 20573 20583 20593
20523 20533 20543 20553 20563 20573 20583 20593
20523 20533 20543 20553 20563 20573 20583 20593
20603 20533 20543 20603 20563 20573 20583 20603
20623 20533 20543 20623 20563 20573 20583 20623
20523 20533 20543 20553 20563 20573 20583 20593
20613 20613 20613 20613 20613 20613 20613 20613
20613 20613 20613 20613 20613 20613 20613 20613
20633 20633 20633 20633 20633 20573 20583 20593
20523 20533 20543 20553 20563 20573 20583 20593
20643 20643 20543 20643 20643 20573 20583 20593
20523 20533 20543 20553 20563 20573 20583 20593
20653 20533 20543 20653 20653 20653 20653 20653
20663 20533 20543 20663 20563 20573 20583 20663
20673 20533 20543 20553 20563 20573 20583 20673
20683 20533 20543 20683 20563 20573 20583 20593
20523 20533 20543 20553 20563 20573 20583 20593
20523 20533 20543 20553 20563 20573 20583 20593
20693 20533 20543 20693 20563 20573 20583 20593
20523 20533 20543 20553 20563 20573 20583 20593
20693 20693 20693 20693 20693 20693 20693 20693
20693 20693 20693 20693 20693 20693 20693 20693
20693 20693 20693 20693 20693 20693 20693 20693
20523 20533 20543 20553 20563 20573 20583 20593
20703 20533 20543 20703 20563 20573 20583 20593
20523 20533 20543 20553 20563 20573 20583 20593
20703 20533 20543 20553 20563 20573 20583 20703
20523 20533 20543 20553 20563 20573 20583 20593
20713 20533 20543 20713 20563 20573 20583 20593
20523 20533 20543 20553 20563 20573 20583 20593
20523 20533 20543 20553 20563 20573 20583 20593
20523 20533 20543 20553 20563 20573 20583 20593
20523 20533 20543 20553 20563 20573 20583 20593
20723 20533 20543 20723 20563 20573 20583 20593
20523 20533 20543 20553 20563 20573 20583 20593
20723 20533 20543 20723 20723 20723 20723 20723
20523 20533 20543 20553 20563 20573 20583 20593
20733 20733 20543 20733 20733 20573 20583 20593
20523 20533 20543 20553 20563 20573 20583 20593
20523 20533 20543 20553 20563 20573 20583 20593
