38761
38761
38761
38761
38761
38761
38761
38761
38761
38761
38761
38761
38761
38761
38761
38761
38761
38761
38761
38761
38761
38761
38761
38761
38761
38761
38761
38761
38761
38761
4082 4072 4092 4102 4112 14002 14012
4082 4072 4092 4102 4112 14002 14012
4082 4072 4092 4102 4112 14002 14012
4082 4072 4092 4102 4112 14002 14012
4082 4072 4092 4102 4112 14002 14012
4082 4072 4092 4102 4112 14002 14012
4082 4072 4092 4102 4112 14002 14012
4082 4072 4092 4102 4112 14002 14012
4082 4072 4092 4102 4112 14002 14012
4082 4072 4092 4102 4112 14002 14012
4082 4072 4092 4102 4112 14002 14012
4082 4072 4092 4102 4112 14002 14012
4082 4072 4092 4102 4112 14002 14012
4082 4072 4092 4102 4112 14002 14012
4082 4072 4092 4102 4112 14002 14012
4082 4072 4092 4102 4112 14002 14012
4082 4072 4092 4102 4112 14002 14012
4082 4072 4092 4102 4112 14002 14012
4082 4072 4092 4102 4112 14002 14012
4082 4072 4092 4102 4112 14002 14012
4082 4072 4092 4102 4112 14002 14012
4082 4072 4092 4102 4112 14002 14012
4082 4072 4092 4102 4112 14002 14012
4082 4072 4092 4102 4112 14002 14012
4082 4072 4092 4102 4112 14002 14012
4082 4072 4092 4102 4112 14002 14012
4082 4072 4092 4102 4112 14002 14012
4082 4072 4092 4102 4112 14002 14012
4082 4072 4092 4102 4112 14002 14012
4082 4072 4092 4102 4112 14002 14012
4082 4072 4092 4102 4112 14002 14012
4082 4072 4092 4102 4112 14002 14012
4082 4072 4092 4102 4112 14002 14012
4082 4072 4092 4102 4112 14002 14012
4082 4072 4092 4102 4112 14002 14012
4082 4072 4092 4102 4112 14002 14012
4082 4072 4092 4102 4112 14002 14012
4082 4072 4092 4102 4112 14002 14012
4082 4072 4092 4102 4112 14002 14012
4082 4072 4092 4102 4112 14002 14012
4082 4072 4092 4102 4112 14002 14012
4082 4072 4092 4102 4112 14002 14012
4082 4072 4092 4102 4112 14002 14012
4082 4072 4092 4102 4112 14002 14012
4082 4072 4092 4102 4112 14002 14012
4082 4072 4092 4102 4112 14002 14012
4082 4072 4092 4102 4112 14002 14012
4082 4072 4092 4102 4112 14002 14012
4082 4072 4092 4102 4112 14002 14012
4082 4072 4092 4102 4112 14002 14012
4082 4072 4092 4102 4112 14002 14012
4082 4072 4092 4102 4112 14002 14012
4082 4072 4092 4102 4112 14002 14012
4082 4072 4092 4102 4112 14002 14012
4082 4072 4092 4102 4112 14002 14012
4082 4072 4092 4102 4112 14002 14012
4082 4072 4092 4102 4112 14002 14012
4082 4072 4092 4102 4112 14002 14012
4082 4072 4092 4102 4112 14002 14012
4082 4072 4092 4102 4112 14002 14012
4082 4072 4092 4102 4112 14002 14012
4082 4072 4092 4102 4112 14002 14012
4082 4072 4092 4102 4112 14002 14012
4082 4072 4092 4102 4112 14002 14012
4082 4072 4092 4102 4112 14002 14012
4082 4072 4092 4102 4112 14002 14012
7793 7803 7813 7823 7833 7843 7853 7863
7793 7803 7813 7823 7833 7843 7853 7863
7793 7803 7813 7823 7833 7843 7853 7863
7793 7803 7813 7823 7833 7843 7853 7863
7793 7803 7813 7823 7833 7843 7853 7863
7793 7803 7813 7823 7833 7843 7853 7863
7793 7803 7813 7823 7833 7843 7853 7863
7793 7803 7813 7823 7833 7843 7853 7863
7793 7803 7813 7823 7833 7843 7853 7863
7793 7803 7813 7823 7833 7843 7853 7863
7793 7803 7813 7823 7833 7843 7853 7863
7793 7803 7813 7823 7833 7843 7853 7863
7793 7803 7813 7823 7833 7843 7853 7863
7793 7803 7813 7823 7833 7843 7853 7863
7793 7803 7813 7823 7833 7843 7853 7863
7793 7803 7813 7823 7833 7843 7853 7863
7793 7803 7813 7823 7833 7843 7853 7863
7793 7803 7813 7823 7833 7843 7853 7863
7793 7803 7813 7823 7833 7843 7853 7863
7793 7803 7813 7823 7833 7843 7853 7863
7793 7803 7813 7823 7833 7843 7853 7863
7793 7803 7813 7823 7833 7843 7853 7863
7793 7803 7813 7823 7833 7843 7853 7863
7793 7803 7813 7823 7833 7843 7853 7863
7793 7803 7813 7823 7833 7843 7853 7863
7793 7803 7813 7823 7833 7843 7853 7863
7793 7803 7813 7823 7833 7843 7853 7863
7793 7803 7813 7823 7833 7843 7853 7863
7793 7803 7813 7823 7833 7843 7853 7863
7793 7803 7813 7823 7833 7843 7853 7863
7793 7803 7813 7823 7833 7843 7853 7863
7793 7803 7813 7823 7833 7843 7853 7863
7793 7803 7813 7823 7833 7843 7853 7863
7793 7803 7813 7823 7833 7843 7853 7863
7793 7803 7813 7823 7833 7843 7853 7863
7793 7803 7813 7823 7833 7843 7853 7863
7793 7803 7813 7823 7833 7843 7853 7863
7793 7803 7813 7823 7833 7843 7853 7863
7793 7803 7813 7823 7833 7843 7853 7863
7793 7803 7813 7823 7833 7843 7853 7863
7793 7803 7813 7823 7833 7843 7853 7863
7793 7803 7813 7823 7833 7843 7853 7863
7793 7803 7813 7823 7833 7843 7853 7863
7793 7803 7813 7823 7833 7843 7853 7863
7793 7803 7813 7823 7833 7843 7853 7863
7793 7803 7813 7823 7833 7843 7853 7863
7793 7803 7813 7823 7833 7843 7853 7863
7793 7803 7813 7823 7833 7843 7853 7863
7793 7803 7813 7823 7833 7843 7853 7863
7793 7803 7813 7823 7833 7843 7853 7863
7793 7803 7813 7823 7833 7843 7853 7863
7793 7803 7813 7823 7833 7843 7853 7863
7793 7803 7813 7823 7833 7843 7853 7863
7793 7803 7813 7823 7833 7843 7853 7863
7793 7803 7813 7823 7833 7843 7853 7863
7793 7803 7813 7823 7833 7843 7853 7863
7793 7803 7813 7823 7833 7843 7853 7863
7793 7803 7813 7823 7833 7843 7853 7863
7793 7803 7813 7823 7833 7843 7853 7863
7793 7803 7813 7823 7833 7843 7853 7863
7873 7803 7813 7873 7833 7843 7853 7863
7793 7803 7813 7823 7833 7843 7853 7863
7793 7803 7813 7823 7833 7843 7853 7863
7873 7803 7813 7873 7833 7843 7853 7863
7873 7803 7813 7873 7833 7843 7853 7863
7873 7803 7813 7873 7833 7843 7853 7863
7873 7803 7813 7873 7833 7843 7853 7863
7793 7803 7813 7823 7833 7843 7853 7863
7793 7803 7813 7823 7833 7843 7853 7863
7873 7803 7813 7873 7833 7843 7853 7863
7873 7803 7813 7873 7833 7843 7853 7863
7793 7803 7813 7823 7833 7843 7853 7863
7793 7803 7813 7823 7833 7843 7853 7863
7873 7803 7813 7873 7833 7843 7853 7863
7873 7803 7813 7873 7833 7843 7853 7863
7873 7803 7813 7873 7833 7843 7853 7863
7793 7803 7813 7823 7833 7843 7853 7863
7793 7803 7813 7823 7833 7843 7853 7863
7873 7803 7813 7873 7833 7843 7853 7863
7873 7803 7813 7873 7833 7843 7853 7863
7793 7803 7813 7823 7833 7843 7853 7863
7793 7803 7813 7823 7833 7843 7853 7863
7793 7803 7813 7823 7833 7843 7853 7863
7793 7803 7813 7823 7833 7843 7853 7863
