2841 2891 2901 2911
2841 2891 2901 2911
2841 2891 2901 2911
2841 2891 2901 2911
2841 2891 2901 2911
2841 2891 2901 2911
2841 2891 2901 2911
2841 2891 2901 2911
2841 2891 2901 2911
2841 2891 2901 2911
2841 2891 2901 2911
2841 2891 2901 2911
2841 2891 2901 2911
2841 2891 2901 2911
2841 2891 2901 2911
2841 2891 2901 2911
2841 2891 2901 2911
2841 2891 2901 2911
2841 2891 2901 2911
2841 2891 2901 2911
2841 2891 2901 2911
2841 2891 2901 2911
2841 2891 2901 2911
2841 2891 2901 2911
2841 2891 2901 2911
2841 2891 2901 2911
2841 2891 2901 2911
2841 2891 2901 2911
2841 2891 2901 2911
2841 2891 2901 2911
2841 2891 2901 2911
2841 2891 2901 2911
2841 2891 2901 2911
2841 2891 2901 2911
2841 2891 2901 2911
2841 2891 2901 2911
2841 2891 2901 2911
2841 2891 2901 2911
2851 2851 2851 2851
2861 2861 2861 2861
2841 2891 2901 2911
2871 2871 2871 2871
2871 2871 2871 2871
2841 2891 2901 2911
2841 2891 2901 2911
2881 2881 2881 2881
2841 2891 2901 2911
2841 2891 2901 2911
2841 2891 2901 2911
2841 2891 2901 2911
