30 30 20 30 30 30 90 20 20
30 30 30 60 90 30 90 30 30
80 35 40 60 90 30 90 80 80
30 30 30 20 80 10 80 30 40
90 80 30 60 90 30 90 25 25
80 70 40 40 90 20 90 25 30
55 15 40 30 90 20 90 10 60
10 90 90 40 90 30 90 90 90
90 90 35 40 90 90 90 90 30
50 50 50 10 80 80 80 40 50
90 35 90 40 90 90 90 90 35
75 75 75 60 90 90 90 90 90
70 90 90 30 90 90 90 10 90
10 90 90 30 90 90 90 90 90
60 10 90 40 90 20 90 10 90
80 90 20 60 90 40 90 90 15
90 90 15 50 90 30 90 70 15
25 35 90 60 90 40 90 5 90
90 90 90 40 90 20 90 70 5
20 80 80 50 90 30 90 60 60
80 25 90 30 90 90 90 90 90
35 35 35 35 35 35 35 35 35
