84611
84611
84611
84611
84611
84611
84611
84611
84611
84611
84611
84611
84611
84611
84611
84611
84611
84611
84611
84611
84611
84611
84611
84611
84611
84611
84611
84611
84611
84611
9792 9842 9852 9862 9872 9882 9892
9792 9842 9852 9862 9872 9882 9892
9792 9842 9852 9862 9872 9882 9892
9792 9842 9852 9862 9872 9882 9892
9792 9842 9852 9862 9872 9882 9892
9792 9842 9852 9862 9872 9882 9892
9792 9842 9852 9862 9872 9882 9892
9792 9842 9852 9862 9872 9882 9892
9792 9842 9852 9862 9872 9882 9892
9792 9842 9852 9862 9872 9882 9892
9792 9842 9852 9862 9872 9882 9892
9792 9842 9852 9862 9872 9882 9892
9792 9842 9852 9862 9872 9882 9892
9792 9842 9852 9862 9872 9882 9892
9792 9842 9852 9862 9872 9882 9892
9792 9842 9852 9862 9872 9882 9892
9792 9842 9852 9862 33252 9882 9892
9792 9842 9852 9862 33252 9882 9892
9792 9842 9852 9862 9872 9882 9892
9792 9842 9852 9862 9872 9882 9892
9792 9842 9852 9862 9872 9882 9892
9792 9842 9852 9862 9872 9882 9892
9792 9842 9852 9862 9872 9882 9892
9792 9842 9852 9862 9872 9882 9892
9792 9842 9852 9862 9872 9882 9892
9792 9842 9852 9862 9872 9882 9892
9792 9842 9852 9862 9872 9882 9892
9792 9842 9852 9862 9872 9882 9892
9792 9842 9852 9862 9872 9882 9892
9792 9842 9852 9862 9872 9882 9892
9792 9842 9852 9862 9872 9882 9892
9792 9842 9852 9862 9872 9882 9892
9792 9842 9852 9862 9872 9882 9892
9792 9842 9852 9862 9872 9882 9892
9792 9842 9852 9862 9872 9882 9892
9792 9842 9852 9862 9872 9882 9892
9792 9842 9852 9862 9872 9882 9892
9792 9842 9852 9862 9872 9882 9892
9792 9842 9852 9862 9872 9882 9892
9792 9842 9852 9862 9872 9882 9892
9792 9842 9852 9862 9872 9882 9892
9792 9842 9852 9862 9872 9882 9892
9792 9842 9852 9862 9872 9882 9892
9792 9842 9852 9862 9872 9882 9892
9792 9842 9852 9862 9872 9882 9892
9802 9802 9802 9802 9802 9802 9802
9812 9812 9812 9812 9812 9812 9812
9792 9842 9852 9862 9872 9882 9892
9822 9822 9822 9822 33252 9822 9822
9822 9822 9822 9822 9822 9822 9822
9792 9842 9852 9862 9872 9882 9892
9792 9842 9852 9862 9872 9882 9892
9792 9842 9852 9862 9872 9882 9892
9792 9842 9852 9862 9872 9882 9892
9792 9842 9852 9862 9872 9882 9892
9832 9832 9832 9832 9832 9832 9832
9832 9832 9832 9832 9832 9832 9832
9832 9832 9832 9832 9832 9832 9832
9792 9842 9852 9862 9872 9882 9892
9792 9842 9852 9862 9872 9882 9892
9792 9842 9852 9862 9872 9882 9892
9792 9842 9852 9862 9872 9882 9892
9792 9842 9852 9862 9872 9882 9892
9792 9842 9852 9862 9872 9882 9892
9792 9842 9852 9862 9872 9882 9892
9792 9842 9852 9862 9872 9882 9892
9792 9842 9852 9862 9872 9882 9892
22113 22123 22133 22143 22153
22113 22123 22133 22143 22153
22113 22123 22133 22143 22153
22113 22123 22133 22143 22153
22113 22123 22133 22143 22153
22113 22123 22133 22143 22153
22113 22123 22133 22143 22153
22113 22123 22133 22143 22153
22113 22123 22133 22143 22153
22113 22123 22133 22143 22153
22113 22123 22133 22143 22153
22113 22123 22133 22143 22153
22113 22123 22133 22143 22153
22113 22123 22133 22143 22153
22113 22123 22133 22143 22153
22113 22123 22133 22143 22153
22113 22123 22133 22143 22153
22113 22123 22133 22143 22153
22113 22123 22133 22143 22153
22113 22123 22133 22143 22153
22113 22123 22133 22143 22153
22113 22123 22133 22143 22153
22113 22123 22133 22143 22153
22113 22123 22133 22143 22153
22113 22123 22133 22143 22153
22113 22123 22133 22143 22153
22113 22123 22133 22143 22153
22113 22123 22133 22143 22153
22113 22123 22133 22143 22153
22113 22123 22133 22143 22153
22113 22123 22133 22143 22153
22113 22123 22133 22143 22153
22113 22123 22133 22143 22153
22113 22123 22133 22143 22153
22113 22123 22133 22143 22153
22113 22123 22133 22143 22153
22113 22123 22133 22143 22153
22113 22123 22133 22143 22153
22113 22123 22133 22143 22153
22113 22123 22133 22143 22153
22113 22123 22133 22143 22153
22113 22123 22133 22143 22153
22113 22123 22133 22143 22153
22113 22123 22133 22143 22153
22113 22123 22133 22143 22153
22113 22123 22133 22143 22153
22113 22123 22133 22143 22153
22113 22123 22133 22143 22153
22113 22123 22133 22143 22153
22113 22123 22163 22163 22163 22163
22113 22123 22163 22163 22163 22163
22113 22123 22163 22163 22163 22163
22113 22123 34953 34953 34953 34953
22113 22123 34953 34953 34953 34953
22113 22123 34953 34953 34953 34953
22113 22123 22173 22173 22173 22173
22113 22123 22173 22173 22173 22173
22113 22123 34963 34963 34963 34963
22113 22123 34963 34963 34963 34963
22113 22123 22133 22143 22153
22113 22123 22133 22143 22153
22113 22123 22133 22143 22153
22113 22123 22133 22143 22153
22113 22123 22133 22143 22153
22113 22123 22133 22143 22153
22113 22123 22133 22143 22153
22113 22123 22133 22143 22153
22113 22123 22133 22143 22153
22113 22123 22133 22143 22153
22113 22123 22133 22143 22153
22113 22123 22133 22143 22153
22113 22123 22133 22143 22153
64364
64364
64364
64364
64364
64364
64364
64364
64364
64364
64364
64364
64364
64364
64364
64364
64364
64364
64364
64364
64364
64364
64364
64364
64364
64364
64364
64364
64364
64364
64364
64364
64364
64364
64364
64364
64364
64364
64364
64374
64374
64364
64364
64364
