38771
38771
38771
38771
38771
38771
38771
38771
38771
38771
38771
38771
38771
38771
38771
38771
38771
38771
38771
38771
38771
38771
38771
38771
38771
38771
38771
38771
38771
38771
3082 12492 12502 12512 12522 12532 12542
3082 12492 12502 12512 12522 12532 12542
3082 12492 12502 12512 12522 12532 12542
3082 12492 12502 12512 12522 12532 12542
3082 12492 12502 12512 12522 12532 12542
3082 12492 12502 12512 12522 12532 12542
3082 12492 12502 12512 12522 12532 12542
3082 12492 12502 12512 12522 12532 12542
3082 12492 12502 12512 12522 12532 12542
3082 12492 12502 12512 12522 12532 12542
3082 12492 12502 12512 12522 12532 12542
3082 12492 12502 12512 12522 12532 12542
3082 12492 12502 12512 12522 12532 12542
3082 12492 12502 12512 12522 12532 12542
3082 12492 12502 12512 12522 12532 12542
3082 12492 12502 12512 12522 12532 12542
3082 12492 12502 12512 12522 12532 12542
3082 12492 12502 12512 12522 12532 12542
3082 12492 12502 12512 12522 12532 12542
3082 12492 12502 12512 12522 12532 12542
3082 12492 12502 12512 12522 12532 12542
3082 12492 12502 12512 12522 12532 12542
3082 12492 12502 12512 12522 12532 12542
3082 12492 12502 12512 12522 12532 12542
3082 12492 12502 12512 12522 12532 12542
3082 12492 12502 12512 12522 12532 12542
3082 12492 12502 12512 12522 12532 12542
3082 12492 12502 12512 12522 12532 12542
3082 12492 12502 12512 12522 12532 12542
3082 12492 12502 12512 12522 12532 12542
3082 12492 12502 12512 12522 12532 12542
3082 12492 12502 12512 12522 12532 12542
3082 12492 12502 12512 12522 12532 12542
3082 12492 12502 12512 12522 12532 12542
3082 12492 12502 12512 12522 12532 12542
3082 12492 12502 12512 12522 12532 12542
3082 12492 12502 12512 12522 12532 12542
3082 12492 12502 12512 12522 12532 12542
3082 12492 12502 12512 12522 12532 12542
3082 12492 12502 12512 12522 12532 12542
3082 12492 12502 12512 12522 12532 12542
3082 12492 12502 12512 12522 12532 12542
3082 12492 12502 12512 12522 12532 12542
3082 12492 12502 12512 12522 12532 12542
3082 12492 12502 12512 12522 12532 12542
3082 12492 12502 12512 12522 12532 12542
3082 12492 12502 12512 12522 12532 12542
3082 12492 12502 12512 12522 12532 12542
3082 12492 12502 12512 12522 12532 12542
3082 12492 12502 12512 12522 12532 12542
3082 12492 12502 12512 12522 12532 12542
3082 12492 12502 12512 12522 12532 12542
3082 12492 12502 12512 12522 12532 12542
3082 12492 12502 12512 12522 12532 12542
3082 12492 12502 12512 12522 12532 12542
3082 12492 12502 12512 12522 12532 12542
3082 12492 12502 12512 12522 12532 12542
3082 12492 12502 12512 12522 12532 12542
3082 12492 12502 12512 12522 12532 12542
3082 12492 12502 12512 12522 12532 12542
3082 12492 12502 12512 12522 12532 12542
3082 12492 12502 12512 12522 12532 12542
3082 12492 12502 12512 12522 12532 12542
3082 12492 12502 12512 12522 12532 12542
3082 12492 12502 12512 12522 12532 12542
3082 12492 12502 12512 12522 12532 12542
3082 12492 12502 12512 12522 12532 12542
8733 8743 8753 8763 8773 8783 8793
8733 8743 8753 8763 8773 8783 8793
8733 8743 8753 8763 8773 8783 8793
8733 8743 8753 8763 8773 8783 8793
8733 8743 8753 8763 8773 8783 8793
8733 8743 8753 8763 8773 8783 8793
8733 8743 8753 8763 8773 8783 8793
8733 8743 8753 8763 8773 8783 8793
8733 8743 8753 8763 8773 8783 8793
8733 8743 8753 8763 8773 8783 8793
8733 8743 8753 8763 8773 8783 8793
8733 8743 8753 8763 8773 8783 8793
8733 8743 8753 8763 8773 8783 8793
8733 8743 8753 8763 8773 8783 8793
8733 8743 8753 8763 8773 8783 8793
8733 8743 8753 8763 8773 8783 8793
8733 8743 8753 8763 8773 8783 8793
8733 8743 8753 8763 8773 8783 8793
8733 8743 8753 8763 8773 8783 8793
8733 8743 8753 8763 8773 8783 8793
8733 8743 8753 8763 8773 8783 8793
8733 8743 8753 8763 8773 8783 8793
8733 8743 8753 8763 8773 8783 8793
8733 8743 8753 8763 8773 8783 8793
8733 8743 8753 8763 8773 8783 8793
8733 8743 8753 8763 8773 8783 8793
8733 8743 8753 8763 8773 8783 8793
8733 8743 8753 8763 8773 8783 8793
8733 8743 8753 8763 8773 8783 8793
8733 8743 8753 8763 8773 8783 8793
8733 8743 8753 8763 8773 8783 8793
8733 8743 8753 8763 8773 8783 8793
8733 8743 8753 8763 8773 8783 8793
8733 15623 8753 15623 15623 8783 8793 15623
8733 15623 8753 15623 15623 8783 8793 15623
8733 15623 8753 15623 15623 8783 8793 15623
8733 15623 8753 15623 15623 8783 8793 15623
8733 15623 8753 15623 15623 8783 8793 15623
8733 15623 8753 15623 15623 8783 8793 15623
8733 8743 8753 8763 8773 8783 8793
8733 8743 8753 8763 8773 8783 8793
8733 8743 8753 8763 8773 8783 8793
8733 8743 8753 8763 8773 8783 8793
8733 8743 8753 8763 8773 8783 8793
8733 8743 8753 8763 8773 8783 8793
8733 8743 8753 8763 8773 8783 8793
8733 8743 8753 8763 8773 8783 8793
8733 8743 8753 8763 8773 8783 8793
8733 8743 8753 8763 8773 8783 8793
8733 8743 8753 8763 8773 8783 8793
8733 8743 8753 8763 8773 8783 8793
8733 8743 8753 8763 8773 8783 8793
8733 8743 8753 8763 8773 8783 8793
8733 8743 8753 8763 8773 8783 8793
8733 8743 8753 8763 8773 8783 8793
8733 8743 8753 8763 8773 8783 8793
8733 8743 8753 8763 8773 8783 8793
8733 8743 8753 8763 8773 8783 8793
8733 8743 8753 8763 8773 8783 8793
8733 8743 8753 8763 8773 8783 8793
8733 8743 8753 8763 8773 8783 8793
8733 8743 8753 8763 8773 8783 8793
8733 8743 8753 8763 8773 8783 8793
8733 8743 8753 8763 8773 8783 8793
8733 8743 8753 8763 8773 8783 8793
8733 8743 8753 8763 8773 8783 8793
8733 8743 8753 8763 8773 8783 8793
8733 8743 8753 8763 8773 8783 8793
8733 8743 8753 8763 8773 8783 8793
8733 8743 8753 8763 8773 8783 8793
8733 8743 8753 8763 8773 8783 8793
8733 8743 8753 8763 8773 8783 8793
30704
30704
30704
30704
30704
30704
30704
30704
30704
30704
30704
30704
30704
30704
30704
30704
30704
30704
30704
30704
30704
30704
30704
30704
30704
30704
30704
30704
30704
30704
30704
30704
30704
30704
30704
30704
30704
30704
30704
30704
30704
30704
30704
30704
