0 0 0
1 0 1
2 0 2
3 0 3
4 0 4
5 0 5
6 0 6
7 0 7
8 0 8
9 0 9
10 0 10
11 0 11
0 0 0
12 0 12
13 1 13
14 1 14
15 1 15
16 1 16
17 1 17
18 1 18
19 1 19
20 1 20
21 1 21
13 1 13
22 1 22
23 1 23
24 1 24
25 1 25
26 1 26
27 1 27
0 0 0
1 0 1
2 0 2
3 1 3
4 2 4
5 0 5
6 3 6
7 4 7
8 0 8
9 0 9
10 0 10
11 0 11
12 0 12
13 0 13
14 5 14
15 6 15
16 7 16
17 8 17
18 9 18
19 5 19
20 10 20
21 5 21
22 5 22
23 5 23
24 5 24
25 5 25
26 5 26
27 5 27
28 5 28
29 5 29
30 5 30
31 5 31
32 5 32
33 5 33
34 5 34
35 5 35
36 5 36
37 5 37
35 5 35
36 5 36
37 5 37
38 5 38
39 5 39
40 5 40
41 5 41
42 11 42
43 12 43
44 6 15
45 7 16
46 11 42
47 5 44
48 5 45
49 5 46
50 5 44
51 5 47
46 11 42
53 13 48
53 13 48
54 5 49
55 5 50
56 5 51
57 14 52
58 15 53
59 5 54
60 5 55
61 5 56
62 5 57
0 0 0
1 0 1
1 0 1
2 0 2
3 0 3
4 0 4
5 0 5
6 0 6
7 0 7
8 0 8
9 0 9
10 0 10
11 0 11
12 0 12
13 0 13
14 1 14
23 1 23
15 2 15
16 3 16
17 4 17
18 5 18
19 6 19
20 7 20
21 8 21
22 9 22
24 1 24
25 1 25
26 1 26
27 1 27
28 1 28
29 1 29
30 1 30
31 1 31
32 1 32
33 1 33
34 1 34
35 1 35
36 1 36
37 1 37
38 1 38
39 1 39
40 1 40
38 1 38
39 1 39
40 1 40
41 1 41
42 1 42
43 1 43
44 1 44
45 10 45
46 11 46
47 12 47
45 10 45
46 11 46
47 12 47
48 10 45
49 13 48
48 10 45
49 13 48
50 14 49
51 14 49
52 15 50
53 16 51
54 17 52
55 18 53
56 19 54
57 1 55
58 1 56
59 1 57
60 1 58
61 16 51
62 1 59
0 0 0
1 0 1
2 0 2
3 0 3
4 0 4
5 0 5
6 0 6
7 0 7
8 0 8
9 0 9
10 0 10
11 0 11
12 0 12
13 0 13
14 0 14
15 0 15
16 0 16
17 0 17
18 0 18
19 0 19
20 0 20
21 0 21
22 0 22
23 0 23
24 0 24
25 0 25
26 0 26
27 0 27
28 0 28
29 0 29
30 0 30
28 0 28
29 0 29
30 0 30
31 0 31
32 0 32
33 0 33
34 0 34
35 1 35
36 2 36
37 3 37
38 4 38
39 5 39
40 6 40
