38751
38751
38751
38751
38751
38751
38751
38751
38751
38751
38751
38751
38751
38751
38751
38751
38751
38751
38751
38751
38751
38751
38751
38751
38751
38751
38751
38751
38751
38751
2292
2292
2292
2292
2292
2292
2292
2292
2292
2292
2292
2292
2292
2292
2292
2292
2292
2292
2292
2292
2292
2292
2292
2292
2292
2292
2292
2292
2292
2292
2292
2292
2292
2292
2292
2292
2292
2292
2292
2292
2292
2292
2292
2292
2292
2292
2292
2292
2292
2292
8243 8253 8263 8273 8283 8293 8303
8243 8253 8263 8273 8283 8293 8303
8243 8253 8263 8273 8283 8293 8303
8243 8253 8263 8273 8283 8293 8303
8243 8253 8263 8273 8283 8293 8303
8243 8253 8263 8273 8283 8293 8303
8243 8253 8263 8273 8283 8293 8303
8243 8253 8263 8273 8283 8293 8303
8243 8253 8263 8273 8283 8293 8303
8243 8253 8263 8273 8283 8293 8303
8243 8253 8263 8273 8283 8293 8303
8243 8253 8263 8273 8283 8293 8303
8243 8253 8263 8273 8283 8293 8303
8243 8253 8263 8273 8283 8293 8303
8243 8253 8263 8273 8283 8293 8303
8243 8253 8263 8273 8283 8293 8303
8243 8253 8263 8273 8283 8293 8303
8243 8253 8263 8273 8283 8293 8303
8243 8253 8263 8273 8283 8293 8303
8243 8253 8263 8273 8283 8293 8303
8243 8253 8263 8273 8283 8293 8303
8243 8253 8263 8273 8283 8293 8303
8243 8253 8263 8273 8283 8293 8303
8243 8253 8263 8273 8283 8293 8303
8243 8253 8263 8273 8283 8293 8303
8243 8253 8263 8273 8283 8293 8303
8243 8253 8263 8273 8283 8293 8303
8243 8253 8263 8273 8283 8293 8303
8243 8253 8263 8273 8283 8293 8303
8243 8253 8263 8273 8283 8293 8303
8243 8253 8263 8273 8283 8293 8303
8243 8253 8263 8273 8283 8293 8303
8243 8253 8263 8273 8283 8293 8303
8243 15543 8263 15543 15543 8293 8303 15543
8243 15543 8263 15543 15543 8293 8303 15543
8243 15543 8263 15543 15543 8293 8303 15543
8243 15543 8263 15543 15543 8293 8303 15543
8243 15543 8263 15543 15543 8293 8303 15543
8243 15543 8263 15543 15543 8293 8303 15543
8243 8253 8263 8273 8283 8293 8303
8243 8253 8263 8273 8283 8293 8303
8243 8253 8263 8273 8283 8293 8303
8243 8253 8263 8273 8283 8293 8303
8243 8253 8263 8273 8283 8293 8303
8243 8253 8263 8273 8283 8293 8303
8243 8253 8263 8273 8283 8293 8303
8243 8253 8263 8273 8283 8293 8303
8243 8253 8263 8273 8283 8293 8303
8243 8253 8263 8273 8283 8293 8303
8243 8253 8263 8273 8283 8293 8303
8243 8253 8263 8273 8283 8293 8303
8243 8253 8263 8273 8283 8293 8303
8243 8253 8263 8273 8283 8293 8303
8243 8253 8263 8273 8283 8293 8303
8243 8253 8263 8273 8283 8293 8303
8243 8253 8263 8273 8283 8293 8303
8243 8253 8263 8273 8283 8293 8303
8243 8253 8263 8273 8283 8293 8303
8243 8253 8263 8273 8283 8293 8303
8243 8253 8263 8273 8283 8293 8303
8243 8253 8263 8273 8283 8293 8303
8243 8253 8263 8273 8283 8293 8303
8243 8253 8263 8273 8283 8293 8303
8243 8253 8263 8273 8283 8293 8303
8243 8253 8263 8273 8283 8293 8303
8243 8253 8263 8273 8283 8293 8303
8243 8253 8263 8273 8283 8293 8303
8243 8253 8263 8273 8283 8293 8303
8243 8253 8263 8273 8283 8293 8303
8243 8253 8263 8273 8283 8293 8303
8243 8253 8263 8273 8283 8293 8303
8243 8253 8263 8273 8283 8293 8303
30684
30684
30684
30684
30684
30684
30684
30684
30684
30684
30684
30684
30684
30684
30684
30684
30684
30684
30684
30684
30684
30684
30684
30684
30684
30684
30684
30684
30684
30684
30684
30684
30684
30684
30684
30684
30684
30684
30684
30684
30684
30684
30684
30684
