38751
38751
38751
38751
38751
38751
38751
38751
38751
38751
38751
38751
38751
38751
38751
38751
38751
38751
38751
38751
38751
38751
38751
38751
38751
38751
38751
38751
38751
38751
2552
2552
2552
2552
2552
2552
2552
2552
2552
2552
2552
2552
2552
2552
2552
2552
2552
2552
2552
2552
2552
2552
2552
2552
2552
2552
2552
2552
2552
2552
2552
2552
25633 25643 25653 25663 25673 25683 25693
25633 25643 25653 25663 25673 25683 25693
25633 25643 25653 25663 25673 25683 25693
25633 25643 25653 25663 25673 25683 25693
25633 25643 25653 25663 25673 25683 25693
25633 25643 25653 25663 25673 25683 25693
25633 25643 25653 25663 25673 25683 25693
25633 25643 25653 25663 25673 25683 25693
25633 25643 25653 25663 25673 25683 25693
25633 25643 25653 25663 25673 25683 25693
25633 25643 25653 25663 25673 25683 25693
25633 25643 25653 25663 25673 25683 25693
25633 25643 25653 25663 25673 25683 25693
25633 25643 25653 25663 25673 25683 25693
25633 25643 25653 25663 25673 25683 25693
25633 25643 25653 25663 25673 25683 25693
25633 25643 25653 25663 25673 25683 25693
25633 25643 25653 25663 25673 25683 25693
25633 25643 25653 25663 25673 25683 25693
25633 25643 25653 25663 25673 25683 25693
25633 25643 25653 25663 25673 25683 25693
25633 25643 25653 25663 25673 25683 25693
25633 25643 25653 25663 25673 25683 25693
25633 25643 25653 25663 25673 25683 25693
25633 25643 25653 25663 25673 25683 25693
25633 25643 25653 25663 25673 25683 25693
25633 25643 25653 25663 25673 25683 25693
25633 25643 25653 25663 25673 25683 25693
25633 25643 25653 25663 25673 25683 25693
25633 25643 25653 25663 25673 25683 25693
25633 25643 25653 25663 25673 25683 25693
25633 25643 25653 25663 25673 25683 25693
25633 25643 25653 25663 25673 25683 25693
25633 25643 25653 25663 25673 25683 25693
25633 25643 25653 25663 25673 25683 25693
25633 25643 25653 25663 25673 25683 25693
25633 25643 25653 25663 25673 25683 25693
25633 25643 25653 25663 25673 25683 25693
25633 25643 25653 25663 25673 25683 25693
25633 25643 25653 25663 25673 25683 25693
25633 25643 25653 25663 25673 25683 25693
25633 25643 25653 25663 25673 25683 25693
25633 25643 25653 25663 25673 25683 25693
25633 25643 25653 25663 25673 25683 25693
25633 25643 25653 25663 25673 25683 25693
25633 25643 25653 25663 25673 25683 25693
25633 25643 25653 25663 25673 25683 25693
25633 25643 25653 25663 25673 25683 25693
25633 25643 25653 25663 25673 25683 25693
25633 25643 25653 25663 25673 25683 25693
25633 25643 25653 25663 25673 25683 25693
25633 25643 25653 25663 25673 25683 25693
25633 25643 25653 25663 25673 25683 25693
25633 25643 25653 25663 25673 25683 25693
25633 25643 25653 25663 25673 25683 25693
25633 25643 25653 25663 25673 25683 25693
25633 25643 25653 25663 25673 25683 25693
25633 25643 25653 25663 25673 25683 25693
25633 25643 25653 25663 25673 25683 25693
25633 25643 25653 25663 25673 25683 25693
25633 25643 25653 25663 25673 25683 25693
25633 25643 25653 25663 25673 25683 25693
25633 25643 25653 25663 25673 25683 25693
25633 25643 25653 25663 25673 25683 25693
25633 25643 25653 25663 25673 25683 25693
25633 25643 25653 25663 25673 25683 25693
25633 25643 25653 25663 25673 25683 25693
25633 25643 25653 25663 25673 25683 25693
25633 25643 25653 25663 25673 25683 25693
25633 25643 25653 25663 25673 25683 25693
25633 25643 25653 25663 25673 25683 25693
25633 25643 25653 25663 25673 25683 25693
25633 25643 25653 25663 25673 25683 25693
25633 25643 25653 25663 25673 25683 25693
25633 25643 25653 25663 25673 25683 25693
25633 25643 25653 25663 25673 25683 25693
25633 25643 25653 25663 25673 25683 25693
25633 25643 25653 25663 25673 25683 25693
25633 25643 25653 25663 25673 25683 25693
25633 25643 25653 25663 25673 25683 25693
25633 25643 25653 25663 25673 25683 25693
25633 25643 25653 25663 25673 25683 25693
25633 25643 25653 25663 25673 25683 25693
25633 25643 25653 25663 25673 25683 25693
25633 25643 25653 25663 25673 25683 25693
29894 29904 29914 29924 29944 29934
29894 29904 29914 29924 29944 29934
29894 29904 29914 29924 29944 29934
29894 29904 29914 29924 29944 29934
29894 29904 29914 29924 29944 29934
29894 29904 29914 29924 29944 29934
29894 29904 29914 29924 29944 29934
29894 29904 29914 29924 29944 29934
29894 29904 29914 29924 29944 29934
29894 29904 29914 29924 29944 29934
29894 29904 29914 29924 29944 29934
29894 29904 29914 29924 29944 29934
29894 29904 29914 29924 29944 29934
29894 29904 29914 29924 29944 29934
29894 29904 29914 29924 29944 29934
29894 29904 29914 29924 29944 29934
29894 29904 29914 29924 29944 29934
29894 29904 29914 29924 29944 29934
29894 29904 29914 29924 29944 29934
29894 29904 29914 29924 29944 29934
29894 29904 29914 29924 29944 29934
29894 29904 29914 29924 29944 29934
29894 29904 29914 29924 29944 29934
29894 29904 29914 29924 29944 29934
29894 29904 29914 29924 29944 29934
29894 29904 29914 29924 29944 29934
29894 29904 29914 29924 29944 29934
29894 29904 29914 29924 29944 29934
29894 29904 29914 29924 29944 29934
29894 29904 29914 29924 29944 29934
29894 29904 29914 29924 29944 29934
29894 29904 29914 29924 29944 29934
29894 29904 29914 29924 29944 29934
29894 29904 29914 29924 29944 29934
29894 29904 29914 29924 29944 29934
29894 29904 29914 29924 29944 29934
29894 29904 29914 29924 29944 29934
29894 29904 29914 29924 29944 29934
29894 29904 29914 29924 29944 29934
29894 29904 29914 29924 29944 29934
29894 29904 29914 29924 29944 29934
29894 29904 29914 29924 29944 29934
29894 29904 29914 29924 29944 29934
29894 29904 29914 29924 29944 29934
29894 29904 29914 29924 29944 29934
29894 29904 29914 29924 29944 29934
29894 29904 29914 29924 29944 29934
29894 29904 29914 29924 29944 29934
29894 29904 29914 29924 29944 29934
29894 29904 29914 29924 29944 29934
29894 29904 29914 29924 29944 29934
29894 29904 29914 29924 29944 29934
29894 29904 29914 29924 29944 29934
29894 29904 29914 29924 29944 29934
29894 29904 29914 29924 29944 29934
29894 29904 29914 29924 29944 29934
29894 29904 29914 29924 29944 29934
29894 29904 29914 29924 29944 29934
29894 29904 29914 29924 29944 29934
29894 29904 29914 29924 29944 29934
29894 29904 29914 29924 29944 29934
29894 29904 29914 29924 29944 29934
29894 29904 29914 29924 29944 29934
29894 29904 29914 29924 29944 29934
29894 29904 29914 29924 29944 29934
29894 29904 29914 29924 29944 29934
29894 29904 29914 29924 29944 29934
