84591
84591
84591
84591
84591
84591
84591
84591
84591
84591
84591
84591
84591
84591
84591
84591
84591
84591
84591
84591
84591
84591
84591
84591
84591
84591
84591
84591
84591
84591
7822 7822 7822
7822 7822 7822
7822 7822 7822
7822 7822 7822
7822 7822 7822
7822 7822 7822
7822 7822 7822
7822 7822 7822
7822 7822 7822
7822 7822 7822
7822 7822 7822
7822 7822 7822
7822 7822 7822
7822 7822 7822
7822 7822 7822
7822 7822 7822
7822 7822 7822
7822 7822 7822
7822 7822 7822
7822 7822 7822
7822 7822 7822
7822 7822 7822
7822 7822 7822
7822 7822 7822
7822 7822 7822
7822 7822 7822
7822 7822 7822
7822 7822 7822
7822 7822 7822
7822 7822 7822
7822 7822 7822
7822 7822 7822
53143 53153 53163 53173 53183 53193 53203 53213
53143 53153 53163 53173 53183 53193 53203 53213
53143 53153 53163 53173 53183 53193 53203 53213
53143 53153 53163 53173 53183 53193 53203 53213
53143 53153 53163 53173 53183 53193 53203 53213
53143 53153 53163 53173 53183 53193 53203 53213
53143 53153 53163 53173 53183 53193 53203 53213
53143 53153 53163 53173 53183 53193 53203 53213
53143 53153 53163 53173 53183 53193 53203 53213
53143 53153 53163 53173 53183 53193 53203 53213
53143 53153 53163 53173 53183 53193 53203 53213
53143 53153 53163 53173 53183 53193 53203 53213
53143 53153 53163 53173 53183 53193 53203 53213
53143 53153 53163 53173 53183 53193 53203 53213
53143 53153 53163 53173 53183 53193 53203 53213
53143 53153 53163 53173 53183 53193 53203 53213
53143 53153 53163 53173 53183 53193 53203 53213
53143 53153 53163 53173 53183 53193 53203 53213
53143 53153 53163 53173 53183 53193 53203 53213
53143 53153 53163 53173 53183 53193 53203 53213
53143 53153 53163 53173 53183 53193 53203 53213
53143 53153 53163 53173 53183 53193 53203 53213
53143 53153 53163 53173 53183 53193 53203 53213
53143 53153 53163 53173 53183 53193 53203 53213
53143 53153 53163 53173 53183 53193 53203 53213
53143 53153 53163 53173 53183 53193 53203 53213
53143 53153 53163 53173 53183 53193 53203 53213
53143 53153 53163 53173 53183 53193 53203 53213
53143 53153 53163 53173 53183 53193 53203 53213
53143 53153 53163 53173 53183 53193 53203 53213
53143 53153 53163 53173 53183 53193 53203 53213
53143 53153 53163 53173 53183 53193 53203 53213
53143 53153 53163 53173 53183 53193 53203 53213
53143 53153 53163 53173 53183 53193 53203 53213
53143 53153 53163 53173 53183 53193 53203 53213
53143 53153 53163 53173 53183 53193 53203 53213
53143 53153 53163 53173 53183 53193 53203 53213
53143 53153 53163 53173 53183 53193 53203 53213
53143 53153 53163 53173 53183 53193 53203 53213
53143 53153 53163 53173 53183 53193 53203 53213
53143 53153 53163 53173 53183 53193 53203 53213
53143 53153 53163 53173 53183 53193 53203 53213
53143 53153 53163 53173 53183 53193 53203 53213
53143 53153 53163 53173 53183 53193 53203 53213
53143 53153 53163 53173 53183 53193 53203 53213
53143 53153 53163 53173 53183 53193 53203 53213
53143 53153 53163 53173 53183 53193 53203 53213
53143 53153 53163 53173 53183 53193 53203 53213
53143 53153 53163 53173 53183 53193 53203 53213
53143 53153 53163 53173 53183 53193 53203 53213
53143 53153 53163 53173 53183 53193 53203 53213
53143 53153 53163 53173 53183 53193 53203 53213
53143 53153 53163 53173 53183 53193 53203 53213
53143 53153 53163 53173 53183 53193 53203 53213
53143 53153 53163 53173 53183 53193 53203 53213
53143 53153 53163 53173 53183 53193 53203 53213
53143 53153 53163 53173 53183 53193 53203 53213
53143 53153 53163 53173 53183 53193 53203 53213
53143 53153 53163 53173 53183 53193 53203 53213
53143 53153 53163 53173 53183 53193 53203 53213
53143 53233 53233 53223 53233 53233 53233 53223
53143 53243 53243 53243 53243 53243 53243 53243
53143 53243 53243 53243 53243 53243 53243 53243
53143 53243 53243 53243 53243 53243 53243 53243
53143 53263 53263 53253 53263 53263 53263 53253
53143 53263 53263 53253 53263 53263 53263 53253
53143 53263 53263 53253 53263 53263 53263 53253
53143 53263 53263 53253 53263 53263 53263 53253
53143 53263 53263 53253 53263 53263 53263 53253
53143 53263 53263 53253 53263 53263 53263 53253
53143 53153 53163 53173 53183 53193 53203 53213
53143 53153 53163 53173 53183 53193 53203 53213
53143 53243 53243 53243 53243 53243 53243 53213
53143 53243 53243 53223 53243 53243 53243 53223
53143 53263 53263 53253 53263 53263 53263 53253
53143 53263 53263 53253 53263 53263 53263 53253
53143 53263 53263 53253 53263 53263 53263 53253
53143 53153 53163 53173 53183 53193 53203 53213
53143 53153 53163 53173 53183 53193 53203 53213
53143 53153 53163 53173 53183 53193 53203 53213
53143 53273 53273 53273 53273 53273 53273 53273
53143 53153 53163 53173 53183 53193 53203 53213
53143 53283 53283 53283 53283 53283 53283 53283
53143 53283 53283 53283 53283 53283 53283 53283
53143 53153 53163 53173 53183 53193 53203 53213
62764 62784 62794 62804 62814
62764 62784 62794 62804 62814
62764 62784 62794 62804 62814
62764 62784 62794 62804 62814
62764 62784 62794 62804 62814
62764 62784 62794 62804 62814
62764 62784 62794 62804 62814
62764 62784 62794 62804 62814
62764 62784 62794 62804 62814
62764 62784 62794 62804 62814
62764 62784 62794 62804 62814
62764 62784 62794 62804 62814
62764 62784 62794 62804 62814
62764 62784 62794 62804 62814
62764 62784 62794 62804 62814
62764 62784 62794 62804 62884
62764 62784 62794 62804 62884
62764 62784 62794 62804 62884
62764 62784 62794 62804 62814
62764 62784 62794 62804 62814
62764 62784 62794 62804 62814
62764 62784 62794 62804 62814
62764 62784 62794 62804 62814
62764 62784 62794 62804 62814
62764 62784 62794 62804 62814
62764 62784 62794 62804 62814
62764 62784 62794 62804 62814
62764 62784 62794 62804 62814
62764 62784 62794 62804 62814
62764 62784 62794 62804 62814
62764 62784 62794 62804 62814
62764 62784 62794 62804 62814
62764 62784 62794 62804 62814
62764 62784 62794 62804 62814
62764 62784 62794 62804 62814
62764 62784 62794 62804 62814
62764 62784 62794 62804 62814
62764 62784 62794 62804 62814
62764 62784 62794 62804 62814
62764 62784 62794 62804 62814
62764 62784 62794 62804 62814
62764 62784 62794 62804 62814
62764 62784 62794 62804 62814
62764 62784 62794 62804 62814
62764 62784 62794 62804 62814
62764 62784 62794 62804 62814
62764 62784 62794 62804 62814
62774 62774 62774 62804 62814
62764 62784 62794 62804 62814
62764 62784 62794 62804 62814
62764 62784 62794 62804 62814
62764 62784 62794 62804 62814
62764 62784 62794 62804 62814
62764 62784 62794 62804 62814
62764 62784 62794 62804 62814
62764 62784 62794 62804 62814
62764 62844 62794 62804 62814
62764 62784 62794 62804 62814
62764 62784 62794 62804 62814
62854 62854 62854 62804 62814
62764 62784 62794 62804 62814
62764 62784 62794 62804 62814
62864 62864 62864 62804 62814
62874 62874 62874 62874 62874
62874 62874 62874 62874 62874
62874 62874 62874 62874 62874
62764 62784 62794 62804 62814
