38751
38751
38751
38751
38751
38751
38751
38751
38751
38751
38751
38751
38751
38751
38751
38751
38751
38751
38751
38751
38751
38751
38751
38751
38751
38751
38751
38751
38751
38751
2622
2622
2622
2622
2622
2622
2622
2622
2622
2622
2622
2622
2622
2622
2622
2622
2622
2622
2622
2622
2622
2622
2622
2622
2622
2622
2622
2622
2622
2622
2622
2622
30313 30323 30333 30343 30353 30363 30373 30383
30313 30323 30333 30343 30353 30363 30373 30383
30313 30323 30333 30343 30353 30363 30373 30383
30313 30323 30333 30343 30353 30363 30373 30383
30313 30323 30333 30343 30353 30363 30373 30383
30313 30323 30333 30343 30353 30363 30373 30383
30313 30323 30333 30343 30353 30363 30373 30383
30313 30323 30333 30343 30353 30363 30373 30383
30313 30323 30333 30343 30353 30363 30373 30383
30313 30323 30333 30343 30353 30363 30373 30383
30313 30323 30333 30343 30353 30363 30373 30383
30313 30323 30333 30343 30353 30363 30373 30383
30313 30323 30333 30343 30353 30363 30373 30383
30313 30323 30333 30343 30353 30363 30373 30383
30313 30323 30333 30343 30353 30363 30373 30383
30313 30323 30333 30343 30353 30363 30373 30383
30313 30323 30333 30343 30353 30363 30373 30383
30313 30323 30333 30343 30353 30363 30373 30383
30313 30323 30333 30343 30353 30363 30373 30383
30313 30323 30333 30343 30353 30363 30373 30383
30313 30323 30333 30343 30353 30363 30373 30383
30313 30323 30333 30343 30353 30363 30373 30383
30313 30323 30333 30343 30353 30363 30373 30383
30313 30323 30333 30343 30353 30363 30373 30383
30313 30323 30333 30343 30353 30363 30373 30383
30313 30323 30333 30343 30353 30363 30373 30383
30313 30323 30333 30343 30353 30363 30373 30383
30313 30323 30333 30343 30353 30363 30373 30383
30313 30323 30333 30343 30353 30363 30373 30383
30313 30323 30333 30343 30353 30363 30373 30383
30313 30323 30333 30343 30353 30363 30373 30383
30313 30323 30333 30343 30353 30363 30373 30383
30313 30323 30333 30343 30353 30363 30373 30383
30313 30323 30333 30343 30353 30363 30373 30383
30313 30323 30333 30343 30353 30363 30373 30383
30313 30323 30333 30343 30353 30363 30373 30383
30313 30323 30333 30343 30353 30363 30373 30383
30313 30323 30333 30343 30353 30363 30373 30383
30313 30323 30333 30343 30353 30363 30373 30383
30313 30323 30333 30343 30353 30363 30373 30383
30313 30323 30333 30343 30353 30363 30373 30383
30313 30323 30333 30343 30353 30363 30373 30383
30313 30323 30333 30343 30353 30363 30373 30383
30313 30323 30333 30343 30353 30363 30373 30383
30313 30323 30333 30343 30353 30363 30373 30383
30313 30323 30333 30343 30353 30363 30373 30383
30313 30323 30333 30343 30353 30363 30373 30383
30313 30323 30333 30343 30353 30363 30373 30383
30313 30323 30333 30343 30353 30363 30373 30383
30313 30323 30333 30343 30353 30363 30373 30383
30313 30323 30333 30343 30353 30363 30373 30383
30313 30323 30333 30343 30353 30363 30373 30383
30313 30323 30333 30343 30353 30363 30373 30383
30313 30323 30333 30343 30353 30363 30373 30383
30313 30323 30333 30343 30353 30363 30373 30383
30313 30323 30333 30343 30353 30363 30373 30383
30313 30323 30333 30343 30353 30363 30373 30383
30313 30323 30333 30343 30353 30363 30373 30383
30313 30323 30333 30343 30353 30363 30373 30383
30313 30323 30333 30343 30353 30363 30373 30383
30393 30323 30333 30393 30353 30363 30373 30383
30313 30323 30333 30343 30353 30363 30373 30383
30313 30323 30333 30343 30353 30363 30373 30383
30393 30323 30333 30393 30353 30363 30373 30383
30393 30323 30333 30393 30353 30363 30373 30383
30393 30323 30333 30393 30353 30363 30373 30383
30393 30323 30333 30393 30353 30363 30373 30383
30313 30323 30333 30343 30353 30363 30373 30383
30313 30323 30333 30343 30353 30363 30373 30383
30393 30323 30333 30393 30353 30363 30373 30383
30393 30323 30333 30393 30353 30363 30373 30383
30313 30323 30333 30343 30353 30363 30373 30383
30313 30323 30333 30343 30353 30363 30373 30383
30393 30323 30333 30393 30353 30363 30373 30383
30393 30323 30333 30393 30353 30363 30373 30383
30393 30323 30333 30393 30353 30363 30373 30383
30313 30323 30333 30343 30353 30363 30373 30383
30313 30323 30333 30343 30353 30363 30373 30383
30393 30323 30333 30393 30353 30363 30373 30383
30393 30323 30333 30393 30353 30363 30373 30383
30313 30323 30333 30343 30353 30363 30373 30383
30313 30323 30333 30343 30353 30363 30373 30383
30313 30323 30333 30343 30353 30363 30373 30383
30313 30323 30333 30343 30353 30363 30373 30383
