84591
84591
84591
84591
84591
84591
84591
84591
84591
84591
84591
84591
84591
84591
84591
84591
84591
84591
84591
84591
84591
84591
84591
84591
84591
84591
84591
84591
84591
84591
18102 18112 18122 18132 18142 18152 18162 18172
18102 18112 18122 18132 18142 18152 18162 18172
18102 18112 18122 18132 18142 18152 18162 18172
18102 18112 18122 18132 18142 18152 18162 18172
18102 18112 18122 18132 18142 18152 18162 18172
18102 18112 18122 18132 18142 18152 18162 18172
18102 18112 18122 18132 18142 18152 18162 18172
18102 18112 18122 18132 18142 18152 18162 18172
18102 18112 18122 18132 18142 18152 18162 18172
18102 18112 18122 18132 18142 18152 18162 18172
18102 18112 18122 18132 18142 18152 18162 18172
18102 18112 18122 18132 18142 18152 18162 18172
18102 18112 18122 18132 18142 18152 18162 18172
18102 18112 18122 18132 18142 18152 18162 18172
18102 18112 18122 18132 18142 18152 18162 18172
18102 18112 18122 33422 33422 33422 18162 18172
18102 18112 18122 33422 33422 33422 18162 18172
18102 18112 18122 33422 33422 33422 18162 18172
18102 18112 18122 18132 18142 18152 18162 18172
18102 18112 18122 18132 18142 18152 18162 18172
18102 18112 18122 18132 18142 18152 18162 18172
18102 18112 18122 18132 18142 18152 18162 18172
18102 18112 18122 18132 18142 18152 18162 18172
18102 18112 18122 18132 18142 18152 18162 18172
18102 18112 18122 18132 18142 18152 18162 18172
18102 18112 18122 18132 18142 18152 18162 18172
18102 18112 18122 18132 18142 18152 18162 18172
18102 18112 18122 18132 18142 18152 18162 18172
18102 18112 18122 18132 18142 18152 18162 18172
18102 18112 18122 18132 18142 18152 18162 18172
18102 18112 18122 18132 18142 18152 18162 18172
18102 18112 18122 18132 18142 18152 18162 18172
18102 18112 18122 18132 18142 18152 18162 18172
18102 18112 18122 18132 18142 18152 18162 18172
18102 18112 18122 18132 18142 18152 18162 18172
18102 18112 18122 18132 18142 18152 18162 18172
18102 18112 18122 18132 18142 18152 18162 18172
18102 18112 18122 18132 18142 18152 18162 18172
18102 18112 18122 18132 18142 18152 18162 18172
18102 18112 18122 18132 18142 18152 18162 18172
18102 18112 18122 18132 18142 18152 18162 18172
18102 18112 18122 18132 18142 18152 18162 18172
18102 18112 18122 18132 18142 18152 18162 18172
18102 18112 18122 18132 18142 18152 18162 18172
18102 18112 18122 18132 18142 18152 18162 18172
18102 18112 18122 18132 18142 18152 18162 18172
18102 18112 18122 18132 18142 18152 18162 18172
18182 18112 18122 18182 18142 18152 18162 18182
18202 18112 18122 18202 18142 18152 18162 18202
18102 18112 18122 18132 18142 18152 18162 18172
18192 18192 18192 18192 18192 18192 18192 18192
18192 18192 18192 18192 18192 18192 18192 18192
18212 18212 18212 18212 18212 18152 18162 18172
18102 18112 18122 18132 18142 18152 18162 18172
18222 18222 18122 18222 18222 18152 18162 18172
18102 18112 18122 18132 18142 18152 18162 18172
18232 18112 18122 18232 18232 18232 18232 18232
18242 18112 18122 18242 18142 18152 18162 18242
18252 18112 18122 18132 18142 18152 18162 18252
18262 18112 18122 18262 18142 18152 18162 18172
18102 18112 18122 18132 18142 18152 18162 18172
18102 18112 18122 18132 18142 18152 18162 18172
18272 18112 18122 18272 18142 18152 18162 18172
18102 18112 18122 18132 18142 18152 18162 18172
18272 18272 18272 18272 18272 18272 18272 18272
18272 18272 18272 18272 18272 18272 18272 18272
18272 18272 18272 18272 18272 18272 18272 18272
18102 18112 18122 18132 18142 18152 18162 18172
18282 18112 18122 18282 18142 18152 18162 18172
18102 18112 18122 18132 18142 18152 18162 18172
18282 18112 18122 18132 18142 18152 18162 18282
18102 18112 18122 18132 18142 18152 18162 18172
18292 18112 18122 18292 18142 18152 18162 18172
18102 18112 18122 18132 18142 18152 18162 18172
18102 18112 18122 18132 18142 18152 18162 18172
18102 18112 18122 18132 18142 18152 18162 18172
18102 18112 18122 18132 18142 18152 18162 18172
18302 18112 18122 18302 18142 18152 18162 18172
18102 18112 18122 18132 18142 18152 18162 18172
18302 18112 18122 18302 18302 18302 18302 18302
18102 18112 18122 18132 18142 18152 18162 18172
18312 18312 18122 18312 18312 18152 18162 18172
18102 18112 18122 18132 18142 18152 18162 18172
18102 18112 18122 18132 18142 18152 18162 18172
21623 21633 21643 21653 21663
21623 21633 21643 21653 21663
21623 21633 21643 21653 21663
21623 21633 21643 21653 21663
21623 21633 21643 21653 21663
21623 21633 21643 21653 21663
21623 21633 21643 21653 21663
21623 21633 21643 21653 21663
21623 21633 21643 21653 21663
21623 21633 21643 21653 21663
21623 21633 21643 21653 21663
21623 21633 21643 21653 21663
21623 21633 21643 21653 21663
21623 21633 21643 21653 21663
21623 21633 21643 21653 21663
21623 21633 21643 21653 21663
21623 21633 21643 21653 21663
21623 21633 21643 21653 21663
21623 21633 21643 21653 21663
21623 21633 21643 21653 21663
21623 21633 21643 21653 21663
21623 21633 21643 21653 21663
21623 21633 21643 21653 21663
21623 21633 21643 21653 21663
21623 21633 21643 21653 21663
21623 21633 21643 21653 21663
21623 21633 21643 21653 21663
21623 21633 21643 21653 21663
21623 21633 21643 21653 21663
21623 21633 21643 21653 21663
21623 21633 21643 21653 21663
21623 21633 21643 21653 21663
21623 21633 21643 21653 21663
21623 21633 21643 21653 21663
21623 21633 21643 21653 21663
21623 21633 21643 21653 21663
21623 21633 21643 21653 21663
21623 21633 21643 21653 21663
21623 21633 21643 21653 21663
21623 21633 21643 21653 21663
21623 21633 21643 21653 21663
21623 21633 21643 21653 21663
21623 21633 21643 21653 21663
21623 21633 21643 21653 21663
21623 21633 21643 21653 21663
21623 21633 21643 21653 21663
21623 21633 21643 21653 21663
21623 21633 21643 21653 21663
21623 21633 21643 21653 21663
21623 21633 21673 21673 21673 21673
21623 21633 21673 21673 21673 21673
21623 21633 21673 21673 21673 21673
21623 21633 34793 34793 34793 34793
21623 21633 34793 34793 34793 34793
21623 21633 34793 34793 34793 34793
21623 21633 21683 21683 21683 21683
21623 21633 21683 21683 21683 21683
21623 21633 34803 34803 34803 34803
21623 21633 34803 34803 34803 34803
21623 21633 21643 21653 21663
21623 21633 21643 21653 21663
21623 21633 21643 21653 21663
21623 21633 21643 21653 21663
21623 21633 21643 21653 21663
21623 21633 21643 21653 21663
21623 21633 21643 21653 21663
21623 21633 21643 21653 21663
21623 21633 21643 21653 21663
21623 21633 21643 21653 21663
21623 21633 21643 21653 21663
21623 21633 21643 21653 21663
21623 21633 21643 21653 21663
