38751
38751
38751
38751
38751
38751
38751
38751
38751
38751
38751
38751
38751
38751
38751
38751
38751
38751
38751
38751
38751
38751
38751
38751
38751
38751
38751
38751
38751
38751
6802 6812 6822 6832 6842 6852 6862 6872
6802 6812 6822 6832 6842 6852 6862 6872
6802 6812 6822 6832 6842 6852 6862 6872
6802 6812 6822 6832 6842 6852 6862 6872
6802 6812 6822 6832 6842 6852 6862 6872
6802 6812 6822 6832 6842 6852 6862 6872
6802 6812 6822 6832 6842 6852 6862 6872
6802 6812 6822 6832 6842 6852 6862 6872
6802 6812 6822 6832 6842 6852 6862 6872
6802 6812 6822 6832 6842 6852 6862 6872
6802 6812 6822 6832 6842 6852 6862 6872
6802 6812 6822 6832 6842 6852 6862 6872
6802 6812 6822 6832 6842 6852 6862 6872
6802 6812 6822 6832 6842 6852 6862 6872
6802 6812 6822 6832 6842 6852 6862 6872
6802 6812 6822 6832 6842 6852 6862 6872
6802 6812 6822 6832 6842 6852 6862 6872
6802 6812 6822 6832 6842 6852 6862 6872
6802 6812 6822 6832 6842 6852 6862 6872
6802 6812 6822 6832 6842 6852 6862 6872
6802 6812 6822 6832 6842 6852 6862 6872
6802 6812 6822 6832 6842 6852 6862 6872
6802 6812 6822 6832 6842 6852 6862 6872
6802 6812 6822 6832 6842 6852 6862 6872
6802 6812 6822 6832 6842 6852 6862 6872
6802 6812 6822 6832 6842 6852 6862 6872
6802 6812 6822 6832 6842 6852 6862 6872
6802 6812 6822 6832 6842 6852 6862 6872
6802 6812 6822 6832 6842 6852 6862 6872
6802 6812 6822 6832 6842 6852 6862 6872
6802 6812 6822 6832 6842 6852 6862 6872
6802 6812 6822 6832 6842 6852 6862 6872
6802 6812 6822 6832 6842 6852 6862 6872
6802 6812 6822 6832 6842 6852 6862 6872
6802 6812 6822 6832 6842 6852 6862 6872
6802 6812 6822 6832 6842 6852 6862 6872
6802 6812 6822 6832 6842 6852 6862 6872
6802 6812 6822 6832 6842 6852 6862 6872
6802 6812 6822 6832 6842 6852 6862 6872
6802 6812 6822 6832 6842 6852 6862 6872
6802 6812 6822 6832 6842 6852 6862 6872
6802 6812 6822 6832 6842 6852 6862 6872
6802 6812 6822 6832 6842 6852 6862 6872
6802 6812 6822 6832 6842 6852 6862 6872
6802 6812 6822 6832 6842 6852 6862 6872
6802 6812 6822 6832 6842 6852 6862 6872
6802 6812 6822 6832 6842 6852 6862 6872
6802 6812 6822 6832 6842 6852 6862 6872
6802 6812 6822 6832 6842 6852 6862 6872
6802 6812 6822 6832 6842 6852 6862 6872
6802 6812 6822 6832 6842 6852 6862 6872
6802 6812 6822 6832 6842 6852 6862 6872
6802 6812 6822 6832 6842 6852 6862 6872
6802 6812 6822 6832 6842 6852 6862 6872
6802 6812 6822 6832 6842 6852 6862 6872
6802 6812 6822 6832 6842 6852 6862 6872
6802 6812 6822 6832 6842 6852 6862 6872
6802 6812 6822 6832 6842 6852 6862 6872
6802 6812 6822 6832 6842 6852 6862 6872
6802 6812 6822 6832 6842 6852 6862 6872
6882 6812 6822 6882 6842 6852 6862 6872
6802 6812 6822 6832 6842 6852 6862 6872
6802 6812 6822 6832 6842 6852 6862 6872
6882 6812 6822 6882 6842 6852 6862 6872
6882 6812 6822 6882 6842 6852 6862 6872
6882 6812 6822 6882 6842 6852 6862 6872
6882 6812 6822 6882 6842 6852 6862 6872
6802 6812 6822 6832 6842 6852 6862 6872
6802 6812 6822 6832 6842 6852 6862 6872
6882 6812 6822 6882 6842 6852 6862 6872
6882 6812 6822 6882 6842 6852 6862 6872
6802 6812 6822 6832 6842 6852 6862 6872
6802 6812 6822 6832 6842 6852 6862 6872
6882 6812 6822 6882 6842 6852 6862 6872
6882 6812 6822 6882 6842 6852 6862 6872
6882 6812 6822 6882 6842 6852 6862 6872
6802 6812 6822 6832 6842 6852 6862 6872
6802 6812 6822 6832 6842 6852 6862 6872
6882 6812 6822 6882 6842 6852 6862 6872
6882 6812 6822 6882 6842 6852 6862 6872
6802 6812 6822 6832 6842 6852 6862 6872
6802 6812 6822 6832 6842 6852 6862 6872
6802 6812 6822 6832 6842 6852 6862 6872
6802 6812 6822 6832 6842 6852 6862 6872
8243 8253 8263 8273 8283 8293 8303
8243 8253 8263 8273 8283 8293 8303
8243 8253 8263 8273 8283 8293 8303
8243 8253 8263 8273 8283 8293 8303
8243 8253 8263 8273 8283 8293 8303
8243 8253 8263 8273 8283 8293 8303
8243 8253 8263 8273 8283 8293 8303
8243 8253 8263 8273 8283 8293 8303
8243 8253 8263 8273 8283 8293 8303
8243 8253 8263 8273 8283 8293 8303
8243 8253 8263 8273 8283 8293 8303
8243 8253 8263 8273 8283 8293 8303
8243 8253 8263 8273 8283 8293 8303
8243 8253 8263 8273 8283 8293 8303
8243 8253 8263 8273 8283 8293 8303
8243 8253 8263 8273 8283 8293 8303
8243 8253 8263 8273 8283 8293 8303
8243 8253 8263 8273 8283 8293 8303
8243 8253 8263 8273 8283 8293 8303
8243 8253 8263 8273 8283 8293 8303
8243 8253 8263 8273 8283 8293 8303
8243 8253 8263 8273 8283 8293 8303
8243 8253 8263 8273 8283 8293 8303
8243 8253 8263 8273 8283 8293 8303
8243 8253 8263 8273 8283 8293 8303
8243 8253 8263 8273 8283 8293 8303
8243 8253 8263 8273 8283 8293 8303
8243 8253 8263 8273 8283 8293 8303
8243 8253 8263 8273 8283 8293 8303
8243 8253 8263 8273 8283 8293 8303
8243 8253 8263 8273 8283 8293 8303
8243 8253 8263 8273 8283 8293 8303
8243 8253 8263 8273 8283 8293 8303
8243 15543 8263 15543 15543 8293 8303 15543
8243 15543 8263 15543 15543 8293 8303 15543
8243 15543 8263 15543 15543 8293 8303 15543
8243 15543 8263 15543 15543 8293 8303 15543
8243 15543 8263 15543 15543 8293 8303 15543
8243 15543 8263 15543 15543 8293 8303 15543
8243 8253 8263 8273 8283 8293 8303
8243 8253 8263 8273 8283 8293 8303
8243 8253 8263 8273 8283 8293 8303
8243 8253 8263 8273 8283 8293 8303
8243 8253 8263 8273 8283 8293 8303
8243 8253 8263 8273 8283 8293 8303
8243 8253 8263 8273 8283 8293 8303
8243 8253 8263 8273 8283 8293 8303
8243 8253 8263 8273 8283 8293 8303
8243 8253 8263 8273 8283 8293 8303
8243 8253 8263 8273 8283 8293 8303
8243 8253 8263 8273 8283 8293 8303
8243 8253 8263 8273 8283 8293 8303
8243 8253 8263 8273 8283 8293 8303
8243 8253 8263 8273 8283 8293 8303
8243 8253 8263 8273 8283 8293 8303
8243 8253 8263 8273 8283 8293 8303
8243 8253 8263 8273 8283 8293 8303
8243 8253 8263 8273 8283 8293 8303
8243 8253 8263 8273 8283 8293 8303
8243 8253 8263 8273 8283 8293 8303
8243 8253 8263 8273 8283 8293 8303
8243 8253 8263 8273 8283 8293 8303
8243 8253 8263 8273 8283 8293 8303
8243 8253 8263 8273 8283 8293 8303
8243 8253 8263 8273 8283 8293 8303
8243 8253 8263 8273 8283 8293 8303
8243 8253 8263 8273 8283 8293 8303
8243 8253 8263 8273 8283 8293 8303
8243 8253 8263 8273 8283 8293 8303
8243 8253 8263 8273 8283 8293 8303
8243 8253 8263 8273 8283 8293 8303
8243 8253 8263 8273 8283 8293 8303
