38801
38801
38801
38801
38801
38801
38801
38801
38801
38801
38801
38801
38801
38801
38801
38801
38801
38801
38801
38801
38801
38801
38801
38801
38801
38801
38801
38801
38801
38801
2672
2672
2672
2672
2672
2672
2672
2672
2672
2672
2672
2672
2672
2672
2672
2672
2672
2672
2672
2672
2672
2672
2672
2672
2672
2672
2672
2672
2672
2672
2672
2672
2773
2773
2773
2773
2773
2773
2773
2773
2773
2773
2773
2773
2773
2773
2773
2773
2773
2773
2773
2773
2773
2773
2773
2773
2773
2773
2773
2773
2773
2773
2773
2773
8154 8164 8174 8184 8194 8204 8214 8224
8154 8164 8174 8184 8194 8204 8214 8224
8154 8164 8174 8184 8194 8204 8214 8224
8154 8164 8174 8184 8194 8204 8214 8224
8154 8164 8174 8184 8194 8204 8214 8224
8154 8164 8174 8184 8194 8204 8214 8224
8154 8164 8174 8184 8194 8204 8214 8224
8154 8164 8174 8184 8194 8204 8214 8224
8154 8164 8174 8184 8194 8204 8214 8224
8154 8164 8174 8184 8194 8204 8214 8224
8154 8164 8174 8184 8194 8204 8214 8224
8154 8164 8174 8184 8194 8204 8214 8224
8154 8164 8174 8184 8194 8204 8214 8224
8154 8164 8174 8184 8194 8204 8214 8224
8154 8164 8174 8184 8194 8204 8214 8224
8154 8164 8174 8184 8194 8204 8214 8224
8154 8164 8174 8184 8194 8204 8214 8224
8154 8164 8174 8184 8194 8204 8214 8224
8154 8164 8174 8184 8194 8204 8214 8224
8154 8164 8174 8184 8194 8204 8214 8224
8154 8164 8174 8184 8194 8204 8214 8224
8154 8164 8174 8184 8194 8204 8214 8224
8154 8164 8174 8184 8194 8204 8214 8224
8154 8164 8174 8184 8194 8204 8214 8224
8154 8164 8174 8184 8194 8204 8214 8224
8154 8164 8174 8184 8194 8204 8214 8224
8154 8164 8174 8184 8194 8204 8214 8224
8154 8164 8174 8184 8194 8204 8214 8224
8154 8164 8174 8184 8194 8204 8214 8224
8154 8164 8174 8184 8194 8204 8214 8224
8154 8164 8174 8184 8194 8204 8214 8224
8154 8164 8174 8184 8194 8204 8214 8224
8154 8164 8174 8184 8194 8204 8214 8224
8154 8164 8174 8184 8194 8204 8214 8224
8154 8164 8174 8184 8194 8204 8214 8224
8154 8164 8174 8184 8194 8204 8214 8224
8154 8164 8174 8184 8194 8204 8214 8224
8154 8164 8174 8184 8194 8204 8214 8224
8154 8164 8174 8184 8194 8204 8214 8224
8154 8164 8174 8184 8194 8204 8214 8224
8154 8164 8174 8184 8194 8204 8214 8224
8154 8164 8174 8184 8194 8204 8214 8224
8154 8164 8174 8184 8194 8204 8214 8224
8154 8164 8174 8184 8194 8204 8214 8224
8154 8164 8174 8184 8194 8204 8214 8224
8154 8164 8174 8184 8194 8204 8214 8224
8154 8164 8174 8184 8194 8204 8214 8224
8154 8164 8174 8184 8194 8204 8214 8224
8154 8164 8174 8184 8194 8204 8214 8224
8154 8164 8174 8184 8194 8204 8214 8224
8154 8164 8174 8184 8194 8204 8214 8224
8154 8164 8174 8184 8194 8204 8214 8224
8154 8164 8174 8184 8194 8204 8214 8224
8154 8164 8174 8184 8194 8204 8214 8224
8154 8164 8174 8184 8194 8204 8214 8224
8154 8164 8174 8184 8194 8204 8214 8224
8154 8164 8174 8184 8194 8204 8214 8224
8154 8164 8174 8184 8194 8204 8214 8224
8154 8164 8174 8184 8194 8204 8214 8224
8154 8164 8174 8184 8194 8204 8214 8224
8234 8164 8174 8234 8194 8204 8214 8224
8154 8164 8174 8184 8194 8204 8214 8224
8154 8164 8174 8184 8194 8204 8214 8224
8234 8164 8174 8234 8194 8204 8214 8224
8234 8164 8174 8234 8194 8204 8214 8224
8234 8164 8174 8234 8194 8204 8214 8224
8234 8164 8174 8234 8194 8204 8214 8224
8154 8164 8174 8184 8194 8204 8214 8224
8154 8164 8174 8184 8194 8204 8214 8224
8234 8164 8174 8234 8194 8204 8214 8224
8234 8164 8174 8234 8194 8204 8214 8224
8154 8164 8174 8184 8194 8204 8214 8224
8154 8164 8174 8184 8194 8204 8214 8224
8234 8164 8174 8234 8194 8204 8214 8224
8234 8164 8174 8234 8194 8204 8214 8224
8234 8164 8174 8234 8194 8204 8214 8224
8154 8164 8174 8184 8194 8204 8214 8224
8154 8164 8174 8184 8194 8204 8214 8224
8234 8164 8174 8234 8194 8204 8214 8224
8234 8164 8174 8234 8194 8204 8214 8224
8154 8164 8174 8184 8194 8204 8214 8224
8154 8164 8174 8184 8194 8204 8214 8224
8154 8164 8174 8184 8194 8204 8214 8224
8154 8164 8174 8184 8194 8204 8214 8224
24565 24575 24585 24595 24605 24615 24625
24565 24575 24585 24595 24605 24615 24625
24565 24575 24585 24595 24605 24615 24625
24565 24575 24585 24595 24605 24615 24625
24565 24575 24585 24595 24605 24615 24625
24565 24575 24585 24595 24605 24615 24625
24565 24575 24585 24595 24605 24615 24625
24565 24575 24585 24595 24605 24615 24625
24565 24575 24585 24595 24605 24615 24625
24565 24575 24585 24595 24605 24615 24625
24565 24575 24585 24595 24605 24615 24625
24565 24575 24585 24595 24605 24615 24625
24565 24575 24585 24595 24605 24615 24625
24565 24575 24585 24595 24605 24615 24625
24565 24575 24585 24595 24605 24615 24625
24565 24575 24585 24595 24605 24615 24625
24565 24575 24585 24595 24605 24615 24625
24565 24575 24585 24595 24605 24615 24625
24565 24575 24585 24595 24605 24615 24625
24565 24575 24585 24595 24605 24615 24625
24565 24575 24585 24595 24605 24615 24625
24565 24575 24585 24595 24605 24615 24625
24565 24575 24585 24595 24605 24615 24625
24565 24575 24585 24595 24605 24615 24625
24565 24575 24585 24595 24605 24615 24625
24565 24575 24585 24595 24605 24615 24625
24565 24575 24585 24595 24605 24615 24625
24565 24575 24585 24595 24605 24615 24625
24565 24575 24585 24595 24605 24615 24625
24565 24575 24585 24595 24605 24615 24625
24565 24575 24585 24595 24605 24615 24625
24565 24575 24585 24595 24605 24615 24625
24565 24575 24585 24595 24605 24615 24625
24565 24575 24585 24595 24605 24615 24625
24565 24575 24585 24595 24605 24615 24625
24565 24575 24585 24595 24605 24615 24625
24565 24575 24585 24595 24605 24615 24625
24565 24575 24585 24595 24605 24615 24625
24565 24575 24585 24595 24605 24615 24625
24565 24575 24585 24595 24605 24615 24625
24565 24575 24585 24595 24605 24615 24625
24565 24575 24585 24595 24605 24615 24625
24565 24575 24585 24595 24605 24615 24625
24565 24575 24585 24595 24605 24615 24625
24565 24575 24585 24595 24605 24615 24625
24565 24575 24585 24595 24605 24615 24625
24565 24575 24585 24595 24605 24615 24625
24565 24575 24585 24595 24605 24615 24625
24565 24575 24585 24595 24605 24615 24625
24565 24575 24585 24595 24605 24615 24625
24565 24575 24585 24595 24605 24615 24625
24565 24575 24585 24595 24605 24615 24625
24565 24575 24585 24595 24605 24615 24625
24565 24575 24585 24595 24605 24615 24625
24565 24575 24585 24595 24605 24615 24625
24565 24575 24585 24595 24605 24615 24625
24565 24575 24585 24595 24605 24615 24625
24565 24575 24585 24595 24605 24615 24625
24565 24575 24585 24595 24605 24615 24625
24565 24575 24585 24595 24605 24615 24625
24565 24575 24585 24595 24605 24615 24625
24565 24575 24585 24595 24605 24615 24625
24565 24575 24585 24595 24605 24615 24625
24565 24575 24585 24595 24605 24615 24625
24565 24575 24585 24595 24605 24615 24625
24565 24575 24585 24595 24605 24615 24625
24565 24575 24585 24595 24605 24615 24625
24565 24575 24585 24595 24605 24615 24625
24565 24575 24585 24595 24605 24615 24625
24565 24575 24585 24595 24605 24615 24625
24565 24575 24585 24595 24605 24615 24625
24565 24575 24585 24595 24605 24615 24625
24565 24575 24585 24595 24605 24615 24625
24565 24575 24585 24595 24605 24615 24625
24565 24575 24585 24595 24605 24615 24625
24565 24575 24585 24595 24605 24615 24625
24565 24575 24585 24595 24605 24615 24625
24565 24575 24585 24595 24605 24615 24625
24565 24575 24585 24595 24605 24615 24625
24565 24575 24585 24595 24605 24615 24625
24565 24575 24585 24595 24605 24615 24625
24565 24575 24585 24595 24605 24615 24625
24565 24575 24585 24595 24605 24615 24625
24565 24575 24585 24595 24605 24615 24625
24565 24575 24585 24595 24605 24615 24625
24565 24575 24585 24595 24605 24615 24625
24565 24575 24585 24595 24605 24615 24625
24565 24575 24585 24595 24605 24615 24625
24565 24575 24585 24595 24605 24615 24625
24565 24575 24585 24595 24605 24615 24625
24565 24575 24585 24595 24605 24615 24625
24565 24575 24585 24595 24605 24615 24625
24565 24575 24585 24595 24605 24615 24625
24565 24575 24585 24595 24605 24615 24625
24565 24575 24585 24595 24605 24615 24625
24565 24635 24635 24635 24635 24635 24645
24565 24635 24635 24635 24635 24635 24645
24565 24635 24635 24635 24635 24635 24645
24565 24575 24585 24595 24605 24615 24625
24565 24575 24585 24595 24605 24615 24625
24565 24575 24585 24595 24605 24615 24625
24565 24575 24585 24595 24605 24615 24625
24565 24575 24585 24595 24605 24615 24625
24565 24575 24585 24595 24605 24615 24625
24565 24575 24585 24595 24605 24615 24625
36946 36956 36966 36976 36986 36996 37006
36946 36956 36966 36976 36986 36996 37006
36946 36956 36966 36976 36986 36996 37006
36946 36956 36966 36976 36986 36996 37006
36946 36956 36966 36976 36986 36996 37006
36946 36956 36966 36976 36986 36996 37006
36946 36956 36966 36976 36986 36996 37006
36946 36956 36966 36976 36986 36996 37006
36946 36956 36966 36976 36986 36996 37006
36946 36956 36966 36976 36986 36996 37006
36946 36956 36966 36976 36986 36996 37006
36946 36956 36966 36976 36986 36996 37006
36946 36956 36966 36976 36986 36996 37006
36946 36956 36966 36976 36986 36996 37006
36946 36956 36966 36976 36986 36996 37006
36946 36956 36966 36976 36986 36996 37006
36946 36956 36966 36976 36986 36996 37006
36946 36956 36966 36976 36986 36996 37006
36946 36956 36966 36976 36986 36996 37006
36946 36956 36966 36976 36986 36996 37006
36946 36956 36966 36976 36986 36996 37006
36946 36956 36966 36976 36986 36996 37006
36946 36956 36966 36976 36986 36996 37006
36946 36956 36966 36976 36986 36996 37006
36946 36956 36966 36976 36986 36996 37006
36946 36956 36966 36976 36986 36996 37006
36946 36956 36966 36976 36986 36996 37006
36946 36956 36966 36976 36986 36996 37006
36946 36956 36966 36976 36986 36996 37006
36946 36956 36966 36976 36986 36996 37006
36946 36956 36966 36976 36986 36996 37006
36946 36956 36966 36976 36986 36996 37006
36946 36956 36966 36976 36986 36996 37006
36946 36956 36966 36976 36986 36996 37006
36946 36956 36966 36976 36986 36996 37006
36946 36956 36966 36976 36986 36996 37006
36946 36956 36966 36976 36986 36996 37006
36946 36956 36966 36976 36986 36996 37006
36946 36956 36966 36976 36986 36996 37006
36946 36956 36966 36976 36986 36996 37006
36946 36956 36966 36976 36986 36996 37006
36946 36956 36966 36976 36986 36996 37006
36946 36956 36966 36976 36986 36996 37006
36946 36956 36966 36976 36986 36996 37006
36946 36956 36966 36976 36986 36996 37006
36946 36956 36966 36976 36986 36996 37006
36946 36956 36966 36976 36986 36996 37006
36946 36956 36966 36976 36986 36996 37006
36946 36956 36966 36976 36986 36996 37006
36946 36956 36966 36976 36986 36996 37006
36946 36956 36966 36976 36986 36996 37006
36946 36956 36966 36976 36986 36996 37006
36946 36956 36966 36976 36986 36996 37006
36946 36956 36966 36976 36986 36996 37006
36946 36956 36966 36976 36986 36996 37006
36946 36956 36966 36976 36986 36996 37006
36946 36956 36966 36976 36986 36996 37006
36946 36956 36966 36976 36986 36996 37006
36946 36956 36966 36976 36986 36996 37006
36946 36956 36966 36976 36986 36996 37006
36946 36956 36966 36976 36986 36996 37006
36946 36956 36966 36976 36986 36996 37006
36946 36956 36966 36976 36986 36996 37006
