84641
84641
84641
84641
84641
84641
84641
84641
84641
84641
84641
84641
84641
84641
84641
84641
84641
84641
84641
84641
84641
84641
84641
84641
84641
84641
84641
84641
84641
84641
7942 7942 7942
7942 7942 7942
7942 7942 7942
7942 7942 7942
7942 7942 7942
7942 7942 7942
7942 7942 7942
7942 7942 7942
7942 7942 7942
7942 7942 7942
7942 7942 7942
7942 7942 7942
7942 7942 7942
7942 7942 7942
7942 7942 7942
7942 7942 7942
7942 7942 7942
7942 7942 7942
7942 7942 7942
7942 7942 7942
7942 7942 7942
7942 7942 7942
7942 7942 7942
7942 7942 7942
7942 7942 7942
7942 7942 7942
7942 7942 7942
7942 7942 7942
7942 7942 7942
7942 7942 7942
7942 7942 7942
7942 7942 7942
8043 8043 8043
8043 8043 8043
8043 8043 8043
8043 8043 8043
8043 8043 8043
8043 8043 8043
8043 8043 8043
8043 8043 8043
8043 8043 8043
8043 8043 8043
8043 8043 8043
8043 8043 8043
8043 8043 8043
8043 8043 8043
8043 8043 8043
8043 8043 8043
8043 8043 8043
8043 8043 8043
8043 8043 8043
8043 8043 8043
8043 8043 8043
8043 8043 8043
8043 8043 8043
8043 8043 8043
8043 8043 8043
8043 8043 8043
8043 8043 8043
8043 8043 8043
8043 8043 8043
8043 8043 8043
8043 8043 8043
8043 8043 8043
21404 21414 21424 21434 21444 21454 21464 21474
21404 21414 21424 21434 21444 21454 21464 21474
21404 21414 21424 21434 21444 21454 21464 21474
21404 21414 21424 21434 21444 21454 21464 21474
21404 21414 21424 21434 21444 21454 21464 21474
21404 21414 21424 21434 21444 21454 21464 21474
21404 21414 21424 21434 21444 21454 21464 21474
21404 21414 21424 21434 21444 21454 21464 21474
21404 21414 21424 21434 21444 21454 21464 21474
21404 21414 21424 21434 21444 21454 21464 21474
21404 21414 21424 21434 21444 21454 21464 21474
21404 21414 21424 21434 21444 21454 21464 21474
21404 21414 21424 21434 21444 21454 21464 21474
21404 21414 21424 21434 21444 21454 21464 21474
21404 21414 21424 21434 21444 21454 21464 21474
21404 21414 21424 34284 34284 34284 21464 21474
21404 21414 21424 34284 34284 34284 21464 21474
21404 21414 21424 34284 34284 34284 21464 21474
21404 21414 21424 21434 21444 21454 21464 21474
21404 21414 21424 21434 21444 21454 21464 21474
21404 21414 21424 21434 21444 21454 21464 21474
21404 21414 21424 21434 21444 21454 21464 21474
21404 21414 21424 21434 21444 21454 21464 21474
21404 21414 21424 21434 21444 21454 21464 21474
21404 21414 21424 21434 21444 21454 21464 21474
21404 21414 21424 21434 21444 21454 21464 21474
21404 21414 21424 21434 21444 21454 21464 21474
21404 21414 21424 21434 21444 21454 21464 21474
21404 21414 21424 21434 21444 21454 21464 21474
21404 21414 21424 21434 21444 21454 21464 21474
21404 21414 21424 21434 21444 21454 21464 21474
21404 21414 21424 21434 21444 21454 21464 21474
21404 21414 21424 21434 21444 21454 21464 21474
21404 21414 21424 21434 21444 21454 21464 21474
21404 21414 21424 21434 21444 21454 21464 21474
21404 21414 21424 21434 21444 21454 21464 21474
21404 21414 21424 21434 21444 21454 21464 21474
21404 21414 21424 21434 21444 21454 21464 21474
21404 21414 21424 21434 21444 21454 21464 21474
21404 21414 21424 21434 21444 21454 21464 21474
21404 21414 21424 21434 21444 21454 21464 21474
21404 21414 21424 21434 21444 21454 21464 21474
21404 21414 21424 21434 21444 21454 21464 21474
21404 21414 21424 21434 21444 21454 21464 21474
21404 21414 21424 21434 21444 21454 21464 21474
21404 21414 21424 21434 21444 21454 21464 21474
21404 21414 21424 21434 21444 21454 21464 21474
21484 21414 21424 21484 21444 21454 21464 21484
21504 21414 21424 21504 21444 21454 21464 21504
21404 21414 21424 21434 21444 21454 21464 21474
21494 21494 21494 21494 21494 21494 21494 21494
21494 21494 21494 21494 21494 21494 21494 21494
21514 21514 21514 21514 21514 21454 21464 21474
21404 21414 21424 21434 21444 21454 21464 21474
21524 21524 21424 21524 21524 21454 21464 21474
21404 21414 21424 21434 21444 21454 21464 21474
21534 21414 21424 21534 21534 21534 21534 21534
21544 21414 21424 21544 21444 21454 21464 21544
21554 21414 21424 21434 21444 21454 21464 21554
21564 21414 21424 21564 21444 21454 21464 21474
21404 21414 21424 21434 21444 21454 21464 21474
21404 21414 21424 21434 21444 21454 21464 21474
21574 21414 21424 21574 21444 21454 21464 21474
21404 21414 21424 21434 21444 21454 21464 21474
21574 21574 21574 21574 21574 21574 21574 21574
21574 21574 21574 21574 21574 21574 21574 21574
21574 21574 21574 21574 21574 21574 21574 21574
21404 21414 21424 21434 21444 21454 21464 21474
21584 21414 21424 21584 21444 21454 21464 21474
21404 21414 21424 21434 21444 21454 21464 21474
21584 21414 21424 21434 21444 21454 21464 21584
21404 21414 21424 21434 21444 21454 21464 21474
21594 21414 21424 21594 21444 21454 21464 21474
21404 21414 21424 21434 21444 21454 21464 21474
21404 21414 21424 21434 21444 21454 21464 21474
21404 21414 21424 21434 21444 21454 21464 21474
21404 21414 21424 21434 21444 21454 21464 21474
21604 21414 21424 21604 21444 21454 21464 21474
21404 21414 21424 21434 21444 21454 21464 21474
21604 21414 21424 21604 21604 21604 21604 21604
21404 21414 21424 21434 21444 21454 21464 21474
21614 21614 21424 21614 21614 21454 21464 21474
21404 21414 21424 21434 21444 21454 21464 21474
21404 21414 21424 21434 21444 21454 21464 21474
51315 51325 51335 51345 51355 51365 51375 51385
51315 51325 51335 51345 51355 51365 51375 51385
51315 51325 51335 51345 51355 51365 51375 51385
51315 51325 51335 51345 51355 51365 51375 51385
51315 51325 51335 51345 51355 51365 51375 51385
51315 51325 51335 51345 51355 51365 51375 51385
51315 51325 51335 51345 51355 51365 51375 51385
51315 51325 51335 51345 51355 51365 51375 51385
51315 51325 51335 51345 51355 51365 51375 51385
51315 51325 51335 51345 51355 51365 51375 51385
51315 51325 51335 51345 51355 51365 51375 51385
51315 51325 51335 51345 51355 51365 51375 51385
51315 51325 51335 51345 51355 51365 51375 51385
51315 51325 51335 51345 51355 51365 51375 51385
51315 51325 51335 51345 51355 51365 51375 51385
51315 51325 51335 51345 51355 51365 51375 51385
51315 51325 51335 51345 51355 51365 51375 51385
51315 51325 51335 51345 51355 51365 51375 51385
51315 51325 51335 51345 51355 51365 51375 51385
51315 51325 51335 51345 51355 51365 51375 51385
51315 51325 51335 51345 51355 51365 51375 51385
51315 51325 51335 51345 51355 51365 51375 51385
51315 51325 51335 51345 51355 51365 51375 51385
51315 51325 51335 51345 51355 51365 51375 51385
51315 51325 51335 51345 51355 51365 51375 51385
51315 51325 51335 51345 51355 51365 51375 51385
51315 51325 51335 51345 51355 51365 51375 51385
51315 51325 51335 51345 51355 51365 51375 51385
51315 51325 51335 51345 51355 51365 51375 51385
51315 51325 51335 51345 51355 51365 51375 51385
51315 51325 51335 51345 51355 51365 51375 51385
51315 51325 51335 51345 51355 51365 51375 51385
51315 51325 51335 51345 51355 51365 51375 51385
51315 51325 51335 51345 51355 51365 51375 51385
51315 51325 51335 51345 51355 51365 51375 51385
51315 51325 51335 51345 51355 51365 51375 51385
51315 51325 51335 51345 51355 51365 51375 51385
51315 51325 51335 51345 51355 51365 51375 51385
51315 51325 51335 51345 51355 51365 51375 51385
51315 51325 51335 51345 51355 51365 51375 51385
51315 51325 51335 51345 51355 51365 51375 51385
51315 51325 51335 51345 51355 51365 51375 51385
51315 51325 51335 51345 51355 51365 51375 51385
51315 51325 51335 51345 51355 51365 51375 51385
51315 51325 51335 51345 51355 51365 51375 51385
51315 51325 51335 51345 51355 51365 51375 51385
51315 51325 51335 51345 51355 51365 51375 51385
51315 51325 51335 51345 51355 51365 51375 51385
51315 51325 51335 51345 51355 51365 51375 51385
51315 51325 51335 51345 51355 51365 51375 51385
51315 51325 51335 51345 51355 51365 51375 51385
51315 51325 51335 51345 51355 51365 51375 51385
51315 51325 51335 51345 51355 51365 51375 51385
51315 51325 51335 51345 51355 51365 51375 51385
51315 51395 51395 51345 51355 51365 51375 51395
51315 51395 51395 51345 51355 51365 51375 51395
51315 51445 51445 51445 51445 51365 51375 51385
51315 51445 51445 51445 51445 51365 51375 51385
51315 51325 51335 51345 51355 51365 51375 51385
51315 51405 51405 51405 51405 51405 51405 51385
51315 51405 51405 51405 51405 51405 51405 51385
51315 51325 51335 51345 51355 51365 51375 51385
51315 51415 51415 51415 51415 51415 51415 51385
51315 51405 51405 51405 51405 51405 51405 51385
51315 51405 51405 51405 51405 51405 51405 51385
51315 51325 51335 51345 51355 51365 51375 51385
51315 51415 51415 51415 51415 51415 51415 51385
51315 51405 51405 51405 51405 51405 51405 51385
51315 51425 51425 51425 51425 51425 51425 51385
51315 51325 51335 51345 51355 51365 51375 51385
51315 51405 51405 51405 51405 51405 51405 51385
51315 51425 51425 51425 51425 51425 51425 51385
51315 51405 51405 51405 51405 51405 51405 51385
51315 51405 51405 51405 51405 51405 51405 51385
51315 51325 51335 51345 51355 51365 51375 51385
51315 51325 51335 51345 51355 51365 51375 51385
51315 51325 51335 51345 51355 51365 51375 51385
51315 51325 51335 51345 51355 51365 51375 51385
51315 51325 51335 51345 51355 51365 51375 51385
51315 51325 51335 51345 51355 51365 51375 51385
51315 51325 51335 51345 51355 51365 51375 51385
51315 51325 51335 51345 51355 51365 51375 51385
51315 51325 51335 51345 51355 51365 51375 51385
51315 51325 51335 51345 51355 51365 51375 51385
51315 51325 51335 51345 51355 51365 51375 51385
51315 51325 51335 51345 51355 51365 51375 51385
51315 51325 51335 51345 51355 51365 51375 51385
51315 51325 51335 51345 51355 51365 51375 51385
51315 51325 51335 51345 51355 51365 51375 51385
51315 51325 51335 51345 51355 51365 51375 51385
51315 51325 51335 51345 51355 51365 51375 51385
51315 51325 51335 51345 51355 51365 51375 51385
51315 51445 51445 51445 51445 51365 51375 51385
51315 51445 51445 51445 51445 51365 51375 51385
51315 51445 51445 51445 51445 51365 51375 51385
51315 51325 51335 51345 51355 51365 51375 51385
51315 51325 51335 51345 51355 51435 51375 51435
51315 51325 51335 51345 51355 51365 51375 51385
51315 51445 51445 51445 51445 51365 51375 51385
51315 51445 51445 51445 51445 51365 51375 51385
51315 51445 51445 51445 51445 51365 51375 51385
51315 51445 51445 51445 51445 51365 51375 51385
51315 51445 51445 51445 51445 51365 51375 51385
51315 51445 51445 51445 51445 51365 51375 51385
51315 51325 51335 51345 51355 51365 51375 51385
79166 79206 79216 79226 79236 79246 79256
79166 79206 79216 79226 79236 79246 79256
79166 79206 79216 79226 79236 79246 79256
79166 79206 79216 79226 79236 79246 79256
79166 79206 79216 79226 79236 79246 79256
79166 79206 79216 79226 79236 79246 79256
79166 79206 79216 79226 79236 79246 79256
79166 79206 79216 79226 79236 79246 79256
79166 79206 79216 79226 79236 79246 79256
79166 79206 79216 79226 79236 79246 79256
79166 79206 79216 79226 79236 79246 79256
79166 79206 79216 79226 79236 79246 79256
79166 79206 79216 79226 79236 79246 79256
79166 79206 79216 79226 79236 79246 79256
79166 79206 79216 79226 79236 79246 79256
79166 79206 79216 79226 79236 79246 79256
79166 79206 79216 79226 79266 79246 79256
79166 79206 79216 79226 79266 79246 79256
79166 79206 79216 79226 79236 79246 79256
79166 79206 79216 79226 79236 79246 79256
79166 79206 79216 79226 79236 79246 79256
79166 79206 79216 79226 79236 79246 79256
79166 79206 79216 79226 79236 79246 79256
79166 79206 79216 79226 79236 79246 79256
79166 79206 79216 79226 79236 79246 79256
79166 79206 79216 79226 79236 79246 79256
79166 79206 79216 79226 79236 79246 79256
79166 79206 79216 79226 79236 79246 79256
79166 79206 79216 79226 79236 79246 79256
79166 79206 79216 79226 79236 79246 79256
79166 79206 79216 79226 79236 79246 79256
79166 79206 79216 79226 79236 79246 79256
79166 79206 79216 79226 79236 79246 79256
79166 79206 79216 79226 79236 79246 79256
79166 79206 79216 79226 79236 79246 79256
79166 79206 79216 79226 79236 79246 79256
79166 79206 79216 79226 79236 79246 79256
79166 79206 79216 79226 79236 79246 79256
79166 79206 79216 79226 79236 79246 79256
79166 79206 79216 79226 79236 79246 79256
79166 79206 79216 79226 79236 79246 79256
79166 79206 79216 79226 79236 79246 79256
79166 79206 79216 79226 79236 79246 79256
79166 79206 79216 79226 79236 79246 79256
79166 79206 79216 79226 79236 79246 79256
79176 79176 79176 79176 79176 79176 79176
79186 79186 79186 79186 79186 79186 79186
79166 79206 79216 79226 79236 79246 79256
79196 79196 79196 79196 79266 79196 79196
79196 79196 79196 79196 79196 79196 79196
79166 79206 79216 79226 79236 79246 79256
79166 79206 79216 79226 79236 79246 79256
79166 79206 79216 79226 79236 79246 79256
79166 79206 79216 79226 79236 79246 79256
79166 79206 79216 79226 79236 79246 79256
79166 79206 79216 79226 79236 79246 79256
79166 79206 79216 79226 79236 79246 79256
79166 79206 79216 79226 79236 79246 79256
79166 79206 79216 79226 79236 79246 79256
79166 79206 79216 79226 79236 79246 79256
79166 79206 79216 79226 79236 79246 79256
79166 79206 79216 79226 79236 79246 79256
79276 79276 79276 79276 79276 79276 79276
