84581
84581
84581
84581
84581
84581
84581
84581
84581
84581
84581
84581
84581
84581
84581
84581
84581
84581
84581
84581
84581
84581
84581
84581
84581
84581
84581
84581
84581
84581
6432 6482 6492 6502
6432 6482 6492 6502
6432 6482 6492 6502
6432 6482 6492 6502
6432 6482 6492 6502
6432 6482 6492 6502
6432 6482 6492 6502
6432 6482 6492 6502
6432 6482 6492 6502
6432 6482 6492 6502
6432 6482 6492 6502
6432 6482 6492 6502
6432 6482 6492 6502
6432 6482 6492 6502
6432 6482 6492 6502
6432 6482 6492 6502
6432 6482 6492 6502
6432 6482 6492 6502
6432 6482 6492 6502
6432 6482 6492 6502
6432 6482 6492 6502
6432 6482 6492 6502
6432 6482 6492 6502
6432 6482 6492 6502
6432 6482 6492 6502
6432 6482 6492 6502
6432 6482 6492 6502
6432 6482 6492 6502
6432 6482 6492 6502
6432 6482 6492 6502
6432 6482 6492 6502
6432 6482 6492 6502
6432 6482 6492 6502
6432 6482 6492 6502
6432 6482 6492 6502
6432 6482 6492 6502
6432 6482 6492 6502
6432 6482 6492 6502
6442 6442 6442 6442
6452 6452 6452 6452
6432 6482 6492 6502
6462 6462 6462 6462
6462 6462 6462 6462
6432 6482 6492 6502
6432 6482 6492 6502
6472 6472 6472 6472
6432 6482 6492 6502
6432 6482 6492 6502
6432 6482 6492 6502
6432 6482 6492 6502
11543 11553 11563 11573 11583
11543 11553 11563 11573 11583
11543 11553 11563 11573 11583
11543 11553 11563 11573 11583
11543 11553 11563 11573 11583
11543 11553 11563 11573 11583
11543 11553 11563 11573 11583
11543 11553 11563 11573 11583
11543 11553 11563 11573 11583
11543 11553 11563 11573 11583
11543 11553 11563 11573 11583
11543 11553 11563 11573 11583
11543 11553 11563 11573 11583
11543 11553 11563 11573 11583
11543 11553 11563 11573 11583
33663 33663 11563 33663 11583
33663 33663 11563 33663 11583
33663 33663 11563 33663 11583
11543 11553 11563 11573 11583
11543 11553 11563 11573 11583
11543 11553 11563 11573 11583
11543 11553 11563 11573 11583
11543 11553 11563 11573 11583
11543 11553 11563 11573 11583
11543 11553 11563 11573 11583
11543 11553 11563 11573 11583
11543 11553 11563 11573 11583
11543 11553 11563 11573 11583
11543 11553 11563 11573 11583
11543 11553 11563 11573 11583
11543 11553 11563 11573 11583
11543 11553 11563 11573 11583
11543 11553 11563 11573 11583
11543 11553 11563 11573 11583
11543 11553 11563 11573 11583
11543 11553 11563 11573 11583
11543 11553 11563 11573 11583
11543 11553 11563 11573 11583
11543 11553 11563 11573 11583
11543 11553 11563 11573 11583
11543 11553 11563 11573 11583
11543 11553 11563 11573 11583
11543 11553 11563 11573 11583
11543 11553 11563 11573 11583
11543 11553 11563 11573 11583
11543 11553 11563 11573 11583
11543 11553 11563 11573 11583
11593 11593 11593 11593 11593
11543 11553 11563 11573 11583
11603 11603 11603 11603 11603
11613 11613 11613 11613 11613
11623 11623 11623 11623 11623
11623 11623 11623 11623 11623
11623 11623 11623 11623 11623
11543 11553 11563 11573 11583
11543 11553 11563 11573 11583
11543 11553 11563 11573 11583
11633 11633 11633 11633 11633
11543 11553 11563 11573 11583
11543 11553 11563 11573 11583
11543 11553 33673 11573 11583
11543 11553 33673 11573 11583
11543 11553 33673 11573 11583
11543 11553 11563 11573 11583
11543 11553 11563 11573 11583
11543 11553 11563 11573 11583
63044 63054 63064 63074 63084 63094 63104 63114
63044 63054 63064 63074 63084 63094 63104 63114
63044 63054 63064 63074 63084 63094 63104 63114
63044 63054 63064 63074 63084 63094 63104 63114
63044 63054 63064 63074 63084 63094 63104 63114
63044 63054 63064 63074 63084 63094 63104 63114
63044 63054 63064 63074 63084 63094 63104 63114
63044 63054 63064 63074 63084 63094 63104 63114
63044 63054 63064 63074 63084 63094 63104 63114
63044 63054 63064 63074 63084 63094 63104 63114
63044 63054 63064 63074 63084 63094 63104 63114
63044 63054 63064 63074 63084 63094 63104 63114
63044 63054 63064 63074 63084 63094 63104 63114
63044 63054 63064 63074 63084 63094 63104 63114
63044 63054 63064 63074 63084 63094 63104 63114
63044 63054 63064 63074 63084 63094 63104 63114
63044 63054 63064 63074 63084 63094 63104 63114
63044 63054 63064 63074 63084 63094 63104 63114
63044 63054 63064 63074 63084 63094 63104 63114
63044 63054 63064 63074 63084 63094 63104 63114
63044 63054 63064 63074 63084 63094 63104 63114
63044 63054 63064 63074 63084 63094 63104 63114
63044 63054 63064 63074 63084 63094 63104 63114
63044 63054 63064 63074 63084 63094 63104 63114
63044 63054 63064 63074 63084 63094 63104 63114
63044 63054 63064 63074 63084 63094 63104 63114
63044 63054 63064 63074 63084 63094 63104 63114
63044 63054 63064 63074 63084 63094 63104 63114
63044 63054 63064 63074 63084 63094 63104 63114
63044 63054 63064 63074 63084 63094 63104 63114
63044 63054 63064 63074 63084 63094 63104 63114
63044 63054 63064 63074 63084 63094 63104 63114
63044 63054 63064 63074 63084 63094 63104 63114
63044 63054 63064 63074 63084 63094 63104 63114
63044 63054 63064 63074 63084 63094 63104 63114
63044 63054 63064 63074 63084 63094 63104 63114
63044 63054 63064 63074 63084 63094 63104 63114
63044 63054 63064 63074 63084 63094 63104 63114
63044 63054 63064 63074 63084 63094 63104 63114
63044 63054 63064 63074 63084 63094 63104 63114
63044 63054 63064 63074 63084 63094 63104 63114
63044 63054 63064 63074 63084 63094 63104 63114
63044 63054 63064 63074 63084 63094 63104 63114
63044 63054 63064 63074 63084 63094 63104 63114
63044 63054 63064 63074 63084 63094 63104 63114
63044 63054 63064 63074 63084 63094 63104 63114
63044 63054 63064 63074 63084 63094 63104 63114
63044 63054 63064 63074 63084 63094 63104 63114
63044 63054 63064 63074 63084 63094 63104 63114
63044 63054 63064 63074 63084 63094 63104 63114
63044 63054 63064 63074 63084 63094 63104 63114
63044 63054 63064 63074 63084 63094 63104 63114
63044 63054 63064 63074 63084 63094 63104 63114
63044 63054 63064 63074 63084 63094 63104 63114
63044 63124 63124 63074 63084 63094 63104 63124
63044 63124 63124 63074 63084 63094 63104 63124
63044 63174 63174 63174 63174 63094 63104 63114
63044 63174 63174 63174 63174 63094 63104 63114
63044 63054 63064 63074 63084 63094 63104 63114
63044 63134 63134 63134 63134 63134 63134 63114
63044 63134 63134 63134 63134 63134 63134 63114
63044 63054 63064 63074 63084 63094 63104 63114
63044 63144 63144 63144 63144 63144 63144 63114
63044 63134 63134 63134 63134 63134 63134 63114
63044 63134 63134 63134 63134 63134 63134 63114
63044 63054 63064 63074 63084 63094 63104 63114
63044 63144 63144 63144 63144 63144 63144 63114
63044 63134 63134 63134 63134 63134 63134 63114
63044 63154 63154 63154 63154 63154 63154 63114
63044 63054 63064 63074 63084 63094 63104 63114
63044 63134 63134 63134 63134 63134 63134 63114
63044 63154 63154 63154 63154 63154 63154 63114
63044 63134 63134 63134 63134 63134 63134 63114
63044 63134 63134 63134 63134 63134 63134 63114
63044 63054 63064 63074 63084 63094 63104 63114
63044 63054 63064 63074 63084 63094 63104 63114
63044 63054 63064 63074 63084 63094 63104 63114
63044 63054 63064 63074 63084 63094 63104 63114
63044 63054 63064 63074 63084 63094 63104 63114
63044 63054 63064 63074 63084 63094 63104 63114
63044 63054 63064 63074 63084 63094 63104 63114
63044 63054 63064 63074 63084 63094 63104 63114
63044 63054 63064 63074 63084 63094 63104 63114
63044 63054 63064 63074 63084 63094 63104 63114
63044 63054 63064 63074 63084 63094 63104 63114
63044 63054 63064 63074 63084 63094 63104 63114
63044 63054 63064 63074 63084 63094 63104 63114
63044 63054 63064 63074 63084 63094 63104 63114
63044 63054 63064 63074 63084 63094 63104 63114
63044 63054 63064 63074 63084 63094 63104 63114
63044 63054 63064 63074 63084 63094 63104 63114
63044 63054 63064 63074 63084 63094 63104 63114
63044 63174 63174 63174 63174 63094 63104 63114
63044 63174 63174 63174 63174 63094 63104 63114
63044 63174 63174 63174 63174 63094 63104 63114
63044 63054 63064 63074 63084 63094 63104 63114
63044 63054 63064 63074 63084 63164 63104 63164
63044 63054 63064 63074 63084 63094 63104 63114
63044 63174 63174 63174 63174 63094 63104 63114
63044 63174 63174 63174 63174 63094 63104 63114
63044 63174 63174 63174 63174 63094 63104 63114
63044 63174 63174 63174 63174 63094 63104 63114
63044 63174 63174 63174 63174 63094 63104 63114
63044 63174 63174 63174 63174 63094 63104 63114
63044 63054 63064 63074 63084 63094 63104 63114
