38741
38741
38741
38741
38741
38741
38741
38741
38741
38741
38741
38741
38741
38741
38741
38741
38741
38741
38741
38741
38741
38741
38741
38741
38741
38741
38741
38741
38741
38741
2352
2352
2352
2352
2352
2352
2352
2352
2352
2352
2352
2352
2352
2352
2352
2352
2352
2352
2352
2352
2352
2352
2352
2352
2352
2352
2352
2352
2352
2352
2352
2352
2352
2352
2352
2352
2352
2352
2352
2352
2352
2352
2352
2352
2352
2352
2352
2352
2352
2352
3303 3293 3313 3323 3333 3343
3303 3293 3313 3323 3333 3343
3303 3293 3313 3323 3333 3343
3303 3293 3313 3323 3333 3343
3303 3293 3313 3323 3333 3343
3303 3293 3313 3323 3333 3343
3303 3293 3313 3323 3333 3343
3303 3293 3313 3323 3333 3343
3303 3293 3313 3323 3333 3343
3303 3293 3313 3323 3333 3343
3303 3293 3313 3323 3333 3343
3303 3293 3313 3323 3333 3343
3303 3293 3313 3323 3333 3343
3303 3293 3313 3323 3333 3343
3303 3293 3313 3323 3333 3343
3303 3293 3313 3323 3333 3343
3303 3293 3313 3323 3333 3343
3303 3293 3313 3323 3333 3343
3303 3293 3313 3323 3333 3343
3303 3293 3313 3323 3333 3343
3303 3293 3313 3323 3333 3343
3303 3293 3313 3323 3333 3343
3303 3293 3313 3323 3333 3343
3303 3293 3313 3323 3333 3343
3303 3293 3313 3323 3333 3343
3303 3293 3313 3323 3333 3343
3303 3293 3313 3323 3333 3343
3303 3293 3313 3323 3333 3343
3303 3293 3313 3323 3333 3343
3303 3293 3313 3323 3333 3343
3303 3293 3313 3323 3333 3343
3303 3293 3313 3323 3333 3343
3303 3293 3313 3323 3333 3343
3303 3293 3313 3323 3333 3343
3303 3293 3313 3323 3333 3343
3303 3293 3313 3323 3333 3343
3303 3293 3313 3323 3333 3343
3303 3293 3313 3323 3333 3343
3303 3293 3313 3323 3333 3343
3303 3293 3313 3323 3333 3343
3303 3293 3313 3323 3333 3343
3303 3293 3313 3323 3333 3343
3303 3293 3313 3323 3333 3343
3303 3293 3313 3323 3333 3343
3303 3293 3313 3323 3333 3343
3303 3293 3313 3323 3333 3343
3303 3293 3313 3323 3333 3343
3303 3293 3313 3323 3333 3343
3303 3293 3313 3323 3333 3343
3303 3293 3313 3323 3333 3343
3303 3293 3313 3323 3333 3343
3303 3293 3313 3323 3333 3343
3303 3293 3313 3323 3333 3343
3303 3293 3313 3323 3333 3343
3303 3293 3313 3323 3333 3343
3303 3293 3313 3323 3333 3343
3303 3293 3313 3323 3333 3343
3303 3293 3313 3323 3333 3343
3303 3293 3313 3323 3333 3343
3303 3293 3313 3323 3333 3343
3303 3293 3313 3323 3333 3343
3303 3293 3313 3323 3333 3343
3303 3293 3313 3323 3333 3343
3303 3293 3313 3323 3333 3343
3303 3293 3313 3323 3333 3343
3303 3293 3313 3323 3333 3343
30044 30054 30064 30074 30084 30094 30104
30044 30054 30064 30074 30084 30094 30104
30044 30054 30064 30074 30084 30094 30104
30044 30054 30064 30074 30084 30094 30104
30044 30054 30064 30074 30084 30094 30104
30044 30054 30064 30074 30084 30094 30104
30044 30054 30064 30074 30084 30094 30104
30044 30054 30064 30074 30084 30094 30104
30044 30054 30064 30074 30084 30094 30104
30044 30054 30064 30074 30084 30094 30104
30044 30054 30064 30074 30084 30094 30104
30044 30054 30064 30074 30084 30094 30104
30044 30054 30064 30074 30084 30094 30104
30044 30054 30064 30074 30084 30094 30104
30044 30054 30064 30074 30084 30094 30104
30044 30054 30064 30074 30084 30094 30104
30044 30054 30064 30074 30084 30094 30104
30044 30054 30064 30074 30084 30094 30104
30044 30054 30064 30074 30084 30094 30104
30044 30054 30064 30074 30084 30094 30104
30044 30054 30064 30074 30084 30094 30104
30044 30054 30064 30074 30084 30094 30104
30044 30054 30064 30074 30084 30094 30104
30044 30054 30064 30074 30084 30094 30104
30044 30054 30064 30074 30084 30094 30104
30044 30054 30064 30074 30084 30094 30104
30044 30054 30064 30074 30084 30094 30104
30044 30054 30064 30074 30084 30094 30104
30044 30054 30064 30074 30084 30094 30104
30044 30054 30064 30074 30084 30094 30104
30044 30054 30064 30074 30084 30094 30104
30044 30054 30064 30074 30084 30094 30104
30044 30054 30064 30074 30084 30094 30104
30044 30054 30064 30074 30084 30094 30104
30044 30054 30064 30074 30084 30094 30104
30044 30054 30064 30074 30084 30094 30104
30044 30054 30064 30074 30084 30094 30104
30044 30054 30064 30074 30084 30094 30104
30044 30054 30064 30074 30084 30094 30104
30044 30054 30064 30074 30084 30094 30104
30044 30054 30064 30074 30084 30094 30104
30044 30054 30064 30074 30084 30094 30104
30044 30054 30064 30074 30084 30094 30104
30044 30054 30064 30074 30084 30094 30104
30044 30054 30064 30074 30084 30094 30104
30044 30054 30064 30074 30084 30094 30104
30044 30054 30064 30074 30084 30094 30104
30044 30054 30064 30074 30084 30094 30104
30044 30054 30064 30074 30084 30094 30104
30044 30054 30064 30074 30084 30094 30104
30044 30054 30064 30074 30084 30094 30104
30044 30054 30064 30074 30084 30094 30104
30044 30054 30064 30074 30084 30094 30104
30044 30054 30064 30074 30084 30094 30104
30044 30054 30064 30074 30084 30094 30104
30044 30054 30064 30074 30084 30094 30104
30044 30054 30064 30074 30084 30094 30104
30044 30054 30064 30074 30084 30094 30104
30044 30054 30064 30074 30084 30094 30104
30044 30054 30064 30074 30084 30094 30104
30044 30054 30064 30074 30084 30094 30104
30044 30054 30064 30074 30084 30094 30104
30044 30054 30064 30074 30084 30094 30104
30044 30054 30064 30074 30084 30094 30104
30044 30054 30064 30074 30084 30094 30104
30044 30054 30064 30074 30084 30094 30104
30044 30054 30064 30074 30084 30094 30104
30044 30054 30064 30074 30084 30094 30104
30044 30054 30064 30074 30084 30094 30104
30044 30054 30064 30074 30084 30094 30104
30044 30054 30064 30074 30084 30094 30104
30044 30054 30064 30074 30084 30094 30104
30044 30054 30064 30074 30084 30094 30104
30044 30054 30064 30074 30084 30094 30104
30044 30054 30064 30074 30084 30094 30104
30044 30054 30064 30074 30084 30094 30104
30044 30054 30064 30074 30084 30094 30104
30044 30054 30064 30074 30084 30094 30104
30044 30054 30064 30074 30084 30094 30104
30044 30054 30064 30074 30084 30094 30104
30044 30054 30064 30074 30084 30094 30104
30044 30054 30064 30074 30084 30094 30104
30044 30054 30064 30074 30084 30094 30104
30044 30054 30064 30074 30084 30094 30104
30044 30054 30064 30074 30084 30094 30104
30044 30054 30064 30074 30084 30094 30104
30044 30054 30064 30074 30084 30094 30104
30044 30054 30064 30074 30084 30094 30104
30044 30054 30064 30074 30084 30094 30104
30044 30054 30064 30074 30084 30094 30104
30044 30054 30064 30074 30084 30094 30104
30044 30054 30064 30074 30084 30094 30104
30044 30054 30064 30074 30084 30094 30104
30044 30054 30064 30074 30084 30094 30104
30044 30054 30064 30074 30084 30094 30104
30044 30114 30114 30114 30114 30114 30124
30044 30114 30114 30114 30114 30114 30124
30044 30114 30114 30114 30114 30114 30124
30044 30054 30064 30074 30084 30094 30104
30044 30054 30064 30074 30084 30094 30104
30044 30054 30064 30074 30084 30094 30104
30044 30054 30064 30074 30084 30094 30104
30044 30054 30064 30074 30084 30094 30104
30044 30054 30064 30074 30084 30094 30104
30044 30054 30064 30074 30084 30094 30104
