1826 1758 1803
1823 1823 1802 1757
1713 1716 1726
1714 1714 1752 1752
1726 1726 1713 1713
1702 1753 1753 1700
1727 1727 1725 1725
1941 1942 1957 1700
1739 1739 1765 1700
1758 1758 1716 1716
1826 1826 1803 1803
1804 1804 1826
1805 1805 1814 1814
1891 1891 1870 1870
1826 1786 1804 1804
1702 1753 1723 1700
1727 1727 1825 1825
1942 1942 1957 1700
1758 1758 1807 1758
1739 1739 1765 1751
1848 1871
1757 1757 1711 1716
1874 1874 1894
1873 1873 1882 1882
1891 1891 1924 1924
1894 1854 1872
1860 1700 1860 1700
1742 1742
1942 1942 1957 1944
1758 1758 1875 1875
1841 1841 1751 1858
1909 1909 1906
1848 1848 1871 1871
1927 1927 1894
1926 1926 1882 1882
1860 1860 1700 1700
1850 1850 1742 1742
1942 1942 1957 1945
1758 1758 1758 1875
1841 1841 1813 1858
1693 1693 1693 1693
1758 1758 1758 1758
