35 30 30 35 35 35 30 27 27 23 32 15 30 30 26
35 30 30 35 35 35 30 27 27 23 32 15 30 30 26
35 30 30 35 35 35 30 27 27 23 32 15 30 30 26
33 33 33 33 33 25 25 25 33 27 23 27 28 16 28 28
33 33 33 33 33 25 25 25 33 27 23 27 28 16 28 28
33 33 33 33 33 25 25 25 33 27 23 27 28 16 28 28
23 27 23 27 25 25 25 33 23 27 27 28 21 28 24 28 15 28
23 27 23 27 25 25 25 33 23 27 27 28 21 28 24 28 15 28
25 25 25 25 33 26 26 26 25 24 25 25 28 15 28 21 21 15 21
25 25 25 25 33 26 26 26 25 24 25 25 28 15 28 21 21 15 21
25 25 25 25 33 26 26 26 25 24 25 25 28 15 28 21 21 15 21
57 99 58 27 35 56 30 30 72 68 16 18 30 30
57 99 58 27 35 56 30 30 72 68 16 18 30 30
57 99 58 27 35 56 30 30 72 68 16 18 30 30
48 91 51 25 54 56 31 26 43 23 23 23 26 22 48 23 28 15
48 91 51 25 54 56 31 26 43 23 23 23 26 22 48 23 28 15
48 91 51 25 54 56 31 26 43 23 23 23 26 22 48 23 28 15
48 26 26 56 24 56 21 25 25 47 26 23 26 26 23 26 29 28 28 15 22 19 15
48 26 26 56 24 56 21 25 25 47 26 23 26 26 23 26 29 28 28 15 22 19 15
50 53 24 46 46 25 25 59 25 25 46 32 15 42 21 49 15 28 21 15
50 53 24 46 46 25 25 59 25 25 46 32 15 42 21 49 15 28 21 15
50 53 24 46 46 25 25 59 25 25 46 32 15 42 21 49 15 28 21 15
26 26 26 23 23 23 27 62 35 30 65 36 34 44 35 35 44 39
26 26 26 23 23 23 27 62 35 30 65 36 34 44 35 35 44 39
26 26 26 23 23 23 27 62 35 30 65 36 34 44 35 35 44 39
26 51 45 20 26 51 23 71 25 26 51 52 29 32 29 26 26 29 29
26 51 45 20 26 51 23 71 25 26 51 52 29 32 29 26 26 29 29
26 51 45 20 26 51 23 71 25 26 51 52 29 32 29 26 26 29 29
49 21 25 25 48 49 54 26 25 25 51 25 28 24 42 26 26 24 28 28 15
49 21 25 25 48 49 54 26 25 25 51 25 28 24 42 26 26 24 28 28 15
16 53 25 54 50 71 25 25 25 46 26 52 26 23 29 30 22 21 15 21
16 53 25 54 50 71 25 25 25 46 26 52 26 23 29 30 22 21 15 21
16 53 25 54 50 71 25 25 25 46 26 52 26 23 29 30 22 21 15 21
26 26 23 26 26 26 26 26 26 26 30 26 30 26 30
26 26 23 26 26 26 26 26 26 26 30 26 30 26 30
26 26 23 26 26 26 26 26 26 26 30 26 30 26 30
26 26 23 25 25 25 25 26 26 26 25 25 25 16 28 28
26 26 23 25 25 25 25 26 26 26 25 25 25 16 28 28
26 26 23 25 25 25 25 26 26 26 25 25 25 16 28 28
25 25 25 25 25 25 25 26 26 26 25 25 25 15 19 20 23
25 25 25 25 25 25 25 26 26 26 25 25 25 15 19 20 23
25 25 25 25 25 25 25 15 20 22 22 15 22 22 22 21 21 21 15
25 25 25 25 25 25 25 15 20 22 22 15 22 22 22 21 21 21 15
25 25 25 25 25 25 25 15 20 22 22 15 22 22 22 21 21 21 15
35 30 35 35 30 35 30 35 44 34 69 67 36 44 35
35 30 35 35 30 35 30 35 44 34 69 67 36 44 35
35 30 35 35 30 35 30 35 44 34 69 67 36 44 35
56 35 26 46 26 26 27 23 27 23 33 33 33 39 44 65 39 26
56 35 26 46 26 26 27 23 27 23 33 33 33 39 44 65 39 26
56 35 26 46 26 26 27 23 27 23 33 33 33 39 44 65 39 26
30 35 26 51 25 25 32 32 36 35 30 35 36 56 36 38 26 26 23
30 35 26 51 25 25 32 32 36 35 30 35 36 56 36 38 26 26 23
58 33 50 25 25 33 33 33 33 33 33 34 64 59 34 25 15
58 33 50 25 25 33 33 33 33 33 33 34 64 59 34 25 15
58 33 50 25 25 33 33 33 33 33 33 34 64 59 34 25 15
35 62 30 23 23 35 35 30 17 39 44 30 15 26 30 31 15
35 62 30 23 23 35 35 30 17 39 44 30 15 26 30 31 15
35 62 30 23 23 35 35 30 17 39 44 30 15 26 30 31 15
26 23 26 26 28 16 28 28 25 25 25 25 25 25 25 17 46 26 30 23 15
26 23 26 26 28 16 28 28 25 25 25 25 25 25 25 17 46 26 30 23 15
26 23 26 26 28 16 28 28 25 25 25 25 25 25 25 17 46 26 30 23 15
25 25 25 25 25 25 25 35 35 30 24 21 50 28 15 28 28 28 22 15
25 25 25 25 25 25 25 35 35 30 24 21 50 28 15 28 28 28 22 15
25 25 25 50 16 28 28 28 25 25 33 33 33 25 24 47 25 22 15
25 25 25 50 16 28 28 28 25 25 33 33 33 25 24 47 25 22 15
25 25 25 50 16 28 28 28 25 25 33 33 33 25 24 47 25 22 15
26 26 23 27 23 44 17 39 22 22 15 19 22 30 30 15 26
26 26 23 27 23 44 17 39 22 22 15 19 22 30 30 15 26
26 26 23 27 23 44 17 39 22 22 15 19 22 30 30 15 26
25 25 26 26 23 28 16 28 28 21 21 15 21 21 19 22 22 22 15
25 25 26 26 23 28 16 28 28 21 21 15 21 21 19 22 22 22 15
25 25 26 26 23 28 16 28 28 21 21 15 21 21 19 22 22 22 15
23 26 29 38 33 30 26 15 30 19 15 22 22 21 21 21 21 15
23 26 29 38 33 30 26 15 30 19 15 22 22 21 21 21 21 15
25 25 28 28 16 28 15 27 29 29 21 15 21 21 21 15 21 21 21
25 25 28 28 16 28 15 27 29 29 21 15 21 21 21 15 21 21 21
25 25 28 28 16 28 15 27 29 29 21 15 21 21 21 15 21 21 21
23 27 26 26 26 23 26 26 23 27 23 27 15 31
23 27 26 26 26 23 26 26 23 27 23 27 15 31
23 27 26 26 26 23 26 26 23 27 23 27 15 31
18 21 21 26 26 21 38 18 21 21 21 21 18 21 23 15 23
18 21 21 26 26 21 38 18 21 21 21 21 18 21 23 15 23
18 21 21 26 26 21 38 18 21 21 21 21 18 21 23 15 23
18 21 21 27 23 18 43 21 21 21 20 20 20 20 17 19 22
18 21 21 27 23 18 43 21 21 21 20 20 20 20 17 19 22
20 20 20 20 40 20 20 20 20 20 20 20 19 20 20 15 22 22
20 20 20 20 40 20 20 20 20 20 20 20 19 20 20 15 22 22
20 20 20 20 40 20 20 20 20 20 20 20 19 20 20 15 22 22
72 42 16 26 26 26 32 39 17 26 23 26
72 42 16 26 26 26 32 39 17 26 23 26
72 42 16 26 26 26 32 39 17 26 23 26
28 61 16 28 26 26 26 32 29 16 25 25 25 25
28 61 16 28 26 26 26 32 29 16 25 25 25 25
28 61 16 28 26 26 26 32 29 16 25 25 25 25
23 23 23 23 26 26 26 27 20 27 25 25 25 28 15 28 28
23 23 23 23 26 26 26 27 20 27 25 25 25 28 15 28 28
16 28 28 53 25 25 25 25 24 25 25 25 25 22 22 15 22
16 28 28 53 25 25 25 25 24 25 25 25 25 22 22 15 22
16 28 28 53 25 25 25 25 24 25 25 25 25 22 22 15 22
35 30 30 35 35 35 30 27 27 23 32 15 30 30 26
57 99 58 27 35 56 30 30 72 68 16 18 30 30
26 26 26 23 23 23 27 62 35 30 65 36 34 44 35 35 44 39
26 26 23 26 26 26 26 26 26 26 30 26 30 26 30
35 30 35 35 30 35 30 35 44 34 69 67 36 44 35
35 62 30 23 23 35 35 30 17 39 44 30 15 26 30 31 15
26 26 23 27 23 44 17 39 22 22 15 19 22 30 30 15 26
23 27 26 26 26 23 26 26 23 27 23 27 15 31
72 42 16 26 26 26 32 39 17 26 23 26
35 30 30 35 35 35 30 27 27 23 32 15 30 30 26
57 99 58 27 35 56 30 30 72 68 16 18 30 30
26 26 26 23 23 23 27 62 35 30 65 36 34 44 35 35 44 39
26 26 23 26 26 26 26 26 26 26 30 26 30 26 30
35 30 35 35 30 35 30 35 44 34 69 67 36 44 35
35 62 30 23 23 35 35 30 17 39 44 30 15 26 30 31 15
26 26 23 27 23 44 17 39 22 22 15 19 22 30 30 15 26
23 27 26 26 26 23 26 26 23 27 23 27 15 31
72 42 16 26 26 26 32 39 17 26 23 26
35 30 30 35 35 35 30 27 27 23 32 15 30 30 26
57 99 58 27 35 56 30 30 72 68 16 18 30 30
26 26 26 23 23 23 27 62 35 30 65 36 34 44 35 35 44 39
26 26 23 26 26 26 26 26 26 26 30 26 30 26 30
35 30 35 35 30 35 30 35 44 34 69 67 36 44 35
35 62 30 23 23 35 35 30 17 39 44 30 15 26 30 31 15
26 26 23 27 23 44 17 39 22 22 15 19 22 30 30 15 26
23 27 26 26 26 23 26 26 23 27 23 27 15 31
72 42 16 26 26 26 32 39 17 26 23 26
33 33 33 33 33 25 25 25 33 27 23 27 28 16 28 28
48 91 51 25 54 56 31 26 43 23 23 23 26 22 48 23 28 15
26 51 45 20 26 51 23 71 25 26 51 52 29 32 29 26 26 29 29
26 26 23 25 25 25 25 26 26 26 25 25 25 16 28 28
56 35 26 46 26 26 27 23 27 23 33 33 33 39 44 65 39 26
26 23 26 26 28 16 28 28 25 25 25 25 25 25 25 17 46 26 30 23 15
25 25 26 26 23 28 16 28 28 21 21 15 21 21 19 22 22 22 15
18 21 21 26 26 21 38 18 21 21 21 21 18 21 23 15 23
28 61 16 28 26 26 26 32 29 16 25 25 25 25
33 33 33 33 33 25 25 25 33 27 23 27 28 16 28 28
48 91 51 25 54 56 31 26 43 23 23 23 26 22 48 23 28 15
26 51 45 20 26 51 23 71 25 26 51 52 29 32 29 26 26 29 29
26 26 23 25 25 25 25 26 26 26 25 25 25 16 28 28
56 35 26 46 26 26 27 23 27 23 33 33 33 39 44 65 39 26
26 23 26 26 28 16 28 28 25 25 25 25 25 25 25 17 46 26 30 23 15
25 25 26 26 23 28 16 28 28 21 21 15 21 21 19 22 22 22 15
18 21 21 26 26 21 38 18 21 21 21 21 18 21 23 15 23
28 61 16 28 26 26 26 32 29 16 25 25 25 25
33 33 33 33 33 25 25 25 33 27 23 27 28 16 28 28
48 91 51 25 54 56 31 26 43 23 23 23 26 22 48 23 28 15
26 51 45 20 26 51 23 71 25 26 51 52 29 32 29 26 26 29 29
26 26 23 25 25 25 25 26 26 26 25 25 25 16 28 28
56 35 26 46 26 26 27 23 27 23 33 33 33 39 44 65 39 26
26 23 26 26 28 16 28 28 25 25 25 25 25 25 25 17 46 26 30 23 15
25 25 26 26 23 28 16 28 28 21 21 15 21 21 19 22 22 22 15
18 21 21 26 26 21 38 18 21 21 21 21 18 21 23 15 23
28 61 16 28 26 26 26 32 29 16 25 25 25 25
23 27 23 27 25 25 25 33 23 27 27 28 21 28 24 28 15 28
48 26 26 56 24 56 21 25 25 47 26 23 26 26 23 26 29 28 28 15 22 19 15
49 21 25 25 48 49 54 26 25 25 51 25 28 24 42 26 26 24 28 28 15
25 25 25 25 25 25 25 26 26 26 25 25 25 15 19 20 23
30 35 26 51 25 25 32 32 36 35 30 35 36 56 36 38 26 26 23
25 25 25 25 25 25 25 35 35 30 24 21 50 28 15 28 28 28 22 15
23 26 29 38 33 30 26 15 30 19 15 22 22 21 21 21 21 15
18 21 21 27 23 18 43 21 21 21 20 20 20 20 17 19 22
23 23 23 23 26 26 26 27 20 27 25 25 25 28 15 28 28
23 27 23 27 25 25 25 33 23 27 27 28 21 28 24 28 15 28
48 26 26 56 24 56 21 25 25 47 26 23 26 26 23 26 29 28 28 15 22 19 15
49 21 25 25 48 49 54 26 25 25 51 25 28 24 42 26 26 24 28 28 15
25 25 25 25 25 25 25 26 26 26 25 25 25 15 19 20 23
30 35 26 51 25 25 32 32 36 35 30 35 36 56 36 38 26 26 23
25 25 25 25 25 25 25 35 35 30 24 21 50 28 15 28 28 28 22 15
23 26 29 38 33 30 26 15 30 19 15 22 22 21 21 21 21 15
18 21 21 27 23 18 43 21 21 21 20 20 20 20 17 19 22
23 23 23 23 26 26 26 27 20 27 25 25 25 28 15 28 28
25 25 25 25 33 26 26 26 25 24 25 25 28 15 28 21 21 15 21
50 53 24 46 46 25 25 59 25 25 46 32 15 42 21 49 15 28 21 15
16 53 25 54 50 71 25 25 25 46 26 52 26 23 29 30 22 21 15 21
25 25 25 25 25 25 25 15 20 22 22 15 22 22 22 21 21 21 15
58 33 50 25 25 33 33 33 33 33 33 34 64 59 34 25 15
25 25 25 50 16 28 28 28 25 25 33 33 33 25 24 47 25 22 15
25 25 28 28 16 28 15 27 29 29 21 15 21 21 21 15 21 21 21
20 20 20 20 40 20 20 20 20 20 20 20 19 20 20 15 22 22
16 28 28 53 25 25 25 25 24 25 25 25 25 22 22 15 22
25 25 25 25 33 26 26 26 25 24 25 25 28 15 28 21 21 15 21
50 53 24 46 46 25 25 59 25 25 46 32 15 42 21 49 15 28 21 15
16 53 25 54 50 71 25 25 25 46 26 52 26 23 29 30 22 21 15 21
25 25 25 25 25 25 25 15 20 22 22 15 22 22 22 21 21 21 15
58 33 50 25 25 33 33 33 33 33 33 34 64 59 34 25 15
25 25 25 50 16 28 28 28 25 25 33 33 33 25 24 47 25 22 15
25 25 28 28 16 28 15 27 29 29 21 15 21 21 21 15 21 21 21
20 20 20 20 40 20 20 20 20 20 20 20 19 20 20 15 22 22
16 28 28 53 25 25 25 25 24 25 25 25 25 22 22 15 22
25 25 25 25 33 26 26 26 25 24 25 25 28 15 28 21 21 15 21
50 53 24 46 46 25 25 59 25 25 46 32 15 42 21 49 15 28 21 15
16 53 25 54 50 71 25 25 25 46 26 52 26 23 29 30 22 21 15 21
25 25 25 25 25 25 25 15 20 22 22 15 22 22 22 21 21 21 15
58 33 50 25 25 33 33 33 33 33 33 34 64 59 34 25 15
25 25 25 50 16 28 28 28 25 25 33 33 33 25 24 47 25 22 15
25 25 28 28 16 28 15 27 29 29 21 15 21 21 21 15 21 21 21
20 20 20 20 40 20 20 20 20 20 20 20 19 20 20 15 22 22
16 28 28 53 25 25 25 25 24 25 25 25 25 22 22 15 22
35 30 30 35 35 35 30 27 27 23 32 15 30 30 26
57 99 58 27 35 56 30 30 72 68 16 18 30 30
26 26 26 23 23 23 27 62 35 30 65 36 34 44 35 35 44 39
26 26 23 26 26 26 26 26 26 26 30 26 30 26 30
35 30 35 35 30 35 30 35 44 34 69 67 36 44 35
35 62 30 23 23 35 35 30 17 39 44 30 15 26 30 31 15
26 26 23 27 23 44 17 39 22 22 15 19 22 30 30 15 26
23 27 26 26 26 23 26 26 23 27 23 27 15 31
72 42 16 26 26 26 32 39 17 26 23 26
35 30 30 35 35 35 30 27 27 23 32 15 30 30 26
57 99 58 27 35 56 30 30 72 68 16 18 30 30
26 26 26 23 23 23 27 62 35 30 65 36 34 44 35 35 44 39
26 26 23 26 26 26 26 26 26 26 30 26 30 26 30
35 30 35 35 30 35 30 35 44 34 69 67 36 44 35
35 62 30 23 23 35 35 30 17 39 44 30 15 26 30 31 15
26 26 23 27 23 44 17 39 22 22 15 19 22 30 30 15 26
23 27 26 26 26 23 26 26 23 27 23 27 15 31
72 42 16 26 26 26 32 39 17 26 23 26
35 30 30 35 35 35 30 27 27 23 32 15 30 30 26
57 99 58 27 35 56 30 30 72 68 16 18 30 30
26 26 26 23 23 23 27 62 35 30 65 36 34 44 35 35 44 39
26 26 23 26 26 26 26 26 26 26 30 26 30 26 30
35 30 35 35 30 35 30 35 44 34 69 67 36 44 35
35 62 30 23 23 35 35 30 17 39 44 30 15 26 30 31 15
26 26 23 27 23 44 17 39 22 22 15 19 22 30 30 15 26
23 27 26 26 26 23 26 26 23 27 23 27 15 31
72 42 16 26 26 26 32 39 17 26 23 26
33 33 33 33 33 25 25 25 33 27 23 27 28 16 28 28
48 91 51 25 54 56 31 26 43 23 23 23 26 22 48 23 28 15
26 51 45 20 26 51 23 71 25 26 51 52 29 32 29 26 26 29 29
26 26 23 25 25 25 25 26 26 26 25 25 25 16 28 28
56 35 26 46 26 26 27 23 27 23 33 33 33 39 44 65 39 26
26 23 26 26 28 16 28 28 25 25 25 25 25 25 25 17 46 26 30 23 15
25 25 26 26 23 28 16 28 28 21 21 15 21 21 19 22 22 22 15
18 21 21 26 26 21 38 18 21 21 21 21 18 21 23 15 23
28 61 16 28 26 26 26 32 29 16 25 25 25 25
33 33 33 33 33 25 25 25 33 27 23 27 28 16 28 28
48 91 51 25 54 56 31 26 43 23 23 23 26 22 48 23 28 15
26 51 45 20 26 51 23 71 25 26 51 52 29 32 29 26 26 29 29
26 26 23 25 25 25 25 26 26 26 25 25 25 16 28 28
56 35 26 46 26 26 27 23 27 23 33 33 33 39 44 65 39 26
26 23 26 26 28 16 28 28 25 25 25 25 25 25 25 17 46 26 30 23 15
25 25 26 26 23 28 16 28 28 21 21 15 21 21 19 22 22 22 15
18 21 21 26 26 21 38 18 21 21 21 21 18 21 23 15 23
28 61 16 28 26 26 26 32 29 16 25 25 25 25
33 33 33 33 33 25 25 25 33 27 23 27 28 16 28 28
48 91 51 25 54 56 31 26 43 23 23 23 26 22 48 23 28 15
26 51 45 20 26 51 23 71 25 26 51 52 29 32 29 26 26 29 29
26 26 23 25 25 25 25 26 26 26 25 25 25 16 28 28
56 35 26 46 26 26 27 23 27 23 33 33 33 39 44 65 39 26
26 23 26 26 28 16 28 28 25 25 25 25 25 25 25 17 46 26 30 23 15
25 25 26 26 23 28 16 28 28 21 21 15 21 21 19 22 22 22 15
18 21 21 26 26 21 38 18 21 21 21 21 18 21 23 15 23
28 61 16 28 26 26 26 32 29 16 25 25 25 25
23 27 23 27 25 25 25 33 23 27 27 28 21 28 24 28 15 28
48 26 26 56 24 56 21 25 25 47 26 23 26 26 23 26 29 28 28 15 22 19 15
49 21 25 25 48 49 54 26 25 25 51 25 28 24 42 26 26 24 28 28 15
25 25 25 25 25 25 25 26 26 26 25 25 25 15 19 20 23
30 35 26 51 25 25 32 32 36 35 30 35 36 56 36 38 26 26 23
25 25 25 25 25 25 25 35 35 30 24 21 50 28 15 28 28 28 22 15
23 26 29 38 33 30 26 15 30 19 15 22 22 21 21 21 21 15
18 21 21 27 23 18 43 21 21 21 20 20 20 20 17 19 22
23 23 23 23 26 26 26 27 20 27 25 25 25 28 15 28 28
23 27 23 27 25 25 25 33 23 27 27 28 21 28 24 28 15 28
48 26 26 56 24 56 21 25 25 47 26 23 26 26 23 26 29 28 28 15 22 19 15
49 21 25 25 48 49 54 26 25 25 51 25 28 24 42 26 26 24 28 28 15
25 25 25 25 25 25 25 26 26 26 25 25 25 15 19 20 23
30 35 26 51 25 25 32 32 36 35 30 35 36 56 36 38 26 26 23
25 25 25 25 25 25 25 35 35 30 24 21 50 28 15 28 28 28 22 15
23 26 29 38 33 30 26 15 30 19 15 22 22 21 21 21 21 15
18 21 21 27 23 18 43 21 21 21 20 20 20 20 17 19 22
23 23 23 23 26 26 26 27 20 27 25 25 25 28 15 28 28
25 25 25 25 33 26 26 26 25 24 25 25 28 15 28 21 21 15 21
50 53 24 46 46 25 25 59 25 25 46 32 15 42 21 49 15 28 21 15
16 53 25 54 50 71 25 25 25 46 26 52 26 23 29 30 22 21 15 21
25 25 25 25 25 25 25 15 20 22 22 15 22 22 22 21 21 21 15
58 33 50 25 25 33 33 33 33 33 33 34 64 59 34 25 15
25 25 25 50 16 28 28 28 25 25 33 33 33 25 24 47 25 22 15
25 25 28 28 16 28 15 27 29 29 21 15 21 21 21 15 21 21 21
20 20 20 20 40 20 20 20 20 20 20 20 19 20 20 15 22 22
16 28 28 53 25 25 25 25 24 25 25 25 25 22 22 15 22
25 25 25 25 33 26 26 26 25 24 25 25 28 15 28 21 21 15 21
50 53 24 46 46 25 25 59 25 25 46 32 15 42 21 49 15 28 21 15
16 53 25 54 50 71 25 25 25 46 26 52 26 23 29 30 22 21 15 21
25 25 25 25 25 25 25 15 20 22 22 15 22 22 22 21 21 21 15
58 33 50 25 25 33 33 33 33 33 33 34 64 59 34 25 15
25 25 25 50 16 28 28 28 25 25 33 33 33 25 24 47 25 22 15
25 25 28 28 16 28 15 27 29 29 21 15 21 21 21 15 21 21 21
20 20 20 20 40 20 20 20 20 20 20 20 19 20 20 15 22 22
16 28 28 53 25 25 25 25 24 25 25 25 25 22 22 15 22
25 25 25 25 33 26 26 26 25 24 25 25 28 15 28 21 21 15 21
50 53 24 46 46 25 25 59 25 25 46 32 15 42 21 49 15 28 21 15
16 53 25 54 50 71 25 25 25 46 26 52 26 23 29 30 22 21 15 21
25 25 25 25 25 25 25 15 20 22 22 15 22 22 22 21 21 21 15
58 33 50 25 25 33 33 33 33 33 33 34 64 59 34 25 15
25 25 25 50 16 28 28 28 25 25 33 33 33 25 24 47 25 22 15
25 25 28 28 16 28 15 27 29 29 21 15 21 21 21 15 21 21 21
20 20 20 20 40 20 20 20 20 20 20 20 19 20 20 15 22 22
16 28 28 53 25 25 25 25 24 25 25 25 25 22 22 15 22
43 99 18 18 21 18
22 20 43 11 82 20 20
22 20 43 11 82 20 20
22 20 43 11 82 20 20
5 39 15 104 15 21 18
5 39 15 104 15 21 18
8 22 78 38 22 20 20 9
78 38 22 8 22 20 20 9
78 38 22 8 22 20 20 9
21 17 21 42 42 11 16 47
19 11 14 31 26 48 21 45
42 48 17 11 24 48 24
14 6 21 27 42 31 11 21 43
14 6 21 27 42 31 11 21 43
14 6 21 27 42 31 11 21 43
6 6 29 14 14
6 6 29 14 14
6 6 29 14 14
11 7 7 27 17
11 7 7 27 17
11 7 7 27 17
12 5 18 24 5 5
12 5 18 24 5 5
26 17 26 11 11 5
26 17 26 11 11 5
26 17 26 11 11 5
7 34 34 7 17
7 34 34 7 17
7 10 10 24 24 5 16
7 10 10 24 24 5 16
7 10 10 24 24 5 16
23 5 10 23 23 5 10
23 5 10 23 23 5 10
13 5 14 13 13 8 30
13 5 14 13 13 8 30
13 5 14 13 13 8 30
5 25 12 25 25 5
5 25 12 25 25 5
5 25 12 25 25 5
6 22 22 22 5 9 9
6 22 22 22 5 9 9
6 22 22 22 5 9 9
26 11 5 30 5 5 13
26 11 5 30 5 5 13
29 15 14 9 6 9 14
29 15 14 9 6 9 14
29 15 14 9 6 9 14
15 37 51 19 17 39 40
15 37 51 19 17 39 40
41 17 15 16 30 11 54 34
41 17 15 16 30 11 54 34
41 17 15 16 30 11 54 34
13 18 12 22 33 46 40 32
13 18 12 22 33 46 40 32
15 17 14 28 49 46 14 34
15 17 14 28 49 46 14 34
15 17 14 28 49 46 14 34
102 19 30 40 27
102 19 30 40 27
17 38 11 10 54 25 40 21
17 38 11 10 54 25 40 21
17 38 11 10 54 25 40 21
7 42 15 29 58 11 40 16
7 42 15 29 58 11 40 16
9 21 37 47 36 11 40 15
9 21 37 47 36 11 40 15
9 21 37 47 36 11 40 15
52 31 31 52 23 28
52 31 31 52 23 28
55 31 46 31 29 25
55 31 46 31 29 25
55 31 46 31 29 25
52 47 35 35 17 31
52 47 35 35 17 31
29 58 50 29 22 28
29 58 50 29 22 28
29 58 50 29 22 28
11 62 17 32 62 34
21 11 51 17 32 43 33 10
21 11 51 17 32 43 33 10
21 11 51 17 32 43 33 10
17 42 25 31 11 44 34 12
17 42 25 31 11 44 34 12
16 20 17 19 49 11 44 33 8
16 20 17 19 49 11 44 33 8
16 20 17 19 49 11 44 33 8
67 24 18 48 44 16
35 12 62 25 33 5 29 15
35 12 62 25 33 5 29 15
35 12 62 25 33 5 29 15
5 34 11 20 40 52 39 14
5 34 11 20 40 52 39 14
34 7 15 52 25 39 28 17
34 7 15 52 25 39 28 17
34 7 15 52 25 39 28 17
7 28 18 18 59 16 33 13 23
7 28 18 18 59 16 33 13 23
7 28 18 18 59 16 33 13 23
17 6 17 66 34 14 29 11 20
17 6 17 66 34 14 29 11 20
21 9 24 21 20 27 43 16 13 22
21 9 24 21 20 27 43 16 13 22
21 9 24 21 20 27 43 16 13 22
23 23 24 38 49 13 18 11 19
37 17 27 17 42 18 15 13 19 13
37 17 27 17 42 18 15 13 19 13
19 18 16 18 38 19 26 23 15 23
19 18 16 18 38 19 26 23 15 23
19 18 16 18 38 19 26 23 15 23
43 99 18 18 21 18
22 20 43 11 82 20 20
22 20 43 11 82 20 20
22 20 43 11 82 20 20
20 20 52 11 17 58 6 16 16
20 20 52 11 17 58 6 16 16
26 43 12 18 66 17 7 15 12
26 43 12 18 66 17 7 15 12
26 43 12 18 66 17 7 15 12
6 6 29 14 14
14 6 6 29 14
14 6 6 29 14
5 28 7 28 12 5
5 28 7 28 12 5
5 28 7 28 12 5
5 5 18 24 5 12
5 5 18 24 5 12
12 12 19 12 12 29
12 12 19 12 12 29
12 12 19 12 12 29
6 6 29 14 14
6 6 29 14 14
6 6 29 14 14
7 11 11 5 11 26 26
7 11 11 5 11 26 26
7 11 11 5 11 26 26
12 8 25 5 25 18 5
18 5 12 8 25 5 25
14 21 9 9 32 6 6
14 21 9 9 32 6 6
14 21 9 9 32 6 6
6 6 29 14 14
6 6 29 14 14
6 6 29 14 14
11 7 7 27 17
5 5 24 12 7 27 18
5 5 24 12 7 27 18
17 26 11 23 5 5 11
17 26 11 23 5 5 11
8 30 8 5 13 13 20
8 30 8 5 13 13 20
8 30 8 5 13 13 20
5 25 12 25 25 5
5 25 12 25 25 5
6 29 14 29 14 6
6 22 22 22 5 9 9
6 22 22 22 5 9 9
6 22 22 22 5 9 9
5 30 13 30 5 13
5 30 13 30 5 13
16 15 10 35 6 15
16 15 10 35 6 15
16 15 10 35 6 15
5 25 12 25 25 5
5 25 12 25 25 5
5 25 12 25 25 5
6 24 21 21 5 10 10
6 24 21 21 5 10 10
6 24 21 21 5 10 10
10 12 29 29 5 12
10 12 29 29 5 12
36 16 13 10 6 16
36 16 13 10 6 16
36 16 13 10 6 16
5 25 12 25 25 5
6 29 14 6 14 29
6 29 14 6 14 29
6 22 5 22 9 9 22
6 22 5 22 9 9 22
6 22 5 22 9 9 22
5 30 13 5 30 13
5 30 13 5 30 13
15 10 35 6 15 16
15 10 35 6 15 16
15 10 35 6 15 16
7 34 34 7 17
7 34 34 7 17
7 10 10 24 24 5 16
6 24 10 5 10 5 21 16
6 24 10 5 10 5 21 16
9 9 5 21 21 5 21 5
9 9 5 21 21 5 21 5
27 7 12 7 12 12 7 12
12 12 7 12 27 7 12 7
12 12 7 12 27 7 12 7
7 34 34 7 17
6 6 15 31 6 15 15
7 5 11 22 5 11 22 16
7 5 11 22 5 11 22 16
7 5 11 22 5 11 22 16
9 9 5 5 21 21 21 5
9 9 5 5 21 21 21 5
12 7 12 7 28 10 12 7
12 7 12 7 28 10 12 7
12 7 12 7 28 10 12 7
7 34 34 7 17
7 34 34 7 17
6 5 10 5 10 21 16 24
6 5 10 5 10 21 16 24
6 5 10 5 10 21 16 24
9 9 5 21 5 21 5 21
9 9 5 21 5 21 5 21
12 12 7 27 7 12 7 12
12 12 7 27 7 12 7 12
12 12 7 27 7 12 7 12
102 19 30 40 27
102 19 30 40 27
17 38 11 10 54 25 40 21
29 19 34 11 27 36 16 45
29 19 34 11 27 36 16 45
11 39 17 11 17 39 30 13 40
11 39 17 11 17 39 30 13 40
17 25 17 11 40 40 17 36 14
17 25 17 11 40 40 17 36 14
17 25 17 11 40 40 17 36 14
102 19 30 40 27
102 19 30 40 27
17 38 11 10 54 25 40 21
17 38 11 10 54 25 40 21
28 18 11 25 33 40 16 45
11 30 11 17 18 41 29 14 45
11 30 11 17 18 41 29 14 45
17 11 26 35 33 35 16 12 32
17 11 26 35 33 35 16 12 32
17 11 26 35 33 35 16 12 32
15 37 51 19 17 39 40
15 37 51 19 17 39 40
17 11 45 22 16 42 31 34
17 11 45 22 16 42 31 34
17 11 45 22 16 42 31 34
13 21 10 48 17 21 42 19 25
13 21 10 48 17 21 42 19 25
6 20 38 11 17 28 50 13 33
6 20 38 11 17 28 50 13 33
6 20 38 11 17 28 50 13 33
15 37 51 19 17 39 40
15 37 51 19 17 39 40
41 17 15 16 30 11 54 34
41 17 15 16 30 11 54 34
20 23 45 57 18 38 16
26 18 14 36 47 37 23 14
26 18 14 36 47 37 23 14
18 41 62 36 5 23 16 16
18 41 62 36 5 23 16 16
18 41 62 36 5 23 16 16
52 31 31 52 23 28
52 31 31 52 23 28
37 15 17 39 51 19 40
15 37 17 39 51 19 40
15 37 17 39 51 19 40
21 5 46 49 11 26 20 40
21 5 46 49 11 26 20 40
35 17 15 11 55 10 35 40
35 17 15 11 55 10 35 40
35 17 15 11 55 10 35 40
52 31 31 52 23 28
52 31 31 52 23 28
55 31 46 31 29 25
55 31 46 31 29 25
55 31 46 31 29 25
32 15 13 46 28 17 42 22
32 15 13 46 28 17 42 22
15 27 46 17 38 42 13 20
15 27 46 17 38 42 13 20
15 27 46 17 38 42 13 20
43 99 18 18 21 18
22 20 43 11 82 20 20
22 20 43 11 82 20 20
22 20 43 11 82 20 20
5 39 15 104 15 21 18
16 48 58 11 11 33 20 20
55 12 20 27 55 7 18 7 14
20 27 55 55 12 7 18 7 14
55 12 20 27 55 7 18 7 14
67 24 18 48 44 16
19 18 55 32 34 23 23 13
19 18 55 32 34 23 23 13
19 18 55 32 34 23 23 13
18 23 24 36 23 47 32 13
18 23 24 36 23 47 32 13
17 23 41 20 23 36 38 8
17 23 41 20 23 36 38 8
17 23 41 20 23 36 38 8
67 24 18 48 44 16
35 12 62 25 33 5 29 15
18 19 55 32 34 23 23 13
18 19 55 32 34 23 23 13
16 23 60 30 23 22 29 13
16 23 60 30 23 22 29 13
17 23 44 36 22 23 38 13
17 23 44 36 22 23 38 13
17 23 44 36 22 23 38 13
11 62 17 32 62 34
21 11 51 17 32 43 33 10
20 41 49 19 17 11 41 10 10
20 41 49 19 17 11 41 10 10
17 36 37 27 26 11 40 10 12
17 36 37 27 26 11 40 10 12
17 44 45 16 43 11 18 12 10
17 44 45 16 43 11 18 12 10
17 44 45 16 43 11 18 12 10
11 62 17 32 62 34
21 11 51 17 32 43 33 10
21 11 51 17 32 43 33 10
21 11 51 17 32 43 33 10
17 42 25 31 11 44 34 12
17 42 25 31 11 44 34 12
21 43 42 17 45 11 20 7 10
21 43 42 17 45 11 20 7 10
21 43 42 17 45 11 20 7 10
7 28 18 18 59 16 33 13 23
7 28 18 18 59 33 16 13 23
7 28 18 18 59 33 16 13 23
21 6 15 15 57 31 20 11 40
21 6 15 15 57 31 20 11 40
20 8 24 20 54 13 26 16 22 12
20 8 24 20 54 13 26 16 22 12
20 8 24 20 54 13 26 16 22 12
7 28 18 18 59 16 33 13 23
7 28 18 18 59 16 33 13 23
7 28 18 18 59 16 33 13 23
17 6 17 66 34 14 29 11 20
42 11 11 22 32 22 13 42 23
11 18 11 27 35 24 17 42 8 22
11 18 11 27 35 24 17 42 8 22
11 18 11 27 35 24 17 42 8 22
23 23 24 38 49 13 18 11 19
47 30 15 42 22 13 21 11 17
47 30 15 42 22 13 21 11 17
13 46 21 31 14 17 17 13 22 22
13 46 21 31 14 17 17 13 22 22
13 46 21 31 14 17 17 13 22 22
16 34 17 51 24 24 40 11
16 34 17 51 24 24 40 11
18 17 22 32 19 61 36 12
18 17 22 32 19 61 36 12
18 17 22 32 19 61 36 12
102 19 30 40 27
102 19 30 40 27
17 38 11 10 54 25 40 21
17 5 17 16 37 16 24 32 24 6 15 6
17 5 17 16 37 16 24 32 24 6 15 6
17 5 17 16 37 16 24 32 24 6 15 6
17 5 17 16 37 16 24 32 24 6 15 6
17 5 17 16 37 16 24 32 24 6 15 6
17 5 17 16 37 16 24 32 24 6 15 6
17 5 17 16 37 16 24 32 24 6 15 6
16 34 17 51 24 24 40 11
16 34 17 51 24 24 40 11
19 5 19 14 14 11 10 39 38 38 10
19 5 19 14 14 11 10 39 38 38 10
19 14 14 19 5 11 10 39 38 38 10
16 34 17 51 24 24 40 11
18 7 18 41 36 36 16 22 11 11
22 5 23 36 36 16 27 30 11 11
22 5 23 36 36 16 27 30 11 11
22 5 23 36 36 16 27 30 11 11
21 17 21 42 42 11 16 47
19 11 14 31 26 48 21 45
19 11 14 31 26 48 21 45
18 11 19 20 5 46 38 11 48
18 11 19 20 5 46 38 11 48
18 11 19 20 5 46 38 11 48
12 29 29 29 9 12 6 12 12 6 12 9 9 12 12 6 7 13 13 6
12 29 29 29 9 12 6 12 12 6 12 9 9 12 12 6 7 13 13 6
33 34 11 49 17 22 48 18 24
34 33 11 49 17 22 48 18 24
34 33 11 49 17 22 48 18 24
17 47 24 58 27 17 28
17 47 24 58 27 17 28
46 25 34 11 56 18 28
46 25 34 11 56 18 28
46 25 34 11 56 18 28
22 14 56 17 21 62 25
22 14 56 17 21 62 25
43 32 11 53 18 33 28
43 32 11 53 18 33 28
43 32 11 53 18 33 28
7 19 19 11 38 34 38 11
7 19 19 11 38 34 38 11
12 20 19 39 11 37 39 28 12
12 20 19 39 11 37 39 28 12
12 20 19 39 11 37 39 28 12
17 42 11 11 39 5 29 23 14 25
17 42 11 11 39 5 29 23 14 25
18 7 25 11 12 33 36 36 28 12
18 7 25 11 12 33 36 36 28 12
18 7 25 11 12 33 36 36 28 12
7 19 19 11 38 34 38 11
7 19 19 11 38 34 38 11
19 36 10 25 11 32 33 11
19 36 10 25 11 32 33 11
19 36 10 25 11 32 33 11
17 6 18 43 36 11 11 34
17 6 18 43 36 11 11 34
23 8 23 5 37 11 11 30 28
23 8 23 5 37 11 11 30 28
23 8 23 5 37 11 11 30 28
6 31 15 31
6 31 15 31
6 31 15 31
6 16 10 24 6 24
6 16 10 24 6 24
6 16 10 24 6 24
15 5 5 15 21 21
15 5 5 15 21 21
7 17 7 27 11 27
7 17 7 27 11 27
7 17 7 27 11 27
18 53 98 21 27
22 71 38 25 34 27
22 71 38 25 34 27
22 71 38 25 34 27
30 77 17 15 51 7 20
30 77 17 15 51 7 20
21 37 41 22 66 12 19
21 37 41 22 66 12 19
21 37 41 22 66 12 19
19 32 17 38 40 62 8
29 21 13 35 56 17 5 30 10
29 21 13 35 56 17 5 30 10
37 16 19 32 26 5 57 17 8
37 16 19 32 26 5 57 17 8
37 16 19 32 26 5 57 17 8
12 25 25 5 12 12 5
12 25 25 5 12 12 5
12 25 25 5 12 12 5
11 25 7 22 11 16 7
11 25 7 22 11 16 7
11 25 7 22 11 16 7
10 5 5 15 20 23 15 5
10 5 5 15 20 23 15 5
7 11 5 11 25 22 11 5
7 11 5 11 25 22 11 5
7 11 5 11 25 22 11 5
32 8 19 11 62 45 11 19 11
38 6 30 50 11 47 11 13 10
38 6 30 50 11 47 11 13 10
28 9 64 37 28 14 11 11 15
28 9 64 37 28 14 11 11 15
28 9 64 37 28 14 11 11 15
30 7 31 11 58 15 42 11 11
38 6 30 13 50 11 47 11 10
38 6 30 13 50 11 47 11 10
28 9 64 37 28 14 11 11 15
28 9 64 37 28 14 11 11 15
28 9 64 37 28 14 11 11 15
34 78 69 21 15
34 78 69 21 15
34 78 69 21 15
29 81 59 28 12 8
29 81 59 28 12 8
29 81 59 28 12 8
18 66 40 67 19 7
18 66 40 67 19 7
7 31 22 63 64 18 11
7 31 22 63 64 18 11
7 31 22 63 64 18 11
20 45 40 12 15 46 30 8
20 40 15 30 13 39 45 8 6
20 40 15 30 13 39 45 8 6
20 40 15 30 13 39 45 8 6
20 18 18 36 58 11 38 8 8
17 50 25 24 33 11 34 11 10
17 50 25 24 33 11 34 11 10
17 23 16 60 32 11 42 7 8
17 23 16 60 32 11 42 7 8
17 23 16 60 32 11 42 7 8
18 53 98 21 27
22 71 38 25 34 27
23 23 50 49 12 40 11 8
23 23 50 49 12 40 11 8
25 6 11 54 49 12 34 14 10
25 6 11 54 49 12 34 14 10
25 16 5 14 54 43 26 13 13 8
25 16 5 14 54 43 26 13 13 8
25 16 5 14 54 43 26 13 13 8
52 31 31 52 23 28
52 31 31 52 23 28
55 31 46 31 29 25
44 26 60 48 40
44 26 60 48 40
31 60 30 57 40
31 60 30 57 40
20 67 36 34 40 6 14
20 67 36 34 40 6 14
34 20 67 36 40 6 14
6 6 29 14 14
6 6 29 14 14
6 6 29 14 14
11 7 7 27 17
11 7 7 27 17
11 7 7 27 17
12 5 18 24 5 5
12 5 18 24 5 5
26 17 26 11 11 5
26 17 26 11 11 5
26 17 26 11 11 5
102 19 30 40 27
102 19 30 40 27
17 38 11 10 54 25 40 21
17 38 11 10 54 25 40 21
17 38 11 10 54 25 40 21
7 42 15 29 58 11 40 16
56 77 27 77 64 36
64 44 27 44 118 40
64 44 27 44 118 40
64 44 27 44 118 40
11 62 17 32 62 34
21 11 51 17 32 43 33 10
21 11 51 17 32 43 33 10
21 11 51 17 32 43 33 10
22 20 45 5 8 58 50 8
22 20 45 5 8 58 50 8
19 9 36 20 17 50 44 8 13
19 9 36 20 17 50 44 8 13
19 9 36 20 17 50 44 8 13
21 17 21 42 42 11 16 47
19 11 14 31 26 48 21 45
19 11 14 31 26 48 21 45
16 62 47 32 12 16 19 12
16 62 47 32 12 16 19 12
16 62 47 32 12 16 19 12
100
100
100
100
100
100
100
100
100
100
20 45 40 12 15 46 30 8
20 40 15 30 13 39 45 8 6
40 20 15 30 13 39 45 8 6
40 20 15 30 13 39 45 8 6
19 11 62 32 45 11 8 19 11
30 50 11 38 47 11 13 6 10
30 50 11 38 47 11 13 6 10
64 37 28 14 11 28 11 9 15
64 37 28 14 11 28 11 9 15
64 37 28 14 11 28 11 9 15
31 11 58 30 15 42 11 7 11
30 13 50 11 38 47 11 6 10
30 13 50 11 38 47 11 6 10
64 37 28 14 11 28 11 9 15
64 37 28 14 11 28 11 9 15
64 37 28 14 11 28 11 9 15
33 34 11 49 17 22 48 18 24
34 33 11 49 17 22 48 18 24
34 33 11 49 17 22 48 18 24
