1758 1753 1816 1697 1747 1993 1688 1719 1812 1691 1727 1693 1720 1713 1733
1758 1753 1816 1697 1747 1993 1688 1719 1812 1691 1727 1693 1720 1713 1733
1758 1753 1816 1697 1747 1993 1688 1719 1812 1691 1727 1693 1720 1713 1733
1758 1753 1816 1747 1786 1993 1790 1688 1727 1812 1769 1810 1804 1693 1815 1733
1758 1753 1816 1747 1786 1993 1790 1688 1727 1812 1769 1810 1804 1693 1815 1733
1758 1753 1816 1747 1786 1993 1790 1688 1727 1812 1769 1810 1804 1693 1815 1733
1850 1788 1884 3678 1993 1790 1688 1727 1836 1878 3820 1874 1693 1883 1767 1831 1695 1758
1850 1788 1884 3678 1993 1790 1688 1727 1836 1878 3820 1874 1693 1883 1767 1831 1695 1758
1850 1788 1884 3678 1727 1836 1878 3820 1874 1693 1883 1767 1831 1784 1758 1993 1790 1849 1688
1850 1788 1884 3678 1727 1836 1878 3820 1874 1693 1883 1767 1831 1784 1758 1993 1790 1849 1688
1850 1788 1884 3678 1727 1836 1878 3820 1874 1693 1883 1767 1831 1784 1758 1993 1790 1849 1688
1993 1765 1773 1870 1726 1711 1736 1751 1758 1713 1740 1693 1820 1728
1993 1765 1773 1870 1726 1711 1736 1751 1758 1713 1740 1693 1820 1728
1993 1765 1773 1870 1726 1711 1736 1751 1758 1713 1740 1693 1820 1728
1993 1765 1773 1870 1711 1758 1820 1726 1872 1760 1771 1824 1751 1693 1804 1728 1821 1775
1993 1765 1773 1870 1711 1758 1820 1726 1872 1760 1771 1824 1751 1693 1804 1728 1821 1775
1993 1765 1773 1870 1711 1758 1820 1726 1872 1760 1771 1824 1751 1693 1804 1728 1821 1775
1993 1773 1924 1832 1802 1758 1820 1711 1894 1872 1765 1838 1760 1824 1813 1840 1693 1804 1889 1842 1831 1874 1935
1993 1773 1924 1832 1802 1758 1820 1711 1894 1872 1765 1838 1760 1824 1813 1840 1693 1804 1889 1842 1831 1874 1935
1802 1758 1820 1894 1872 1838 1760 1832 1824 1813 1840 1693 1938 1993 1924 1874 1888 1889 1831 1935
1802 1758 1820 1894 1872 1838 1760 1832 1824 1813 1840 1693 1938 1993 1924 1874 1888 1889 1831 1935
1802 1758 1820 1894 1872 1838 1760 1832 1824 1813 1840 1693 1938 1993 1924 1874 1888 1889 1831 1935
1993 1720 1714 1688 1745 1729 1765 1734 1758 1727 1716 1728 1693 1757 1870 1713 1725 1753
1993 1720 1714 1688 1745 1729 1765 1734 1758 1727 1716 1728 1693 1757 1870 1713 1725 1753
1993 1720 1714 1688 1745 1729 1765 1734 1758 1727 1716 1728 1693 1757 1870 1713 1725 1753
1728 1758 1763 1745 1729 1765 1768 1807 1727 1815 1805 1688 1823 1693 1734 1804 1870 1825 1753
1728 1758 1763 1745 1729 1765 1768 1807 1727 1815 1805 1688 1823 1693 1734 1804 1870 1825 1753
1728 1758 1763 1745 1729 1765 1768 1807 1727 1815 1805 1688 1823 1693 1734 1804 1870 1825 1753
1763 1745 1729 1768 1832 1875 1758 1727 1807 1883 1688 1873 1823 1835 1693 1874 1924 1850 3624 1805 1830
1763 1745 1729 1768 1832 1875 1758 1727 1807 1883 1688 1873 1823 1835 1693 1874 1924 1850 3624 1805 1830
1830 1758 1729 1835 1832 1875 1727 1874 1924 1688 1850 1693 3624 1926 1891 1927 1745 1883 1908 1873
1830 1758 1729 1835 1832 1875 1727 1874 1924 1688 1850 1693 3624 1926 1891 1927 1745 1883 1908 1873
1830 1758 1729 1835 1832 1875 1727 1874 1924 1688 1850 1693 3624 1926 1891 1927 1745 1883 1908 1873
1765 1773 1727 1812 1803 1811 3790 1756 1870 1720 1693 1737 1752 1742 1726
1765 1773 1727 1812 1803 1811 3790 1756 1870 1720 1693 1737 1752 1742 1726
1765 1773 1727 1812 1803 1811 3790 1756 1870 1720 1693 1737 1752 1742 1726
1742 1726 1809 1765 1773 1727 1812 1803 1811 3930 3568 1870 1815 1693 1737 1814
1742 1726 1809 1765 1773 1727 1812 1803 1811 3930 3568 1870 1815 1693 1737 1814
1742 1726 1809 1765 1773 1727 1812 1803 1811 3930 3568 1870 1815 1693 1737 1814
1742 1894 1809 1727 3820 1832 1840 1871 1879 3852 3568 1883 1924 1695 1693 1772 1882
1742 1894 1809 1727 3820 1832 1840 1871 1879 3852 3568 1883 1924 1695 1693 1772 1882
1742 1894 1809 1727 3820 1832 1840 1784 1693 1772 1882 1900 1871 1879 3852 3568 1883 1924 1854
1742 1894 1809 1727 3820 1832 1840 1784 1693 1772 1882 1900 1871 1879 3852 3568 1883 1924 1854
1742 1894 1809 1727 3820 1832 1840 1784 1693 1772 1882 1900 1871 1879 3852 3568 1883 1924 1854
1747 1730 1716 1697 1691 1993 1816 1752 1833 1693 1733 1713 1692 1702 1736
1747 1730 1716 1697 1691 1993 1816 1752 1833 1693 1733 1713 1692 1702 1736
1747 1730 1716 1697 1691 1993 1816 1752 1833 1693 1733 1713 1692 1702 1736
1804 1692 1790 1856 1747 1730 1833 1826 1786 1769 1993 1816 1814 1807 1693 1733 1702 1771
1804 1692 1790 1856 1747 1730 1833 1826 1786 1769 1993 1816 1814 1807 1693 1733 1702 1771
1804 1692 1790 1856 1747 1730 1833 1826 1786 1769 1993 1816 1814 1807 1693 1733 1702 1771
1874 1692 1790 1856 1788 1730 1836 1848 3678 1993 1884 1882 1875 1693 1733 1860 1838 1804 1767
1874 1692 1790 1856 1788 1730 1836 1848 3678 1993 1884 1882 1875 1693 1733 1860 1838 1804 1767
1874 1692 1856 1788 1730 1836 1848 3678 1993 1884 1882 1875 1693 1767 1860 1838 1854
1874 1692 1856 1788 1730 1836 1848 3678 1993 1884 1882 1875 1693 1767 1860 1838 1854
1874 1692 1856 1788 1730 1836 1848 3678 1993 1884 1882 1875 1693 1767 1860 1838 1854
1757 1752 1688 1730 1700 1833 1728 1743 1693 1735 1692 1714 1739 1745 3790 1723 1746
1757 1752 1688 1730 1700 1833 1728 1743 1693 1735 1692 1714 1739 1745 3790 1723 1746
1757 1752 1688 1730 1700 1833 1728 1743 1693 1735 1692 1714 1739 1745 3790 1723 1746
1823 1856 1752 1688 1805 1739 1745 3930 1730 1700 1814 1833 1728 1763 1743 1693 1877 1770 1692 1723 1783
1823 1856 1752 1688 1805 1739 1745 3930 1730 1700 1814 1833 1728 1763 1743 1693 1877 1770 1692 1723 1783
1823 1856 1752 1688 1805 1739 1745 3930 1730 1700 1814 1833 1728 1763 1743 1693 1877 1770 1692 1723 1783
1823 1856 1688 1882 1730 1700 1814 1881 1763 1847 1837 1693 1877 1692 1841 1745 1873 3852 1723 1851
1823 1856 1688 1882 1730 1700 1814 1881 1763 1847 1837 1693 1877 1692 1841 1745 1873 3852 1723 1851
1856 1891 1688 1882 1841 1926 1745 3852 1730 1700 1881 1847 1873 1837 1693 1877 1692 1723 1851
1856 1891 1688 1882 1841 1926 1745 3852 1730 1700 1881 1847 1873 1837 1693 1877 1692 1723 1851
1856 1891 1688 1882 1841 1926 1745 3852 1730 1700 1881 1847 1873 1837 1693 1877 1692 1723 1851
1758 1713 1734 1765 1711 1833 1693 1743 1728 1725 1820 1733 3790 1811 1735 1740 1745
1758 1713 1734 1765 1711 1833 1693 1743 1728 1725 1820 1733 3790 1811 1735 1740 1745
1758 1713 1734 1765 1711 1833 1693 1743 1728 1725 1820 1733 3790 1811 1735 1740 1745
1765 1711 1804 1758 1768 1833 1693 1821 1743 1728 1825 1820 1733 3930 1760 1811 1735 1745 1775
1765 1711 1804 1758 1768 1833 1693 1821 1743 1728 1825 1820 1733 3930 1760 1811 1735 1745 1775
1765 1711 1804 1758 1768 1833 1693 1821 1743 1728 1825 1820 1733 3930 1760 1811 1735 1745 1775
1802 1832 1693 1889 1847 3624 1767 1935 3852 1835 1830 1874 1758 1760 1770 1745 1879 1842
1802 1832 1693 1889 1847 3624 1767 1935 3852 1835 1830 1874 1758 1760 1770 1745 1879 1842
1802 1832 3624 1767 1935 3852 1938 1693 1889 1847 1835 1830 1874 1758 1837 1888 1760 1745 1879
1802 1832 3624 1767 1935 3852 1938 1693 1889 1847 1835 1830 1874 1758 1837 1888 1760 1745 1879
1802 1832 3624 1767 1935 3852 1938 1693 1889 1847 1835 1830 1874 1758 1837 1888 1760 1745 1879
1751 1692 1870 1719 1752 1735 1726 1723 1730 1747 1700 1803 1693 1697
1751 1692 1870 1719 1752 1735 1726 1723 1730 1747 1700 1803 1693 1697
1751 1692 1870 1719 1752 1735 1726 1723 1730 1747 1700 1803 1693 1697
1826 1747 1700 1751 1692 1870 1877 1770 1814 1810 1726 1723 1824 1730 1803 1693 1786
1826 1747 1700 1751 1692 1870 1877 1770 1814 1810 1726 1723 1824 1730 1803 1693 1786
1826 1747 1700 1751 1692 1870 1877 1770 1814 1810 1726 1723 1824 1730 1803 1693 1786
1848 1788 1700 1692 1813 1837 1877 1924 1878 1882 1894 1723 1824 1730 1693 1871 3678
1848 1788 1700 1692 1813 1837 1877 1924 1878 1882 1894 1723 1824 1730 1693 1871 3678
1848 1788 1700 1837 1877 1924 1878 1882 1894 1723 1824 1730 1693 1871 3678 1900 1692 1813
1848 1788 1700 1837 1877 1924 1878 1882 1894 1723 1824 1730 1693 1871 3678 1900 1692 1813
1848 1788 1700 1837 1877 1924 1878 1882 1894 1723 1824 1730 1693 1871 3678 1900 1692 1813
1702 1757 1739 1737 1716 1811 1736 1729 1693 1756 1742 1725
1702 1757 1739 1737 1716 1811 1736 1729 1693 1756 1742 1725
1702 1757 1739 1737 1716 1811 1736 1729 1693 1756 1742 1725
1823 1702 1739 1872 1807 1737 1811 1771 1729 1693 1809 3568 1742 1825
1823 1702 1739 1872 1807 1737 1811 1771 1729 1693 1809 3568 1742 1825
1823 1702 1739 1872 1807 1737 1811 1771 1729 1693 1809 3568 1742 1825
1881 1860 1850 1838 1875 1772 1879 1729 1693 1809 3568 1742 3624 1823 1841 1702 1872
1881 1860 1850 1838 1875 1772 1879 1729 1693 1809 3568 1742 3624 1823 1841 1702 1872
1841 1891 1872 1860 1881 1850 1838 1729 1693 1809 3568 1742 3624 1875 1772 1927 1879
1841 1891 1872 1860 1881 1850 1838 1729 1693 1809 3568 1742 3624 1875 1772 1927 1879
1841 1891 1872 1860 1881 1850 1838 1729 1693 1809 3568 1742 3624 1875 1772 1927 1879
1758 1753 1816 1697 1747 1993 1688 1719 1812 1691 1727 1693 1720 1713 1733
1993 1765 1773 1870 1726 1711 1736 1751 1758 1713 1740 1693 1820 1728
1993 1720 1714 1688 1745 1729 1765 1734 1758 1727 1716 1728 1693 1757 1870 1713 1725 1753
1765 1773 1727 1812 1803 1811 3790 1756 1870 1720 1693 1737 1752 1742 1726
1747 1730 1716 1697 1691 1993 1816 1752 1833 1693 1733 1713 1692 1702 1736
1757 1752 1688 1730 1700 1833 1728 1743 1693 1735 1692 1714 1739 1745 3790 1723 1746
1758 1713 1734 1765 1711 1833 1693 1743 1728 1725 1820 1733 3790 1811 1735 1740 1745
1751 1692 1870 1719 1752 1735 1726 1723 1730 1747 1700 1803 1693 1697
1702 1757 1739 1737 1716 1811 1736 1729 1693 1756 1742 1725
1758 1753 1816 1697 1747 1993 1688 1719 1812 1691 1727 1693 1720 1713 1733
1993 1765 1773 1870 1726 1711 1736 1751 1758 1713 1740 1693 1820 1728
1993 1720 1714 1688 1745 1729 1765 1734 1758 1727 1716 1728 1693 1757 1870 1713 1725 1753
1765 1773 1727 1812 1803 1811 3790 1756 1870 1720 1693 1737 1752 1742 1726
1747 1730 1716 1697 1691 1993 1816 1752 1833 1693 1733 1713 1692 1702 1736
1757 1752 1688 1730 1700 1833 1728 1743 1693 1735 1692 1714 1739 1745 3790 1723 1746
1758 1713 1734 1765 1711 1833 1693 1743 1728 1725 1820 1733 3790 1811 1735 1740 1745
1751 1692 1870 1719 1752 1735 1726 1723 1730 1747 1700 1803 1693 1697
1702 1757 1739 1737 1716 1811 1736 1729 1693 1756 1742 1725
1758 1753 1816 1697 1747 1993 1688 1719 1812 1691 1727 1693 1720 1713 1733
1993 1765 1773 1870 1726 1711 1736 1751 1758 1713 1740 1693 1820 1728
1993 1720 1714 1688 1745 1729 1765 1734 1758 1727 1716 1728 1693 1757 1870 1713 1725 1753
1765 1773 1727 1812 1803 1811 3790 1756 1870 1720 1693 1737 1752 1742 1726
1747 1730 1716 1697 1691 1993 1816 1752 1833 1693 1733 1713 1692 1702 1736
1757 1752 1688 1730 1700 1833 1728 1743 1693 1735 1692 1714 1739 1745 3790 1723 1746
1758 1713 1734 1765 1711 1833 1693 1743 1728 1725 1820 1733 3790 1811 1735 1740 1745
1751 1692 1870 1719 1752 1735 1726 1723 1730 1747 1700 1803 1693 1697
1702 1757 1739 1737 1716 1811 1736 1729 1693 1756 1742 1725
1758 1753 1816 1747 1786 1993 1790 1688 1727 1812 1769 1810 1804 1693 1815 1733
1993 1765 1773 1870 1711 1758 1820 1726 1872 1760 1771 1824 1751 1693 1804 1728 1821 1775
1728 1758 1763 1745 1729 1765 1768 1807 1727 1815 1805 1688 1823 1693 1734 1804 1870 1825 1753
1742 1726 1809 1765 1773 1727 1812 1803 1811 3930 3568 1870 1815 1693 1737 1814
1804 1692 1790 1856 1747 1730 1833 1826 1786 1769 1993 1816 1814 1807 1693 1733 1702 1771
1823 1856 1752 1688 1805 1739 1745 3930 1730 1700 1814 1833 1728 1763 1743 1693 1877 1770 1692 1723 1783
1765 1711 1804 1758 1768 1833 1693 1821 1743 1728 1825 1820 1733 3930 1760 1811 1735 1745 1775
1826 1747 1700 1751 1692 1870 1877 1770 1814 1810 1726 1723 1824 1730 1803 1693 1786
1823 1702 1739 1872 1807 1737 1811 1771 1729 1693 1809 3568 1742 1825
1758 1753 1816 1747 1786 1993 1790 1688 1727 1812 1769 1810 1804 1693 1815 1733
1993 1765 1773 1870 1711 1758 1820 1726 1872 1760 1771 1824 1751 1693 1804 1728 1821 1775
1728 1758 1763 1745 1729 1765 1768 1807 1727 1815 1805 1688 1823 1693 1734 1804 1870 1825 1753
1742 1726 1809 1765 1773 1727 1812 1803 1811 3930 3568 1870 1815 1693 1737 1814
1804 1692 1790 1856 1747 1730 1833 1826 1786 1769 1993 1816 1814 1807 1693 1733 1702 1771
1823 1856 1752 1688 1805 1739 1745 3930 1730 1700 1814 1833 1728 1763 1743 1693 1877 1770 1692 1723 1783
1765 1711 1804 1758 1768 1833 1693 1821 1743 1728 1825 1820 1733 3930 1760 1811 1735 1745 1775
1826 1747 1700 1751 1692 1870 1877 1770 1814 1810 1726 1723 1824 1730 1803 1693 1786
1823 1702 1739 1872 1807 1737 1811 1771 1729 1693 1809 3568 1742 1825
1758 1753 1816 1747 1786 1993 1790 1688 1727 1812 1769 1810 1804 1693 1815 1733
1993 1765 1773 1870 1711 1758 1820 1726 1872 1760 1771 1824 1751 1693 1804 1728 1821 1775
1728 1758 1763 1745 1729 1765 1768 1807 1727 1815 1805 1688 1823 1693 1734 1804 1870 1825 1753
1742 1726 1809 1765 1773 1727 1812 1803 1811 3930 3568 1870 1815 1693 1737 1814
1804 1692 1790 1856 1747 1730 1833 1826 1786 1769 1993 1816 1814 1807 1693 1733 1702 1771
1823 1856 1752 1688 1805 1739 1745 3930 1730 1700 1814 1833 1728 1763 1743 1693 1877 1770 1692 1723 1783
1765 1711 1804 1758 1768 1833 1693 1821 1743 1728 1825 1820 1733 3930 1760 1811 1735 1745 1775
1826 1747 1700 1751 1692 1870 1877 1770 1814 1810 1726 1723 1824 1730 1803 1693 1786
1823 1702 1739 1872 1807 1737 1811 1771 1729 1693 1809 3568 1742 1825
1850 1788 1884 3678 1993 1790 1688 1727 1836 1878 3820 1874 1693 1883 1767 1831 1695 1758
1993 1773 1924 1832 1802 1758 1820 1711 1894 1872 1765 1838 1760 1824 1813 1840 1693 1804 1889 1842 1831 1874 1935
1763 1745 1729 1768 1832 1875 1758 1727 1807 1883 1688 1873 1823 1835 1693 1874 1924 1850 3624 1805 1830
1742 1894 1809 1727 3820 1832 1840 1871 1879 3852 3568 1883 1924 1695 1693 1772 1882
1874 1692 1790 1856 1788 1730 1836 1848 3678 1993 1884 1882 1875 1693 1733 1860 1838 1804 1767
1823 1856 1688 1882 1730 1700 1814 1881 1763 1847 1837 1693 1877 1692 1841 1745 1873 3852 1723 1851
1802 1832 1693 1889 1847 3624 1767 1935 3852 1835 1830 1874 1758 1760 1770 1745 1879 1842
1848 1788 1700 1692 1813 1837 1877 1924 1878 1882 1894 1723 1824 1730 1693 1871 3678
1881 1860 1850 1838 1875 1772 1879 1729 1693 1809 3568 1742 3624 1823 1841 1702 1872
1850 1788 1884 3678 1993 1790 1688 1727 1836 1878 3820 1874 1693 1883 1767 1831 1695 1758
1993 1773 1924 1832 1802 1758 1820 1711 1894 1872 1765 1838 1760 1824 1813 1840 1693 1804 1889 1842 1831 1874 1935
1763 1745 1729 1768 1832 1875 1758 1727 1807 1883 1688 1873 1823 1835 1693 1874 1924 1850 3624 1805 1830
1742 1894 1809 1727 3820 1832 1840 1871 1879 3852 3568 1883 1924 1695 1693 1772 1882
1874 1692 1790 1856 1788 1730 1836 1848 3678 1993 1884 1882 1875 1693 1733 1860 1838 1804 1767
1823 1856 1688 1882 1730 1700 1814 1881 1763 1847 1837 1693 1877 1692 1841 1745 1873 3852 1723 1851
1802 1832 1693 1889 1847 3624 1767 1935 3852 1835 1830 1874 1758 1760 1770 1745 1879 1842
1848 1788 1700 1692 1813 1837 1877 1924 1878 1882 1894 1723 1824 1730 1693 1871 3678
1881 1860 1850 1838 1875 1772 1879 1729 1693 1809 3568 1742 3624 1823 1841 1702 1872
1850 1788 1884 3678 1727 1836 1878 3820 1874 1693 1883 1767 1831 1784 1758 1993 1790 1849 1688
1802 1758 1820 1894 1872 1838 1760 1832 1824 1813 1840 1693 1938 1993 1924 1874 1888 1889 1831 1935
1830 1758 1729 1835 1832 1875 1727 1874 1924 1688 1850 1693 3624 1926 1891 1927 1745 1883 1908 1873
1742 1894 1809 1727 3820 1832 1840 1784 1693 1772 1882 1900 1871 1879 3852 3568 1883 1924 1854
1874 1692 1856 1788 1730 1836 1848 3678 1993 1884 1882 1875 1693 1767 1860 1838 1854
1856 1891 1688 1882 1841 1926 1745 3852 1730 1700 1881 1847 1873 1837 1693 1877 1692 1723 1851
1802 1832 3624 1767 1935 3852 1938 1693 1889 1847 1835 1830 1874 1758 1837 1888 1760 1745 1879
1848 1788 1700 1837 1877 1924 1878 1882 1894 1723 1824 1730 1693 1871 3678 1900 1692 1813
1841 1891 1872 1860 1881 1850 1838 1729 1693 1809 3568 1742 3624 1875 1772 1927 1879
1850 1788 1884 3678 1727 1836 1878 3820 1874 1693 1883 1767 1831 1784 1758 1993 1790 1849 1688
1802 1758 1820 1894 1872 1838 1760 1832 1824 1813 1840 1693 1938 1993 1924 1874 1888 1889 1831 1935
1830 1758 1729 1835 1832 1875 1727 1874 1924 1688 1850 1693 3624 1926 1891 1927 1745 1883 1908 1873
1742 1894 1809 1727 3820 1832 1840 1784 1693 1772 1882 1900 1871 1879 3852 3568 1883 1924 1854
1874 1692 1856 1788 1730 1836 1848 3678 1993 1884 1882 1875 1693 1767 1860 1838 1854
1856 1891 1688 1882 1841 1926 1745 3852 1730 1700 1881 1847 1873 1837 1693 1877 1692 1723 1851
1802 1832 3624 1767 1935 3852 1938 1693 1889 1847 1835 1830 1874 1758 1837 1888 1760 1745 1879
1848 1788 1700 1837 1877 1924 1878 1882 1894 1723 1824 1730 1693 1871 3678 1900 1692 1813
1841 1891 1872 1860 1881 1850 1838 1729 1693 1809 3568 1742 3624 1875 1772 1927 1879
1850 1788 1884 3678 1727 1836 1878 3820 1874 1693 1883 1767 1831 1784 1758 1993 1790 1849 1688
1802 1758 1820 1894 1872 1838 1760 1832 1824 1813 1840 1693 1938 1993 1924 1874 1888 1889 1831 1935
1830 1758 1729 1835 1832 1875 1727 1874 1924 1688 1850 1693 3624 1926 1891 1927 1745 1883 1908 1873
1742 1894 1809 1727 3820 1832 1840 1784 1693 1772 1882 1900 1871 1879 3852 3568 1883 1924 1854
1874 1692 1856 1788 1730 1836 1848 3678 1993 1884 1882 1875 1693 1767 1860 1838 1854
1856 1891 1688 1882 1841 1926 1745 3852 1730 1700 1881 1847 1873 1837 1693 1877 1692 1723 1851
1802 1832 3624 1767 1935 3852 1938 1693 1889 1847 1835 1830 1874 1758 1837 1888 1760 1745 1879
1848 1788 1700 1837 1877 1924 1878 1882 1894 1723 1824 1730 1693 1871 3678 1900 1692 1813
1841 1891 1872 1860 1881 1850 1838 1729 1693 1809 3568 1742 3624 1875 1772 1927 1879
1758 1753 1816 1697 1747 1993 1688 1719 1812 1691 1727 1693 1720 1713 1733
1993 1765 1773 1870 1726 1711 1736 1751 1758 1713 1740 1693 1820 1728
1993 1720 1714 1688 1745 1729 1765 1734 1758 1727 1716 1728 1693 1757 1870 1713 1725 1753
1765 1773 1727 1812 1803 1811 3790 1756 1870 1720 1693 1737 1752 1742 1726
1747 1730 1716 1697 1691 1993 1816 1752 1833 1693 1733 1713 1692 1702 1736
1757 1752 1688 1730 1700 1833 1728 1743 1693 1735 1692 1714 1739 1745 3790 1723 1746
1758 1713 1734 1765 1711 1833 1693 1743 1728 1725 1820 1733 3790 1811 1735 1740 1745
1751 1692 1870 1719 1752 1735 1726 1723 1730 1747 1700 1803 1693 1697
1702 1757 1739 1737 1716 1811 1736 1729 1693 1756 1742 1725
1758 1753 1816 1697 1747 1993 1688 1719 1812 1691 1727 1693 1720 1713 1733
1993 1765 1773 1870 1726 1711 1736 1751 1758 1713 1740 1693 1820 1728
1993 1720 1714 1688 1745 1729 1765 1734 1758 1727 1716 1728 1693 1757 1870 1713 1725 1753
1765 1773 1727 1812 1803 1811 3790 1756 1870 1720 1693 1737 1752 1742 1726
1747 1730 1716 1697 1691 1993 1816 1752 1833 1693 1733 1713 1692 1702 1736
1757 1752 1688 1730 1700 1833 1728 1743 1693 1735 1692 1714 1739 1745 3790 1723 1746
1758 1713 1734 1765 1711 1833 1693 1743 1728 1725 1820 1733 3790 1811 1735 1740 1745
1751 1692 1870 1719 1752 1735 1726 1723 1730 1747 1700 1803 1693 1697
1702 1757 1739 1737 1716 1811 1736 1729 1693 1756 1742 1725
1758 1753 1816 1697 1747 1993 1688 1719 1812 1691 1727 1693 1720 1713 1733
1993 1765 1773 1870 1726 1711 1736 1751 1758 1713 1740 1693 1820 1728
1993 1720 1714 1688 1745 1729 1765 1734 1758 1727 1716 1728 1693 1757 1870 1713 1725 1753
1765 1773 1727 1812 1803 1811 3790 1756 1870 1720 1693 1737 1752 1742 1726
1747 1730 1716 1697 1691 1993 1816 1752 1833 1693 1733 1713 1692 1702 1736
1757 1752 1688 1730 1700 1833 1728 1743 1693 1735 1692 1714 1739 1745 3790 1723 1746
1758 1713 1734 1765 1711 1833 1693 1743 1728 1725 1820 1733 3790 1811 1735 1740 1745
1751 1692 1870 1719 1752 1735 1726 1723 1730 1747 1700 1803 1693 1697
1702 1757 1739 1737 1716 1811 1736 1729 1693 1756 1742 1725
1758 1753 1816 1747 1786 1993 1790 1688 1727 1812 1769 1810 1804 1693 1815 1733
1993 1765 1773 1870 1711 1758 1820 1726 1872 1760 1771 1824 1751 1693 1804 1728 1821 1775
1728 1758 1763 1745 1729 1765 1768 1807 1727 1815 1805 1688 1823 1693 1734 1804 1870 1825 1753
1742 1726 1809 1765 1773 1727 1812 1803 1811 3930 3568 1870 1815 1693 1737 1814
1804 1692 1790 1856 1747 1730 1833 1826 1786 1769 1993 1816 1814 1807 1693 1733 1702 1771
1823 1856 1752 1688 1805 1739 1745 3930 1730 1700 1814 1833 1728 1763 1743 1693 1877 1770 1692 1723 1783
1765 1711 1804 1758 1768 1833 1693 1821 1743 1728 1825 1820 1733 3930 1760 1811 1735 1745 1775
1826 1747 1700 1751 1692 1870 1877 1770 1814 1810 1726 1723 1824 1730 1803 1693 1786
1823 1702 1739 1872 1807 1737 1811 1771 1729 1693 1809 3568 1742 1825
1758 1753 1816 1747 1786 1993 1790 1688 1727 1812 1769 1810 1804 1693 1815 1733
1993 1765 1773 1870 1711 1758 1820 1726 1872 1760 1771 1824 1751 1693 1804 1728 1821 1775
1728 1758 1763 1745 1729 1765 1768 1807 1727 1815 1805 1688 1823 1693 1734 1804 1870 1825 1753
1742 1726 1809 1765 1773 1727 1812 1803 1811 3930 3568 1870 1815 1693 1737 1814
1804 1692 1790 1856 1747 1730 1833 1826 1786 1769 1993 1816 1814 1807 1693 1733 1702 1771
1823 1856 1752 1688 1805 1739 1745 3930 1730 1700 1814 1833 1728 1763 1743 1693 1877 1770 1692 1723 1783
1765 1711 1804 1758 1768 1833 1693 1821 1743 1728 1825 1820 1733 3930 1760 1811 1735 1745 1775
1826 1747 1700 1751 1692 1870 1877 1770 1814 1810 1726 1723 1824 1730 1803 1693 1786
1823 1702 1739 1872 1807 1737 1811 1771 1729 1693 1809 3568 1742 1825
1758 1753 1816 1747 1786 1993 1790 1688 1727 1812 1769 1810 1804 1693 1815 1733
1993 1765 1773 1870 1711 1758 1820 1726 1872 1760 1771 1824 1751 1693 1804 1728 1821 1775
1728 1758 1763 1745 1729 1765 1768 1807 1727 1815 1805 1688 1823 1693 1734 1804 1870 1825 1753
1742 1726 1809 1765 1773 1727 1812 1803 1811 3930 3568 1870 1815 1693 1737 1814
1804 1692 1790 1856 1747 1730 1833 1826 1786 1769 1993 1816 1814 1807 1693 1733 1702 1771
1823 1856 1752 1688 1805 1739 1745 3930 1730 1700 1814 1833 1728 1763 1743 1693 1877 1770 1692 1723 1783
1765 1711 1804 1758 1768 1833 1693 1821 1743 1728 1825 1820 1733 3930 1760 1811 1735 1745 1775
1826 1747 1700 1751 1692 1870 1877 1770 1814 1810 1726 1723 1824 1730 1803 1693 1786
1823 1702 1739 1872 1807 1737 1811 1771 1729 1693 1809 3568 1742 1825
1850 1788 1884 3678 1993 1790 1688 1727 1836 1878 3820 1874 1693 1883 1767 1831 1695 1758
1993 1773 1924 1832 1802 1758 1820 1711 1894 1872 1765 1838 1760 1824 1813 1840 1693 1804 1889 1842 1831 1874 1935
1763 1745 1729 1768 1832 1875 1758 1727 1807 1883 1688 1873 1823 1835 1693 1874 1924 1850 3624 1805 1830
1742 1894 1809 1727 3820 1832 1840 1871 1879 3852 3568 1883 1924 1695 1693 1772 1882
1874 1692 1790 1856 1788 1730 1836 1848 3678 1993 1884 1882 1875 1693 1733 1860 1838 1804 1767
1823 1856 1688 1882 1730 1700 1814 1881 1763 1847 1837 1693 1877 1692 1841 1745 1873 3852 1723 1851
1802 1832 1693 1889 1847 3624 1767 1935 3852 1835 1830 1874 1758 1760 1770 1745 1879 1842
1848 1788 1700 1692 1813 1837 1877 1924 1878 1882 1894 1723 1824 1730 1693 1871 3678
1881 1860 1850 1838 1875 1772 1879 1729 1693 1809 3568 1742 3624 1823 1841 1702 1872
1850 1788 1884 3678 1993 1790 1688 1727 1836 1878 3820 1874 1693 1883 1767 1831 1695 1758
1993 1773 1924 1832 1802 1758 1820 1711 1894 1872 1765 1838 1760 1824 1813 1840 1693 1804 1889 1842 1831 1874 1935
1763 1745 1729 1768 1832 1875 1758 1727 1807 1883 1688 1873 1823 1835 1693 1874 1924 1850 3624 1805 1830
1742 1894 1809 1727 3820 1832 1840 1871 1879 3852 3568 1883 1924 1695 1693 1772 1882
1874 1692 1790 1856 1788 1730 1836 1848 3678 1993 1884 1882 1875 1693 1733 1860 1838 1804 1767
1823 1856 1688 1882 1730 1700 1814 1881 1763 1847 1837 1693 1877 1692 1841 1745 1873 3852 1723 1851
1802 1832 1693 1889 1847 3624 1767 1935 3852 1835 1830 1874 1758 1760 1770 1745 1879 1842
1848 1788 1700 1692 1813 1837 1877 1924 1878 1882 1894 1723 1824 1730 1693 1871 3678
1881 1860 1850 1838 1875 1772 1879 1729 1693 1809 3568 1742 3624 1823 1841 1702 1872
1850 1788 1884 3678 1727 1836 1878 3820 1874 1693 1883 1767 1831 1784 1758 1993 1790 1849 1688
1802 1758 1820 1894 1872 1838 1760 1832 1824 1813 1840 1693 1938 1993 1924 1874 1888 1889 1831 1935
1830 1758 1729 1835 1832 1875 1727 1874 1924 1688 1850 1693 3624 1926 1891 1927 1745 1883 1908 1873
1742 1894 1809 1727 3820 1832 1840 1784 1693 1772 1882 1900 1871 1879 3852 3568 1883 1924 1854
1874 1692 1856 1788 1730 1836 1848 3678 1993 1884 1882 1875 1693 1767 1860 1838 1854
1856 1891 1688 1882 1841 1926 1745 3852 1730 1700 1881 1847 1873 1837 1693 1877 1692 1723 1851
1802 1832 3624 1767 1935 3852 1938 1693 1889 1847 1835 1830 1874 1758 1837 1888 1760 1745 1879
1848 1788 1700 1837 1877 1924 1878 1882 1894 1723 1824 1730 1693 1871 3678 1900 1692 1813
1841 1891 1872 1860 1881 1850 1838 1729 1693 1809 3568 1742 3624 1875 1772 1927 1879
1850 1788 1884 3678 1727 1836 1878 3820 1874 1693 1883 1767 1831 1784 1758 1993 1790 1849 1688
1802 1758 1820 1894 1872 1838 1760 1832 1824 1813 1840 1693 1938 1993 1924 1874 1888 1889 1831 1935
1830 1758 1729 1835 1832 1875 1727 1874 1924 1688 1850 1693 3624 1926 1891 1927 1745 1883 1908 1873
1742 1894 1809 1727 3820 1832 1840 1784 1693 1772 1882 1900 1871 1879 3852 3568 1883 1924 1854
1874 1692 1856 1788 1730 1836 1848 3678 1993 1884 1882 1875 1693 1767 1860 1838 1854
1856 1891 1688 1882 1841 1926 1745 3852 1730 1700 1881 1847 1873 1837 1693 1877 1692 1723 1851
1802 1832 3624 1767 1935 3852 1938 1693 1889 1847 1835 1830 1874 1758 1837 1888 1760 1745 1879
1848 1788 1700 1837 1877 1924 1878 1882 1894 1723 1824 1730 1693 1871 3678 1900 1692 1813
1841 1891 1872 1860 1881 1850 1838 1729 1693 1809 3568 1742 3624 1875 1772 1927 1879
1850 1788 1884 3678 1727 1836 1878 3820 1874 1693 1883 1767 1831 1784 1758 1993 1790 1849 1688
1802 1758 1820 1894 1872 1838 1760 1832 1824 1813 1840 1693 1938 1993 1924 1874 1888 1889 1831 1935
1830 1758 1729 1835 1832 1875 1727 1874 1924 1688 1850 1693 3624 1926 1891 1927 1745 1883 1908 1873
1742 1894 1809 1727 3820 1832 1840 1784 1693 1772 1882 1900 1871 1879 3852 3568 1883 1924 1854
1874 1692 1856 1788 1730 1836 1848 3678 1993 1884 1882 1875 1693 1767 1860 1838 1854
1856 1891 1688 1882 1841 1926 1745 3852 1730 1700 1881 1847 1873 1837 1693 1877 1692 1723 1851
1802 1832 3624 1767 1935 3852 1938 1693 1889 1847 1835 1830 1874 1758 1837 1888 1760 1745 1879
1848 1788 1700 1837 1877 1924 1878 1882 1894 1723 1824 1730 1693 1871 3678 1900 1692 1813
1841 1891 1872 1860 1881 1850 1838 1729 1693 1809 3568 1742 3624 1875 1772 1927 1879
1183 1186 1181 1185 1180 1184
1181 1185 1183 1199 1197 1189 1184
1181 1185 1183 1199 1197 1189 1184
1181 1185 1183 1199 1197 1189 1184
3847 1200 1199 1197 1202 1189 1192
3847 1200 1199 1197 1202 1189 1192
3847 1202 3952 3872 1199 3660 1192 3982
3952 3872 1199 3847 1202 3660 1192 3982
3952 3872 1199 3847 1202 3660 1192 3982
3021 3626 3025 3020 3907 3024 1771 3019
3018 3024 3026 3027 3021 3025 3023 3020
3682 3729 3583 3730 3663 3652 3936
3040 3041 3035 3039 3036 3583 3037 3038 3034
3040 3041 3035 3039 3036 3583 3037 3038 3034
3040 3041 3035 3039 3036 3583 3037 3038 3034
1152 1686 1658 1153 1151
1152 1686 1658 1153 1151
1152 1686 1658 1153 1151
1161 1152 1686 1658 1151
1161 1152 1686 1658 1151
1161 1152 1686 1658 1151
3980 1160 1161 3967 1687 1858
3980 1160 1161 3967 1687 1858
3980 3691 1160 3967 1687 1890
3980 3691 1160 3967 1687 1890
3980 3691 1160 3967 1687 1890
1661 1070 1669 1061 1069
1661 1070 1669 1061 1069
1661 3912 3654 1070 1669 1684 1993
1661 3912 3654 1070 1669 1684 1993
1661 3912 3654 1070 1669 1684 1993
3912 3732 3792 3654 1669 1685 3580
3912 3732 3792 3654 1669 1685 3580
3897 3732 1669 3869 3752 1685 3580
3897 3732 1669 3869 3752 1685 3580
3897 3732 1669 3869 3752 1685 3580
1056 1054 1756 1055 1669 1061
1056 1054 1756 1055 1669 1061
1056 1054 1756 1055 1669 1061
1056 1054 1055 1669 1684 1058 3568
1056 1054 1055 1669 1684 1058 3568
1056 1054 1055 1669 1684 1058 3568
4014 1669 3842 1058 1695 1685 1858
4014 1669 3842 1058 1695 1685 1858
3563 1669 3910 3842 1784 1685 1890
3563 1669 3910 3842 1784 1685 1890
3563 1669 3910 3842 1784 1685 1890
1686 1313 1316 1315 1314 3933 1317
1686 1313 1316 1315 1314 3933 1317
1319 1322 1323 1686 1320 1321 1313 1317
1319 1322 1323 1686 1320 1321 1313 1317
1319 1322 1323 1686 1320 1321 1313 1317
1687 1322 1328 1323 1320 1325 1326 3834
1687 1322 1328 1323 1320 1325 1326 3834
1687 3791 1328 1312 1325 1326 3630 3834
1687 3791 1328 1312 1325 1326 3630 3834
1687 3791 1328 1312 1325 1326 3630 3834
1085 1083 1086 1082 1084
1085 1083 1086 1082 1084
1094 1091 1093 6834 1092 1086 1082 1084
1094 1091 1093 6834 1092 1086 1082 1084
1094 1091 1093 6834 1092 1086 1082 1084
1105 1091 3742 1104 1092 1154 3689 4001
1105 1091 3742 1104 1092 1154 3689 4001
1105 3742 1104 3615 3807 1154 3689 3788
1105 3742 1104 3615 3807 1154 3689 3788
1105 3742 1104 3615 3807 1154 3689 3788
1255 1257 1256 1269 1673 1266
1255 1257 1256 1269 1673 1266
1255 1264 1277 1263 1673 1266
1255 1264 1277 1263 1673 1266
1255 1264 1277 1263 1673 1266
1278 1262 1264 1263 3942 1275
1278 1262 1264 1263 3942 1275
3749 1278 1262 3927 3942 3694
3749 1278 1262 3927 3942 3694
3749 1278 1262 3927 3942 3694
3714 1377 1387 3637 3816 1382
1381 3714 1377 1387 3637 1379 1382 1671
1381 3714 1377 1387 3637 1379 1382 1671
1381 3714 1377 1387 3637 1379 1382 1671
3919 3845 3567 1381 1394 1388 1386 1671
3919 3845 3567 1381 1394 1388 1386 1671
1671 3785 3919 3870 3845 3688 1388 1386 3728
1671 3785 3919 3870 3845 3688 1388 1386 3728
1671 3785 3919 3870 3845 3688 1388 1386 3728
1432 1431 1429 3677 1437 1430
1438 1433 1432 1431 3911 1446 1444 1434
1438 1433 1432 1431 3911 1446 1444 1434
1438 1433 1432 1431 3911 1446 1444 1434
3989 3673 3576 3610 1657 3683 1444 3692
3989 3673 3576 3610 1657 3683 1444 3692
3825 3989 3576 3571 3610 1657 3595 3692
3825 3989 3576 3571 3610 1657 3595 3692
3825 3989 3576 3571 3610 1657 3595 3692
1480 1477 1478 1475 1486 1483 1473 1684 1476
1480 1477 1478 1475 1486 1483 1473 1684 1476
1480 1477 1478 1475 1486 1483 1473 1684 1476
3950 1481 1492 1486 1477 1491 1485 1685 1499
3950 1481 1492 1486 1477 1491 1485 1685 1499
3950 1481 3831 1492 1491 3796 3709 1685 1493 3972
3950 1481 3831 1492 1491 3796 3709 1685 1493 3972
3950 1481 3831 1492 1491 3796 3709 1685 1493 3972
1557 1554 1558 1579 1559 1561 1556 1582 1560
1579 1575 1557 1567 1576 1569 1572 1583 1577 1582
1579 1575 1557 1567 1576 1569 1572 1583 1577 1582
1579 1575 1557 1567 1576 1582 1569 1572 1583 1577
1579 1575 1557 1567 1576 1582 1569 1572 1583 1577
1579 1575 1557 1567 1576 1582 1569 1572 1583 1577
1183 1186 1181 1185 1180 1184
1181 1185 1183 1199 1197 1189 1184
1181 1185 1183 1199 1197 1189 1184
1181 1185 1183 1199 1197 1189 1184
1188 1222 1215 1219 1198 1216 1223 1214 1221
1188 1222 1215 1219 1198 1216 1223 1214 1221
1222 3768 1219 1198 1216 3995 3759 1221 1210
1222 3768 1219 1198 1216 3995 3759 1221 1210
1222 3768 1219 1198 1216 3995 3759 1221 1210
1152 1686 1658 1153 1151
3655 1152 1686 1658 1153
3655 1152 1686 1658 1153
1770 3655 1686 1658 3627 3723
1770 3655 1686 1658 3627 3723
1770 3655 1686 1658 3627 3723
1837 3891 3627 3967 1687 3882
1837 3891 3627 3967 1687 3882
1837 3891 3756 3967 1687 3882
1837 3891 3756 3967 1687 3882
1837 3891 3756 3967 1687 3882
1152 1686 1658 1153 1151
1152 1686 1658 1153 1151
1152 1686 1658 1153 1151
1686 3661 3621 1771 3753 3677 1151
1686 3661 3621 1771 3753 3677 1151
1686 3661 3621 1771 3753 3677 1151
3801 3661 3980 1838 1657 3621 1687
3621 1687 3801 3661 3980 1838 1657
3888 3801 3980 1838 1657 3698 3811
3888 3801 3980 1838 1657 3698 3811
3888 3801 3980 1838 1657 3698 3811
1152 1686 1658 1153 1151
1152 1686 1658 1153 1151
1152 1686 1658 1153 1151
1161 1152 1686 1658 1151
1769 3705 1172 3578 1686 3677 1151
1769 3705 1172 3578 1686 3677 1151
3705 1172 3980 1657 1836 1687 3923
3705 1172 3980 1657 1836 1687 3923
3980 1657 1836 3811 3814 3991 3923
3980 1657 1836 3811 3814 3991 3923
3980 1657 1836 3811 3814 3991 3923
1056 1054 1756 1055 1669 1061
1056 1054 1756 1055 1669 1061
1056 1054 1756 1664 1065 1061
1056 1054 1664 1065 1684 1058 3568
1056 1054 1664 1065 1684 1058 3568
1056 1054 1664 1065 1684 1058 3568
3842 1664 3918 1058 1685 1858
3842 1664 3918 1058 1685 1858
1664 3910 3842 3918 1685 1890
1664 3910 3842 3918 1685 1890
1664 3910 3842 3918 1685 1890
1056 1054 1756 1055 1669 1061
1056 1054 1756 1055 1669 1061
1056 1054 1756 1055 1669 1061
1056 1054 3915 1663 1684 1058 3568
1056 1054 3915 1663 1684 1058 3568
1056 1054 3915 1663 1684 1058 3568
1056 1064 1663 1058 1685 1858
1056 1064 1663 1058 1685 1858
1064 3910 1663 3842 1685 1890
1064 3910 1663 3842 1685 1890
1064 3910 1663 3842 1685 1890
1056 1054 1756 1055 1669 1061
1056 1054 1756 1061 1067 1665
1056 1054 1756 1061 1067 1665
1056 1054 1684 1067 1058 3568 1665
1056 1054 1684 1067 1058 3568 1665
1056 1054 1684 1067 1058 3568 1665
3842 1058 4011 1685 1665 1858
3842 1058 4011 1685 1665 1858
3910 3842 4011 1685 1890 1665
3910 3842 4011 1685 1890 1665
3910 3842 4011 1685 1890 1665
1661 1070 1669 1061 1069
1661 1070 1669 1061 1069
1661 3912 3654 1070 1669 1684 1993
1661 1664 3969 1684 1073 1771 1074 1993
1661 1664 3969 1684 1073 1771 1074 1993
3792 3633 3732 1664 3969 1838 1073 1685
3792 3633 3732 1664 3969 1838 1073 1685
3633 1838 3725 1685 3897 3556 3732 1664
3897 3556 3732 1664 3633 1838 3725 1685
3897 3556 3732 1664 3633 1838 3725 1685
1661 1070 1669 1061 1069
1661 1735 1070 1669 1061 1069 1993
1661 1770 3969 1663 1684 1073 1074 1993
1661 1770 3969 1663 1684 1073 1074 1993
1661 1770 3969 1663 1684 1073 1074 1993
3792 3633 1837 3732 3969 1663 1073 1685
3792 3633 1837 3732 3969 1663 1073 1685
3897 1837 3556 3732 3633 1663 3725 1685
3897 1837 3556 3732 3633 1663 3725 1685
3897 1837 3556 3732 3633 1663 3725 1685
1661 1070 1669 1061 1069
1661 1070 1669 1061 1069
1661 1769 3969 1684 1073 1074 1993 1665
1661 1769 3969 1684 1073 1074 1993 1665
1661 1769 3969 1684 1073 1074 1993 1665
3792 3633 3732 3969 1836 1073 1685 1665
3792 3633 3732 3969 1836 1073 1685 1665
3897 3556 3732 3633 1836 3725 1685 1665
3897 3556 3732 3633 1836 3725 1685 1665
3897 3556 3732 3633 1836 3725 1685 1665
1085 1083 1086 1082 1084
1085 1083 1086 1082 1084
1094 1091 1093 6834 1092 1086 1082 1084
1091 6834 1114 1093 1082 1092 1094 1119
1091 6834 1114 1093 1082 1092 1094 1119
1093 1091 1105 1125 3685 1092 6837 1104 1119
1093 1091 1105 1125 3685 1092 6837 1104 1119
1105 3807 1122 1125 1092 6837 1104 3955 3719
1105 3807 1122 1125 1092 6837 1104 3955 3719
1105 3807 1122 1125 1092 6837 1104 3955 3719
1085 1083 1086 1082 1084
1085 1083 1086 1082 1084
1094 1091 1093 6834 1092 1086 1082 1084
1094 1091 1093 6834 1092 1086 1082 1084
1137 6834 1139 1082 1092 1086 1140 4001
1093 1146 1155 1105 3689 1092 1143 1140 4001
1093 1146 1155 1105 3689 1092 1143 1140 4001
1105 1155 3689 3615 3929 1146 3905 3598 3788
1105 1155 3689 3615 3929 1146 3905 3598 3788
1105 1155 3689 3615 3929 1146 3905 3598 3788
1686 1313 1316 1315 1314 3933 1317
1686 1313 1316 1315 1314 3933 1317
1344 3868 1319 1323 1686 1320 1313 3603
1344 3868 1319 1323 1686 1320 1313 3603
1344 3868 1319 1323 1686 1320 1313 3603
3868 1322 1687 1323 1351 1325 1349 1326 1346
3868 1322 1687 1323 1351 1325 1349 1326 1346
3558 3630 3875 3774 1351 1325 1326 1687 1346
3558 3630 3875 3774 1351 1325 1326 1687 1346
3558 3630 3875 3774 1351 1325 1326 1687 1346
1686 1313 1316 1315 1314 3933 1317
1686 1313 1316 1315 1314 3933 1317
1319 1322 1323 1686 1320 1321 1313 1317
1319 1322 1323 1686 1320 1321 1313 1317
1323 1335 1319 1336 1686 1320 1332
1335 3973 1687 1362 1366 1365 1367 1332
1335 3973 1687 1362 1366 1365 1367 1332
3614 3824 1366 1365 3958 1367 1687 3815
3614 3824 1366 1365 3958 1367 1687 3815
3614 3824 1366 1365 3958 1367 1687 3815
1255 1257 1256 1269 1673 1266
1255 1257 1256 1269 1673 1266
1264 1673 1286 1279 1277 1263 1284
1673 1264 1286 1279 1277 1263 1284
1673 1264 1286 1279 1277 1263 1284
1286 1287 1278 1264 3942 1290 1263 1284
1286 1287 1278 1264 3942 1290 1263 1284
3927 3808 3749 3951 1278 1287 1290 3582
3927 3808 3749 3951 1278 1287 1290 3582
3927 3808 3749 3951 1278 1287 1290 3582
1255 1257 1256 1269 1673 1266
1255 1257 1256 1269 1673 1266
1255 1264 1277 1263 1673 1266
1255 1264 1277 1263 1673 1266
1255 1264 1277 1263 1673 1266
1299 1301 1775 1295 3828 3942 1296 1300
1299 1301 1775 1295 3828 3942 1296 1300
3646 3771 3713 3951 3990 1299 1842 3591
3646 3771 3713 3951 3990 1299 1842 3591
3646 3771 3713 3951 3990 1299 1842 3591
1183 1186 1181 1185 1180 1184
1181 1185 1183 1199 1197 1189 1184
1181 1185 1183 1199 1197 1189 1184
1181 1185 1183 1199 1197 1189 1184
3847 1200 1199 1197 1202 1189 1192
1199 1244 1243 1242 1198 1237 3748 1236
3890 3982 1242 3707 3797 1210 3748 3776 1236
1242 3707 3797 3890 3982 1210 3748 3776 1236
3890 3982 1242 3707 3797 1210 3748 3776 1236
1432 1431 1429 3677 1437 1430
3960 1447 1432 1438 3911 1444 1446 1439
3960 1447 1432 1438 3911 1444 1446 1439
3960 1447 1432 1438 3911 1444 1446 1439
1445 1444 3960 1657 1448 3683 3673 1443
1445 1444 3960 1657 1448 3683 3673 1443
3664 3595 3571 1445 1456 1657 3673 3557
3664 3595 3571 1445 1456 1657 3673 3557
3664 3595 3571 1445 1456 1657 3673 3557
1432 1431 1429 3677 1437 1430
1438 1433 1432 1431 3911 1446 1444 1434
1461 3789 1432 1438 3911 1444 1446 1455
1461 3789 1432 1438 3911 1444 1446 1455
1470 1462 1432 1657 1444 3789 3673 1460
1470 1462 1432 1657 1444 3789 3673 1460
3778 3595 3571 1657 1470 1469 3673 1472
3778 3595 3571 1657 1470 1469 3673 1472
3778 3595 3571 1657 1470 1469 3673 1472
3714 1377 1387 3637 3816 1382
1381 3714 1377 1387 3637 1379 1382 1671
1381 1399 1377 1402 1387 1391 1398 1407 1671
1381 1399 1377 1402 1387 1391 1398 1407 1671
3919 3845 3639 1402 1381 1394 1403 3826 1671
3919 3845 3639 1402 1381 1394 1403 3826 1671
3919 3845 3639 7437 1403 3688 7435 3826 3728
3919 3845 3639 7437 1403 3688 7435 3826 3728
3919 3845 3639 7437 1403 3688 7435 3826 3728
3714 1377 1387 3637 3816 1382
1381 3714 1377 1387 3637 1379 1382 1671
1381 3714 1377 1387 3637 1379 1382 1671
1381 3714 1377 1387 3637 1379 1382 1671
3919 3845 3567 1381 1394 1388 1386 1671
3919 3845 3567 1381 1394 1388 1386 1671
1423 1422 1384 3718 1416 1418 3735 1426 3728
1423 1422 1384 3718 1416 1418 3735 1426 3728
1423 1422 1384 3718 1416 1418 3735 1426 3728
1480 1477 1478 1475 1486 1483 1473 1684 1476
1480 1513 1478 1475 1486 1473 1515 1684 1517
1480 1513 1478 1475 1486 1473 1515 1684 1517
1518 1481 1519 1492 1486 1473 1515 1685 1517
1518 1481 1519 1492 1486 1473 1515 1685 1517
3950 1481 3880 1492 1486 4009 3796 1685 3903 1493
3950 1481 3880 1492 1486 4009 3796 1685 3903 1493
3950 1481 3880 1492 1486 4009 3796 1685 3903 1493
1480 1477 1478 1475 1486 1483 1473 1684 1476
1480 1477 1478 1475 1486 1483 1473 1684 1476
1480 1477 1478 1475 1486 1483 1473 1684 1476
3950 1481 1492 1486 1477 1491 1485 1685 1499
3997 3986 3717 3703 1543 1544 1685 3740 1499
3986 3799 3717 3805 3761 3703 1685 3740 3945 3999
3986 3799 3717 3805 3761 3703 1685 3740 3945 3999
3986 3799 3717 3805 3761 3703 1685 3740 3945 3999
1557 1554 1558 1579 1559 1561 1556 1582 1560
1579 1557 3708 1576 1592 1582 1569 1583 1593
1579 1557 3708 1576 1592 1582 1569 1583 1593
3708 1576 1592 3602 1582 1594 1598 1583 3067 3069
3708 1576 1592 3602 1582 1594 1598 1583 3067 3069
3708 1576 1592 3602 1582 1594 1598 1583 3067 3069
3606 3724 2115 2116 3670 3561 3793 2113
3606 3724 2115 2116 3670 3561 3793 2113
2117 2252 3606 2114 2115 2116 3954 2113
2117 2252 3606 2114 2115 2116 3954 2113
2117 2252 3606 2114 2115 2116 3954 2113
1085 1083 1086 1082 1084
1085 1083 1086 1082 1084
1094 1091 1093 6834 1092 1086 1082 1084
1788 1850 1775 1772 1820 1767 1758 1824 1765 1938 1842 1900
1788 1850 1775 1772 1820 1767 1758 1824 1765 1938 1842 1900
1788 1850 1775 1772 1820 1767 1758 1824 1765 1938 1842 1900
1788 1850 1775 1772 1820 1767 1758 1824 1765 1938 1842 1900
1788 1850 1775 1772 1820 1767 1758 1824 1765 1938 1842 1900
1788 1850 1775 1772 1820 1767 1758 1824 1765 1938 1842 1900
1788 1850 1775 1772 1820 1767 1758 1824 1765 1938 1842 1900
3606 3724 2115 2116 3670 3561 3793 2113
3606 3724 2115 2116 3670 3561 3793 2113
3864 3590 3738 1900 1938 3751 2113 3833 3782 3867 3865
3864 3590 3738 1900 1938 3751 2113 3833 3782 3867 3865
3738 1900 1938 3864 3590 3751 2113 3833 3782 3867 3865
3606 3724 2115 2116 3670 3561 3793 2113
1850 3645 3575 3885 3601 3644 2113 3565 2221 3914
1850 2224 3575 2225 3601 2113 3565 2226 2221 3837
1850 2224 3575 2225 3601 2113 3565 2226 2221 3837
1850 2224 3575 2225 3601 2113 3565 2226 2221 3837
3021 3626 3025 3020 3907 3024 1771 3019
3018 3024 3026 3027 3021 3025 3023 3020
3018 3024 3026 3027 3021 3025 3023 3020
3031 3983 3798 3023 3033 3018 3779 3853 3027
3031 3983 3798 3023 3033 3018 3779 3853 3027
3031 3983 3798 3023 3033 3018 3779 3853 3027
3257 3255 3256 3254 1476 1492 1481 1473 1381 1394 3845 1671 1444 3610 3673 3989 1105 1091 3742 1154
3257 3255 3256 3254 1476 1492 1481 1473 1381 1394 3845 1671 1444 3610 3673 3989 1105 1091 3742 1154
3829 3638 3280 3282 3283 3979 3279 3284 3625
3638 3829 3280 3282 3283 3979 3279 3284 3625
3638 3829 3280 3282 3283 3979 3279 3284 3625
3760 3889 3378 4015 3629 3873 3970
3760 3889 3378 4015 3629 3873 3970
3926 3839 3378 3376 3966 3873 3970
3926 3839 3378 3376 3966 3873 3970
3926 3839 3378 3376 3966 3873 3970
3787 3376 3926 3379 3380 3966 3373
3787 3376 3926 3379 3380 3966 3373
3374 3787 3589 3375 3379 3380 3373
3374 3787 3589 3375 3379 3380 3373
3374 3787 3589 3375 3379 3380 3373
3844 3786 3755 3587 3588 3584 3611 3892
3844 3786 3755 3587 3588 3584 3611 3892
3892 3684 3594 3405 3409 3585 3893 3662 3947
3892 3684 3594 3405 3409 3585 3893 3662 3947
3892 3684 3594 3405 3409 3585 3893 3662 3947
3408 3405 3409 3710 3893 3861 3407 3594 3662 3947
3408 3405 3409 3710 3893 3861 3407 3594 3662 3947
3697 3861 3408 3862 3710 3964 3849 3407 3922 3596
3697 3861 3408 3862 3710 3964 3849 3407 3922 3596
3697 3861 3408 3862 3710 3964 3849 3407 3922 3596
3844 3786 3755 3587 3588 3584 3611 3892
3844 3786 3755 3587 3588 3584 3611 3892
3684 3405 3844 3786 3409 3585 3893 3892
3684 3405 3844 3786 3409 3585 3893 3892
3684 3405 3844 3786 3409 3585 3893 3892
3408 3846 3406 3405 3769 3409 3710 3585
3408 3846 3406 3405 3769 3409 3710 3585
3408 3846 3406 3861 3769 3712 3710 3964 3407
3408 3846 3406 3861 3769 3712 3710 3964 3407
3408 3846 3406 3861 3769 3712 3710 3964 3407
3987 1725 3855 3608
3987 1725 3855 3608
3987 1725 3855 3608
3987 1725 3909 3608 6835 6836
3987 1725 3909 3608 6835 6836
3987 1725 3909 3608 6835 6836
1825 3747 3731 3909 3968 3850
1825 3747 3731 3909 3968 3850
3747 3624 3731 3968 3803 3850
3747 3624 3731 3968 3803 3850
3747 3624 3731 3968 3803 3850
3746 3737 3866 3607 3978
3746 3898 3687 3607 3744 3642
3746 3898 3687 3607 3744 3642
3746 3898 3687 3607 3744 3642
3941 3898 4013 3841 3687 3733 3642
3941 3898 4013 3841 3687 3733 3642
3681 3941 3957 3841 3699 3733 3906
3681 3941 3957 3841 3699 3733 3906
3681 3941 3957 3841 3699 3733 3906
3822 3795 3931 3669 3794 3597 3813
3949 3822 4012 3669 3634 3577 3975 3794 3813
3949 3822 4012 3669 3634 3577 3975 3794 3813
3949 3767 4012 3695 3993 3762 3634 3577 3680
3949 3767 4012 3695 3993 3762 3634 3577 3680
3949 3767 4012 3695 3993 3762 3634 3577 3680
3940 3884 3860 3636 3857 1993 3586
3940 3884 3860 3636 3857 1993 3586
3940 3884 3860 3636 3857 1993 3586
3818 3860 3636 3722 3716 1993 3586
3818 3860 3636 3722 3716 1993 3586
3818 3860 3636 3722 3716 1993 3586
3792 3937 3916 3818 4000 3722 3716 1858
3792 3937 3916 3818 4000 3722 3716 1858
3937 3897 3600 4008 4000 3886 3881 1890
3937 3897 3600 4008 4000 3886 3881 1890
3937 3897 3600 4008 4000 3886 3881 1890
3674 3693 3858 3743 3894 3896 3806 3643 7436
3674 3647 3858 3843 3743 3896 3830 3657 3913
3674 3647 3858 3843 3743 3896 3830 3657 3913
3871 3647 3843 4010 3832 3819 3676 3830 3913
3871 3647 3843 4010 3832 3819 3676 3830 3913
3871 3647 3843 4010 3832 3819 3676 3830 3913
3674 3693 3858 3743 3894 3648 3896 3806 7436
3674 3647 3858 4005 3843 3743 3896 3830 3913
3674 3647 3858 4005 3843 3743 3896 3830 3913
3871 3647 3843 4010 3832 3783 3676 3830 3913
3871 3647 3843 4010 3832 3783 3676 3830 3913
3871 3647 3843 4010 3832 3783 3676 3830 3913
3671 3667 3874 3628 3935
3671 3667 3874 3628 3935
3671 3667 3874 3628 3935
3917 3667 3579 3628 3974 3946
3917 3667 3579 3628 3974 3946
3917 3667 3579 3628 3974 3946
3564 3566 3917 3579 3974 3619
3564 3566 3917 3579 3974 3619
3559 3741 3838 3856 3566 3928 3619
3559 3741 3838 3856 3566 3928 3619
3559 3741 3838 3856 3566 3928 3619
3994 3672 3736 3560 4007 3623 3727 3895
3812 3878 3593 3876 3560 3800 3726 3981 3992
3812 3878 3593 3876 3560 3800 3726 3981 3992
3812 3878 3593 3876 3560 3800 3726 3981 3992
3959 3650 3686 3599 3609 3701 3971 3948 3924
3899 3823 3959 3650 3581 3701 3961 3948 3924
3899 3823 3959 3650 3581 3701 3961 3948 3924
3715 3899 3984 3823 3581 3675 3961 3649 3750
3715 3899 3984 3823 3581 3675 3961 3649 3750
3715 3899 3984 3823 3581 3675 3961 3649 3750
3746 3737 3866 3607 3978
3746 3898 3687 3607 3744 3642
3632 3734 3996 3640 3745 3934 3810 3902
3632 3734 3996 3640 3745 3934 3810 3902
3772 3721 3656 3996 3640 3612 3934 3904 3902
3772 3721 3656 3996 3640 3612 3934 3904 3902
3772 3612 3921 3656 3996 3956 3962 3721 3904 3569
3772 3612 3921 3656 3996 3956 3962 3721 3904 3569
3772 3612 3921 3656 3996 3956 3962 3721 3904 3569
1255 1257 1256 1269 1673 1266
1255 1257 1256 1269 1673 1266
1255 1264 1277 1263 1673 1266
3977 3773 3908 3605 3641
3977 3773 3908 3605 3641
3773 3932 3859 3605 3651
3773 3932 3859 3605 3651
3770 3932 3859 3758 3617 3622 3988
3770 3932 3859 3758 3617 3622 3988
3758 3770 3932 3859 3617 3622 3988
1152 1686 1658 1153 1151
1152 1686 1658 1153 1151
1152 1686 1658 1153 1151
1161 1152 1686 1658 1151
1161 1152 1686 1658 1151
1161 1152 1686 1658 1151
3980 1160 1161 3967 1687 1858
3980 1160 1161 3967 1687 1858
3980 3691 1160 3967 1687 1890
3980 3691 1160 3967 1687 1890
3980 3691 1160 3967 1687 1890
1085 1083 1086 1082 1084
1085 1083 1086 1082 1084
1094 1091 1093 6834 1092 1086 1082 1084
1094 1091 1093 6834 1092 1086 1082 1084
1094 1091 1093 6834 1092 1086 1082 1084
1105 1091 3742 1104 1092 1154 3689 4001
3702 3781 3706 3985 3848 3963
3702 3781 3706 3985 3848 3963
3702 3781 3706 3985 3848 3963
3702 3781 3706 3985 3848 3963
3714 1377 1387 3637 3816 1382
1381 3714 1377 1387 3637 1379 1382 1671
1381 3714 1377 1387 3637 1379 1382 1671
1381 3714 1377 1387 3637 1379 1382 1671
3659 3836 3720 3804 3965 3784 3766 3562
3659 3836 3720 3804 3965 3784 3766 3562
3887 3920 3739 3570 3863 3635 3704 3620 3877
3887 3920 3739 3570 3863 3635 3704 3620 3877
3887 3920 3739 3570 3863 3635 3704 3620 3877
3021 3626 3025 3020 3907 3024 1771 3019
3018 3024 3026 3027 3021 3025 3023 3020
3018 3024 3026 3027 3021 3025 3023 3020
3658 3943 3574 3817 3780 3665 3944 3618
3658 3943 3574 3817 3780 3665 3944 3618
3658 3943 3574 3817 3780 3665 3944 3618
6848
6848
6849
6849
6849
6850
6850
6851
6851
6851
3994 3672 3736 3560 4007 3623 3727 3895
3812 3878 3593 3876 3560 3800 3726 3981 3992
3878 3812 3593 3876 3560 3800 3726 3981 3992
3878 3812 3593 3876 3560 3800 3726 3981 3992
3858 3743 3894 3674 3896 3806 3693 3643 3604
3858 3843 3743 3674 3896 3830 3657 3647 3913
3858 3843 3743 3674 3896 3830 3657 3647 3913
3843 4010 3832 3819 3676 3871 3830 3647 3913
3843 4010 3832 3819 3676 3871 3830 3647 3913
3843 4010 3832 3819 3676 3871 3830 3647 3913
3858 3743 3894 3674 3648 3896 3806 3693 3604
3858 4005 3843 3743 3674 3896 3830 3647 3913
3858 4005 3843 3743 3674 3896 3830 3647 3913
3843 4010 3832 3783 3676 3871 3830 3647 3913
3843 4010 3832 3783 3676 3871 3830 3647 3913
3843 4010 3832 3783 3676 3871 3830 3647 3913
3829 3638 3280 3282 3283 3979 3279 3284 3625
3638 3829 3280 3282 3283 3979 3279 3284 3625
3638 3829 3280 3282 3283 3979 3279 3284 3625
