84581
84581
84581
84581
84581
84581
84581
84581
84581
84581
84581
84581
84581
84581
84581
84581
84581
84581
84581
84581
84581
84581
84581
84581
84581
84581
84581
84581
84581
84581
5872 5922 5932 5942
5872 5922 5932 5942
5872 5922 5932 5942
5872 5922 5932 5942
5872 5922 5932 5942
5872 5922 5932 5942
5872 5922 5932 5942
5872 5922 5932 5942
5872 5922 5932 5942
5872 5922 5932 5942
5872 5922 5932 5942
5872 5922 5932 5942
5872 5922 5932 5942
5872 5922 5932 5942
5872 5922 5932 5942
5872 5922 5932 5942
5872 5922 5932 5942
5872 5922 5932 5942
5872 5922 5932 5942
5872 5922 5932 5942
5872 5922 5932 5942
5872 5922 5932 5942
5872 5922 5932 5942
5872 5922 5932 5942
5872 5922 5932 5942
5872 5922 5932 5942
5872 5922 5932 5942
5872 5922 5932 5942
5872 5922 5932 5942
5872 5922 5932 5942
5872 5922 5932 5942
5872 5922 5932 5942
5872 5922 5932 5942
5872 5922 5932 5942
5872 5922 5932 5942
5872 5922 5932 5942
5872 5922 5932 5942
5872 5922 5932 5942
5882 5882 5882 5882
5892 5892 5892 5892
5872 5922 5932 5942
5902 5902 5902 5902
5902 5902 5902 5902
5872 5922 5932 5942
5872 5922 5932 5942
5912 5912 5912 5912
5872 5922 5932 5942
5872 5922 5932 5942
5872 5922 5932 5942
5872 5922 5932 5942
